-43.26026700488722 4.0014047692871815 
-273.877017490701 76.01541994249504 
-273.877017490701 76.01541994249504 
-118.2908963940142 11.326419399112728 
-116.78058194408683 8.940106365898115 
-124.64913566150148 19.201598003981438 
-271.0093873727183 72.44264997066638 
-250.79059325238765 42.89911843958154 
-228.84158047806463 27.07966353172039 
-251.9729221668502 44.482903745216134 
-254.79701280758647 48.13314918264636 
-266.6964635547692 66.75754712195709 
-203.10647585159847 25.25686801984378 
-75.87076005318808 4.862039804416206 
-154.78068914037732 21.54206463129553 
-267.76018616436386 68.22428795635868 
-258.7386740203368 54.91149919300996 
-263.1519570260539 61.893589681359224 
-215.5993196345531 26.20890124211844 
-185.14503380856246 24.209464495691925 
-144.05968884960572 20.664071589147017 
-51.835998158671146 4.069669670238783 
-270.20794296682817 71.34622485320727 
-93.1069587839714 5.147830321198213 
-105.34959139995895 5.587406612384286 
-255.85861094189977 49.48424238281809 
-242.82081447606862 30.89243590320264 
-259.4154330070379 56.22928178108774 
-248.90524665779 40.32936720333093 
-134.11082728889318 19.827515278431505 
-246.19479629705987 36.47644109738196 
-220.39612508258372 26.64591090146318 
-272.73685765752487 74.63189021489534 
-69.304251156711 4.55440387345947 
-111.18468925249485 6.503872595747351 
-249.63008841554102 41.349473405820255 
-157.0274839464146 22.063440376522657 
-85.08003679862276 4.878118725088724 
-260.37107928652847 57.68613717311598 
-258.0884556988906 53.209766737620185 
-243.49302349487004 32.139728377767355 
-120.53348730112546 14.801942516007369 
-223.75004750683814 26.86653690729769 
-176.5786703903972 23.224573048469054 
-170.60300072686556 23.160353885492555 
-261.05907787055366 58.81170385358948 
-253.60330432418834 46.598734521606346 
-87.61027995404098 5.130656538935341 
-207.00036560253415 25.543706972759164 
-46.52344219021971 4.031666043886742 
-191.74691223413484 24.41902535666556 
-108.7661208755277 5.807287896495745 
-57.301850761716835 4.30826031724031 
-168.84979635296384 22.67064512556846 
-245.08670082558825 34.83923979061677 
-99.23303306604559 5.463829511545194 
-197.59200175408884 24.919032310486042 
-162.8422202928153 22.171496024786833 
-253.05003391862527 45.872144394787426 
-65.46044089687491 4.3253164073671755 
-182.57872636691667 23.900877389829883 
-247.7366705790223 38.69981739383823 
-264.14079160353594 63.345486502861306 
-138.05955132271754 20.174906757330753 
-244.28864372569694 33.52144921380295 
-115.99450875946903 7.042356367885945 
-119.60669126354257 13.504029586168006 
-148.6015453955564 21.19199438849637 
-121.38574414102797 16.034385468127407 
-265.5645673977991 65.23283377062887 
-164.6097198528 22.32979837066527 
-139.66475483532005 20.608571143708716 
-74.84707271327935 4.5663064472000405 
-97.63618140145284 5.324435368291106 
-268.9518835020585 69.7421669979438 
-262.1207271381271 60.37991339374898 
-246.46696998634087 37.612500911534525 
-235.51652963197125 27.716962368352142 
-211.3930537489759 26.04918318873133 
-115.93009305575045 6.736428849349385 
-241.8743177034404 28.045943083187296 
-56.89966305386028 4.147735759570646 
-261.8910284689389 60.092157197677324 
-268.6990966494482 69.59056713327057 
-233.81833224049402 27.414637339992094 
-265.62242080659473 65.30333293004868 
-196.18053618196373 24.752899509267504 
-129.04772530637766 19.779544179105542 
-128.76105936121058 19.596452136112795 
-256.89177553942193 50.78276408014902 
-148.6015453955564 21.19199438849637 
-122.20612291037904 17.519173580961542 
-264.07658375430833 63.181116509803495 
-121.93166592462607 16.80976388827322 
-273.0362367922105 75.0068052174784 
-192.94802527791887 24.51492570113442 
-242.1399467697714 29.262993936671684 
-119.60669126354257 13.504029586168006 
-239.95368442982758 27.91354566628556 
-244.55174740424292 34.309934176725505 
