-41.97785511330869 4.000779682236644 
-273.9734465374009 75.99802006626417 
-252.85423274233216 45.605278236802505 
-255.03012973679816 48.28785404660283 
-120.63753532236848 14.965746709730622 
-227.64089728654892 27.28538305023675 
-263.6551556100817 62.44701669251824 
-250.52387275973078 42.98250617314006 
-145.26836182639403 20.726615575244516 
-259.0733132294154 55.1950646624718 
-68.93513604993439 4.435669818811224 
-262.2990078267713 60.53523153904024 
-58.88847039604701 4.300756669688909 
-255.99431537260125 49.51420285719633 
-89.90872360303355 5.043932721263272 
-219.9643019905243 26.42113922224469 
-247.5085833716078 38.23910566385897 
-203.44724496090953 25.242260935043294 
-181.48465433158992 23.6747712892231 
-244.58294875894612 34.17258365681994 
-243.80114720446562 32.537011794452226 
-157.63153216321666 21.731813885033603 
-257.0342055394182 51.3813240058995 
-270.8325672946489 72.70889270591084 
-246.41616474761088 36.65703297065044 
-268.9834660784669 69.6505872682565 
-251.7911497683173 44.085007920252266 
-113.21139489913867 5.900627128379284 
-186.47045277948143 24.041135802041293 
-67.53027692986714 4.398376925399352 
-258.2599116910534 53.65079948551238 
-79.2300893057711 4.694926262693226 
-122.10401159727095 18.704555061655462 
-116.01496584378546 6.295108906355353 
-264.9999409725706 64.33147087397342 
-149.5927841189695 21.316740081722774 
-260.0964304239141 57.03511375227112 
-245.59221179640298 35.4360219790278 
-242.47596339003996 29.991635096377024 
-248.45114865141986 39.566709638832684 
-152.84495176337342 21.4445639979005 
-212.23615650956208 25.872701637578903 
-119.11578263312346 12.652415533516566 
-232.08331561717014 27.384752966151783 
-235.59617161616308 27.584669237229026 
-127.12877890117556 19.29226617266252 
-257.99531030645 52.31546887582462 
-162.4909674029753 22.28506740696569 
-266.7980729350422 66.94721846802923 
-249.24220913928866 40.68945163256288 
-272.1272390858278 74.2196433051847 
-214.33433394147494 26.1986873597706 
-138.11686315387252 20.697722308284238 
-49.29253151368572 4.040600214863827 
-265.30400423699604 65.02558438049438 
-197.8923497914754 24.85443559687467 
-168.64049189746706 22.580310621169996 
-266.1346508825626 66.43728294224304 
-136.73964502541 20.101421701394706 
-41.978137681267626 4.034832265984815 
-192.47113860008605 24.51821081156267 
-260.54705851116455 57.801318166504274 
-132.40137031301165 19.753758623415184 
-49.82064263786797 4.059935930364088 
-122.0725592940777 17.030937513455413 
-206.66482623589712 25.673095334933492 
-125.36075689640505 19.205865756260245 
-100.98851555177855 5.424475332483549 
-106.96912380744301 5.776371416060275 
-270.1920332206226 71.21400246556924 
-100.9885155522925 5.5536393845348035 
-56.16471997748106 4.136713370532541 
-106.967495489764 5.70137391869367 
-161.93258056095846 22.05235387289325 
-197.24631553639745 24.73911229832142 
-95.14837237799027 5.227850933663647 
-121.74356654946644 16.60283328224237 
-267.9656067610619 68.4678037480149 
-218.60031479999236 26.404526164888566 
-117.96337726922772 11.131644613971218 
-176.74825237540344 23.563069277373177 
-261.4497810714457 59.21097448659051 
-116.51149409190572 7.981549199557555 
-84.34242802369498 4.861477009905518 
-119.04546853792786 12.558828031887685 
-172.8636249710518 23.06900758725621 
-117.27330913972534 9.537696864370702 
-95.14836273852632 5.221636278880832 
-116.54390015011961 8.051112355873812 
-79.29475946398995 4.702321471193801 
-84.34242802369498 4.861477009905518 
-190.1597943388684 24.247301187693036 
-272.95043249901073 75.251365388714 
-117.27330913972534 9.537696864370702 
-132.40839092685124 19.904553619962254 
-270.31354386520485 71.37183764725536 
-261.03122225317213 59.00604914492152 
-117.96337726922772 11.131644613971218 
-176.61344620376923 23.261988100470038 
-168.64049189746706 22.580310621169996 
