-257.9813453355219 52.22441217395554 
-42.02985754860016 4.000449222789314 
-254.60251936189286 47.88800972669233 
-122.66385697101182 17.901317453502777 
-134.56337312088831 19.913668606686283 
-242.29521794330557 29.432829484148694 
-55.525622657289546 4.204181698611888 
-198.46505205538435 25.135961009337965 
-116.9984196197875 9.128026909463609 
-166.56456937073722 22.763742871567764 
-255.61311150666037 49.0145279318265 
-105.18799202947143 5.5896554883299 
-247.82717291182115 38.681665318597794 
-252.50015595821634 45.075620504969 
-124.25715863537069 19.098596902208527 
-140.2022515225413 20.337940493993912 
-111.32833946393681 5.832645295305994 
-225.54687145007253 26.94426506347457 
-118.03631823670213 11.212622958382394 
-88.23479656442072 4.981904767456502 
-65.46109396084344 4.33587340607245 
-248.81429696361016 40.09121746615164 
-101.21181458655602 5.436301426784265 
-120.8059651502494 15.37100432230116 
-187.72995782103942 24.02456781384243 
-250.95054286482028 43.19431799165545 
-251.52937860389898 43.79179755446514 
-256.6897293946226 50.60309656166827 
-253.36399989171827 46.13227733510606 
-183.3558195767499 23.903686968622164 
-242.68711181277422 30.75135783652117 
-192.81377883966002 24.51582570294245 
-129.97071661529503 19.569894750877015 
-177.5017488428256 23.289229159878193 
-80.5058532326248 4.970286687460431 
-90.28300539349034 5.179844966069482 
-250.08702968064208 41.87007133174034 
-207.68331100577066 25.801020371807724 
-245.1362949454245 34.84929573699401 
-245.88026885189967 36.035791957787914 
-179.27327904733025 23.80501711199345 
-156.96705729906284 21.804710590235832 
-257.98133915702783 51.99859426195691 
-116.39688743080262 7.783220666782844 
-172.82634152132448 23.021333791806804 
-234.5341235159821 27.597107015210874 
-202.24555532505644 25.185100809172443 
-204.85244770827916 25.545949572230125 
-256.4018196687511 50.16831034952335 
-247.2245846711718 37.82152984114543 
-163.213882945336 22.477704764827223 
-115.97170591871948 6.275615218596181 
-217.6100087700561 26.35993073367836 
-128.00534880494075 19.3295559549853 
-121.50982157936497 16.429149245094802 
-155.01109782268122 21.652902416940314 
-48.42552319783644 4.031603723725115 
-249.14090384324805 40.75346124775992 
-243.31542423117529 31.642598417898522 
-116.24451540220487 7.414010349881897 
-143.0405007591919 20.55333025227682 
-146.92657587339335 21.176027463349136 
-53.90269513928722 4.117981817921905 
-246.7539561400462 37.14075960432596 
-212.109482777572 25.856777616938416 
-145.4142514559957 20.755251578877793 
-241.73680230509876 27.995020185119582 
-241.9716391112432 28.094076424576997 
-114.22100918252723 6.103817969974522 
-75.30012141396054 4.601460266309471 
-95.83977253592698 5.248922122783973 
-161.70560638537881 22.073808880168393 
-80.49296176453355 4.730321026936522 
-42.0298716715491 4.008123742487544 
-191.23695364372503 24.40499760450301 
-118.8989549775637 12.407349761932814 
-236.54806552149154 27.741153550051642 
-230.54397808056785 27.225670145802198 
-96.02135603841297 5.363565445037723 
-244.51531962458841 33.73520810988139 
-69.65656089274883 4.46572752114108 
-118.92611803175332 12.450252142199021 
-243.82906192343705 32.78301466445002 
-249.70646379124346 41.51762015299164 
-119.6697630658514 13.596942888334567 
-221.56297794485192 26.5494020634397 
-173.45381577291658 23.082937291903885 
-49.14872611191341 4.099002335515827 
-246.3104457880487 36.50894231050837 
-75.39350759803715 4.652421189124461 
-221.88296757294268 26.741541862727306 
-212.109482777572 25.856777616938416 
-151.225713196123 21.35752445017006 
-230.5439780806281 27.22567065897413 
-253.28317781367346 46.02479644707074 
-121.50982147233452 16.429149221270606 
-117.60311906910401 10.221507311859428 
-117.62447022439356 10.289397440984596 
-69.65656089274883 4.46572752114108 
-217.6109995544075 26.383003868572608 
