-43.20228412697111 4.001252426727581 
-43.20228412697111 4.001252426727581 
-257.92745444702916 52.52866154595099 
-62.03928609578037 4.257009157413547 
-120.22859464930158 14.472932069831234 
-115.63588202196378 5.9904707770840995 
-254.37720635838443 47.53964177662625 
-50.99847830791485 4.13401031669353 
-118.78066828870493 12.211663379473558 
-170.4116391336297 22.85424207912324 
-194.59242635764835 24.708369626724348 
-253.0585771283741 45.837305322135165 
-206.23238413508432 25.506834174697357 
-118.00286335422642 10.943610197061886 
-123.14666006105872 18.611562244157295 
-120.88924632776842 15.643171052197761 
-146.34825440768003 20.915411199290848 
-116.19061722953751 7.274032739765173 
-157.2052303147028 21.72541083891834 
-122.3502418117191 17.510325984150647 
-246.72976020695995 37.169250410425825 
-181.8698930514659 23.81815114234455 
-164.65032411320541 22.61490915553688 
-127.66909755486283 19.521186947273847 
-244.85203138545737 34.40989156762354 
-121.7279766328134 16.591321578619098 
-107.26363045512662 5.849281934514449 
-251.94429796924052 44.38332656830637 
-136.05948652991708 20.226196533362995 
-99.54492176254104 5.372106637032021 
-79.45488566520817 4.7024546328081245 
-244.42685304535206 33.70506455693585 
-249.6222735316862 41.227831356344396 
-250.71315492751958 42.75177986686597 
-177.0276725276377 23.421394416855808 
-256.25209217401806 49.929770003456355 
-175.373658309271 23.195505273950634 
-116.54902231705466 8.185770121867268 
-117.0705887477445 9.31196241715572 
-190.63890230924895 24.30536362827296 
-153.84643906985005 21.53756118999502 
-125.82020824678044 19.250871088487926 
-68.38886680830718 4.400975807008239 
-255.32992670927473 48.76021067250543 
-250.92249026500392 43.02927367316526 
-215.67304075049606 26.236824515658487 
-248.60468897169193 39.88093783602099 
-48.21904394798658 4.029901790106909 
-200.29365773735327 25.223582242419337 
-161.90646217228826 22.070160344867446 
-141.7325817204686 20.56874921932101 
-199.44469837949632 25.147614262556388 
-241.94450320999482 28.106450410517557 
-257.4537463141319 51.69078443699898 
-242.58791837816727 30.25619960239253 
-245.79593535020717 35.88272341077045 
-248.18809315446225 39.29493458936205 
-245.66565939757714 35.64194724914319 
-84.88513755450836 4.871436935149739 
-242.27523814077486 29.65784801438587 
-140.69322094465616 20.377125757642588 
-133.10224926491412 19.84206717364596 
-188.28304164151444 24.13940144953364 
-220.27849245214665 26.594424577554793 
-243.73028062905982 32.531531571120915 
-69.78487354685053 4.430640665486004 
-118.37175129545732 11.550695521971763 
-243.57117595515763 32.323568654226875 
-83.14781705808508 4.8213394752788945 
-247.17102383157422 37.84970002737727 
-255.65570116340157 49.174451966495674 
-224.14350462984527 26.87749929489441 
-149.78071440980452 21.191055931207096 
-233.53997094901894 27.5259544762608 
-89.4377829442473 5.0351124393771345 
-107.25753477880446 5.689099547625988 
-89.92011500004598 5.040955235122657 
-94.83528353792123 5.207545055798188 
-74.36870052151072 4.617003688490791 
-150.75128041797512 21.246298104667318 
-102.67507245144597 5.58654234684987 
-117.00947729990673 9.147166006040111 
-74.37763398866554 4.663963197123984 
-94.8352841258124 5.207545058827825 
-237.80274234195073 27.72184500310626 
-163.45623735099076 22.187767455521797 
-243.0811509947097 31.274115782633448 
-233.53997118791312 27.527035560833976 
-220.2851087711063 26.788556134124452 
-241.5606118177179 27.972139430039 
-243.0811509947097 31.274115782633448 
-209.09531544203932 25.778083258686536 
-252.45944011535204 45.341504104949735 
-249.36544501965884 40.92516327192926 
-257.049560526315 50.93594651172252 
-229.07864763751596 27.224901081470122 
-225.68128363197863 26.90811187714603 
-252.14515043693842 44.92978937056516 
-247.57251514318955 38.37800548015926 
-133.37468020753363 19.85635182262343 
