-54.691819868748354 26.26671104984533 
-273.9399000208831 76.44752633945157 
-54.691819868748354 26.26671104984533 
-63.76041682350975 26.64091613810625 
-80.98493780751011 26.66268632639789 
-160.3813090204352 43.30840127721845 
-272.3509366098243 73.9971819350316 
-103.92123218599943 27.454925992219916 
-203.48407506675477 46.55877835684509 
-176.15557158394552 44.67392038395341 
-192.21871741041429 45.705570021088725 
-82.37560340693568 26.931030080292945 
-133.4043095516555 33.816673067010946 
-273.12318660070076 75.42396001113005 
-263.2592285678534 61.93008335320033 
-132.13108313642357 30.940770256300944 
-257.93869793704766 52.04203619030781 
-207.5767297562505 47.09111382061711 
-251.9554857005103 50.16542406766891 
-137.33859062057897 39.99222759478017 
-261.68441644594867 59.63574679666735 
-150.28873415978458 42.46152400058497 
-61.20027596993447 26.303896773399206 
-269.3001909964354 70.09922397563241 
-118.25686901077788 27.985263698733267 
-258.0414608756294 53.05916291511112 
-146.4679277119071 42.11611964023785 
-134.92365255196853 36.45914812012181 
-122.0525679105127 28.213420882382064 
-91.7757634572146 26.95671717418417 
-258.5771599190456 54.23005942368112 
-266.01128691594084 65.74912596595702 
-271.48292531821266 72.90095916708658 
-142.29673418601791 41.98092041454376 
-127.19591852478872 28.22543373093863 
-185.12714801806368 45.28502434614622 
-196.56251927775833 46.27010143493327 
-259.220434044876 55.54490398518422 
-187.52804900881046 45.53981322007876 
-264.1606433612857 63.2096534498949 
-138.16010254299434 41.1531727156037 
-269.7433611051645 70.87601964832136 
-153.5121167791393 43.066244318447936 
-130.0902263901661 28.797915370625308 
-198.37878304049005 46.36063078954453 
-170.32780779358563 44.0220436683996 
-246.48983910887597 49.78323314021027 
-229.15316152201964 48.493226312876146 
-97.39560368099801 27.366788969601046 
-211.8490221324049 47.28444225575406 
-256.10763813224077 50.845025802748985 
-260.58608624077795 57.99810615004007 
-232.96195577318898 48.911601125461246 
-170.5427730515973 44.458453318201535 
-267.2322254365452 67.38696445097878 
-224.56297768546145 48.231151957665034 
-132.7264631658889 32.476998864855254 
-134.02949083012257 34.920516075909035 
-164.81982647421697 43.94301375870271 
-259.98793762482387 56.91500609781924 
-164.4665778260295 43.549193878189335 
-265.3639710249734 64.88536993759128 
-242.21781835147735 49.39055381654055 
-255.63120104072647 50.804374806008525 
-223.37824063780835 48.13114885325713 
-97.36406182542397 27.158307056966915 
-135.21544047578615 36.94169521365619 
-268.3168966402726 68.80495280873895 
-262.5279046248895 60.87918302236721 
-218.63557746398035 47.83126318412586 
-54.71347590609855 26.294472509223166 
-267.4360002506372 67.65693073883497 
-213.7119360909552 47.5686269884719 
-270.60058084134863 71.77482745726996 
-91.81620479676282 27.05639618180326 
-258.9864310137026 55.09159612440173 
-136.62589712014415 38.99444469613441 
-264.7705497508049 64.05583610580565 
-237.52460993314534 49.12531257150071 
-218.75227446311726 47.970311204485526 
-180.8538736191148 44.913586325050055 
-131.83919474142482 29.991082172876567 
-180.88138285368092 44.948845503368666 
-112.8538440215483 27.970205493218717 
-153.50732254919959 42.92299329251129 
-241.24686522364536 49.33954682530551 
-136.43444675397532 38.7650400885327 
-132.73121011404464 32.4872199905439 
-270.86426971247874 72.11007450653852 
-134.02949083012257 34.920516075909035 
-112.85053087210358 27.875896776937033 
-268.218795247011 68.68790383063947 
-230.50489032814232 48.6718416069119 
-109.0702611256487 27.535859780652107 
-131.83919474142482 29.991082172876567 
-236.08493951831073 49.12314593946681 
-260.58608624077795 57.99810615004007 
-129.97762139896983 28.520919145166147 
-260.0461551431457 57.009492076174766 
-273.8687111092633 76.35852033686449 
