-42.36952308613994 4.0001484724771945 
-257.9544085939074 52.05015468921797 
-200.3036370516073 25.00578087720195 
-190.76290567424726 24.533074271949506 
-158.78841442392027 21.86254145478457 
-116.78937438800759 8.667482264116382 
-133.51019499692293 19.906576994623585 
-247.6314246404345 38.43806400792577 
-244.3879537178593 33.53818160498663 
-248.60162775519333 39.79931638675397 
-216.1457797858357 26.210859389676248 
-49.5715121554058 4.102176859737444 
-128.0808244310277 19.445589600302306 
-116.1161555841878 6.905825533837628 
-166.87304537400013 22.50772986993582 
-59.74124686759353 4.199655710963186 
-65.0239920590432 4.392440965479866 
-245.69009292752398 35.60058085274702 
-121.96632707179029 17.086870803515644 
-207.33664849782224 25.848015461965787 
-92.78827246018969 5.1336414671974895 
-250.02241610022284 41.74669702525818 
-87.9664877219326 5.0347173954871325 
-121.32557587316657 16.02192284962393 
-244.94033704817838 34.96429916671375 
-137.85675605757376 20.366675585613713 
-249.46938188265773 40.99586872557447 
-120.65455456163815 15.015068726615462 
-257.1916630619017 51.04241802142913 
-236.8717749272428 27.754212529555886 
-251.06225461872882 43.13077546731553 
-155.20676951474564 21.64779551172491 
-243.2976757003464 31.659372594342997 
-177.85081527950376 23.29475838783002 
-119.90026851998226 14.09903842242446 
-243.61661202614312 32.23881954651199 
-117.42338502423219 9.86245348725183 
-242.23665471935382 29.347465508994457 
-253.33783020602246 46.12495016224304 
-118.3159983794943 11.617777990231964 
-173.16487895098373 22.93278181595169 
-145.82578968084468 20.946255953853818 
-167.48395424477695 22.672914114067893 
-229.39192011911808 27.118846822382835 
-255.39868169389035 48.779854238155764 
-246.72438739309035 37.136384526464894 
-141.48978894621322 20.42544318065653 
-47.60404759461293 4.02541111317422 
-72.03803052968959 4.52413339926701 
-184.54039654103127 23.91757474411842 
-149.58335512281403 21.333141568879235 
-256.20423226105066 49.79527672478282 
-109.93517914736378 5.871931831736856 
-234.04035208980488 27.440800453496983 
-98.0025326584428 5.434350880534773 
-151.32391917165992 21.367356493000173 
-217.95792930560597 26.396686501663318 
-242.62431566388028 30.305160630364593 
-115.97173659592438 6.001613959566468 
-251.7301614158576 44.02677197997058 
-118.80630075888834 12.206046936510173 
-104.27282774858874 5.5460920462739205 
-246.72438739398905 37.136384530199415 
-72.4732035127668 4.629254588226451 
-143.66362991866714 20.792620464351074 
-241.43089387869298 27.98377227037853 
-109.8732882744816 5.762862310364095 
-256.4471374164031 50.14684016998551 
-122.7984125572502 18.24522918527627 
-104.30101973608357 5.653181298289511 
-255.01017439610104 48.284631459729646 
-225.26388233138255 26.978881443716627 
-173.27033056665013 23.26564569982709 
-252.6186769455321 45.19380316432205 
-97.94675603435968 5.3166400500865825 
-77.9484981742464 4.699062589070871 
-61.09263339436168 4.2776836519671155 
-252.41665479831283 44.93079319806817 
-231.22083287859124 27.430245873933956 
-77.95168977149619 4.792816323790435 
-119.29482638914119 13.181302871532012 
-204.19237315627157 25.252389224506622 
-187.74464899440216 24.30417381010799 
-83.33338184845478 4.827456296869615 
-83.33342165998509 4.840107349976394 
-224.38184605315004 26.813592144871123 
-253.4119129917788 46.93246054318123 
-122.99359912265778 18.323549254426666 
-42.369575485199285 4.0147169784872085 
-124.37280718332369 19.11778057903056 
-241.97384861463934 28.309401384210865 
-117.67912879056253 10.571128373683427 
-124.37280717186599 19.11764236523998 
-181.548589329938 23.571827886477337 
-186.56211177136342 24.2048993703253 
-119.2671310386875 12.927160108348412 
-251.42823189730655 43.6168741962223 
-242.60216238009983 30.258502862069804 
-181.73449124894975 23.613705989251343 
-221.31810081304346 26.61883768048117 
