-44.91343729660487 4.007024306328986 
-257.92590103423765 51.99522358383979 
-44.91343729660487 4.007024306328986 
-122.0601945499858 17.129177799900738 
-124.08772862107504 19.019729331482576 
-230.8616324531912 27.24973137759333 
-140.11014188183566 20.441799525072142 
-117.86973957514283 10.708158341240578 
-120.71050363113692 15.197947153495056 
-69.99894449956595 4.513234488360259 
-119.49121501900183 13.383566171842658 
-134.15385225988538 20.0730252007085 
-243.3011669950081 31.7197649938107 
-118.9649090825663 12.505808962871203 
-149.99946999964484 21.138451065400613 
-127.74330824016882 19.360307340633067 
-242.62097890264107 30.362204836804576 
-97.10156785696337 5.507059577211984 
-212.1774481310737 25.88256913701612 
-245.61136168460857 35.523452913885855 
-215.27847307287524 26.321409347432706 
-243.81534125812493 32.6377458416407 
-224.89920097003548 26.846867852969215 
-256.5618093224985 50.28522438040222 
-250.01765869219608 41.77866483647695 
-164.64018420512792 22.274284618795953 
-198.42317689535875 25.157594482329454 
-121.0601758912501 15.881286217423627 
-246.35008446916564 36.67078956110459 
-244.53313224363217 33.831400884413405 
-132.09178777810268 19.696646557558882 
-116.7221904824765 8.658457579051337 
-252.93015175643794 45.63596374588083 
-254.05785520655803 47.0954476095497 
-255.42806780203995 48.8613597243063 
-154.41465415778552 21.47085048590007 
-257.0192753889701 50.86324114834749 
-207.05701976382815 25.71683116407153 
-156.6494906696895 21.660671922514375 
-51.64051169638933 4.066816686144759 
-244.97155418598774 34.53471988607966 
-110.06807096305371 5.769192549270653 
-172.7833117417665 23.209086577763365 
-193.79083168660384 24.53896557126801 
-242.22985196777563 29.481566453051375 
-92.65922379876022 5.131073738182621 
-144.8925335044138 20.921715308439527 
-247.16653005675283 37.85418416457144 
-248.33249229098882 39.66728752303048 
-236.69127155094696 27.624622066102425 
-185.0098490496107 24.021780428891365 
-115.96492619665355 6.227883888091075 
-86.9818141533967 4.935688027957955 
-63.61416676384768 4.479732304269306 
-103.91789199496432 5.540936181100103 
-188.1488411672128 24.53108208220303 
-53.58373408462288 4.115167526232155 
-250.71588783050782 42.71797709799144 
-103.92028860881857 5.641279236400378 
-252.1412791555425 44.605640544272745 
-111.41582321326763 5.860141058751606 
-116.2926554692302 7.632648930190828 
-241.99080846199035 28.702323042930093 
-80.83194756602204 4.795660597128013 
-240.30014690774925 27.924797265711106 
-45.21656253231026 4.0421164935704645 
-247.94844285977774 38.96581231174087 
-219.97244106919652 26.539319359538883 
-86.9884673786446 5.105449366197051 
-80.76408878520124 4.740870478393911 
-160.7918314830252 22.000890990545752 
-75.00171978998097 4.636603734975608 
-117.23125889885834 9.628747201683066 
-169.72228819972287 22.710010400812873 
-255.19136398993325 48.56800364075403 
-115.92697658245169 6.0110623642782866 
-93.32434876060886 5.464771077495111 
-178.94710395757335 23.688020139676542 
-144.91445913097922 21.12376080338736 
-168.9443661121313 22.657209660551356 
-63.60584131002115 4.280614866647304 
-249.21627689977612 40.72444981052753 
-204.20290928909841 25.691623543073455 
-254.50892676317133 47.67575441540686 
-175.6884639928078 23.21503141169892 
-249.16230062032545 40.653321329322814 
-75.00152939625973 4.604345278431294 
-117.36776687370772 9.939879144947547 
-187.91812918735724 24.199243936927015 
-58.48755939703771 4.1756772807276406 
-251.0711627306724 43.190971873331925 
-58.659616587974604 4.24793040523563 
-222.45385279132245 26.7555242692068 
-252.706342952339 45.3451794584179 
-177.82467249032507 23.365753838721446 
-203.05645002906047 25.268724735357385 
-241.92379492953359 28.021521597829423 
-160.9099395820361 22.1633055524846 
-116.30006878582603 7.682201128433582 
-236.69131705957298 27.694725312159797 
