-41.93034530378657 4.000328304341933 
-258.0386268526782 53.231245893106525 
-41.93034530378657 4.000328304341933 
-45.452967191087474 4.192366545895339 
-179.1131592602055 23.444055050344605 
-170.569529257613 22.748166191838536 
-80.45798071328721 4.735737487958187 
-192.41679508159646 24.406697714051756 
-238.30938542646214 27.767705116329708 
-59.60911475798448 4.197607631315883 
-257.63876897435136 51.64375821145274 
-230.79056133018153 27.21276962728353 
-117.25285152431158 9.63024526721687 
-137.9130423379488 20.52787219445986 
-186.60431714076984 23.95489588219903 
-118.79238919950903 12.584705279809059 
-115.9980771751448 6.14387445637359 
-204.45808273811372 25.41431613312091 
-116.42815810696099 8.885825843838585 
-129.74103590916664 19.48739686401752 
-159.9767312503729 22.10687213258673 
-251.6652628305575 43.89056416499355 
-106.47380715292253 5.819675813628871 
-224.9692678439268 26.83014701132651 
-125.47213780554118 19.356936457611674 
-123.30590382416605 18.71944322091495 
-87.28479340081934 5.022215378190488 
-249.66396298768987 41.21038223305605 
-103.39379304259273 5.553767189852574 
-120.18974990445538 14.307657857436768 
-252.00211306817909 44.334170717045374 
-250.508185919777 42.348924734145605 
-256.6625642582256 50.342030953560986 
-247.74853690553675 38.55639220615579 
-198.11964815200207 24.85894759814782 
-119.70607407029857 13.57980620847571 
-73.28642239996536 4.735708153886391 
-248.21940088106078 39.79578450422067 
-147.92707806386304 21.28187668057435 
-118.28709491339147 11.323891529118582 
-66.47315322447568 4.480416083227582 
-242.44459743734453 29.796247636938908 
-122.05773149853496 17.002174502862744 
-256.3055544853896 49.8777005288947 
-72.58605388384883 4.503619036703663 
-215.0109296259219 26.24765382054205 
-165.684511183106 22.36608998757233 
-198.11890760133087 24.80426291335962 
-220.75715220201712 26.599709106860235 
-248.97322713206302 40.26341573805562 
-65.19118047574719 4.325897472323766 
-152.58965646320922 21.492299795325494 
-122.62180213360789 17.790039463996173 
-246.11118728346517 36.17531757037072 
-258.0138673346773 53.07554397602609 
-219.1117470994158 26.419484187989987 
-133.3181586996944 19.941595818311843 
-146.79879935071952 20.861956024511628 
-243.0167618889469 31.044961448801075 
-253.06107540938632 45.72102365896858 
-244.64594394035174 33.90800634782707 
-255.45909558318735 48.805440930392976 
-120.96313829507262 15.442178188509379 
-209.5112325844773 25.695451977262895 
-98.95089296000658 5.367005559943679 
-121.13603735878823 15.691988901705995 
-246.92464267844616 37.37119821415983 
-166.0904349134879 22.485347581936736 
-116.32371233605855 7.4809991271648135 
-243.69150970129633 32.304126616962954 
-88.2356006723627 5.142504760503996 
-112.04555797722435 5.845050944718717 
-116.30237868494751 7.421948670518815 
-142.47577735990086 20.58031014807966 
-59.6127989330068 4.322693356679732 
-245.93030518811372 35.9049252632601 
-242.919731006441 30.849594788151837 
-118.2870949761725 11.323891529215649 
-253.85819758792778 46.7544950646512 
-93.21142067543794 5.1480314756014085 
-249.67291315667094 42.25750283619021 
-157.85501310966342 21.81826934114734 
-242.1472187043303 29.18310556108122 
-93.21142067543794 5.1480314756014085 
-183.38620422064332 23.760434296940126 
-241.99327576775985 28.02058722292494 
-254.31470161768976 47.43157281405769 
-247.31493947009986 37.934969283855736 
-253.4518128025551 46.269520626944264 
-245.2420443726052 34.85427341461856 
-245.29596108414486 34.96924904391493 
-112.04934768032244 5.971683766855973 
-99.02114722066722 5.3672602488822525 
-243.7385427344903 32.616469983652735 
-255.2332028346866 48.51773137793902 
-212.8184987393094 26.04579987454362 
-155.69707883476775 21.761665134291103 
-207.94202205289963 25.58734099699501 
-242.05734292076414 28.567433580631757 
-153.91022625769065 21.628541109716245 
