-42.25406745450293 4.000182520152411 
-273.97944936273905 75.99853885605472 
-103.36005399587337 5.510867057889697 
-262.8015358609948 61.23137948450617 
-260.42644823083657 57.573909102141045 
-257.97961407659164 52.02418986398593 
-259.0719900141657 55.20404972985386 
-210.92722098373574 25.921716859230724 
-261.4530041107363 59.1993807358115 
-202.11017944036269 25.158891354616756 
-75.26234285997239 4.628036659343774 
-218.23132753869555 26.356538792467372 
-237.30028826395466 27.716798427850442 
-122.62736228004205 17.840129887679755 
-177.67103862703024 23.26733882211349 
-85.08256461475837 4.877318679540284 
-247.366669788491 38.063193376868014 
-63.04570332186511 4.268724587475974 
-116.44350028339095 7.796148825410683 
-255.12835375124868 48.413005084396914 
-225.82338234912416 26.992797248322955 
-94.16716458172047 5.179391659523742 
-258.41317620339987 53.749444189901745 
-206.53862271418433 25.57748774187858 
-117.0741264488151 9.215683781672627 
-251.3844393858806 43.64844461409204 
-145.59561400412417 20.790286050340224 
-268.54329824739347 69.0633395758853 
-273.1090083312366 74.90838657374768 
-154.92642125773529 21.771412740629078 
-66.22925462994722 4.4420960803663565 
-264.1544146081696 63.1615939961934 
-166.14182382887014 22.385979626428398 
-247.74631295645938 38.888788894950984 
-256.3044389297387 49.895433433077 
-187.32289790124543 24.038220507804052 
-267.73106283500346 67.99914147576033 
-171.64141901791623 23.00373955149913 
-249.30398018021884 40.7491765585415 
-221.7700627431338 26.598758945406132 
-249.7920807508459 41.435837795313034 
-245.77754351252685 35.71106779245142 
-133.33334037244515 19.91120396266577 
-195.94847306769307 24.747921625276653 
-55.5224115405298 4.131794728268216 
-86.19577357444844 5.11322473073729 
-117.68286258999775 10.850633178349161 
-270.9138482126574 72.14201441646892 
-121.41587464051362 16.122232088071236 
-252.24551529076547 45.01531153699801 
-151.10737451221254 21.292879870338393 
-118.82193246599607 12.670789996860774 
-108.69011591933621 5.891476759081679 
-136.75738843170527 20.18415059483539 
-93.1634682008972 5.150877598700047 
-269.68821354489205 70.79115809488788 
-181.38198985933377 23.90435292780854 
-119.69857670230854 14.020378670111768 
-230.9586430679905 27.503123981508715 
-264.7439048383511 63.96605299227479 
-115.46073690641452 5.984597432182557 
-169.41512314978877 22.785250572149 
-242.98471699474442 31.04658335293014 
-253.65648045195027 46.59135772942477 
-160.62028228165076 22.10924316177191 
-194.8208385009163 24.63135965757584 
-49.11712792955775 4.038607721944682 
-72.96839185796549 4.531702062562519 
-42.25428297083597 4.030608547326474 
-244.74339223550007 34.11500473565459 
-115.68329854166244 6.048518097968136 
-230.72873462504012 27.386615334393127 
-121.44578685533537 16.165599246095272 
-54.57550016044525 4.108296078696418 
-107.82365410004886 5.757787858501495 
-142.21275777084608 20.64147083028876 
-128.97047575931708 19.522569101554417 
-253.51863351394073 46.35325338547041 
-160.92989345926802 22.13196431661734 
-241.97958631960137 28.05591366174288 
-123.74682836068725 19.398181183117874 
-245.7772772468941 35.69918057531875 
-119.69857670230854 14.020378670111768 
-243.39291879998552 31.80389922329882 
-255.94781993057973 49.46294129943879 
-241.99163354493294 28.240947306407108 
-265.6920746096341 65.2913225196217 
-271.69476865252614 73.35624751162155 
-190.18878412352745 24.312254034892778 
-49.182337540091595 4.0633592953839965 
-244.63445262777165 33.928332599789584 
-266.66509399209974 66.58227655373011 
-123.74946410743199 19.41755630535512 
-128.98605452074682 19.803216652637865 
-270.09162288915064 71.09486616714447 
-242.18834245252708 29.82649336004356 
-151.8000737903423 21.501031181742214 
-271.69476865252614 73.35624751162155 
-251.8898290894013 44.20798586541905 
-265.5557151354659 65.0976605831862 
