-257.8903665661399 51.99360064372758 
-41.41070031440585 4.000318126442629 
-186.28620222135734 24.050780222096108 
-128.36584073354516 19.435035133257205 
-123.55104969790129 19.03819284520797 
-242.10360308961427 29.14718862177399 
-178.2585071314168 23.579882607944523 
-253.30119909131585 46.21026776865021 
-57.81212647840768 4.1632704845057855 
-192.42198393022315 24.429442016036326 
-245.00547011425797 34.70222174756401 
-257.5702832104254 51.6142187551777 
-247.85901641533016 38.845558576395526 
-154.28774689887035 21.758819326139474 
-243.40528080345885 32.035037914366775 
-89.8799777519425 5.0409712984688575 
-162.84688834479044 22.138200758715826 
-216.33214168890132 26.25875555805039 
-203.67655920803625 25.213590377858413 
-72.26152503084231 4.495541425299017 
-210.21664470963245 25.93977518604914 
-252.2460225417368 44.80694879073559 
-248.85550629258236 40.24600034166579 
-249.95475523453777 41.78506836021213 
-67.8317817733831 4.3882413100874045 
-50.69531137866034 4.0553105707123205 
-245.58689825505027 35.59558469885324 
-208.28028066012115 25.690384084629144 
-93.54930802295235 5.169882046658189 
-255.03159943126715 48.428085979082674 
-250.97593622737185 43.1297119051116 
-41.63452742870528 4.020684980210199 
-242.79278774472678 30.795931910958892 
-120.22309372183656 14.359425082331649 
-134.28515942594984 19.881413084670346 
-195.09214228475403 24.793751576530276 
-238.9453007987004 27.79046391954065 
-255.9065961418075 49.8266128226504 
-115.93613376137894 6.001001677989072 
-246.28574804331234 36.63734053790622 
-120.85846077167989 15.28753211248197 
-172.5666479655882 23.070932766104928 
-117.2362996877617 10.372098198620417 
-142.47787783499217 20.612549474921778 
-221.24093243936852 26.79461975619897 
-148.46517646256243 21.06355312567055 
-177.12012150185677 23.241469861280695 
-154.27321886115146 21.503641211224014 
-146.75096906236536 20.84174082451996 
-51.115440781009326 4.14098771283953 
-116.01198529732866 6.327816986059456 
-78.42052677891431 4.73669430668359 
-122.46595212538233 17.60030855356432 
-218.8543419715316 26.421327380922943 
-248.5147777957641 39.77192932390052 
-138.74457323236666 20.262360816693565 
-109.88755992279958 5.8099310563072235 
-229.69848877394642 27.17419578217307 
-77.35121726960853 4.6371261481501005 
-121.60945686847265 16.422572830092115 
-244.13574247205545 33.29533192876215 
-255.49998719531843 49.02573325331299 
-168.56631122681043 22.581454743973627 
-250.3110810697611 42.24028594328253 
-118.07257060472755 10.969866927260076 
-98.99052430494922 5.466576436100489 
-83.83003222964054 4.837829391064631 
-165.2885776961275 22.343136163839933 
-98.28020100590452 5.352148383828106 
-118.74639516984648 12.088988233039647 
-233.3602855315446 27.409482736339605 
-199.22776754842872 24.90454689570754 
-244.1356647537026 33.29520067200728 
-122.46595212538233 17.60030855356432 
-254.0648808839515 47.189896285795406 
-104.59483738149801 5.725581784815283 
-242.89505542104325 31.07475568100456 
-134.305028606381 20.181981868912956 
-227.52235010226926 27.095517283851855 
-117.02154446094814 9.074091720257918 
-119.07206226288466 13.351120361602197 
-118.87518823109464 12.294371722943461 
-116.30458065098553 7.554912524623228 
-246.98546141512747 37.60981239422387 
-83.83002817570438 4.83407791700237 
-199.6789949054791 25.20967191736483 
-62.92872949720842 4.26668536347562 
-104.33972136008056 5.566213579974667 
-119.63523409923926 13.475275687975365 
-109.74661068028452 5.76194372915385 
-251.65715811887372 44.05939272614073 
-254.0648808839515 47.189896285795406 
-234.8926689208724 27.614487907639386 
-140.37755334683658 20.453092482321637 
-255.9065961418075 49.8266128226504 
-246.68875055944858 37.22450045149525 
-121.31057658504398 15.969620867721057 
-116.76693401816294 8.541236667378545 
-63.12592118981659 4.272085317425185 
-224.90945712812382 26.879456868257112 
