-41.64733057304244 4.0002880205165665 
-258.0883440696989 55.0575117228055 
-43.75391014350505 4.119494860734664 
-251.05543402224765 43.322738759039076 
-204.20038313337403 25.3630561617779 
-249.19294829382056 40.59333795882496 
-141.72444413109238 20.687977417788336 
-250.07117529201852 41.78913373772691 
-157.5510469077533 21.746076664356696 
-56.186180304630334 4.1373718840432705 
-252.24086012891266 44.673466773106064 
-257.9823824351599 52.11351537034264 
-246.8144599339142 37.25431364257992 
-147.34917055798547 20.943122398289916 
-252.9082055240677 45.762012049471856 
-257.18440941000745 51.034975346143895 
-208.5407248521289 25.61144812591434 
-93.85078273880924 5.181025009563104 
-170.48759711931507 22.77563699672681 
-122.86716411272059 18.11023924977729 
-187.30679552307873 24.076674274600553 
-218.80726482666878 26.36606952987313 
-128.83472464677973 19.45969206497779 
-255.42739196141883 48.78829918960974 
-184.2085244250818 23.79478025825225 
-229.97757025499843 27.178880703237386 
-119.88726890666246 14.06144368320562 
-197.3637537480772 24.91695745856822 
-244.52872843151053 34.220024036747354 
-253.45681211218397 47.08284736582442 
-244.08828898655648 33.014151305701 
-116.13825743831617 7.831674382910911 
-248.02193597173573 38.97364852790274 
-116.7226641570257 8.425339973777984 
-132.0671129387037 19.740674433841274 
-234.04509287211886 27.452838952493995 
-243.13713576263552 31.30714009582497 
-179.34337515257175 23.518149391125974 
-254.03915494439596 47.8302601395928 
-64.20704755448673 4.293909626186614 
-151.05817564964485 21.214441066281665 
-56.190058060447015 4.265795190930087 
-137.06975083328615 20.09246353895907 
-119.21956323862071 12.882811441407465 
-64.21801727574453 4.481963538915128 
-247.26389786758543 38.78327830810155 
-117.39440099863708 9.75879039989028 
-117.63009704643306 10.184893116882945 
-241.98290933963543 28.17246441696359 
-242.15596226527092 29.020610333030895 
-243.34227682295173 32.177770680454636 
-121.62075840938762 16.650833187653674 
-109.96165748042938 5.762508588760352 
-103.61888340517558 5.531116176125001 
-172.90707103049917 23.240975393474564 
-116.0203858081765 6.313282912313886 
-71.91449507923602 4.48697449311146 
-214.30713412100664 26.05656822876836 
-245.34946547783528 35.05807427358985 
-121.76421820103695 17.043497806677824 
-104.4384874789688 5.62796084797092 
-192.2435605851533 24.36518632032069 
-82.69076081300716 4.7989368634001845 
-111.07395891156347 5.9624061608660215 
-77.0883192263471 4.74295698238862 
-258.0263521548713 53.578098342874846 
-239.04342489702194 27.79767199804753 
-97.78328709656581 5.315388357905927 
-118.39057791262958 11.48443001241901 
-123.87724703592102 19.22917834724034 
-165.7022080571091 22.39869301157477 
-88.11856189597418 4.984681739272557 
-135.93381577489808 20.00536242820295 
-237.2176995842722 27.676544605271534 
-115.99910616066252 6.022656496397788 
-196.754619153102 24.73033856945051 
-120.901400857954 15.331562642984565 
-256.26934019365655 49.85207744324264 
-120.90140813149118 15.331567582606633 
-258.0449679908668 53.76017933943847 
-118.39057791248445 11.484419802284604 
-76.36988066728397 4.616143622875195 
-83.78071875849442 4.854417110493339 
-242.58439001274797 30.16695499503675 
-165.70169503328458 22.343879923439275 
-123.87072328325323 19.061747892480128 
-161.06735468220788 22.00481979138973 
-119.36106179351891 13.27511729349718 
-192.2466793438913 24.61192506437123 
-258.0860598990065 55.048204182296374 
-245.7902995677953 35.737453556173904 
-246.1717498788479 36.30363848206557 
-256.19435256121756 49.760529016694534 
-242.50985608890463 29.993750880028152 
-222.15808377790316 26.66537233293749 
-225.2386587609241 27.1031318452541 
-71.91449508038258 4.48697910294382 
-161.06735468220788 22.00481979138973 
-222.66766383217058 26.696372570231198 
-88.1181264548703 4.982353155871011 
