-41.43850091369579 4.00051490053807 
-257.979666901286 51.9985533789461 
-41.43850091369579 4.00051490053807 
-72.59103341470222 4.5410439059132255 
-58.853593943160554 4.2887422463818465 
-82.85114415995456 4.803166280314373 
-115.05237652049935 5.973333073070346 
-223.45188572222497 26.88254115189325 
-150.0628871161413 21.138663612228143 
-132.6910757343713 19.699620382418182 
-119.83147995324288 13.91534573871021 
-253.57538377242338 46.40420437982226 
-122.06979903278105 17.00300036921032 
-116.19327320702398 7.279081942006622 
-75.7739615562768 4.775092547328531 
-234.8253216422567 27.502745145413975 
-245.47236362891894 35.72017663742287 
-242.3396544547948 29.54228169367458 
-244.53885767467114 33.74986781716264 
-208.01273317105534 25.769462587865114 
-182.60312681045164 23.642762604394132 
-220.07463321467435 26.49741808676631 
-89.20820845628293 5.105663016270875 
-154.83292586635758 21.499180456407498 
-121.00764321032696 15.48918659307682 
-160.1987103013635 21.90753147950665 
-212.3922154670272 25.99691193146109 
-214.7854780456909 26.473188736135928 
-128.9301088599496 19.501391360919772 
-249.15844463894288 40.53508217537989 
-239.33178998543553 27.818761357207585 
-256.31251261677994 49.9033524807811 
-198.7827678327733 25.05720454284191 
-251.81280083137645 44.16826157415737 
-255.5290120835289 48.90980712196957 
-117.28728945028999 9.743551458045843 
-44.1999715848998 4.020296620955311 
-172.83319418765606 23.065434795270185 
-244.42658932959023 33.5806036091819 
-230.32448067332925 27.225652660643963 
-122.78944814547626 18.007779096576517 
-95.15232136988014 5.435626606227699 
-254.3114626820972 47.35400440181496 
-165.07997900153535 22.36828567680998 
-187.05895922870573 24.04716224847589 
-119.0946391147659 12.61957325236383 
-138.73390991249366 20.193909298913272 
-120.59706693434653 15.054074679285284 
-142.20801444648947 20.545896968698575 
-245.90194727401166 35.881118344210435 
-51.827742641453 4.125848079143623 
-118.33986157258653 11.40753628574714 
-243.49279448257664 31.988135043518536 
-179.37240149454144 23.410481275781322 
-50.229252106294524 4.053907909227754 
-176.47857852873605 23.20347962466041 
-101.80114389819217 5.4547728691866295 
-107.35072313212663 5.668887874826612 
-247.63997426962817 38.5909767607421 
-57.91062315665517 4.167687262621326 
-116.77886465682539 8.552836899751888 
-252.50551889331754 45.01375240005571 
-248.30598914460592 39.35631814271601 
-202.93585861286078 25.368321650466136 
-157.76847940596693 21.72865116087567 
-144.15600523958966 20.90990561967187 
-250.30763602024297 42.0989515230545 
-242.07116184144738 28.6677279035897 
-204.19796959876967 25.4557123261533 
-246.90086524204978 37.356810874879365 
-242.87471479711144 30.865113670148205 
-241.98011561875285 28.04178774177228 
-108.5552059395846 5.9670730317757075 
-102.03509437834022 5.668434321869117 
-256.95546807160895 50.717326285890714 
-169.6628746594402 22.716054565742777 
-116.61971164255489 8.203107245361068 
-246.8328808021704 37.24844581790715 
-248.94995309428657 40.254623721599934 
-230.68810867727967 27.25019577543153 
-242.8906492290904 30.89719903903027 
-243.48539978887257 31.983218125890932 
-91.5842371947948 5.180920063024225 
-125.23885912983873 19.173763171154672 
-250.47722072281005 42.32721818257618 
-122.3958411817579 17.80119641559775 
-117.75490049445312 10.587831315461836 
-125.23281808410724 19.13820785099612 
-138.73427455255273 20.23209159014745 
-192.7382074540485 24.62332960466586 
-251.1568113787065 43.229428441452896 
-192.2487534373546 24.398882529571864 
-251.1568113787065 43.229428441452896 
-94.2754057166458 5.189572449479841 
-256.95546807160895 50.717326285890714 
-254.91660576241665 48.132293866609515 
-165.8246932798799 22.581092937574166 
-252.50550117328294 45.01374385607359 
-195.94435364934688 24.833551734266628 
-168.49902964021902 22.616893757224464 
