-40.789886327085064 4.001363857791334 
-40.789886327085064 4.001363857791334 
-257.9225975071596 51.9977993774606 
-54.74143956543026 4.213671358885541 
-175.43910464632432 23.133842234051336 
-77.36198203710545 4.664961419107953 
-252.0988285706274 44.577678990408124 
-244.609366186328 34.04377163102218 
-91.66458777433031 5.0949243717562185 
-119.65961228157876 13.505325955607574 
-65.8167237598326 4.331344650355896 
-249.0125405045372 40.438076576937654 
-122.6664098241921 17.848524564514744 
-121.57153889870818 16.32457657163282 
-227.63047248897507 27.03278131899703 
-241.98601471693024 28.5634244954109 
-221.9308027407228 26.7727339895415 
-118.11223013099071 11.041074845169135 
-183.16514447942134 23.69636277494565 
-195.79930576377345 24.65744627700325 
-43.608668794420716 4.05436038568237 
-247.98645982872918 38.984749302857686 
-162.08784895136353 22.139767263495433 
-116.87666382147556 9.55644925014097 
-85.57387617867155 4.890673804127031 
-253.02723945515268 45.85554774400121 
-172.05071573561895 22.900704806685518 
-125.92213778008956 19.244678902215593 
-243.0270340924789 31.30256095553965 
-153.02767124784506 21.51718176527449 
-230.52550718524898 27.375950377285456 
-208.65640729203207 25.679047788084272 
-247.04103259300786 37.667656115636454 
-116.6791671679352 8.377562298726724 
-187.90384401303095 24.2382920181958 
-144.4808769375714 20.753517092172352 
-148.89193610161772 21.04274857364569 
-253.54466100177777 46.43597428193778 
-242.61301161137527 30.347107561379886 
-203.08248086989366 25.480673089425537 
-255.7189040860611 49.25937980372078 
-245.71140104276793 35.678691581301756 
-113.67359843196463 5.95837370386749 
-254.99872019791252 48.33140442262585 
-256.2700892055079 49.982616801437764 
-250.18234878311733 42.02985693232447 
-120.7454990606316 15.135359910787203 
-165.77757390083232 22.34764355054058 
-246.0632965943224 36.205476458082046 
-122.30114562941816 17.344094095768906 
-243.55624904119847 32.27727636332142 
-117.71244242059561 10.35285160333625 
-217.864477376054 26.319096670106042 
-98.33022571529858 5.330677878100206 
-251.01689726442825 43.12128704041946 
-248.44532749554799 39.62531282894785 
-246.76671188522965 37.241793182620775 
-190.89744510094187 24.449292774619703 
-100.33074685964613 5.430562174271019 
-67.43956664350706 4.416479309913087 
-50.8090573974521 4.0578493105222515 
-116.37347080632283 7.655278712184051 
-118.97189125581663 12.440363584383585 
-183.44742486442829 23.716503319381914 
-85.57908057461952 5.041155351638857 
-234.67286929207035 27.510747095497596 
-132.498102835886 19.967859914959398 
-137.74203661183745 20.174067155331485 
-129.17659696281032 19.46684608275091 
-115.98445951585978 6.1797626860197346 
-240.44351369733948 27.89104013226623 
-254.39895164424084 47.53632472942999 
-206.32803791174973 25.50551861552835 
-120.7454990606316 15.135359910787203 
-198.98638335309195 25.172396876778595 
-151.34365013841327 21.22632933835556 
-157.91065988085728 21.83307624113729 
-257.1559097463462 51.13322063537618 
-213.32405896164488 25.986341422430524 
-256.9967693094421 50.8342546449105 
-213.32432442695927 25.999874564014178 
-243.93747160367664 32.93651574364232 
-104.72988058271429 5.563801270248992 
-72.34857128234998 4.500894249333151 
-251.01645851737027 43.12124691012392 
-250.18234878311813 42.02985744657681 
-72.34866505066334 4.611897203165059 
-157.91065988085728 21.83307624113729 
-104.73699707129018 5.737473923799774 
-198.97791477988775 24.984395353999187 
-118.97674786425226 12.448106080027559 
-168.20494447870945 22.591153320249663 
-236.39276602288504 27.782872650666572 
-109.46452399481998 5.749408971286066 
-131.13058413721132 19.593862598367362 
-109.45666450759154 5.746681956883603 
-242.6297931005319 30.383951547774007 
-50.80906738383239 4.064230160836071 
-139.0718307948556 20.315695195364217 
-241.92259932322622 27.99727600657093 
