-273.9698010177168 77.03823025812224 
-273.9698010177168 77.03823025812224 
-47.103460318937465 4.02104075428199 
-208.50944341553807 25.75551238323876 
-258.51446978766484 54.19452873743935 
-74.17922494673775 4.546431041888905 
-64.62381207474621 4.503183677064104 
-118.4157012042409 11.978231908821336 
-215.47646524169 26.103886454543886 
-235.06959369020703 27.528546576429804 
-117.51747382472435 10.04571672916762 
-121.62671361440187 16.460367806725245 
-245.99283847375136 36.03999701191379 
-60.394399479954075 4.213222429962604 
-245.46590443032812 35.25164361537615 
-181.508027921025 23.63239742534749 
-259.4512067352715 57.65879911176702 
-257.601649154481 51.56926459864138 
-259.44205541749176 55.95464031045465 
-202.41015281397458 25.138040420822076 
-195.2596167421287 24.680004120170935 
-175.34814972555543 23.20937497560449 
-190.32863105459026 24.218123537484527 
-263.9439816874852 62.99034091777506 
-267.63809309506223 67.97965323775783 
-134.92520621978295 20.049791625495622 
-91.33015599525375 5.515167873190547 
-268.98720291986774 69.65603535592372 
-156.17895962700754 21.597706311975767 
-113.71617648392373 5.918197433986411 
-128.85217209688545 19.44796305095275 
-247.64594500682858 38.53935877256718 
-253.9728148437376 47.05514752213067 
-271.14098459429795 73.46840085828345 
-144.28099035007753 20.72506627067466 
-226.51094678782914 27.085014376761865 
-229.78130201162455 27.288729947896407 
-119.87374586161843 14.626747483818862 
-119.87067020825256 13.858984846007456 
-100.79733575035142 5.539248233446178 
-252.7658394937835 45.375530422408396 
-254.52286993008943 48.12883064297154 
-122.18827489160815 18.00003993670538 
-243.94819315980774 32.80092929673044 
-262.4038522623144 60.65113697626381 
-249.13775169473186 40.52900528426777 
-149.75537527510554 21.12635979943232 
-265.852180620911 66.07200252797033 
-198.84647846213664 25.128645536408477 
-123.07746373572397 18.95238774913124 
-221.28911928002316 26.8219615630973 
-115.99522283131571 6.376281425337795 
-141.64763738907166 20.524350997706314 
-272.9419761995474 74.71073540929906 
-136.61965047973814 20.510531782630952 
-116.67141775163404 8.386486648385285 
-219.91050011995148 26.471446388248655 
-151.22490912367698 21.278373835034838 
-160.45618971673244 22.137878023599967 
-249.52303499610804 41.055468852005 
-266.73656187870927 66.78322302338333 
-53.180039498130455 4.20667873961048 
-247.82143942387646 38.786698521108505 
-241.1481344301987 27.94373490654339 
-166.0552891575872 22.38394782800555 
-85.10091991544502 4.927609035462021 
-91.30346712416984 5.135295145267161 
-107.27807323123665 5.809407497589647 
-116.41031990351291 7.778001613578215 
-170.69032703578648 22.920233923409995 
-107.27673833717922 5.661984930929892 
-100.79733575035735 5.539251833833256 
-85.51098339305759 5.048130728538016 
-78.48282022627595 4.9068784960053184 
-242.95363122933688 31.10980210408701 
-251.712677094748 44.09936273157713 
-261.34069833356483 59.14628650543066 
-255.89631881168376 49.40213399038421 
-53.08036831498102 4.087440815197446 
-166.08957557437915 22.75657234436619 
-243.94819315979447 32.79824451482869 
-242.95935156564957 31.110183494532368 
-47.28874402574842 4.070594185965097 
-185.99483954989043 24.035586293764787 
-159.79835365647128 21.900635929428024 
-242.1949682852851 29.19463967202264 
-264.4635575343259 63.58921169151043 
-250.8419244199134 42.88096864948463 
-185.16944679697633 23.920869754914232 
-261.3460046694728 59.148618403225974 
-262.401212116283 60.650816385851485 
-272.9374974921365 74.71037242196735 
-256.13792498770215 49.70380243440523 
-172.12555263821366 23.023867714438193 
-265.1364809636493 64.52059930882098 
-78.48085596898825 4.886200406233416 
-270.01019727502967 70.98482501648827 
-269.71988597381767 70.71966388263162 
-252.15036833182063 44.61377630643666 
-250.59746761604185 42.55427180457879 
