-273.95661332429484 75.99694028809306 
-41.937611129382134 4.0005652973611765 
-264.186762127272 63.38113524917816 
-55.86568945802552 4.287125645517887 
-248.50411595901681 39.67504004441194 
-51.357484895223784 4.063498858144442 
-262.8378402544668 61.29699110340052 
-251.8770494328898 44.27712395359508 
-117.72618817231769 10.40033765070046 
-65.77501165306039 4.331454135222434 
-203.94893025278398 25.410224164445147 
-249.62365550113975 41.20698977089537 
-270.9151880971917 72.20692836895259 
-120.07290477058018 14.166618057997084 
-190.77423069142088 24.31384207750536 
-156.69853882053346 21.646277741071803 
-170.38131098853913 22.75597234050274 
-260.8652451331591 58.38318386179034 
-261.7531776439582 59.678207204066844 
-195.4841569960466 24.827308492728154 
-81.61624768955315 5.029717706511822 
-91.59987737625696 5.102075643582515 
-121.40899423375377 16.08253394601003 
-245.75433329417473 35.69466673122255 
-175.21677295396023 23.11215845752284 
-119.25774185210756 12.891769413412828 
-258.55348996990233 54.142030954906254 
-200.0164690803132 24.96945982341988 
-116.48989775991141 7.9532079905769875 
-243.03808858852605 31.240473739647125 
-265.75036159915277 65.37426701482465 
-96.8296388471833 5.300164226272314 
-150.2776156462101 21.54133353388808 
-178.8495036385956 23.38488133334975 
-259.6045811989108 56.28588352562375 
-185.39469401986656 24.189721472350264 
-41.93858484363507 4.062756300264182 
-109.73896532914091 5.760769396818164 
-118.34482103125221 11.451051084077728 
-122.62922365251224 18.051717843328547 
-101.27989606349047 5.572363566964033 
-257.0738590270611 50.967001786455654 
-257.9173980829908 52.04326026894831 
-220.97472291796024 26.619150585742144 
-68.09423354774113 4.526322973791385 
-246.9245215282411 37.45761185612455 
-182.3580534503628 23.929838791883864 
-227.91209920441483 27.2141385083062 
-268.1104447259982 68.50974034270313 
-135.51304031515636 20.04909576116446 
-256.0253599646478 49.63448441186248 
-141.12896536085086 20.787612819167656 
-253.3595630214052 46.22030858255558 
-272.04990220057255 73.59780261467388 
-254.35436964756084 47.49927276527192 
-242.45175657734023 30.06660442279259 
-159.93969359165428 22.12039276792165 
-146.97544374307955 21.03540496227766 
-272.64049749451334 74.35433473789755 
-74.2534461264111 4.548614438466519 
-75.81574187963803 4.671644196773221 
-259.89782583152794 56.72390955430532 
-140.19451845456837 20.407019008102786 
-115.9875344279012 6.102538611756679 
-165.8142663610378 22.461995276888924 
-128.87004788472387 19.4039973561381 
-245.0166062052077 34.637437873044476 
-210.48707480894393 25.721289099089702 
-121.94230259272722 16.886719966603916 
-258.27960299972597 53.46352995159218 
-236.44980460579157 27.693382306918636 
-244.43443316910597 33.657487280071 
-242.05753418295305 28.924370387027505 
-269.5544532204062 70.48389218808624 
-215.49062393142597 26.086628633957385 
-81.60159576293773 4.767827609652994 
-215.90134036873383 26.311945678316242 
-113.81945339696274 5.966406650558823 
-246.8382974069161 37.35203753961236 
-250.77820886678674 42.92187763116449 
-273.6859748889999 75.64869064575919 
-266.9106366271592 66.92938169433774 
-239.7200098593939 27.853213309769124 
-116.36970086057399 7.654472040451585 
-228.08416379058784 27.225709277407375 
-233.41863974106673 27.510258178663126 
-210.66189877539605 25.753417276112337 
-220.70352717849104 26.600706088028055 
-266.0908942786591 65.91029299313598 
-132.7551878171349 19.945666854687545 
-241.96795416075832 27.998154961469222 
-131.13089600102583 19.59038793517707 
-123.85672255633982 19.25874134739393 
-124.16866298491868 19.28211577217689 
-250.82118996045554 42.92616447032561 
-243.91710616230054 32.7468793075453 
-256.0707891957112 49.702477664149136 
-101.27561746154788 5.445495064213773 
-91.82474012740794 5.266060140640181 
-253.50391803113348 46.47996272534184 
