-273.9027641854473 76.01505704541918 
-273.9027641854473 76.01505704541918 
-42.832611181096695 4.000952004037979 
-271.8136094161138 73.45514255503153 
-245.7803807465158 36.056659404063495 
-244.55943931556524 33.91607815274881 
-269.0639259291788 69.86647972938474 
-266.6656990438391 67.67025685023846 
-247.26244169033123 38.12029972181906 
-263.2191734223213 62.25672630582432 
-105.56421008035159 5.595404180409233 
-257.1281317304705 51.03909787751781 
-250.1819605717057 42.05239031285023 
-64.96222865225712 4.580653969801056 
-76.35163233869113 4.6125815441687 
-125.10844330439791 19.25720126513405 
-122.71847523163669 17.96034915328796 
-131.1171236927292 19.714811000874377 
-266.17641917394724 66.02801467987322 
-261.75955870668304 59.92016316870439 
-195.40586368888503 24.619397405778688 
-258.4041285637703 53.925778251233126 
-161.76419332525495 22.19212826570711 
-173.44941378583312 23.133744101891587 
-178.95307707334365 23.569342921164804 
-258.12418777793454 53.174416769449856 
-212.25043478026893 26.273676905602866 
-227.15027060255397 27.067260893800164 
-167.62033985901033 22.5261334517175 
-120.03107410001012 14.116338110529046 
-273.72614619163346 75.7941608524918 
-116.6554703542411 8.373598912261041 
-187.5211970074811 24.044311573774824 
-260.1951104831371 57.55096093222116 
-155.13423858840588 21.57733100403552 
-49.16428754280243 4.039137154567276 
-265.08136526916695 64.5384030331878 
-206.7369864772592 25.640135757078177 
-241.89904405267046 28.15940438439555 
-248.74018982351316 40.19753223909121 
-121.45272339301614 16.174454083519272 
-52.438817403988445 4.101367782348559 
-76.36434315992143 4.850705026755307 
-259.49893929892085 56.15190859274911 
-264.2614436301305 63.53642368180495 
-261.4763528085361 59.34744865777682 
-98.33593929654124 5.326701785247019 
-243.20913973934987 31.815293080137614 
-84.81031186253205 4.865063862013074 
-90.28375586648666 5.212207644501461 
-117.25352421402593 9.591008824078722 
-118.68983943509525 12.690778873208115 
-217.33066887565846 26.45634480079221 
-222.74380520067857 26.66474838523238 
-191.54694493996607 24.324585950702883 
-158.84830138762766 21.864975978245972 
-116.07110227713436 6.807650773566005 
-242.18628178918118 29.397513045440686 
-251.5867567792165 44.12798026022493 
-256.0964319865734 49.757298784291486 
-248.33484737348775 39.67394872954424 
-98.3449628749871 5.525712126148756 
-251.15037285545415 43.362846960994816 
-138.9553694736172 20.361987982032034 
-243.0964374303242 31.384808562386247 
-270.33454635981155 71.51253137074818 
-115.9685965978635 5.999101974361339 
-255.38373109830587 49.04287695580005 
-170.15930877553745 22.803317788557393 
-199.8022916262574 25.63152576646481 
-58.089602616112685 4.169233704027429 
-147.02723575258048 20.96974647837053 
-129.6950602770345 19.603372967147244 
-236.63888575101663 27.798263947650618 
-59.6296050024976 4.261207304151649 
-144.68382025333233 20.778325001710346 
-118.18584857786098 11.23379579142607 
-121.69113991017717 16.51354469778055 
-141.24539245832426 20.51903031196601 
-178.94777714242113 23.40974296753622 
-199.47699727787307 25.288272289210134 
-110.41643916367141 5.822629785447682 
-270.30621547516944 71.47710874853942 
-252.75139499600868 45.436642434107945 
-254.58220880559207 47.798040303784965 
-64.95035701130568 4.311793266221348 
-42.83261610605674 4.005716658204805 
-117.77388933411193 10.775877636593199 
-90.28122386938388 5.06057438462459 
-110.98036614655788 5.9604062605010455 
-84.8149430118534 5.006034380679163 
-119.63691707466278 13.522480513920254 
-254.26690668240994 47.39364799222926 
-232.16050771473763 27.59918676613043 
-150.8217803513669 21.25425632357137 
-235.85137876266884 27.71558510479876 
-188.35734314174027 24.108329808450257 
-150.8217803513669 21.25425632357137 
-209.11318981684863 25.783382038843953 
-231.17830981287563 27.263887937877335 
