-42.86929321222654 4.000700838136749 
-42.86929321222654 4.000700838136749 
-258.3259257147002 58.20828605091846 
-258.3259257147002 58.20828605091846 
-65.3383224858926 4.321269365031206 
-45.57008567487746 4.214484107858316 
-120.05975919718627 14.128168216394569 
-258.1129138592376 56.90094694887195 
-93.84672234334707 5.180357344863554 
-247.89845543023628 38.834326797311256 
-133.47924262285713 19.788672717478946 
-109.10709668154213 5.730040821861564 
-157.35680716761857 21.718710694757213 
-192.65667816686062 24.42590864721762 
-127.14376383850775 19.337119100994276 
-116.76226045965994 8.56437472378925 
-258.07741421199336 54.8255815638965 
-122.0375249964591 16.988064925118135 
-116.09243827757918 6.8084201833766205 
-258.00573867897026 54.06469776848811 
-122.91074451705198 18.204203842286525 
-68.98276663147207 4.436651434898299 
-181.92947856821317 23.628927698921835 
-253.68214992371392 46.736191877536214 
-249.20105110595193 40.64389828538058 
-229.02625305380292 27.072073065247977 
-150.55035720162067 21.505416976669732 
-97.5241194930924 5.418351142126078 
-210.79325375607525 25.77667846630575 
-247.1763727705249 37.828189064067004 
-231.67527243341476 27.450330470110323 
-86.0145736723503 4.937736655865863 
-171.4447116617024 22.85492290243141 
-119.18412178376788 12.793260526038145 
-242.32125576449187 29.59194971947598 
-124.31694490773428 19.06451917047557 
-215.15517091181263 26.133445257585823 
-246.5029483708292 36.866455660548866 
-197.5339162274708 24.817859536694478 
-146.85292546702905 20.96225504376885 
-165.97401346400474 22.766467054903934 
-257.9451963002 52.166538846414866 
-250.50426825397224 42.4139095013596 
-244.0930263458747 33.12195254552943 
-249.41697805183273 40.93915695030559 
-236.0654593433115 27.603783218130253 
-121.20992088259341 15.813090839138075 
-238.6552215911667 27.778085467322793 
-173.24380408771316 23.19116193688144 
-102.11327012610593 5.592341494674701 
-202.12624981449795 25.17798898522248 
-256.4116638523773 50.075492523529604 
-184.51950843309135 24.127422357189598 
-257.14628387709655 51.528205388471136 
-141.89832808455128 20.75541036499681 
-117.5513749358964 10.089452801579386 
-250.73523989124533 42.72023255906153 
-220.3168717620113 26.456273150002403 
-74.8530649552088 4.564911811025999 
-141.58554964791486 20.430753379951145 
-117.21708626057934 9.473237341275672 
-241.94641314756586 28.116991495221672 
-252.80780196100613 45.454690369603725 
-245.92556498108837 35.988534220744874 
-74.86137137480544 4.758121464012695 
-187.41542039524393 24.28924359015559 
-251.6989603358056 44.001969309135504 
-115.97391461154746 6.048856277391204 
-118.13287167878835 11.09695166260782 
-224.11197166235192 26.91316654416412 
-252.6968301720813 45.3101818398256 
-85.91190229999074 4.90276891552776 
-251.67797255146832 43.97249295379277 
-118.825787305604 12.229303731173472 
-198.70604959813232 25.05007731001458 
-80.62268705064935 4.7647586545913585 
-80.46708457948922 4.760666138403879 
-213.41730424981566 26.013968259867777 
-177.58529680362057 23.27740343446482 
-137.1441805799343 20.20696137946849 
-205.7872554355764 25.57784200013826 
-121.22531663964516 15.836975257327122 
-243.37855509293806 31.830479583718287 
-242.7924107948115 30.71188529371124 
-254.48111299341355 47.65068831653189 
-258.29043827513294 58.16392040560435 
-243.49057444983725 32.097328347350825 
-160.77190547128797 22.009086124345416 
-255.2701523619 48.76841254175233 
-204.94126748981267 25.41209855288429 
-118.36126792850635 11.47687544255057 
-245.60856175719113 35.48036384617242 
-255.2701859677004 48.792787305360264 
-256.68362367860345 50.4146615518694 
-102.10986368970201 5.471706405826133 
-160.78559827029957 22.208355714442025 
-242.75100377712158 30.62498025461113 
-136.9593845640433 20.0596873271772 
-220.55575197298327 26.60713510652885 
-164.72285578887607 22.264854874501733 
