-42.00531897372315 4.001869188146216 
-273.7100815356084 76.19438899589464 
-253.6826786562916 46.95042720285358 
-258.9224160679917 55.404743761398464 
-80.06581344660894 4.746559108405376 
-245.04150437112614 35.01230569997835 
-272.16945862175373 74.07029977936376 
-129.38130636729463 19.44545361806011 
-116.18272097476076 7.37037182764123 
-247.5150412456822 38.66107791898578 
-258.3412901538613 54.47586814475889 
-168.51937451926074 22.742580004084267 
-243.68386744426837 32.81687422955171 
-260.54180320704467 58.214630977015226 
-154.21548009344195 21.4481861041296 
-183.8787669495524 24.002864367323582 
-120.63419409633141 15.084801357649974 
-262.7113354723373 61.484093599432526 
-84.75156209397333 4.970531850172416 
-251.20998321442497 43.723560728602976 
-249.95226272137626 41.99940509551946 
-263.7528859739812 62.95899334033619 
-121.5194849146141 16.32664491628851 
-134.99333686387882 19.952482941167723 
-217.31970344680673 26.448133616234845 
-225.8007930860294 26.938254762502503 
-268.8920755883077 69.8766500420076 
-44.480903687042165 4.0626636913297665 
-146.54379176188075 20.86438643848469 
-270.8695652747097 72.40166873234884 
-228.55908589460898 27.108527044692487 
-270.1760862704928 71.53375519907001 
-119.5381795907657 13.41669263443785 
-219.57760863397516 26.65675488012207 
-118.30533686153174 11.466481750489901 
-188.03939233350624 24.10921201318206 
-149.71793598281263 21.234779091863647 
-256.8384699277569 50.94690550013259 
-116.45884506672452 9.765983167460812 
-198.67920421223062 24.963539076342062 
-257.68729385708167 51.99880623593373 
-65.06665770694715 4.430481712778968 
-266.9219449124141 67.27026616515465 
-234.0854786670585 27.505011022764435 
-210.7118657289296 26.10452657704692 
-173.23899558782446 22.92468847260363 
-140.95317552160458 20.798705129545482 
-245.86997855716848 36.25845606321505 
-264.7132071334249 64.28746975112797 
-252.06990723772094 44.80601409474955 
-254.91618437055024 48.48859192302225 
-243.16130576278763 31.910966864052828 
-266.48795086251175 66.69307465719695 
-273.33710601020664 75.72925228878734 
-159.29995965732712 21.85715183225714 
-210.50932060816703 25.79750041765753 
-196.6219026869966 24.825021706686424 
-72.57804173511433 4.534896245116166 
-51.96415636549273 4.072068987114714 
-72.57804173460853 4.507784072903073 
-162.60802339230185 22.504055442109106 
-204.23986144767778 25.531833378727697 
-235.76084228196655 27.64203666108131 
-115.95160403119354 6.023172128361089 
-118.95810300051477 12.473327044521781 
-255.66695979159263 49.45164714338012 
-204.23205800103057 25.368610736632128 
-117.40031432665158 9.956182145846093 
-177.99116529037343 23.677976948085036 
-107.17581671522196 5.836970362005428 
-63.885475309021885 4.404251547407295 
-175.57725001294784 23.28270631835515 
-268.1925224906569 68.96474266110465 
-52.56821510801999 4.091883065766456 
-113.39174101433102 5.898951562864185 
-58.35118744891855 4.174676125865251 
-101.87718628926525 5.56216631000127 
-58.35508647423177 4.305592994350011 
-249.14899743609382 40.90499215045341 
-90.37296768840898 5.0490672487362565 
-123.15988837837872 18.667868890969125 
-106.99863650868807 5.650011410115648 
-260.73097313532423 58.504223135977306 
-90.37359727427224 5.154698825845304 
-261.6800775748805 60.08777034794647 
-95.6154821410391 5.416719875196036 
-95.60990231861534 5.3296842347301014 
-241.95964638595598 29.04111426542679 
-122.53905086801225 17.867373591326373 
-248.79539855141857 40.4203882219823 
-101.35182750086415 5.444303363597452 
-192.17154854754352 24.419359990957222 
-124.49689488902024 19.204509621521662 
-242.56001881066416 30.532418093204793 
-240.43268729125649 27.894000775709884 
-246.52009219899765 37.269140330533396 
-261.6800775748805 60.08777034794647 
-139.67019870090462 20.26891407518724 
-192.17154854270123 24.41385365992208 
-265.3416555550985 65.14645462315201 
