-40.756003698193695 4.0014356455299 
-257.95258559082396 51.996432634180735 
-257.95258559082396 51.996432634180735 
-120.73333031743508 15.162342320828996 
-210.30738639044176 25.749526133455934 
-43.351246734014865 4.089000703661041 
-250.61138028351579 42.65676363829299 
-53.8925454405947 4.0987216628048175 
-153.27397135988093 21.37901304283427 
-123.09047979471154 18.486433411621984 
-177.2172458640424 23.293365790438735 
-146.9034274374279 21.18174787333906 
-96.23896792572752 5.252672835597464 
-245.53446119137624 36.552047934293185 
-244.38858625599622 33.98382809478287 
-140.52199419469414 20.35144955852943 
-80.92684653525617 5.011873374272574 
-55.24963645110313 4.247400411718677 
-247.88641081315265 38.92574164351449 
-117.08261558264628 9.2669438275496 
-194.00863572181862 24.557315506458266 
-252.08846303081032 44.6122017847446 
-144.77526205631258 20.739142015868147 
-249.1969134557315 40.81369719585287 
-89.36893504580388 5.015321971324403 
-116.4521153355455 7.926127854010592 
-215.7426518928015 26.17196114807979 
-120.07076332872148 14.185636289396195 
-253.4876971287551 46.436489839177355 
-131.27583376995238 19.582838550005725 
-224.50107119016272 26.9198967569395 
-172.72092420262635 22.89962710654858 
-249.05839895667543 40.62378357737508 
-237.17544125677887 27.67915828247791 
-242.29452705094224 29.98949911011079 
-241.86283647559475 28.10905417453149 
-160.83448744343178 22.072946782528355 
-80.2583771964977 4.723200651614357 
-170.2427357439155 22.721042472195585 
-183.52736473108203 23.788366288175705 
-117.70990321913393 10.41858675534247 
-121.78230539762235 16.833360616747104 
-100.4963187958544 5.4072361949644465 
-187.90056237566938 24.052590846044666 
-165.5816803787907 22.455178367850642 
-63.418723204272 4.276374438956511 
-180.90226622887656 23.634784130544816 
-221.7748932932725 26.640391726784387 
-121.78230539762235 16.833360616747104 
-204.48717404650318 25.29033360153035 
-103.67752239400566 5.567199490282783 
-135.23619078749618 19.98161733278897 
-128.25210498473635 19.40688571709199 
-73.15193418058475 4.703275410332668 
-90.18760138247578 5.184764938293157 
-256.2128180219966 49.90420200197551 
-254.0823951520422 47.45228601780632 
-246.90149097318158 37.52302128986077 
-198.58702443961846 25.004338051999266 
-243.7464681167557 32.62275195421011 
-242.96440321134494 31.19432749918012 
-214.48060319833266 26.104960443225057 
-247.68772458191316 38.64463543437885 
-243.1503208135287 31.553068721593096 
-118.36403836904032 11.736141444564506 
-234.62932434071323 27.486963408621325 
-137.11433504746861 20.090974807777915 
-245.27861746911648 35.107220815702945 
-257.3026363468972 51.18146366025925 
-243.9755452682154 33.01577097906413 
-251.11201496197162 43.5908153049126 
-197.9139134625082 24.930663881576567 
-229.60386547799567 27.11316756317433 
-254.59923988357744 47.863203071477024 
-203.95574220375437 25.252805105934943 
-163.4857340928248 22.2875874498419 
-119.16156793426498 12.800813572371812 
-241.85951555114343 27.991954884977602 
-73.14404166304134 4.517702932574986 
-231.74960923268156 27.314884758142888 
-110.50548119714638 5.9378897114894595 
-124.29341662938181 19.335069539804504 
-245.26480109084054 35.083685710928435 
-156.66273657779095 21.765029834352845 
-119.48736236338259 13.300883288614553 
-256.0909582860457 49.76468274204448 
-115.92900391744554 5.998345794392544 
-246.68425329568188 37.20823783979034 
-242.51352562198142 30.05047540388766 
-255.21623980603468 48.65616729523021 
-118.53531955773255 11.806291734459922 
-115.96933023996313 6.3157583133168895 
-68.25352822186522 4.422978166967051 
-252.74433260847107 45.472052176751816 
-189.38806126704762 24.550584935587832 
-107.45991705110637 5.733791981449585 
-252.84708764907265 45.60585475445936 
-68.2532567236517 4.390263660019525 
-123.41168352689374 19.134173950775107 
-63.42087392852038 4.371273114968255 
