-41.41910669973845 4.000483493801523 
-273.9250859863421 75.99476917391425 
-165.22314643430448 22.40636950457505 
-133.34239293770597 19.917669845765936 
-190.23409786572947 24.27209194863544 
-258.7061774672857 54.61644192801418 
-139.0814530384628 20.259822990476433 
-154.645030058939 21.704128515020386 
-96.15651735918473 5.489981669935432 
-181.82646751433836 23.873573534577194 
-117.54778673450399 10.189792447946122 
-170.3235639935645 22.716425230985546 
-210.62492468782125 26.100634848678503 
-83.61498590063145 4.964347977320636 
-267.57964097526855 67.87519521979091 
-103.30018956793248 5.548943605374872 
-118.5340647835567 12.33559195100416 
-126.34827533374164 19.488110536753894 
-43.59434943596751 4.095218739734526 
-261.933381246627 60.05990451122023 
-256.3090782880348 50.062308130783066 
-259.85134873390183 56.756081675475265 
-243.63312870351305 32.32071270481067 
-198.4944879368324 24.864343621459426 
-219.1114317505826 26.421606367213695 
-272.8044092932761 74.60244570866254 
-251.71048291822567 44.14180702947569 
-122.30752705723091 17.49545853288273 
-115.23694316493462 5.99918939194938 
-252.37782388136915 45.062970105717746 
-253.78311318131588 46.8373576076015 
-244.50204291468864 34.499972556424055 
-53.7313803370011 4.0967651537379375 
-71.39237567705517 4.471232165421084 
-223.69528260826885 26.719798761430805 
-250.30557445386393 42.25061211647554 
-237.381217878827 27.727724838043194 
-62.1960252374617 4.338660305420655 
-246.41482124611625 37.16248318922534 
-269.4293905812848 70.9584598040537 
-247.86638335363506 38.81425088228111 
-119.94526184580573 14.1684655775031 
-254.83603741688344 48.17802282735987 
-108.36650860454279 5.754869404723419 
-62.193338776819786 4.252398155980591 
-53.73296319752585 4.178194338023789 
-116.67188049801746 8.671157496126675 
-256.92621030041755 51.4008932124294 
-260.455096622151 57.936219228679924 
-263.3827290223069 62.197680373045245 
-261.247724561818 58.98168425125638 
-264.4077826872058 63.61535662512601 
-249.8636033628671 41.571690533028416 
-271.32511249291275 72.7212288020144 
-248.8369827789148 40.16690455991177 
-245.79624925636674 36.39249567213222 
-145.04791459379484 20.831839819717786 
-268.8754319760891 69.6558591114004 
-71.40111662016002 4.666939174823429 
-175.6269223523779 23.361384725070263 
-111.62598318063186 5.861845655730061 
-229.21802943128125 27.09188848110535 
-90.80267533393254 5.063147199399512 
-179.03658027466443 23.491599683334776 
-121.31293479459814 16.02321857926923 
-245.08852987425524 35.10171267853075 
-78.52884084813088 4.674346624980468 
-266.4294054165548 66.3451882164413 
-271.654900693145 73.16416079083253 
-265.3777599184439 64.95293620922561 
-116.33185784839448 7.791384794697185 
-145.13665616999347 20.838539665830123 
-90.80292095175965 5.094704973580854 
-257.9903552086096 52.7623057350679 
-193.56523893598938 24.820754708342243 
-242.33239697684928 29.681361663634156 
-78.52901968055336 4.732093783309005 
-121.3242302880471 16.038731571318106 
-241.93972113354494 28.041860961994463 
-153.75005840459804 21.456936085385223 
-273.9250853925363 75.99441572975753 
-263.41161755222186 62.19923696684751 
-203.58389018747462 25.351302998300685 
-241.9438704891552 28.23702416659175 
-229.46498558987236 27.294699274652142 
-208.14671849459853 25.65585097721138 
-266.12088755954153 66.07761914740395 
-220.81194197562058 26.51694918051417 
-150.19750653475717 21.335945733682014 
-257.9011812468534 52.24037549161145 
-254.45256598246894 47.71449008665658 
-123.31133790456906 18.841170114140965 
-248.37877749900707 39.53143892179094 
-264.524102134851 64.41015127693257 
-119.55838218932135 13.584581910122699 
-150.19750653475717 21.335945733682014 
-203.58382177940916 25.33439130334346 
-242.49861025858596 30.094771396204905 
-242.68917497381545 31.311067862570496 
-233.75631116706492 27.4122249949156 
