-41.85576960276886 4.000582857079781 
-257.9722763592225 52.052209876765254 
-161.8124398004068 22.09800854942392 
-217.025080716986 26.365190389211964 
-69.85433004184084 4.514707023065731 
-229.4002638057632 27.131645594169395 
-120.8362421186325 15.292756400345006 
-211.8214559167775 25.925852824386993 
-248.10955974559116 39.08495735647269 
-65.18638558619259 4.320600848973638 
-116.28343903122828 7.372653157810674 
-246.86275886198447 37.69775575201632 
-167.52535753124198 22.512741601646947 
-117.91686381120337 10.853462262118766 
-256.34056887248596 50.24574339576707 
-121.60607178783654 16.68937736592445 
-146.7281272157887 20.915189342647484 
-150.0466418015094 21.262904665417473 
-176.86128285915535 23.222538671424566 
-246.41253908948886 36.653129467073335 
-252.32630455466798 44.783095463109866 
-113.67077998453975 5.912644551313509 
-251.07800231725267 43.136076050435406 
-243.54789022971096 32.24708770736586 
-117.455086206424 9.880123951378065 
-50.64958668292053 4.054806921958181 
-257.3373771122673 51.49738613500775 
-141.709591877827 20.61380786336713 
-245.00891190035128 34.67983901128176 
-253.35891971207457 46.13147179912261 
-118.88077223753487 12.296634095747077 
-154.53277899532557 22.09587806002506 
-248.91793689657288 40.209923196593984 
-106.29774416881217 5.892442714856694 
-115.96662973402807 6.035694405491068 
-42.98269790449573 4.033711674784844 
-188.85121482842123 24.1642521409154 
-242.93312581311105 30.91279624291453 
-244.4504253982851 33.61961248435062 
-136.71294616782194 20.032465552985254 
-119.12583368669904 12.674227303562693 
-251.56098667830665 43.782258967462546 
-77.65873859700494 4.6840255576637 
-223.46062991218415 26.780113863880043 
-255.3742571995231 48.71752771738628 
-57.6130262756369 4.3158168807451025 
-222.7871755515141 26.719318752806398 
-240.2288657115517 27.886800377024173 
-154.25593271684406 21.69882967199667 
-99.90787240137067 5.399106517687037 
-242.17637944391345 29.094244418214462 
-93.18386873899027 5.288665528680169 
-254.46030695591497 47.552574852308254 
-105.67982428593109 5.619449102798102 
-138.63006516277864 20.605331424615155 
-130.3929603077889 19.608578521530216 
-179.08554686373748 23.627302921433284 
-123.3430396599922 18.773487940024868 
-172.06084512607765 22.841276802310315 
-52.41161667234467 4.142115004316749 
-197.369822862207 25.030382459590825 
-116.82851618479106 8.666270518752082 
-233.87819643923703 27.523659658424283 
-93.17964858165578 5.15611967295951 
-253.07491710005343 45.76036397250685 
-243.94641887586923 32.93867853119182 
-235.67047419075166 27.753679145194095 
-206.53556040047263 25.69166286502334 
-87.0572200554491 5.059846951365174 
-119.99674843455546 14.009170432768226 
-99.91603282641196 5.601391799677013 
-182.36616936420785 23.6870842840751 
-119.99674843455546 14.009170432768226 
-242.47217853340004 29.903516761870357 
-202.5480800948405 25.159411913553377 
-250.1076094648269 41.83350188418656 
-254.50513396984124 47.6092455759221 
-245.50047864567043 35.668640687781995 
-82.25844330750095 4.818137178536295 
-116.87773238785368 8.837570949855891 
-171.32551392396516 22.78835226279702 
-57.607331371422774 4.159195850217515 
-202.60606810309207 25.33325296424497 
-189.45377777657848 24.227756466355086 
-82.48819621760128 4.9663676447730305 
-122.45727147054987 17.5515928420822 
-182.36616936420785 23.6870842840751 
-255.77368357159725 49.22528393283891 
-192.68113507884323 24.639418687303866 
-249.39437621758887 40.86995777496257 
-77.65873859982328 4.6841086865293615 
-249.5652236915198 41.22669090127216 
-242.7123863796195 30.45162048772052 
-87.05402903749358 4.980956940923022 
-122.55412177905896 17.68643787656977 
-245.49119292242202 35.49410392655463 
-132.50312342337628 19.99817545945177 
-196.33268234988878 24.800317759352147 
-123.69241493788256 19.251250693530082 
-192.8256117160345 24.649986947036364 
