-257.98203889953845 51.99886670683154 
-41.33166813091526 4.000537349715041 
-41.33166813091526 4.000537349715041 
-257.98203889953845 51.99886670683154 
-83.02740314213361 4.8088544156532365 
-254.8793544145998 48.078744680594205 
-256.2425996546754 49.81210388387452 
-241.97873496410787 28.012065654815434 
-228.13753003185474 27.17991203028136 
-122.58579475029681 17.721783588993915 
-167.58459770832425 22.487135568375145 
-161.66855537673882 22.10964222338211 
-249.1432729193225 40.50719606050763 
-55.49960889268888 4.212499016569156 
-180.8254009646968 23.50457422048148 
-200.40836655629664 25.090806377166018 
-103.30059129629115 5.55190214125844 
-65.63164307629401 4.328507108539367 
-189.5158098572965 24.407522960105425 
-73.23894762870547 4.56320487602943 
-242.51712800213505 30.00791442651762 
-238.74015901399815 27.780815660408148 
-112.0853427740523 5.8460555821058655 
-248.2042431622346 39.253158069771885 
-119.15292644223152 12.708088875557058 
-106.37961775150048 5.807676904001128 
-242.63253907826868 30.2697327927593 
-85.56073377458569 4.960530459883357 
-123.98382275744486 18.98699606642967 
-116.15638744477954 6.971351675327604 
-245.37223291789687 35.12379462440553 
-247.07121204096038 37.643516978048915 
-254.3139961495957 47.35424767000091 
-244.5336243246776 33.7451889053966 
-251.06496263691747 43.14941204893686 
-115.99747707557081 6.000483353179046 
-224.05504005365052 26.90109342324403 
-250.1418863496244 42.01743060835923 
-243.76135607015325 32.446188596130185 
-243.48224550395952 32.00608877350485 
-131.76817005385828 19.629945808314606 
-158.6512518417705 21.908255071677463 
-144.04970432333195 20.65830908506635 
-212.46430219061392 25.92309908004014 
-65.6350818286156 4.449227592772447 
-118.52747170355296 11.899010650643357 
-247.67681125145222 38.51018685216504 
-245.99159891402144 36.05116573284309 
-208.64595261691596 25.74058488229016 
-246.46598765266955 36.717880335946425 
-257.29332633280717 51.136134218327044 
-127.20345070390839 19.55349973436952 
-252.17387819118656 44.65002322597452 
-221.93987509375793 26.57472049046597 
-73.23887831541347 4.520884379037242 
-185.46231252232766 23.87099244328231 
-251.52772805893986 43.73944701044033 
-121.90181918759953 16.769913367660187 
-249.73647858030492 41.46908466000947 
-97.14195658658403 5.354589871446804 
-119.97229393185461 14.041118118300586 
-48.99849805396648 4.0583314053629636 
-91.51854937981118 5.106238253723578 
-120.9025784930576 15.33932471008303 
-149.67855573244915 21.100191977799508 
-116.665948260139 8.30357079849582 
-47.86262433896454 4.028139398284377 
-196.41112881946896 24.905697661163742 
-142.23725704590532 20.49552513642365 
-138.71796592540508 20.220432999396007 
-55.0794932576789 4.123005830730844 
-218.46778068890714 26.337108585883012 
-118.13578454227229 11.062102264577566 
-244.84149791321406 34.240312205619595 
-256.74625370514053 50.44621921778044 
-233.7609614116706 27.45495638987338 
-205.07136802521885 25.49206460995779 
-119.90713846751416 13.864152857907206 
-175.31934383774652 23.243440719220263 
-117.29908844602897 9.583280472567417 
-170.89244404768482 22.801192473839812 
-121.5192002645031 16.22131481764676 
-41.81331822167432 4.004587243888027 
-193.3468440406782 24.597750598833947 
-116.52696963641783 7.984710249345162 
-233.84255310045296 27.471561015012647 
-175.31934383683935 23.221880842153105 
-117.2434203938611 9.484539300044199 
-154.2271751892884 21.854410887445585 
-148.17588029820396 21.06826680399517 
-154.21083395521748 21.48262272076464 
-91.95627319784883 5.230016935724691 
-252.66724216956314 45.29503393582754 
-125.01999303253083 19.30643679408994 
-96.74354437574182 5.284978422611494 
-253.51343062504102 46.32189136782909 
-218.46778068890714 26.337108585883012 
-253.08648917108772 45.76798827603008 
-136.58181496581145 20.151792359885143 
-170.62539248856183 22.774197214992757 
