-258.0632089128993 53.87540172068101 
-45.62569897527604 4.010606413859524 
-63.597430388913395 4.330650690557266 
-91.84878860133014 5.099436017790639 
-121.83246950769077 16.687812658426864 
-169.87851257275543 22.762003923449935 
-191.0831002750012 24.457413220781383 
-127.58351662389776 19.357342516736093 
-82.43636615211378 5.002579844190913 
-123.4058951275309 18.953055389519402 
-243.4993650540701 32.02020339903586 
-54.90168861546153 4.133059390684317 
-252.78034703071404 45.398179151010716 
-120.7261483990316 15.100160033416937 
-76.76711083537211 4.625205317206981 
-203.51137760099365 25.392320584530285 
-184.54107880041008 23.791338272287764 
-226.54258656073844 26.98158297224934 
-214.93315171051077 26.04727088179633 
-119.96997484618973 13.981185712072831 
-155.30812395560739 21.606354279777705 
-244.7830632814903 34.17327285668069 
-45.62574689013906 4.024495926245252 
-106.98823379908394 5.770580345561452 
-251.0469042340816 43.12496025674248 
-138.6738754234998 20.268976435781873 
-56.405763500339134 4.176202694560591 
-254.65612967995997 47.82119251386029 
-111.63197992593487 5.858175675752023 
-187.1614149407299 24.25455800761683 
-133.19256540954586 19.771194387852372 
-246.98223098098833 37.564785141394616 
-249.73507118019685 41.50130561771727 
-118.25055785081234 11.297159140455921 
-159.8011841307306 21.94251217079759 
-141.68670303278424 20.485106806944447 
-119.36478065278395 13.061089431262527 
-245.49715921338097 35.297963565961744 
-71.0871005948054 4.468092069710788 
-230.4739522456413 27.224647135226856 
-197.21583080816774 24.865379685683592 
-116.28884216342966 7.413391126709918 
-102.37026259605744 5.53181852506348 
-197.35808015838833 25.003189259400727 
-250.3283987296381 42.16319177122793 
-217.97856624339727 26.39990652198454 
-238.38019670425314 27.997045152650994 
-257.9819791089635 53.11065723713811 
-121.50570723073345 16.224024917840875 
-150.21002402633223 21.24953102636754 
-95.7233012142583 5.301763715168053 
-133.23416639075484 20.217168245235555 
-235.70388412713518 27.568228472228455 
-255.32634328913406 48.6407660044951 
-248.91079615128643 40.37520081393208 
-222.5854777176872 26.688181385007432 
-164.70551580521018 22.37935722700983 
-81.11797670996495 4.749442394645221 
-242.76316182560421 30.57902411395612 
-257.0742856951854 50.86492142369949 
-248.5359449337252 40.032459475894484 
-247.90414309459155 38.778281376184886 
-253.66773735250734 46.512930648183065 
-242.26627787815326 29.391891390753926 
-256.4619082311261 50.11738784070219 
-116.93011447105415 8.895481482169272 
-179.51774892016923 23.426079152771862 
-164.7029151740887 22.266217463815224 
-257.9781206609139 51.99817462900936 
-233.34732347630973 27.417999448521837 
-117.45346891314102 10.275055845766415 
-174.7808269060622 23.049823602377952 
-253.8438087671044 46.7660845227824 
-116.93011447105415 8.895481482169272 
-245.94364656552912 35.96304940940128 
-71.5958440069928 4.513669066141168 
-174.78354972845943 23.15351466385557 
-116.10203497538063 7.081082521655162 
-248.01378545923455 38.94712191719268 
-157.5859550366619 21.835142264562567 
-123.58950911874626 19.123589269392014 
-251.46482299919765 44.1583089253764 
-220.76684703789437 26.60117455764837 
-210.1669442077263 25.865290115202637 
-180.19979086083885 23.482533368342235 
-102.38303265428014 5.747037839409802 
-251.9443722426309 44.294373376360845 
-146.42690500156868 20.871579711091115 
-243.72762819531658 33.060163714277465 
-206.56484993683475 25.55676797825737 
-149.7729558167642 21.09819265096341 
-242.73375142073007 30.516343484959407 
-115.47958295266106 5.997943381406356 
-145.5199073964487 20.759185921969333 
-244.23464278494947 33.290496813395414 
-117.68817679460741 10.319410958398075 
-246.16780395971074 37.01909440462039 
-210.0733745756667 25.7137854083599 
-95.72330096563606 5.301602769442877 
-246.16775933452857 36.63726935560295 
