-43.3563674951355 4.001819230008208 
-43.3563674951355 4.001819230008208 
-258.2144065445377 59.56327289285562 
-186.38072497897295 23.936305422974332 
-258.0994351045037 56.87455965999081 
-154.75681671649292 21.538859829096808 
-46.37843160600094 4.130077253856089 
-177.92652828904377 23.484489007986625 
-64.96422741004785 4.614935263893322 
-135.21340015570917 19.908005082736143 
-258.0444266979521 53.60072539806859 
-149.74960044443088 21.201909985409614 
-76.73212806547052 4.619137193941694 
-126.24046685941957 19.292326478479698 
-205.07402532662687 25.553413191122637 
-57.53025909508703 4.157938812678394 
-235.25920532289481 27.539929985758814 
-138.1504736038458 20.521113906742727 
-258.2131963190036 57.54622384113 
-243.76501932391068 32.46697037869308 
-253.41133219221263 46.186277981506514 
-118.24558959176889 11.38373463530883 
-211.50297618138762 26.035603063768505 
-255.24676202359097 48.54334816850438 
-101.48967065208151 5.44235589269048 
-64.29373697643135 4.309477080012073 
-251.72040193607612 43.97512505389038 
-249.85760219184382 41.48227196435498 
-241.04867115427143 27.9385494506229 
-119.0784883250586 12.77347889765478 
-122.11089194457341 17.246246066135676 
-166.7805087955804 22.641031494802807 
-122.87016034279539 18.229541410778626 
-161.76403152466628 22.04337008188953 
-200.32199147031073 25.06075516865911 
-216.88955664204818 26.30090791419033 
-209.35225742658307 25.717231119677894 
-121.00809625614407 15.654774780393236 
-242.80633077445611 30.87794000689588 
-218.41022936464773 26.409990515714735 
-94.53786231422097 5.200788164587701 
-102.41664798184814 5.639413734566322 
-89.60814921322411 5.024054298176818 
-117.72398257357777 10.557496579556934 
-82.74236375772715 4.880959623192587 
-108.33633937639988 5.701499097795434 
-112.94996766832945 5.880038045237482 
-57.53034396444462 4.224877868739871 
-244.76148019389314 34.10849168730802 
-191.22457632241606 24.426385104253 
-163.8418965440768 22.439053655061464 
-121.5133783502699 16.329200686997073 
-116.59660690258835 8.330124089046869 
-247.88386770370892 38.75570703500943 
-250.8922733583645 43.05133896716314 
-257.98528036407185 52.01013571537296 
-117.24839162955175 9.640075458328576 
-243.40127228984738 31.794287111729673 
-247.45258609984955 38.14345792843109 
-123.90067211267359 19.000882337447635 
-144.62478081145414 20.74175586773542 
-119.44241857098959 13.330895311697383 
-144.62998943162395 20.891214253371498 
-256.14954310670385 49.69013011628564 
-256.9751210640528 50.73196462708533 
-245.27545444313793 34.91888012393276 
-225.1540450978522 26.85041010062695 
-253.65143941571517 47.25954157596435 
-76.73376534952968 4.70388910239832 
-82.74077747860656 4.799717334431727 
-116.16390095943817 7.250227788848217 
-254.5330721474676 47.63094146789585 
-242.50417653837644 29.964059609947768 
-171.02925650533714 22.816784635856187 
-248.8300242965929 40.08288281704961 
-258.0383019908709 53.39602152842417 
-223.1848641723091 26.727444071663548 
-115.91387051301938 6.005446868696664 
-120.25897743597163 14.513071783496368 
-248.55890861325452 39.70713012947713 
-245.7311973056339 35.61538244104047 
-257.6968179555757 51.64469938270854 
-252.46398328527255 44.95143142823066 
-116.88349502231338 8.93731831770904 
-89.60981690420665 5.106822926309142 
-120.09032949872143 14.311823628558136 
-136.21756171221676 20.10522426297771 
-109.22932365877874 5.820371295844072 
-94.53784656224661 5.192836463404415 
-171.62625536201753 23.07285409377164 
-191.69724131069864 24.458332037347894 
-232.12661785750265 27.338843192413304 
-242.17448258472265 29.059609235622215 
-195.28231677482515 24.670615540288164 
-198.55654083207295 24.9955834025622 
-249.54508246890637 41.06280011003498 
-228.3684610291553 27.161394187177567 
-252.46326596112795 44.951383099289174 
-250.9142448834955 43.052443606578144 
-246.34030907766896 36.52848515073133 
