-257.96656918373054 51.99765297554611 
-41.29676503932745 4.000582109472754 
-257.96656918373054 51.99765297554611 
-244.59017004848394 33.89078541896449 
-257.93443163663784 51.95753634355604 
-255.95203911459598 49.462715816100385 
-117.33455816491636 9.822178045905035 
-122.21967814239535 17.230758134938903 
-121.13040573988597 15.693945480471841 
-60.307576805767354 4.210596612059616 
-122.90025111972938 18.176844090434148 
-248.5282312774307 39.79377361628809 
-245.80336437221598 35.76093202323873 
-116.55293678773985 8.079187817620419 
-48.71041517014308 4.154099926568432 
-213.6657356897606 26.08964402220525 
-125.8759662742311 19.140026701506272 
-169.59866660188234 22.708550612525144 
-243.31048333757835 31.671266912795968 
-254.14999222908062 47.1620716266595 
-111.00583147794359 5.825297827778309 
-88.61990018576451 4.990235629758638 
-77.72876389537615 4.650352935504983 
-198.4893970912427 24.853076941023406 
-225.2633954106083 27.017699699966414 
-219.16812160552277 26.40421265664089 
-119.00477830077217 12.498016441460365 
-249.2959704356375 40.767299317036 
-149.85467481637647 21.24795414354158 
-97.33761184413852 5.295005711248969 
-164.20975697950706 22.368224839977195 
-252.33419943061995 44.82953018444387 
-144.1092220354204 20.72468007734803 
-91.8707354314399 5.232479605396262 
-100.9671926304095 5.525793796265741 
-191.3595773491039 24.348357264982447 
-242.27068739780054 29.41256545641867 
-116.28677818048129 7.405460449740377 
-202.4285766397565 25.136654944710166 
-247.63103462230106 38.43051824950442 
-237.95605274063806 27.791987800185478 
-129.11780222901294 19.399615110478138 
-251.3395406886071 43.50145684309457 
-250.01017763444824 41.821668199728826 
-222.07574107565458 26.602035113703653 
-185.12238822104817 23.925669325545233 
-138.26659040808278 20.156308488052904 
-139.66895754539598 20.40879588739077 
-158.00528375420035 21.92614781060029 
-161.5368233199723 22.192785639245766 
-187.5502507033879 24.09734668287809 
-146.83053628919862 21.099619707072037 
-118.10894071915567 11.206828115805147 
-132.68333113207862 20.085060624939604 
-120.12628307910168 14.213928471472016 
-120.52964944268395 14.810669133031139 
-154.95473493822743 21.628024078763016 
-47.43662304267305 4.023138451549781 
-242.63957689764922 30.31747209118634 
-251.34051583632157 43.501521856171344 
-82.07386784282446 4.900197053301245 
-60.55752720812917 4.310981853512438 
-66.58430353532441 4.3546902787028285 
-255.0819629437095 48.45860199048641 
-230.425626041464 27.197433211870166 
-131.2420228573911 19.934039145267743 
-241.98680150517396 28.302413735764564 
-71.98826062854587 4.636479662043598 
-243.85187637225187 32.63394579525958 
-241.9638198026941 28.0203789137091 
-115.9885324721566 6.153808129538921 
-252.82747919069132 45.46804181361051 
-115.52002217569233 5.982826863584812 
-253.46488903119308 46.30211122290693 
-105.79037162017906 5.625223698145066 
-247.36284689261666 38.04834612555456 
-71.85100521612985 4.4926826978920555 
-41.65441275307878 4.01298567605188 
-177.40364605210544 23.2597458967416 
-117.81285033049053 10.681177008653792 
-172.94524318195764 23.014780393397295 
-234.5500784721109 27.504770602284356 
-209.9185571769821 25.821323651660336 
-246.7500229387827 37.28500540319481 
-230.63735457442587 27.309978473374105 
-250.01017617273445 41.82166794090698 
-82.07371427160554 4.897319094483372 
-181.3698932016462 23.561682862530205 
-181.3699788219994 23.580166396170394 
-105.79037161596065 5.625171565059608 
-67.09159377293612 4.388550421429786 
-199.73331270006733 24.939671747625876 
-246.10489682248976 36.204615945366704 
-206.16602697132654 25.563261317416035 
-177.40364605210544 23.2597458967416 
-209.37520813933662 25.813949683859228 
-243.83966138663084 32.61282700199696 
-119.39160039827084 13.297191286096696 
-206.16602697132654 25.563261317416035 
-172.94524262502588 23.01477983979578 
