-41.581545689737354 4.0002776257928145 
-273.94671263539453 75.99644025217523 
-129.65627093881642 19.459105636295366 
-122.10708440645779 18.854802305208146 
-136.25541894076463 20.186332168336914 
-157.29190424286088 22.151461988297296 
-52.729974422195404 4.197544578047684 
-216.46806655684523 26.330993348399073 
-153.40861962854777 21.53280723207561 
-259.60647026681477 56.2882331717051 
-264.99819178741654 64.39691757354039 
-258.6066978961347 54.32332540694672 
-48.745313723954304 4.038626647685447 
-121.8091453783698 16.817312528171684 
-247.24334567650487 37.932178872943204 
-250.66835310180707 42.65976557902502 
-262.4549575616944 60.79190916337992 
-194.4162526673648 24.62824702937109 
-140.01624269733526 20.551182063413492 
-261.10387626947283 59.176617074629284 
-244.66668585946528 33.96225629192669 
-223.3674179599078 26.934717024772745 
-265.8923306227369 65.61762889533323 
-118.52944691920771 11.742125881564581 
-148.25581715319828 21.15101730464129 
-187.8377265498899 24.170888910223745 
-120.9941665018092 15.591920122839301 
-115.97948490796514 6.2918240244122075 
-242.96525580862956 31.09795298213469 
-145.01639445867042 20.873392199643437 
-242.1323164795897 29.154750915640374 
-212.91984799688345 26.02547346890387 
-69.0045555452354 4.446820537510431 
-245.91628905537374 36.40425586707952 
-166.59952695071172 22.567483594350346 
-251.80129881249093 44.165722548427794 
-119.5142261311224 13.315423103284322 
-263.70447266741104 62.59273015849205 
-245.54729770099146 35.434553154137724 
-177.20384856566935 23.27346478594264 
-231.74268913135847 27.31435577834674 
-201.29419555554406 25.41164515459896 
-256.1261255668829 49.788790583046406 
-222.98084455886638 26.712401036916415 
-268.35772359682085 68.96917425669979 
-172.0392998921294 22.866007321870573 
-120.04030759982251 14.116981230374325 
-61.01942806081926 4.240140662336539 
-235.2926343396051 27.54329412210762 
-253.6377003336241 46.560037848575995 
-116.83976855946187 8.684607161675968 
-61.02245672529909 4.346831741080534 
-70.50089728973505 4.447945000706172 
-248.335893297766 39.48110786555635 
-206.75966792871472 25.624141366579508 
-269.00156511826503 69.75689523496493 
-258.0192280115653 53.121668746245916 
-243.80839460908223 32.6376182367035 
-266.79392912449555 67.1228230645765 
-267.322251218794 67.53690446190826 
-164.08425349937113 22.323270304268945 
-185.5188391622456 24.13097262379623 
-94.4268483323761 5.3475403425796175 
-208.48938151873435 25.745786504163117 
-270.98025545758316 72.30134665065232 
-249.06167155920238 41.53343609943547 
-83.65575895664148 4.915968898493134 
-41.581638159975434 4.017606433534786 
-82.55407374979676 4.794602272745014 
-254.5375597285223 47.71950601392888 
-100.81484884206098 5.419476107468337 
-257.9528049281448 52.00766315777225 
-117.71493484844322 10.348829828222447 
-76.89429550819801 4.625011903660686 
-271.44097320188996 72.887383017708 
-89.15165173297616 5.008434391793209 
-272.32132773262384 73.97786371677046 
-196.80847445756942 24.79541635605106 
-173.82295500861227 23.06725846692043 
-199.42142867386548 25.091290541935066 
-260.3648074818434 57.570307595768945 
-106.44075740541851 5.856128640494652 
-106.42909604104761 5.628583852275422 
-111.67642428932132 5.983260078700569 
-252.7638199797486 45.583045257880684 
-76.95908684987634 4.752576691548066 
-116.84958257209959 8.714265744275043 
-248.13619153316975 39.20039249399578 
-181.37320213278895 23.556206529075727 
-272.91174344833024 74.73369314271812 
-260.6143163177436 57.97457674288349 
-257.2742853237493 51.1986702143622 
-243.41766487929397 31.945169349616577 
-256.75556489107726 50.54647978872685 
-100.82406413740932 5.619080557008737 
-89.15165173297616 5.008434391793209 
-252.44000764631818 45.00306479921223 
-94.4268483323761 5.3475403425796175 
-117.8323829101088 10.554485529207064 
-249.06250507823128 41.53349167134367 
