-273.93105793515485 75.99467724274723 
-41.60101242670459 4.000422398133591 
-41.60101242670459 4.000422398133591 
-247.51769018650194 38.309576003365116 
-141.94837380078303 20.578859213727245 
-249.6654554311067 41.33663502247457 
-152.62916774366104 21.356565860923823 
-184.916028242142 23.988220305697823 
-53.634746864865335 4.0949896474889105 
-271.5725156487832 73.1287958063865 
-246.0968710009805 36.41524926386568 
-123.48854417489122 19.05212828674164 
-244.04658338713898 33.10940584617223 
-265.97010635360203 65.71278019835779 
-261.4558701345463 59.28551042878824 
-267.4615296927898 67.76630103095899 
-259.7315735353874 57.42132142045503 
-72.18876258735988 4.66699825868491 
-41.78423717640588 4.074772348111214 
-250.66897502999842 42.68990022760911 
-168.82368578932815 22.645912272702716 
-56.198662473662445 4.253374888802002 
-83.07463146262577 4.810852624152663 
-128.23821462798006 19.932329328404943 
-137.97496800937415 20.2771056766164 
-218.25080632008834 26.344750141661155 
-253.02830901363134 45.767801709087315 
-132.4030309205231 19.9406414568131 
-242.4038298779557 30.141431927156532 
-122.47127492818986 17.59971597654709 
-197.61539389248483 24.830987612599532 
-263.9472313029528 62.947283409719546 
-95.02221968253014 5.209141091809934 
-254.59268027633402 49.84499120534697 
-192.71810192096072 24.447411429075473 
-272.7320244054812 74.64161147832222 
-64.83309213299128 4.309071765991026 
-254.36368280984024 47.49196960599517 
-262.59992385004847 60.985452724837124 
-100.5174553724818 5.563539578174339 
-211.3653706131482 25.7955189855348 
-153.63993509136128 21.66782427306397 
-116.20703690505015 7.78154132506856 
-269.44710944836305 71.27879189807892 
-121.57473668483271 16.31367942236681 
-119.79791011989008 14.641735019438736 
-257.61577720735335 51.67072723305012 
-243.1148610657823 31.36968014763628 
-113.70905833437048 5.912052075197707 
-240.4821776903197 27.923839488048994 
-174.6918167647522 23.114610735057386 
-107.54527532724634 5.816045899487516 
-119.0034704582737 12.4880154576082 
-265.0821826557065 64.5007018593486 
-117.22948884199509 9.469402399389963 
-71.70606502724866 4.479524345156579 
-230.4862296833786 27.2101467175344 
-119.37993314394173 13.075555271069515 
-268.86644483691407 69.58127874942645 
-246.2955206968051 36.627846797523524 
-241.94385100297694 28.373123701115073 
-64.83844679562226 4.463145373358542 
-267.50603903287265 69.23155270616807 
-234.83303538128234 27.52447832412442 
-117.87259806381012 11.015035792814519 
-159.91263952267676 21.9203663780827 
-257.9348477360441 52.21809333944913 
-120.89190362210093 15.33235938569751 
-258.4533344546444 54.2230084016075 
-88.6515472850083 5.154663206778781 
-253.60087489619974 47.295872699784375 
-180.1557057150388 23.685765421433608 
-256.3156260354237 49.97411971913738 
-259.1058590312404 55.653222334583845 
-225.41695797766155 26.880359013228286 
-251.97893872063705 44.428961889219195 
-98.13776598462874 5.337463842147746 
-262.21503937458226 60.65052519827825 
-116.53033133038554 8.521552358970164 
-106.35662809686548 5.62408400508625 
-206.40145905303478 25.58752651979689 
-115.36870646295549 6.101249338520631 
-179.73528181141657 23.464583210687678 
-259.4577063497695 56.01014214706113 
-201.41461537997623 25.299441010612995 
-243.61021259341643 32.455106918844635 
-164.89646648990717 22.285393390581042 
-88.64536060132794 4.992068670399169 
-175.50828145896898 23.160047803470555 
-159.91325872089342 21.955130223782334 
-83.08007070479634 4.962659467625898 
-264.4770332925982 63.66644578357059 
-192.72356599615955 24.60062367466179 
-227.80807752049597 27.146403950269793 
-269.27641450222063 71.06077335505127 
-222.52972209417294 26.69395023444719 
-117.86032131817483 10.6085678043616 
-251.97893872063705 44.428961889219195 
-273.54337971481175 75.509794957971 
-220.120825579781 26.64765404399345 
