-258.44913568635 60.74483050563125 
-41.55807437478152 4.000400374428805 
-258.44913568635 60.74483050563125 
-41.55807437478152 4.000400374428805 
-51.21812777074101 4.198088087182607 
-67.02174817716698 4.362836958265612 
-258.0449640791407 53.26500996093451 
-249.76001739550924 41.38325457172411 
-258.044966625751 57.024783171674116 
-251.3323828099994 43.45207886999803 
-258.044966625751 57.024783171674116 
-227.83004271254222 27.010049161193656 
-234.17408099030195 27.49121056418536 
-206.86453231211522 25.523506236579713 
-248.7220974112037 39.92597745920369 
-118.23285202887813 11.233968486941126 
-197.23654157655633 24.742351375564347 
-123.31131174904442 18.72434342316284 
-212.2476017805673 26.039482095609653 
-122.41756366000538 17.563922842622027 
-116.626076578132 8.21732379678809 
-127.17629120281703 19.317329554250783 
-118.9902211395401 12.459353709450935 
-242.7687026291822 30.641579750657005 
-99.76299601240255 5.570104257160566 
-256.0182710236284 49.55421682742451 
-49.62318459619266 4.04412568395025 
-184.24864151674305 24.07208327841734 
-171.47342241691706 22.95491111304701 
-96.50834419684188 5.308361078587265 
-78.9646844104291 4.684686373380635 
-222.38612983933814 26.98685490090531 
-191.44342371880742 24.481118972651682 
-247.3197678477969 38.60519207182384 
-257.99369825022393 52.65475628634054 
-116.24022693861941 7.241714901217949 
-190.13206551890926 24.244480173112834 
-132.81460797945223 19.951490687777564 
-115.99660057965549 6.048332376650693 
-247.29010719213983 37.95093263769364 
-220.68514879027586 26.479730579186153 
-81.39562882252264 4.869139198270017 
-168.8474902714423 22.729507319497944 
-246.36293254620588 36.60271029773162 
-41.87752223256996 4.037757200711312 
-130.9668854528602 19.586407919508346 
-252.54693322721207 45.058028410259936 
-201.6874804263455 25.31975483045573 
-243.70176483943277 32.41374368183833 
-245.34974048143062 35.06956529391453 
-160.21198933657234 21.948003021563366 
-111.12668589740345 5.826675572657596 
-154.83951823758701 21.6488256142604 
-252.1639444806093 44.59205163070832 
-143.87660358269196 21.264586808890343 
-257.2033538827422 51.12492427066621 
-244.9401865459101 34.43339667311283 
-237.58798894397808 28.038893023232486 
-117.42398763538948 9.817683707878544 
-150.14377132046056 21.384035266563533 
-176.69098893092522 23.233948561816582 
-246.03926405644972 36.11881896214566 
-105.55466210333996 5.593963027068536 
-200.68067938249789 25.108065948671022 
-257.25533731549433 51.128368326621796 
-73.26587353141429 4.5328013864222045 
-242.4121108507874 29.93668508808991 
-68.24985721751764 4.457013744652109 
-121.53307962555452 16.242880522829473 
-181.4869043965914 23.57006656147194 
-253.9337080161702 47.505629849196524 
-105.56542990630618 5.811841873887145 
-241.9954524786334 28.419770907416 
-117.42398765584517 9.817683707878599 
-164.62297308269288 22.580414304569583 
-216.7968971961448 26.21422429897762 
-253.47910441952246 46.30643538586796 
-120.59122626421896 14.916731385653907 
-86.36680956020463 5.037014065089732 
-163.90477913353465 22.398679976442082 
-140.40237582803164 20.623846635814928 
-112.51410823434276 5.947330817882259 
-119.74290522395387 13.61803578745461 
-238.6914018908677 28.12384096249353 
-91.70043315158878 5.172157383976322 
-86.36320492174683 4.925457555336336 
-244.33907945039442 33.499827130896996 
-91.69897275089322 5.094177514050075 
-137.72001635038401 20.10979170177961 
-154.11766248020305 21.591904488748597 
-176.71095617377634 23.46985166508914 
-160.94337917112227 22.023145079907582 
-254.7168019005563 48.42520033746256 
-140.5803509495092 20.865146301382723 
-72.99162321096705 4.517796143785908 
-119.74290522395387 13.61803578745461 
-215.8383240498389 26.14878133045086 
-120.8116523429674 15.232530309528174 
-253.53427850199532 46.38670906004053 
-143.85084315728116 21.114671999544655 
