1.0255634739818484 0.9744645109008625 1.000000628167604 3.6659440894812255E-8 1.0000005393825016 2.2791706233674954E-5 
1.0255634739818484 0.9744645109008625 1.000000628167604 3.6659440894812255E-8 1.0000005393825016 2.2791706233674954E-5 
4.999481639129813 0.9998273878033611 4.9999999623707385 4.1220859539330376E-9 1.0000077650127133 0.057556565825983494 
0.7645925251125134 1.2362688431890834 1.048616604252573 1.732537238079543E-9 1.0000009359680935 0.033321496609199426 
4.515059232416433 0.8593824340877568 1.0047604461666322 1.408679979084467E-9 1.0000002716813354 3.1025821326208236E-4 
0.43565408925198357 1.572766772772232 1.000785182100233 2.7130075392327727E-9 1.0000003133738158 6.804755209733596E-5 
4.999337875178241 0.9998393220121224 4.193401783803333 1.1672231555425388E-10 1.0000012862637928 1.934956437188725E-4 
4.999480646281618 0.9998275959773549 2.639182012123003 7.199148034149681E-10 1.0000012292563127 0.2898715666844517 
0.26107086459790657 1.739759851190298 1.000000660961101 7.618494090446797E-8 1.0000003040726797 3.2485771502870195E-4 
1.3282181757672665E-4 1.9998681621277743 2.9164795961533896 4.69474356977073E-9 1.0000000054373168 1.6254212678827164E-4 
0.5933741920933391 1.4068560925264344 1.0000038259859143 2.7352149295845994E-9 1.000000000616435 1.4676166457409088E-5 
4.999337875178241 0.9998393220121224 3.6667446234516143 1.1672231555425388E-10 1.0000012862637928 1.0374848981811811E-4 
1.3394558730571326E-4 1.9998681621277743 3.5845316686275357 3.641593421984502E-9 1.000000226551963 0.013569973593221252 
2.3007736060631458E-4 1.9998681621277743 3.365279157095739 2.462421822136049E-8 1.0000000236741273 1.654221999224265E-5 
4.902600716076342 0.9984015196674789 1.0002405633827167 1.1090658857587388E-9 1.0000003439768728 2.658202451322917E-4 
4.999481639129813 0.9999402149934983 1.2522747108359646 5.4896482452364085E-9 1.0002657273608766 0.001981191926052575 
4.8629947847389925 0.9938567420228339 1.0002405633827167 1.1090658857587388E-9 1.0000092167231869 0.3684628492957243 
1.3435952293073625E-4 1.9998681621277743 2.4579662628576266 1.130457659870534E-9 1.0000017805662424 6.71373509869233E-4 
4.575894030765368 0.8666938090137589 1.0031921568108988 9.535992443340607E-9 1.000000292962882 0.0018292501177532318 
4.672793324616026 0.902872524134513 1.0036280532874002 1.2006658045770348E-11 1.0000003768930728 6.677111950312113E-5 
0.9668687141642158 1.0386174239551038 1.0201492038491862 8.904475896883628E-12 1.0000472858804639 3.870383183275198E-4 
4.9994759435971865 0.9998872021193868 3.4626887376906312 4.949735629861368E-10 1.0000005651107091 8.665663817079422E-4 
4.406373088587713 0.8501899929038019 1.000409411109883 3.820646941726382E-8 1.0000002350234436 9.918404550456929E-4 
0.004112863066908223 1.9998726614718512 2.134692566761825 2.2365270234571496E-11 1.0000007010850673 0.005283525058357695 
0.3331089532540058 1.6672355785650206 1.000017231338499 3.1062423946801543E-9 1.0000016437104102 6.751721375201482E-5 
4.998985713492956 0.9998311895022508 4.343504010943075 1.1129412020583834E-9 1.0000000370764797 7.457547063483136E-5 
4.488102267972228 0.8666938090137589 1.003235086807444 6.2386509395273575E-9 1.0000003339696246 0.0018365686427478604 
4.082175885348547 0.7607555652065283 1.000770456207216 2.606917413259677E-9 1.0000006580195417 0.015069546940179356 
4.9991193583851015 0.9998273879798317 2.076459808664709 3.3794988205413565E-9 1.0000016211217653 0.004817796007787098 
4.328560779696192 0.7887836353759449 1.0763592200193328 1.0897901802523802E-5 1.0000064989739692 0.001244863016266376 
4.9224663101940775 0.9998351841157839 1.0703149039097182 1.8619129565753744E-9 1.0000038887752625 0.00486166607223189 
4.768255612128254 0.9629987611325721 1.0075748314271236 9.302023942856319E-10 1.0000008171365895 0.01452295939451705 
4.999337875178241 0.999827536646071 3.267155795378966 1.1672231555425388E-10 1.0000012862637928 0.017670840427630802 
2.3007736060631458E-4 1.9998681621277743 1.837957980760892 1.7870061855650416E-9 1.0000000162300418 9.163007826962482E-5 
4.612867316729536 0.8949557435561959 1.0763601245404648 4.390923101226045E-9 1.0000019661490698 0.015694059935361902 
4.253991084496825 0.7881136532671421 1.0176979911975084 2.937593266795472E-9 1.0000017101076653 0.015530396714227707 
4.2924363509999 0.771046961526754 1.000095489928673 7.864671473623529E-9 1.0000008389787851 0.15176515557521544 
4.999475824219299 0.9998311982956603 4.409257416373772 1.1657907695546012E-5 1.0000000294497968 0.001522174952146952 
4.999481636777616 0.9998877292525785 1.8309842521944735 5.353031562718416E-10 1.0000031351798353 0.002419016280080186 
4.728793324169176 1.0386174239551038 1.0199832880778565 9.053005514569902E-9 1.0000472858804639 3.8912778438208285E-4 
4.999481639129813 0.9998273879798317 4.714309929544946 1.3733892771569997E-9 1.0144223290420498 0.10553466020654473 
4.999472935020004 0.9999334664760229 2.946874620817877 1.997994756162E-9 1.0000124321247852 3.4742026447561066E-4 
0.02340207290307328 1.9893095492216184 1.0002337332606794 5.438768171344669E-9 1.0000029973928746 2.1972637990415106E-4 
4.999481639129813 0.9998274234135475 4.616081539999597 1.0336371733941783E-5 1.0126259643710418 0.057556565825983494 
4.9991193583851015 0.9998273879798317 4.794973101696595 4.616831628472528E-9 1.0000002195569655 3.888375950822018E-4 
4.999337875178241 0.9998393220121224 3.877730905642327 1.1672231555425388E-10 1.0000009282256728 4.891474742884459E-4 
2.3007736060631458E-4 1.9998681621277743 3.183690796386439 4.787701799490712E-9 1.0000000236741273 2.4003190854634399E-4 
4.436201068686571 0.8164955812638467 1.0001563753534246 1.1910826347044358E-9 1.000000086994638 0.028029365885461958 
4.999481639129813 0.9999334664760229 3.0349228349503954 1.053727554876295E-9 1.000012378074924 0.0033897346142094118 
1.3383894198860135E-4 1.9998681621277743 3.512872391579225 7.656430631972177E-8 1.0014193546393568 0.03883617640641597 
4.9991193583851015 0.9998273879798317 2.299223101854573 3.3794988205413565E-9 1.000000162880546 1.7980381995038588E-5 
1.343622739634866E-4 1.9998726614718512 2.313726828766609 2.191264150124348E-11 1.0000007010850673 0.0052614499433042495 
4.83416833904526 0.9744645109008625 1.000165473821743 5.236740502561829E-9 1.0000005393748979 5.565981366973934E-5 
0.18565553593450057 1.8153928887849469 1.0002788531688904 6.374937734523641E-10 1.0000003875550911 1.4796014723449858E-5 
4.9994758498479275 0.9998390622324297 4.015823439493062 9.095308162568934E-11 1.0000005922787227 0.0033219122957993414 
4.99948148460792 0.9998310049299538 3.5539728541601807 2.1597412437328377E-6 1.0000484086732582 0.003975901048971581 
4.999475824219299 0.9998311700262547 3.2011390376851487 2.4210462884475938E-6 1.0000045148615833 0.0084928658442876 
4.635682012277126 0.8949557435561959 1.0763609595729366 5.624182586048282E-8 1.0000003489407125 0.01567353091844185 
0.1636350948462275 1.842441231712403 1.0045305514333975 6.715657695241702E-9 1.0000004432939438 0.010654686320998398 
0.5701016197923008 1.4309108694635795 1.0216740093877326 8.962738410698664E-11 1.0000056023831279 0.011338007682921676 
0.8317862536200911 1.1687518567218114 1.0000000177787172 1.128236902267315E-9 1.0000000003248612 3.6147253932021804E-6 
2.3007736060631458E-4 1.9998681621277743 1.6296643659943157 1.5238227498324577E-9 1.0000000236741273 1.4704674154026806E-5 
1.3388750979379286E-4 1.9998726008965577 2.727796172342709 8.842947390494724E-9 1.0000005644500125 2.447306217356511E-4 
4.578084804858234 0.8666938090137589 1.003235086807444 6.2386509395273575E-9 1.0000003339696246 0.0018365686427478604 
0.3331089532540058 1.6672355785650206 1.0721413293580286 4.90483576024297E-13 1.0000001509721184 0.032124296194282836 
4.9507435380130715 0.9996585447912075 1.0007835408375203 3.3778373027745742E-9 1.0000003028804232 9.366488145903775E-5 
4.146784117655804 0.8681691012166285 1.003235086807444 1.1027441522705375E-9 1.0000005577543747 0.10882119875779325 
4.19298036859472 0.7699738454041531 1.0000598308170876 1.984725279817215E-8 1.0000002688114213 0.0016907002985947946 
4.112404795687092 0.7271718415145184 1.0124635428446094 5.239627743171185E-8 1.0000010625752735 0.03330827716885727 
2.3007736060631458E-4 1.9998681621277743 1.086405552141349 1.0416196593428283E-9 1.0000064429057216 2.4003190854634399E-4 
4.989561623042589 0.996732620072914 1.0009064791165792 1.1577287479930943E-9 1.0000067223913398 0.0034353229833854193 
4.999475824219299 0.9998311982956603 4.532314557802032 1.5781246892608415E-6 1.000013109668118 0.001522174952146952 
4.751398878626436 0.9640737394578108 1.0001063942380894 6.190208560583836E-9 1.000000746005419 0.008651288708543984 
2.3007736060631458E-4 1.9998681621277743 3.183690796386439 4.787701799490712E-9 1.0000000236741273 2.4003190854634399E-4 
4.697324210962344 0.9564665462802822 1.0920535664181543 6.390673288080166E-9 1.0000020256765416 0.011350614453037118 
4.3138441147176385 0.7765873392572663 1.0068503203033485 9.096976518180701E-10 1.000000818029573 0.015530396714227707 
4.371401246634616 0.8501899929038019 1.0001563753534246 1.1910826347044358E-9 1.0000029687519962 0.028029365885461958 
4.9991193583851015 0.9998273879798317 4.909941352941122 4.616831628472528E-9 1.000000143677542 0.18667376238918953 
4.801777259841876 0.963099134474706 1.0004831772362166 2.614880345900695E-9 1.0000004867866565 0.027369051204169735 
4.999481639129813 0.9999334664760229 4.882574364317708 5.445578901607348E-9 1.000012378074924 0.003723995178126535 
4.801777259841876 0.9629987611325721 1.0075866641080793 5.5127949518545136E-9 1.0000006474491563 0.01452295939451705 
4.999121331294992 0.9998272902844253 2.4383696276467464 3.3794988205413565E-9 1.0000003034413423 1.7980381995038588E-5 
0.11621152287635583 1.8842201690284837 1.0000047251155864 6.270446465210366E-9 1.0000005279598914 2.554332562274551E-5 
0.5020255769449689 1.4996130048626508 1.0000032364049245 2.07285038555222E-8 1.0000094136703697 3.237643488999613E-4 
4.9994729243534834 0.9998390622324297 4.015823439493062 6.286459249107272E-11 1.0000006231259797 3.0818873344373374E-4 
4.999337875178241 0.9998393220121224 3.877730905642327 1.1672231555425388E-10 1.0000012862637928 1.934956437188725E-4 
0.5020255769449689 1.4996130048626508 1.0097063559515962 7.635672262181739E-8 1.0000096097858397 0.3024933288386004 
4.371401246634616 0.8501899929038019 1.0001563753534246 1.1910826347044358E-9 1.0000029687519962 0.028029365885461958 
0.11621152287635583 1.8838945468264356 1.0839203641483373 2.1201045256622633E-7 1.0000016958743998 0.00483679862782168 
4.697324210962344 0.9564665462802822 1.002289005190973 5.974998106171998E-10 1.00000013528883 0.011350614453037118 
1.343622739634866E-4 1.9998726614718512 2.729214742094753 2.191264150124348E-11 1.0000007010850673 9.42991981917829E-4 
4.456687819255309 0.8501899929038019 1.0031014504937588 5.280799788481177E-7 1.0000002671106623 0.0071360852640882004 
4.9623409775237475 0.9998273879798317 1.076283148544196 3.4519314607941864E-9 1.0000021503305738 3.888375950822018E-4 
0.06650348367810119 1.9343829920423015 1.001572734691764 4.420163799433141E-7 1.0000003505109043 2.3268466059572107E-4 
4.130826061947712 0.7271718415145184 1.0001240876659607 7.013869258573192E-9 1.0000010625752735 0.03330827716885727 
0.06658578449423933 1.9336751540501484 1.001572734691764 2.1135896429572658E-8 1.000000345887907 2.3268466059572107E-4 
4.999481636777616 0.9998877292525785 1.841020996312653 4.949735629861368E-10 1.0000005651107091 3.319296104106959E-5 
0.8317862536200911 1.1687518567218114 1.0031601234501872 1.128236902267315E-9 1.000000268497398 0.007079283761817035 
4.205407869057773 0.7850155752940832 1.0068503203033485 8.575039882328924E-10 1.000000818029573 0.015530396714227707 
4.999481639129813 0.9998273878033611 1.0012284439324037 3.377299816118533E-9 1.0000077499557252 0.018183626214175574 
