1.0138895825879564 0.9861780200429189 1.0000000100420336 1.019531934155615E-10 1.0000000002137273 1.2067288306707655E-4 
4.998988970455633 0.9997674650676491 4.999999969126411 2.9741642082923865E-9 4.999956103670312 5.375644584822962E-4 
4.998948166276124 0.999694974645492 3.081013791106296 2.1942772722312363E-7 1.0536488533044504 0.22823349852436464 
0.16056884004816807 1.8580958557026237 1.00003655691788 1.067847168816477E-8 1.0000000101188633 9.726746395558802E-4 
4.998948636514982 0.9996928921895301 3.439491387542213 1.4043000083226147E-9 1.0239050607859967 0.1022846345808539 
0.797888614279006 1.202267442757349 1.0000000402987086 1.3287585257981046E-11 1.000000003439066 2.6118331126864813E-4 
4.612465060461557 1.1529059639868695 1.0001570982606558 2.5422460274397543E-9 1.0000458042804035 4.677388152646948E-4 
4.360888287459824 0.8494661544418457 1.0000302724603278 1.0404205300079137E-9 1.000000161015675 1.0051633104925871E-4 
4.463257950920122 0.847028629386219 1.0012168776697323 3.9764202872416327E-10 1.0000000089206458 0.0018142016992854157 
4.514445003822857 0.847028629386219 1.0012176602941651 1.5530324283851267E-7 1.000041848878204 0.0018142016992854157 
0.20995233143492306 1.790779923285938 1.0000000195618548 3.2983726815572845E-8 1.000000009534651 1.8862703148667516E-4 
4.710559898477358 0.989067585774822 1.0011675381764087 4.345803041529971E-10 1.0000000089206458 6.02919204474946E-4 
4.99897717875518 0.999678850134706 4.363885495729106 7.882096482340451E-7 4.999992268768192 0.1287529388495059 
0.739318648930515 1.2610737166366461 1.0607874440770158 1.915456221776983E-10 1.0000503883606964 0.005890352035462461 
4.575357890617165 0.9944957070193219 1.0002889936315134 2.1942772722312363E-7 1.0001801735246958 0.22823349852436464 
0.06592981280672738 1.9368877585661797 1.0001570982606558 9.213586454250151E-7 1.0000458042804035 0.07536068329160253 
3.746043768514706E-4 1.9996886277354666 2.4115475392501087 8.328186520957446E-8 1.0000054847558553 7.069421122972883E-4 
3.7491342972012927E-4 1.9996887888558288 3.5590144933960306 9.999729850423816E-7 1.0000102629883199 1.744546084488468E-4 
0.6189802882189894 1.3813529931512967 1.000000012375865 2.3570987306898856E-9 1.0000000006992746 7.729031077152478E-5 
4.189607615513271 0.7792042641901737 1.0020462011507942 2.167305208938176E-9 1.000204874293059 0.20198802371472835 
1.0015601227820299 0.9993780513638808 1.037773044060257 6.25604660121189E-11 1.0000001761587285 0.0017912595984182831 
4.938811671044208 0.9989326365106042 1.0031552332603577 8.718833253918379E-10 1.0000000092666566 6.190359444142937E-4 
4.9989803451996835 0.9996931617362866 2.0200485831868913 6.338192600021201E-9 4.999956045216134 0.0011979699154978703 
4.998980256753956 0.9996960094724291 4.415531913490529 4.316605334128801E-6 1.0007351761043093 0.31681955359333824 
0.32143276938628373 1.678936976772606 1.0000008783563987 1.969612262493415E-9 1.000000049452574 7.40717735772025E-5 
4.749599305689836 0.9585060695158386 1.003821717668445 1.478264087223555E-6 1.0000007684408505 0.008507433444542946 
0.2877490077732108 1.7123159190313801 1.0000089748908259 7.209323302906727E-10 1.0000005021772593 0.059316550867020534 
4.088063074054245 0.7380669325280665 1.001575392208347 2.648998758061684E-8 1.0000014606802459 0.001835225399880432 
4.542161682181796 0.989067585774822 1.0299184188840782 1.0037743081686421E-6 1.000010073686423 6.02919204474946E-4 
4.42776741749911 0.838385679273798 1.0076273210340918 3.865290871159313E-9 1.0000620541873708 0.0037034054060346936 
0.5764271526118594 1.4318125569512017 1.0000087180004873 1.6754932353980604E-6 1.030225223366454 0.2703767998823307 
4.998989443673939 0.9996909518580405 3.478611384986962 9.620249153132713E-4 4.9968814307922065 0.2404542296135661 
4.395582347777053 0.8367307624516327 1.0009691704781845 1.8251755697417166E-10 1.0000058979010606 0.016466509797035504 
4.99898903501783 0.999690299563247 3.1385329867372933 9.285484776865552E-9 4.9995490102743085 0.22117777556617996 
4.998980302813141 0.9997174862349429 3.665900835831426 1.801491705138623E-8 1.0001153451694031 0.002059117702406313 
2.5846536135689985E-4 1.9997530161401011 2.210346395753921 8.982674198181779E-7 1.0000014480696269 0.0032967671579190345 
4.998978260565189 0.9996959974204024 1.5371907651241592 1.4263282032431257E-7 4.999957884424487 0.0011094323130431544 
4.9989755300889405 1.0009876911985662 3.782603668146001 6.163476704090089E-9 1.0152438389216711 0.21345612338820671 
4.998980171518259 0.999696008451661 4.318694831127695 1.3992909058841044E-5 1.0007351761043093 0.31681955359333824 
4.998978260565189 0.9996959974204024 4.833592846548473 1.4263282032431257E-7 4.999957884424487 0.0011094323130431544 
4.250036196847434 0.979133548064779 1.0028629341338482 3.4238148605063695E-10 1.000204874293059 0.008671407046674323 
4.998988925621348 0.9997026750308439 4.558167346999053 1.0440995025269364E-8 4.999956173541871 0.05571047081559177 
4.667437843469813 0.9218569865526021 1.0039015801327986 2.1753016240775655E-8 1.0000007719183006 0.008635462042567682 
4.303222216969987 0.7907403516084333 1.0249825306568436 1.5368823188814923E-9 1.000709190488931 0.0981422363262077 
3.749085526047127E-4 1.9996887888558288 3.73633864545673 1.998352645886593E-7 1.0000015570209317 0.0011702152609015855 
4.231586758091165 0.7653674054279523 1.000091574652606 3.098081804373458E-8 1.0000000028560012 6.91454258162014E-5 
4.998978228409269 0.9996924085565777 2.8126730169242258 9.54842750054914E-9 4.999957884424487 0.0013594400586356276 
4.99897562394915 0.9997147736272939 1.0019340699787305 3.8416253160353166E-8 1.024223999080624 0.2315810580367188 
4.998988590826534 1.0007637074392748 1.0314274509585868 2.2519110506883435E-7 4.956515802395044 0.2165619689384236 
4.871495009911671 0.9768740656985415 1.0000008783563987 3.600548832882288E-7 1.000000049452574 7.763881036507159E-5 
3.3369673454168624E-4 1.9997536053519347 3.3271597613490016 0.024800325541319425 1.0000002966084183 0.004832347737646502 
3.283109487231211E-4 1.9997524639525874 2.813639208072141 9.2000527402593E-6 1.000000933812163 7.308566076383082E-4 
4.998978228409269 0.9996922363943459 3.9131582557673315 9.348203626619573E-9 4.999782077081051 0.0060531704966014215 
4.991429636755118 0.9996922363943459 4.7933952252268135 9.488838595272373E-9 4.999782077081051 0.006106873577951311 
0.4085782806510785 1.5924523900925573 1.0013689962797294 1.1332693271671483E-11 1.0000442146690531 0.0032905745989953595 
4.998975887641317 0.9996959927339711 2.781230367132857 4.516865856830867E-6 1.0014721990380928 0.12615083292809992 
4.99897562394915 0.9997147736272939 4.626711543552901 3.8416253160353166E-8 1.024223999080624 0.128472507471727 
4.145477214191354 0.7793316161504128 1.038068618830685 6.798501538668079E-11 1.0002008170706176 0.003520708668499656 
4.775490505498482 0.986731474352086 1.0011602374607207 5.8048277821892815E-8 1.0000013430585983 0.0018423125214039916 
4.998978389401883 0.999693070592917 2.446992129039771 2.0102174991212645E-8 4.998884692621674 0.12123762727002911 
4.998975400284355 0.9997026750308439 4.625688358182038 3.80738794153494E-8 4.999956173541871 0.05836296073492031 
3.7443796391643244E-4 1.9996915147488978 3.076174112025438 5.116040909789353E-6 1.0000003312010113 7.433130576951184E-4 
4.998989046171066 0.9996922363943459 3.98827134923503 9.285484776865552E-9 4.999958052351172 0.006106873577951311 
4.851764251484056 0.9768740656985415 1.0000008783563987 3.600548832882288E-7 1.000000049452574 1.9774716866086117E-4 
3.745457675654965E-4 1.999691615025936 1.2583536728218307 9.65524444222846E-7 1.0000452691693718 0.017041641007080804 
4.670144292349596 0.9996940034999884 1.0746894591426814 1.0665913779576275E-8 1.0000000664691129 0.26914290950825404 
3.745457675654965E-4 1.999691615025936 1.0046589643982107 9.65524444222846E-7 1.000045912109703 0.004784209876592558 
4.998975802405619 0.999695991713203 1.6273783766601444 1.010197005175103E-7 1.0007139497309303 0.061368885303317355 
0.04903602703703047 1.9520386550457625 1.0007014462302934 2.2888096166167453E-9 1.0022248237793052 0.07478348030126103 
4.99897839919744 0.999696037600599 2.3615103085205433 2.0102174991212645E-8 4.973596610152409 0.12395302390415901 
4.9813577979599595 0.9990194939853554 1.0013687543289815 4.315730193814086E-6 1.0007040767691298 0.23144342188708422 
4.2970222539577865 0.7876185845440847 1.0010709160288405 6.13026183128581E-8 1.0000126044794622 0.21205530999586147 
4.998975568807574 0.9996915191221072 4.628019901697016 1.0416403688399558E-8 1.024223999080624 0.128472507471727 
4.900098366904877 0.9864806632726127 1.0153435375934245 9.654452882784062E-9 1.0000007062985092 0.00982355884361126 
4.998989046171066 0.9996922363943459 4.2103971033558825 9.285484776865552E-9 4.999958052351172 0.006106873577951311 
4.998980723992692 0.9996948806727177 2.418800190515256 1.0665913779576275E-8 1.0000009199448583 0.1948009301170292 
4.828024232319451 1.0009047179483712 1.0077212813193825 1.5995784515168672E-9 1.0003970084585074 0.024764154026201288 
4.998975802405619 0.999695991713203 2.7602852724037708 1.4193169370851265E-5 1.0014721990380928 0.12615083292809992 
4.99897562394915 0.9997147736272939 4.813124589786023 6.214957095846214E-9 1.0152438389216711 0.12999380475450445 
4.998978152693836 0.9997674650676491 4.999518178094273 2.9741642082923865E-9 4.999956103670312 6.267981969258251E-4 
0.4085782806510785 1.5924523900925573 1.0000001170922337 2.9944927430247045E-11 1.00001074251756 0.005408007066812701 
0.4869156202378925 1.513434828686562 1.000079734733199 1.329830763486349E-10 1.0000003172715912 3.963011801968081E-4 
2.5885599032544687E-4 1.9997537302797128 1.790972982216587 9.65524444222846E-7 1.0000452691693718 0.0029538119008732655 
0.4869156202378925 1.513434828686562 1.0000130982794313 1.4029965243443092E-10 1.0000000828504039 3.963011801968081E-4 
4.9984409719064935 0.9996307414124876 4.148787147481976 3.1759476895878455E-9 1.000000566705181 0.05192888431429546 
4.998978461600077 0.999693070592917 2.9456093646885058 2.0102174991212645E-8 4.998884692621674 0.12123276002512388 
4.793826585716573 0.9768740656985415 1.0000008783563987 3.600548832882288E-7 1.000000049452574 7.763881036507159E-5 
4.9989755300889405 0.9997147736272939 2.229765959924431 3.020066613403849E-8 1.0152438389216711 0.09954304971689792 
4.998980723992692 0.9996940162606629 3.980664031514525 7.031421294281803E-6 1.0000155951846545 0.054882600229808357 
4.99897562394915 0.9997147736272939 4.813124589786023 6.214957095846214E-9 1.0152438389216711 0.12999380475450445 
4.998984592163299 1.0006005942779796 3.71398561193077 4.340750378942567E-10 4.996995352014842 0.24066798662564515 
4.812690272579608 0.9406072619331841 1.0077212813193825 7.473941058605183E-11 1.0000006720664398 0.009458261970726408 
3.283109487231211E-4 1.9997524639525874 2.8210375509473034 9.2000527402593E-6 1.000000933812163 7.308566076383082E-4 
4.135344162420312 0.738707631437125 1.00229633174267 6.1166429596986E-9 1.0000001278292734 8.749771032067594E-4 
4.998989046171066 0.9996922363943459 4.2103971033558825 9.285484776865552E-9 4.999958052351172 0.006106873577951311 
3.745457675654965E-4 1.999691615025936 1.7647556194975196 9.65524444222846E-7 1.0000452691693718 0.017041641007080804 
4.998975820917012 1.0006005942779796 3.71398561193077 4.340750378942567E-10 4.996995352014842 0.09892104447155446 
4.998984592163299 1.0005933391611646 3.344838213512772 4.5353121586117103E-10 4.996995352014842 0.24066798662564515 
4.900098366904877 0.9864806632726127 1.0007252782454827 3.7284601805535097E-10 1.0000008336907367 0.00982355884361126 
4.9984409719064935 0.9996307414124876 4.1406331949774895 3.0451545188878333E-4 1.0000002946890434 0.004569397835377648 
