0.9932566890852383 1.006754747864872 1.0000945950300089 3.1015290818994234E-11 1.000000000014275 1.8950771768806528E-4 
4.999779960198135 0.9999478318500664 4.999998484412917 1.0412771704898096E-10 1.000000058030371 0.016131335365188404 
0.9932566890852383 1.006754747864872 1.0000945950300089 3.1015290818994234E-11 1.000000000014275 1.8950771768806528E-4 
4.519119276086196E-4 1.9995585420545552 3.3530431164940273 2.8365518071335552E-8 1.000000000008155 4.1706434250180885E-4 
4.999779644009593 0.9999409534357253 1.2547602172781487 4.056835150661587E-6 1.0536213025068808 0.2813768850289453 
0.05230967995145214 1.948097029924896 1.0055280687848174 4.1232472960392346E-8 1.0000000013344958 7.569764549465009E-7 
0.1404230538605331 1.8851654291540625 1.0059423238035572 4.1232472960392346E-8 1.0000000013344958 8.751195687114186E-5 
4.9749455948395305 1.0004437947725102 1.0018464783454983 1.7242297844927316E-9 1.0000000001143432 0.10639078159617776 
0.9932566890852383 1.006754747864872 1.0391202130275707 9.884895047719567E-12 1.0000000011781687 1.5196698609801036E-4 
0.7748169331610232 1.22530756173761 1.0000000323486622 2.6761242330267834E-9 1.000000001159741 2.6052184120216666E-5 
4.731010155829035 0.9886297879746194 1.0014179456084773 1.7835295301993722E-7 1.0000000002879292 5.189415936684874E-4 
4.454447335512703 0.8460493514669637 1.0023361835076707 3.9756397749895983E-10 1.0148252542430822 0.22287542687205514 
4.933213609263191 1.0000499005306982 1.0042326908070005 6.548176461314023E-8 1.0000000475773032 0.005033849954897612 
4.698354577571264 0.9208965565249478 1.0001406841845644 2.2760941167425163E-11 1.0000000000006117 2.0273460621616674E-4 
0.1733083687758349 1.827872016118737 1.0000181627931595 6.7045606891493285E-9 1.00000000015862 8.981352268258476E-4 
4.5619754917357953E-4 1.9995585413371368 2.542793522524436 6.486328096462926E-4 1.0779181336240042 0.4254255460816747 
4.999768013240227 0.9999449152261989 3.731976205468344 3.1277624020542615E-6 1.000000001460974 8.860578823729065E-4 
4.519119276086196E-4 1.9995585420545552 3.0771379817423763 2.821241649440412E-8 1.000000000102941 1.2565251957180607E-4 
4.5619754917357953E-4 1.9995585413371368 2.797736695062097 4.5183450703848755E-10 1.0000000001377571 0.2334295932378723 
4.490472326857012 0.8336741393601145 1.0048485595796504 5.016350856838377E-9 1.0000000000155216 1.876867169705123E-5 
4.149686065600341 0.7864436975445814 1.0028602314809563 6.847639336360109E-9 1.000000000094859 0.009874869399918858 
4.999791236368892 0.9999415349686143 2.0660808200523584 6.4128916108038964E-9 1.0000000000257616 3.6678328060254237E-4 
0.3203075661818057 1.6871690947373243 1.0029700867468063 4.060619683277758E-6 1.0000000000840445 2.180157794275555E-4 
4.554232431502256E-4 1.9995584501419048 3.600113304378481 8.477311153417222E-9 1.0000000000099607 2.4925079905435468E-5 
4.6044521422756315 0.8779040094542274 1.0052757370361447 9.341308155514552E-11 1.0000000003570324 3.418202695234097E-5 
4.999773536921975 0.999942218829607 4.731299137553513 2.641407855256283E-9 1.0000000003550982 0.0037133173115198254 
4.284312446755906 0.802754498261722 1.000337512926353 1.1424135844580875E-8 1.0000000000580294 0.11378563926651458 
4.3153058755324585 0.7944686405567315 1.0001404151261755 3.330387001713543E-7 1.0000021883725534 0.008729896126622283 
4.9997710782947635 0.9999906201395539 4.913258674687432 2.7894525044196208E-6 1.000000000076946 0.027321292032096822 
4.554064764603802E-4 1.9995585418844917 1.1426245435123308 5.5226803862059466E-8 1.0000000000055795 4.258315264216257E-4 
4.543487043377433 0.849516871454275 1.0001806093954912 1.1862320983385823E-11 1.0000000003720024 9.277718252402893E-5 
4.5619754917357953E-4 1.9995585413371368 1.966495293804397 5.725406366973465E-11 1.0000000391420059 0.009510466125981179 
4.892654516287295 0.9974651627755169 1.000032310582494 4.135831216963731E-8 1.0000000000071383 1.0364549733304137E-5 
4.203378094286436 0.7864436975445814 1.0024733498157383 1.1545033902037777E-10 1.0000000019183888 0.009859138824845314 
4.554232431502256E-4 1.9995584501419048 3.4814288858090117 8.42029875074466E-9 1.0000000000054061 1.1148624458049837E-4 
4.519449678075806 0.8472580231966645 1.0001806093954912 1.1851126495590588E-11 1.0000000003484404 2.364687441978838E-5 
4.41916757153909 0.846746352337964 1.003691962448955 5.827478022272677E-9 1.0000000043642767 1.2116974085949264E-4 
4.999781242007255 0.9999480015849392 3.511850448516841 4.164743324197299E-11 1.0005076492719036 0.018196287412308415 
4.37540317510503 0.8460493514669637 1.0048368097079663 1.1412344360462451E-9 1.000035175804552 0.08872716814491435 
4.99970740493073 0.999941882468524 2.6351038407846996 3.4457810753885785E-11 1.0000000000394993 1.2209084264856599E-5 
4.114481441691921 0.718868832966239 1.000853011794384 1.1928921557755656E-11 1.0000000000761917 1.6492874522908418E-4 
4.999631530858564 0.999946121675774 2.9224453776793142 1.8417912162451312E-10 1.000000000007119 0.006628337683101263 
4.999773167242595 0.9999416059937234 2.852109869304015 2.36921627582862E-7 1.0000000001204965 6.982986892067593E-4 
4.5619754917357953E-4 1.9995585413371368 2.2549514819826397 5.8716838686571056E-9 1.0000000346616753 1.0513460894978708E-4 
4.946655348863024 0.9929152415321042 1.1125822310445261 1.9447785021902178E-10 1.000008354817333 0.22136778621092412 
4.7990158757773065 0.9653502573739174 1.0008533058982552 1.801612915334722E-8 1.0000000000029974 0.04447698284646061 
4.182006697520961 0.7944686405567315 1.0001403663612627 3.329009971217404E-7 1.0000000095372987 0.011104667382602185 
4.999771545296761 0.9999415200460217 4.013696264223764 5.738301635195578E-5 1.0000000001194311 0.04325788038991815 
0.29466242441486107 1.7125097403119216 1.0406010961045404 7.863972722057998E-10 1.006174717941174 0.059614967382590055 
0.023914132545164057 2.0193958954254527 1.0000000513735305 1.4469962908093113E-11 1.000000000165635 5.58626519929412E-6 
0.53718854313608 1.4664453359479581 1.0001004369711823 3.080921874480844E-11 1.00004143415053 2.6918240020216093E-4 
4.99970740493073 0.999941882468524 2.5002632499831186 3.886363825649527E-12 1.0000000000394993 0.46228994877308804 
0.2444398555901821 1.7627940918128984 1.0548918467562434 5.198250415200971E-10 1.000000001133644 0.11330591081534103 
0.3958140010688973 1.6045263250556254 1.0296398095644967 1.3647595714991948E-12 1.000000000218001 0.09378174822406007 
4.400717245989377 0.8733002145823111 1.0048368097079663 1.1431371237401135E-9 1.0000216699534217 0.08858528001992617 
4.091732400765624 0.700785546185881 1.0000957940303046 2.9531454598375517E-7 1.000000000219298 1.9054141678383766E-4 
4.999773536921975 0.9999421826161321 4.697221131171175 3.245859316562438E-7 1.0000000004679324 0.007581575005947441 
0.6255791148088617 1.3746792630360405 1.0437484215831543 1.0769318909877797E-9 1.0000000008714875 3.533535165696619E-5 
4.5619754917357953E-4 1.9995585413371368 2.9599215016806895 4.5371146731270485E-10 1.0000000001377571 0.2334295932378723 
4.637301873732787 0.884828842605535 1.0029317425531574 2.547853533876296E-8 1.0000000003656653 0.0062534312291538455 
0.6255791148088617 1.3746792630360405 1.0000000513735305 6.894493964558882E-10 1.0000000000087208 5.58626519929412E-6 
4.999779644009593 0.9999409534357253 3.3337470892492047 2.0489808261457927E-11 1.0000286176253572 0.03988649066433014 
4.999779644009593 0.9999409534357253 3.3127505798004653 3.3716856502058905E-9 1.0006372758185085 0.2813768850289453 
4.9996560744693355 0.9999558862643959 3.1279840775208045 1.4555484501204763E-11 1.0000000117206678 0.001199112305259327 
4.885603936199474 0.9974651627755169 1.000032310582494 2.9935141295306256E-6 1.0000000000087361 7.454520708462623E-4 
4.766854634569799 0.9976165906232836 1.0008569956709246 2.9203074007245467E-9 1.00000000660945 0.054744213765193006 
4.572571939955601 0.8779040094542274 1.0029094113258434 1.945296998177022E-9 1.0000000005983485 0.0013864691540584019 
4.5619754917357953E-4 1.9995585413371368 2.342525790975343 6.486328096462926E-4 1.0779181336240042 0.43568823476801277 
4.999768144641003 0.9999448076748566 4.282405660367121 3.4678843191624027E-9 1.0000000001267906 9.57447898228582E-5 
4.999779644009593 0.9999409534357253 3.1305230312149703 3.3716856502058905E-9 1.0006372758185085 0.17424860339991333 
4.5619754917357953E-4 1.9995585413371368 1.4054422337536363 6.035423442519115E-9 1.1488419263376684 1.0362572202197846 
4.999637867378791 0.9999411254631473 3.915326067414818 5.560865319604924E-7 1.0000000002187182 0.006464062650309836 
4.76413456959535 0.9215265871884745 1.0008569956709246 2.9203074007245467E-9 1.0000021563278807 0.054744213765193006 
4.554232431502256E-4 1.9995584501419048 3.7380074587208436 3.3759919898816756E-9 1.0000000000096227 3.5047219108791513E-6 
4.241798754569548 0.8166637119677741 1.1539767710269124 2.7067326881375893E-6 1.0000000037782788 4.607015171429178E-4 
4.999630745981621 0.9999558951110173 2.2922690113383575 4.722535131303447E-11 1.0000000117206678 0.001199112305259327 
0.7209636259559531 1.279321531473969 1.0481358939152783 3.3989316205107184E-12 1.0000000000017768 1.842033138153135E-5 
4.999771545296761 0.9999409627813068 1.7540257275524673 5.523575213422088E-5 1.053163057974339 0.26993346690915626 
0.4623972681723121 1.539066670170373 1.0664546637932413 3.2832978510679995E-9 1.0000000000076399 2.4760213613907243E-5 
4.999790172502979 0.9999549617284246 1.700126705010882 3.3792738431031157E-9 1.0000000039579677 2.86986366354838E-4 
0.46533947311004575 1.5355528914511236 1.0000478341553147 4.356571385525991E-6 1.000000000072302 7.239051649339523E-5 
4.666870034088743 0.9999417391774369 1.001278183300271 1.4148407048436027E-6 1.0000000000316076 0.01885167216057105 
4.99970740493073 0.9999416593367507 2.308984170146105 3.886363825649527E-12 1.0000000000911833 0.47818130118721114 
4.5502618143528295E-4 1.9995585983697297 1.113407183013263 3.5729037383519447E-7 1.151375958022942 1.0214678254050749 
4.99962327689764 0.9999414095090561 4.242436869731751 5.568680360591809E-5 1.0000000000135443 0.04325788038991815 
0.5338329020038464 1.4664614910719742 1.0570400139950125 6.70876865411431E-10 1.000000001223312 0.010844187383651692 
4.241798754569548 0.8166965567416609 1.0001673449876758 3.786347204485351E-8 1.0000000039795518 7.392531497357638E-4 
4.999791724538777 0.9999415200460217 4.146813478581103 5.763012199093129E-5 1.0000000001194311 0.04325788038991815 
4.852247316288351 0.9929152415321042 1.0997624398280357 3.0058204071553915E-10 1.000000000004646 1.1547109652290896E-4 
4.999566520108645 0.9999461309683927 4.503416567785518 6.559297045515431E-9 1.0000000003476872 9.434587676443104E-7 
4.999763565625236 0.9999446190614626 4.580524727953798 2.8187493155407826E-11 1.0000000009206609 0.1906166061915907 
4.852247316288351 0.9929152415321042 1.0685533453697682 1.9447785021902178E-10 1.0000000000057223 2.8910030109027738E-5 
0.3958140010688973 1.6045263250556254 1.000157569249032 1.282092891800126E-11 1.0000000001283098 6.228567716481118E-4 
4.58125537580889 0.8779040094542274 1.0048417773846752 3.893888615096864E-11 1.0000000200501005 0.0013864691540584019 
4.999706707038069 0.9999548476271886 4.386706059203651 1.271732315215497E-10 1.0000000000012192 0.0013461822406275535 
4.809317497557483 0.9650761984538672 1.0002043707058024 1.801612915334722E-8 1.0000000000029974 0.28276686505189114 
4.999768144641003 0.9999448076748566 3.5784742594999814 0.001016266676160615 1.0000000009831083 4.721965305916759E-4 
4.8284567852491325 0.9664457813078751 1.000467967171034 1.2310474825526429E-11 1.0000000000086986 0.0017770872090779473 
4.3407887054736305 0.8779040094542274 1.0381488028216177 1.916589473389195E-9 1.000000007841863 0.0018535789492908584 
0.2444398555901821 1.7641183177180788 1.0012185681376096 5.198250415200971E-10 1.000000001133644 0.11330591081534103 
