4.999798212637906 0.9999460721191997 4.9999953107713 2.6524250827839604E-12 4.99999971990455 1.020002763279525 
4.999798212637906 0.9999460721191997 4.9999953107713 2.6524250827839604E-12 4.99999971990455 1.020002763279525 
0.8991725762273519 1.101148012345423 1.0000000218520262 2.6564511934035322E-12 1.0000000086705183 0.0015576601976643664 
4.766587548476941 0.9248233592033012 1.0572017793073285 4.3836002767773166E-8 1.0005736410625234 0.24705073741150635 
4.999798202238167 0.9999637207489454 1.794810477417057 2.988949414299923E-11 4.989102929142126 0.29004576208020594 
0.4774842572733299 1.5226423618802314 1.0000000054208298 4.8996428075666995E-9 1.0000000108457927 1.7669065298899422E-4 
0.6108689995456662 1.389456217798971 1.0944704943771832 2.394336554796078E-9 1.0005468338270584 0.0217837447279233 
2.4142784003735554E-4 1.999764146042555 2.5610308343120556 2.186287776664451E-8 1.0550034968209654 0.5543138985584382 
4.816743577984333 0.9392212806813013 1.0102192709022937 3.667673408031312E-8 1.000085715275531 0.004090379617587889 
4.95335831846824 0.9942877643289327 1.0016197058009728 8.743915939993779E-10 1.000202825046026 0.023066441385508122 
3.4638114519938966E-4 1.9997670128619618 2.2458360639025514 2.761735789039063E-9 1.0011871973384396 0.02220525652100807 
6.224571101062288E-4 2.000273557025785 3.385151895452161 1.8028053873561478E-11 1.000004784951399 0.0031923544220506302 
4.999763450130642 0.999921855646307 3.0070286358821243 8.745588305212171E-8 1.00012182485764 0.007338642973009707 
0.6742505133668115 1.3261254216819667 1.0000000202189285 6.6632781844247756E-12 1.0000000002817817 1.243383361251068E-5 
4.999748503825775 0.9999219701213645 2.8717532160525083 4.732874956641935E-9 1.0033384753752468 0.02568924795388311 
4.563541109927783 0.8979780566150236 1.00006053925938 4.4831365492938434E-10 1.0000004854919682 0.0018220912606517073 
4.999744444733043 0.9999463925866787 2.869860560553849 3.923028685357184E-8 4.740728936027023 0.9751160593358199 
4.999744115656663 0.9999498495496846 4.954734536181301 6.34604263280327E-8 1.002263109413385 0.13415666388516734 
4.99976623044911 0.9999377892110288 2.2161059599380653 4.576613712896084E-7 4.999760619582876 0.2199329220879615 
4.722034278078093 0.9165433626231935 1.0000760987261716 6.134455800295728E-5 1.0000023377711629 0.014969280364973116 
4.669157166858357 0.9278345845288118 1.0088727303264406 2.4516716659789547E-8 1.0000017970334314 0.016452204472567483 
4.515161067607597 0.905802255742802 1.0011070690472301 1.2976079062663635E-8 1.0000001269697416 0.0014714008732975802 
4.631115040587453 0.8777377125206693 1.0001244682878512 6.578151028847912E-8 1.0000575658093287 0.010461326285308107 
4.999174886703827 0.9999583857748278 3.464648687557117 3.4339377886782874E-4 4.999487756033875 0.0024754394111705103 
4.99933584041521 0.9999572844111814 4.133702383107581 6.250819942162211E-10 4.989677925746162 0.04470600701222155 
4.167173144601633 0.7722465014487391 1.0429138621917007 9.505750807291007E-12 1.0000047617119754 0.020398578590362624 
0.2651803423058654 1.7531597894043838 1.1710111262149183 2.206585695798197E-9 1.0000006183773091 0.003117304370190435 
4.999793102373537 0.9999589060139009 4.319588377479488 3.4499156815226424E-8 4.999810943545582 0.03511771079038366 
4.3557775987702 0.7889071949596204 1.001247810268743 0.0037505188152912304 1.0000004211405709 0.004601470173639072 
0.022974498463991674 1.979247886301134 1.0000080423283848 1.1820682052893068E-9 1.0000000685215338 0.015204907586426277 
4.109088495156443 0.7173191201810998 1.0233761906630092 1.9986580319414802E-7 1.0000061021579734 0.03869157245668778 
4.999764087987629 1.0002279542064272 3.3836504451359524 3.9963815420203713E-7 1.0001621121498079 0.30306318023077217 
4.999763498191595 0.9999637207489454 4.465274434903775 2.343664207318282E-7 1.0095458151061953 0.31579504376068185 
4.999798212637906 0.9999458114719876 4.632273110909855 6.348378219637132E-10 4.997215950321694 1.020002763279525 
4.252475436730663 0.8000621781720142 1.000194979013843 3.6384092898354336E-8 1.0000023301342156 0.032012269793163864 
4.8948721987605825 0.9999219701213645 1.0605359494291577 7.2641671615368345E-9 1.0000000753695806 0.02568924795388311 
4.9173440068164 0.9956996676062316 1.0163951299008231 1.4968689171720038E-8 1.0035806080793686 0.277140652833569 
3.4638114519938966E-4 1.9997670128619618 2.976184524844232 2.2428300815425887E-8 1.055460125770715 0.8099437357581646 
3.4638114519938966E-4 1.9997670128619618 2.976184524844232 9.058378606861912E-10 1.0000022229566943 0.04730590297294997 
0.15857608667484407 1.84618149257051 1.0512730999974864 5.034754808221793E-7 1.0000007441275192 0.023219294498844738 
4.999747541283044 0.9999219701213645 4.28687565756585 1.2032817218431488E-7 1.0001281492837952 0.025530003734377023 
4.999743228296568 0.9999626970916914 4.595748310769025 0.04627980329490282 1.0003491007455585 0.08792166403936177 
0.0060022551603235485 2.000299781580646 3.605302665320059 2.9683030789839977E-7 1.000194460410069 0.014436975022140766 
4.999762359275964 0.9999641380996117 2.4084625502139745 7.798377316718917E-8 1.0000036606273746 0.05175126047768726 
4.999762388555648 0.9999625779228064 3.1070333082961814 3.150803484082572E-6 4.999981695718235 0.010721035997849848 
4.999763494664248 1.0002297737827763 3.678373833736607 1.0037836654825574E-7 1.0000357332234218 0.02012840994985937 
4.300436937894812 0.7937157938484355 1.001300967398218 7.927916896760862E-8 1.0000063632893108 9.095526568251855E-4 
4.996944267098419 0.9999489426497412 3.885143732354909 1.2294043043094302E-6 4.998269685768802 0.1600342427192659 
4.697155440195686 1.010152645780779 1.0222331161671754 4.355057794580586E-8 1.0000015663684103 0.0020646410133120068 
4.05299931541886 0.6935410919198873 1.0217825611895568 4.381375067800753E-8 1.0000015663684103 0.023287702198770036 
4.859886395071154 1.0970246613467194 1.0000000218520262 2.4825902677472327E-12 1.0000001062436823 0.0015576601976643664 
3.4638114519938966E-4 1.9997670128619618 1.1727990801378714 2.0375578517619114E-7 1.0000022229566943 0.04184580428709929 
4.228970942947509 0.8000621781720142 1.000016249595186 9.505750807291007E-12 1.0000047617119754 0.0037748602061958 
4.999793102373537 0.9999589060139009 4.874551831847418 2.728264176946326E-8 4.995093979405148 0.02582836781473591 
4.187206769685172 0.9886569816492586 1.0001919873677891 7.397549569568044E-8 1.0000000187515365 0.0021387080177897866 
3.329675392145541E-4 1.9997670128619618 1.8394710332039081 1.0288481040314285E-8 1.0003825014269625 0.05476860989225065 
4.848645974519149 0.9797142667913572 1.0011179974602546 1.016388288283171E-5 1.0000001009091883 0.0010539036278117524 
4.313179311339192 0.793788530994226 1.0003896046451775 3.7033411819381484E-8 1.0000001877427893 0.2097095485777769 
4.391820045086192 0.8014262044048373 1.0084568278284713 6.73979497487917E-5 1.0001801688100262 0.4360793572907862 
4.999763494664248 0.9999217928947122 3.7492459160148783 1.612950440994869E-8 1.0000092798672495 0.033567230256775826 
4.99933584041521 0.9999572844111814 3.985827971501352 4.216452869563906E-12 4.990102840825101 0.04470600701222155 
0.790845143270417 1.2092345758370064 1.0578235843489372 8.920626083320854E-8 1.0000018518348437 1.727459109137574E-5 
4.999768500348893 1.0002279542064272 3.4200452329743607 5.181517784574109E-9 1.0000004084245528 0.30306318023077217 
4.994300750355169 0.9988962496510371 1.0011070690472301 1.2976079062663635E-8 1.0000021218961181 0.026107402881237207 
4.438662065625536 0.8259162424349071 1.0000429677442868 3.4007794711602785E-8 1.0000000124833448 0.0018147625494603775 
0.3387153440123518 1.6771163402223026 1.0000000828798759 2.0641642115838288E-7 1.000059371200574 0.006543765435598592 
0.2651803423058654 1.7480660879197958 1.003913830145547 1.000354602190215E-9 1.0000006183773091 0.03735329267926865 
0.08930567075941068 1.9110049288014443 1.0000564268796805 4.58342578346936E-10 1.0365049889483773 0.27392828951792325 
3.329675392145541E-4 1.9997670128619618 1.6660456636796248 3.8268471820536896E-7 1.0002585304113225 0.05203956046636339 
4.478129467481374 0.9219818206612315 1.0081174263069577 4.364754714715298E-7 1.0000027212905982 0.015288245243564258 
0.08930567075941068 1.9110049288014443 1.000017997231905 2.898640658942628E-7 1.0001956182509915 0.04052555539918259 
0.15857608667484407 1.84618149257051 1.0512730999974864 5.034754808221793E-7 1.0000025443180984 0.023219294498844738 
0.3337970491515516 1.6781728395596751 1.0400686791855585 2.0827202450052753E-7 1.000059858733684 0.1964270872529496 
0.4214588001378765 1.5804860012803053 1.109641313237059 1.2224987230714252E-7 1.000005565250813 3.120212307581617E-5 
4.999298822757355 0.9999368646490902 2.0289165588957574 4.420285335873922E-9 1.0000000901691315 0.020906178034382897 
4.999299794170016 0.9999368646490902 4.133283513848708 6.430971203669915E-10 1.0101913856434634 0.04439960385787336 
4.999762455355319 0.9999369201612778 2.8698247621511173 1.76632460027322E-6 4.984968248978175 0.2509690067897263 
4.999746864720723 0.9999591822116344 4.732855970810789 1.6123288113040588E-6 1.0022503790572201 0.017760919116883267 
0.7924700615019626 1.2080691196529023 1.000000014082523 1.6866751951376995E-9 1.0000004953596917 8.769751372324816E-6 
4.438662065625536 0.824052929388561 1.1729380684996573 3.4007794711602785E-8 1.0000005876050042 0.0018147625494603775 
4.999762359275964 0.9999641380996117 2.4084625502139745 7.798377316718917E-8 1.0000003554247485 1.465530654796562E-4 
4.9993369670055685 0.9999368646490902 2.0289165588957574 4.420285335873922E-9 1.0000000901691315 0.020906178034382897 
0.8956923601825972 1.105114918485828 1.0232524940573329 5.728174119640796E-9 1.0000004816823256 0.0019413542317905964 
4.599007636068381 0.9398953210707977 1.000566430400643 2.210248362166209E-9 1.000088867947098 9.576754863414054E-4 
4.386312992600158 0.8014262044048373 1.0084395338307734 6.73979497487917E-5 1.0000002281390517 0.040737514097712285 
4.999761356908539 0.9999635199972728 1.4802978546655428 3.6872525203234E-8 1.00215167116252 0.03884963474928545 
4.999801826918858 0.9999592389349161 3.5489350675966986 2.2367707016225407E-8 4.999516369638801 0.03421782012431117 
4.999744093627352 0.9999512059670889 3.97996760691926 2.776685513030354E-9 1.002057203819545 0.19840474176475112 
4.592053749641992 0.9041828421723347 1.0081174263069577 4.560635180382506E-8 1.0000000421562463 0.008041995899899339 
4.999762455355319 0.9999369201612778 2.871243163530989 1.76632460027322E-6 4.984968248978175 0.2391112742983968 
4.9997444033228655 0.9999463541654022 3.1070333082961814 2.978573992930595E-8 4.999981695718235 0.0025767625382394077 
4.999763305252139 0.9999636113741417 4.874551831847418 3.460271611913473E-8 4.995093979405148 0.024344709744976822 
4.999748503825775 0.9999219701213645 4.7650354326520095 7.2641671615368345E-9 1.000125379478097 0.02568924795388311 
4.489685659214151 0.9219818206612315 1.0081174263069577 4.364754714715298E-7 1.0000027212905982 0.015288245243564258 
4.999792814562333 0.9999589812512932 3.677284645291493 2.2367707016225407E-8 4.999952846472357 0.02832537101462318 
0.4214588001378765 1.5804860012803053 1.1002843969949605 1.2224987230714252E-7 1.000005565250813 3.120212307581617E-5 
4.999766018988964 0.9999354141660495 4.4706616859222335 4.665379367750442E-7 4.999959384336628 0.029735237663721506 
4.999763498191595 0.9999637207489454 4.465274434903775 3.5161760432026253E-8 4.968269227135285 0.31579504376068185 
4.999744093627352 0.9999512059670889 4.191966995177026 4.0590156444058076E-7 1.0022380755846545 0.19840474176475112 
4.999744093627352 0.9999512059670889 3.9386651021374774 4.0590156444058076E-7 1.0022380755846545 0.19840474176475112 
