4.99961521366517 0.999891181629383 4.999999999609157 1.086949857686398E-9 1.2750057270469983 1.2070116727504978 
1.0118857653115874 0.9883441294170253 1.0000001784346717 8.135240996163047E-9 1.0000000038423733 1.2005866176623787E-4 
4.5960201876824955 0.8787706230793875 1.0000148081968592 2.2690938771071788E-11 1.0000003841272742 0.018741900263376046 
4.641483026296066 0.9380846663932129 1.0000334901005288 2.0051692578827185E-7 1.0000005399855119 0.006395126663289548 
4.999615011147256 1.000252770304574 4.50632937458515 2.000793560222685E-6 1.0000007964593267 0.13893093800968326 
4.999612519390615 0.9998946271333543 4.02114062525019 2.0035920789647796E-11 1.000000000197972 0.008348293836801912 
0.6236626403374955 1.3767386795858605 1.000000039462939 1.115126447403275E-9 1.0000000001825358 1.2294227435505985E-4 
0.07715695012111055 1.9249238122021204 1.0000724824187952 6.967128104425487E-11 1.0000000001519669 2.9117217257730783E-4 
4.99961268718858 0.9999012176622327 3.816971074319473 1.539666439918597E-9 1.0000065891676855 0.012225411389173838 
0.7897622295604159 1.2107662572724243 1.0865664686908114 1.4174055645242091E-11 1.0000052241462338 4.122602463913947E-5 
4.858483267348832 0.9878490702537854 1.049831703554207 8.767036400769669E-10 1.0000085386546955 0.004006941130414443 
4.949677791227157 0.9834871244216907 1.0004102990643173 1.1012875955912995E-8 1.0000310479684744 0.006533851144479824 
4.99961487468094 0.9998853628519947 4.68597336207994 1.6397612723667893E-9 1.0000000171577423 0.008663133266939432 
5.201778419030281E-4 2.000482222704371 3.055334820529028 5.755823204335338E-10 1.0102421417734 0.11278513888625477 
0.8155225228788757 1.1851019107119638 1.0000063533384456 7.594693401328962E-11 1.0000000120303962 2.01279779938183E-5 
4.999615283815146 0.999891181629383 4.999999999609157 1.086949857686398E-9 1.0029486250788806 0.023407871947343395 
0.35098130671885575 1.6498458621981962 1.00084820436901 1.7079207492605205E-10 1.0001023601472732 0.006657845586499619 
4.999612686757939 0.9999016856952934 1.9004699932731235 2.203795396178335E-10 1.0000010917729063 0.05986602955425906 
4.896460861489962 0.9717138459714842 1.0000000054343454 1.4443521669421257E-9 1.00003062368716 8.901817339003581E-4 
4.999615833355379 1.0000602601498783 2.66864610614761 7.919863747433291E-9 1.0001265821155896 0.19467294227322435 
4.188498833786509 0.742935970074414 1.0000220509860431 8.185711718953326E-11 1.000000045735523 0.2934513038727869 
4.999616202357213 0.9998894842505273 2.8813344917758497 0.001423811043056191 1.0000561929304743 0.009716168506157728 
1.0018129341911082 0.9988435880228732 1.0111298910923254 5.668560039054729E-8 1.0001282832030873 0.001380994116178447 
4.9911278640874315 1.0005888519122137 1.0238812850039172 2.169568217493554E-8 1.000000379710966 0.001250098466087238 
4.16099616106487 0.8735594485873841 1.0036684140223664 5.397080993585212E-9 1.0000482281674117 8.637285955517687E-4 
0.1886365512884014 1.820938270583718 1.0000125669191604 1.0857513160251523E-9 1.000000745292753 0.02355657932108428 
4.7945201071507375 0.9402759991236836 1.006128659091309 1.8029265734930397E-9 1.0000000481381297 0.006461725182183109 
4.12152376174562 0.7293218413397109 1.0002506975042387 5.797921996742267E-9 1.000000735272248 0.04512332958923612 
4.999601436870589 0.9999890934494506 3.04050439738878 4.243701585987644E-8 1.0000000000146783 0.22339042048629226 
4.454584590099516 0.8571952023207869 1.029884879930998 8.509273815780365E-11 1.0000006569718616 0.2699411601733125 
5.208184585814272E-4 2.0004840397045043 3.4814442507624346 5.720137663405199E-10 1.0000001781580825 0.06627245387549027 
4.999612686757939 0.9998758244399798 2.261755501538754 4.413256628860838E-8 1.0000010917729063 0.012752700162908928 
4.546354217924884 0.8725559782948298 1.0036684140223664 4.22164821265032E-8 1.0000042006410816 0.22139379954394173 
0.2241831178633562 1.7924194381220657 1.0016269119101908 4.0355146028522987E-10 1.0000042645734084 0.011011117835908975 
6.54210152237945E-4 1.9999771119291658 1.0007793909792282 3.9775692475942313E-10 1.0001352180721532 0.011022737053956505 
4.999614833926583 1.0000632356126804 1.087682165902637 9.534703488876792E-10 1.0000012801562457 0.002061597099121766 
4.756597403628159 0.9335561827306953 1.000065119212611 2.9774236908426148E-8 1.0000325515139943 0.009980171271892662 
5.201795684487817E-4 2.000482158023577 1.567104099659818 1.5938784046088074E-10 1.0000000329473075 8.024395148044632E-4 
4.309460428355791 0.7771477506388145 1.0820212659673607 4.7807363696572916E-9 1.0000037721640176 1.2418694900475182E-4 
4.722328245442239 0.916205684455893 1.0083020689538433 1.9488920122563402E-11 1.0001258562419544 5.99956205376055E-4 
0.5837317027446365 1.4174250809481916 1.0396480245997977 5.246255718517943E-10 1.000024486425156 0.07137872953249952 
4.497638038326972 0.854350079079352 1.091035100880395 8.509273815780365E-11 1.0000009399002696 0.015172845331758993 
4.999614833926583 1.0000632356126804 3.308779662062339 9.534703488876792E-10 1.0000012801562457 0.0059811789239149205 
0.4943784243666651 1.5079097283170926 1.0649172832629152 8.692146623502689E-10 1.0000086708562856 0.001266054780751646 
5.200221117756768E-4 2.0004842215094145 3.3130356251536304 8.993354611852079E-10 1.0000006410026998 0.02700474599122714 
4.999612359522463 0.9998945152774612 3.198046940776244 0.024956442292639103 1.0000611780235455 0.002843015054665155 
6.479916556023633E-4 2.0004839906600593 2.3587866215356947 1.2555235472931674E-10 1.0000324429021938 0.050638919584804834 
0.005145738273060429 2.0001056197589944 3.7194469291198176 9.938102053075088E-11 1.0000001950135975 0.0017561189247419172 
5.24601139507486E-4 2.000482222704371 1.9855790460470453 4.483798404919797E-10 1.0000002008475162 0.15504718114792193 
5.201778419030281E-4 2.000482222704371 3.594293747540216 2.8665286170481294E-10 1.000001480253218 0.1412407324892748 
4.336132943054234 0.8727974035431842 1.0035172590519381 2.5393198528812792E-11 1.0000081259983196 3.6092989891594565E-4 
4.999616241735703 0.9998896256762607 2.460985104278657 1.1099625538095391E-9 1.0000015105829145 0.00134679272227026 
4.395181162098399 0.9192563733944374 1.0000005695127303 4.358717005285016E-8 1.0000074051659427 4.4631814665080025E-5 
6.54210152237945E-4 2.000483993183108 2.841373698414647 2.6254693828473058E-11 1.000004216090054 0.011022737053956505 
0.5118909440821641 1.4886266714032255 1.0000000508984024 6.601775324699419E-10 1.0000000000004368 1.74617992442862E-4 
4.999616305051069 0.9999703785606535 4.356108211600259 1.9980435277709493E-11 1.0001265821155896 0.31345220917364236 
4.4889352400462625 0.854350079079352 1.0001620657909838 8.509273815780365E-11 1.0000009399002696 0.0017796430668178967 
5.812515717011448E-4 2.0004822766302666 1.9691202770700063 8.771706552105902E-10 1.000000189039802 0.07209133441403931 
4.707440989365671 0.9192563733944374 1.008419128855633 4.358668574334697E-8 1.0000074051659427 1.1355695205149337E-4 
0.285324861907733 1.7150183496208034 1.059583592372995 6.033117896793049E-9 1.0000004440725516 0.14794323385171365 
4.994308606981418 1.000065073462186 4.8938719699783615 3.858871175375099E-12 1.0000013624253492 1.138752352827999E-4 
0.4108731647489057 1.591300333437876 1.0000223619991364 5.097418861668232E-11 1.0000002983747258 1.2302031819513427E-4 
4.078534655501317 0.7122808765261336 1.000388965275422 1.0378263009531458E-10 1.000131942100552 0.03291089724743433 
0.1290043231343588 1.8728486409674876 1.0000000284484938 1.864196093697709E-8 1.0000000003328482 1.0104640921323836E-5 
4.999612519390615 0.9998946271333543 1.62559183237014 2.0035920789647796E-11 1.0000000001847444 7.176054103955345E-4 
4.7715583975436395 0.9404084662194876 1.006128659091309 1.940046196340524E-9 1.0000002392988512 0.006467880598430233 
4.8194630450620695 0.994847157662059 1.0888622836972723 2.0582404777704887E-9 1.02628766902046 0.16565524519893443 
4.682186107056506 0.9107978198740411 1.0000003216391797 4.358668574334697E-8 1.0005127486005816 0.005547597691842349 
4.227871734692201 0.7441117220678163 1.16461882600664 7.957109195019554E-9 1.026843209956059 0.19221240735918307 
4.541219994153431 0.8596955669417027 1.0030417803774136 2.5719963549102825E-8 1.0000072415233903 0.04464006216628919 
5.812515717011448E-4 2.0004822766302666 1.4188718554586521 8.771706552105902E-10 1.000000189039802 0.07209133441403931 
6.54210152237945E-4 2.000484048503899 2.907836883212804 5.377297206640164E-9 1.000000189039802 0.01170030781491449 
6.56176106086958E-4 2.0004822326329617 2.607328847853542 1.3719892018236112E-10 1.000001480253218 0.1412407324892748 
6.54210152237945E-4 2.000484048503899 2.6347942542887113 1.262134018059941E-10 1.0000002197763385 0.011820893168569808 
4.281948152171063 0.7659004764383228 1.0023440656784424 5.453155815843047E-11 1.000181946003329 0.0015170605361087943 
5.20147701520151E-4 2.000484108520643 2.3788524005386 5.939364656274318E-11 1.0000327134948372 0.05307697405204484 
4.096998190580097 0.7243910733754445 1.000388965275422 1.0547864035331828E-10 1.000131942100552 0.235021875924839 
4.9996123586207 0.9998827239976155 4.167687311839014 1.243238442515396E-10 1.041965976813563 0.22198030556887755 
4.8194630450620695 0.9947134791517575 1.0446278179901387 2.0582404777704887E-9 1.02628766902046 0.1666529655604213 
4.999612359522463 0.9998721093058536 4.345303961022227 1.1843766194876012E-5 1.0000052152146033 0.0027797613248453186 
5.201778419030281E-4 2.000482222704371 3.3294943939987376 4.483798404919797E-10 1.0000006585193333 0.002117505805260031 
0.285324861907733 1.7150183496208034 1.059583592372995 3.0318313696873844E-10 1.0000004647469012 0.2938268388683693 
0.1290043231343588 1.8720930695011997 1.0829928313430641 5.696521973129003E-10 1.0000007921792289 6.210829524868201E-5 
4.999612354307359 0.9998827239976155 3.451035162138966 1.243238442515396E-10 1.041981876716582 0.22198030556887755 
4.920935818226089 0.9878126829612521 1.0009925964364492 1.4586004343098564E-10 1.0000670419318232 0.004001458735028713 
4.999614833926583 1.0000632356126804 3.4509589501708575 9.534703488876792E-10 1.0000325666773673 0.009157967986070398 
4.920935818226089 0.9879736893411227 1.10698926407843 1.4586004343098564E-10 1.0000670419318232 4.3592163129603685E-4 
4.999614810306196 0.9999703785606535 3.6725870584986415 1.9980435277709493E-11 1.0000072022263453 0.31345220917364236 
4.412237869681034 0.8798396030549924 1.0039277002379536 4.358717005285016E-8 1.000024583183356 0.07481054952099081 
0.4108731647489057 1.5892669792639122 1.0492550165446377 7.800540379452082E-11 1.0000002999648103 1.0329381998215294E-4 
4.363749511714557 0.8764267851329786 1.001893343079903 1.1117760696633284E-8 1.0000364387436531 0.01156805189423666 
4.999614923805749 0.9998946641044475 3.6115533400123536 0.0026329575420899823 1.000051659846712 0.002843015054665155 
4.999635639922318 1.0000650826524962 4.216997046680531 1.255909738240947E-10 1.041965976813563 0.22198030556887755 
4.281948152171063 0.7659004764383228 1.002702887398691 5.967078053942032E-11 1.000181946003329 0.0015170605361087943 
4.99961630248361 1.0000701180706284 4.775651959763914 6.507880694270842E-11 1.0000007114318514 0.001250098466087238 
4.682186107056506 0.9107978198740411 1.0000003216391797 4.358668574334697E-8 1.0005127486005816 0.005547597691842349 
4.227871734692201 0.7493834301831329 1.16461882600664 7.957109195019554E-9 1.0009732837777712 0.005345759299289016 
4.999616541730293 0.9998856463761648 1.6416773377611287 3.043203807438486E-9 1.0000017969381791 0.033049431864463095 
4.999616302142196 0.9998769164453777 2.3496210386770926 6.507880694270842E-11 1.000001099777513 0.001250098466087238 
5.24601139507486E-4 2.000482222704371 1.016533740064623 3.4124924452968215E-10 1.0000002008475162 0.07011652009687205 
