4.9988770208640485 0.9996522817049441 4.999999742539222 8.76900070763746E-10 1.0120362705850712 1.1865330301107695 
1.026177026729302 0.9738265368510982 1.0000000098013369 7.89079490667555E-10 1.0000000000535154 1.0515311411263723E-5 
1.026177026729302 0.9738265368510982 1.0000000098013369 7.89079490667555E-10 1.0000000000535154 1.0515311411263723E-5 
4.9988770208640485 0.9996522817049441 4.999999742539222 8.76900070763746E-10 1.0120362705850712 1.1865330301107695 
4.998863131853925 0.9996493116794654 2.644665198292686 1.1008836303573991E-8 1.1056240554881138 0.5793646905552465 
5.21635202962124E-4 1.9995751378655695 3.701099427288567 2.2659106165488713E-7 1.0000000010787296 2.3443061365220966E-4 
4.998864867046282 1.0003463097511964 3.8747820788744023 3.5564985166299705E-9 1.0000910541217922 0.01047076036765645 
0.6795002236153378 1.3207204564248194 1.0121875130485982 8.216667778392314E-10 1.0000000003562886 2.8003348608796204E-5 
4.317780380641481 0.7867489731225288 1.0008358225830398 1.0211901109895587E-8 1.0000000090902508 0.004971753590326917 
0.4736910481520162 1.5319747383650495 1.0000009351166683 2.3984268763557873E-11 1.0000000654578454 3.238167813827618E-6 
4.521228699040179 0.8708340213624041 1.0000000007204892 2.9993915452160636E-10 1.0000000036266494 4.3262990341498336E-5 
0.1482489570463391 1.8610726571363718 1.0000088470901312 5.089596784761006E-10 1.0000000010665664 0.0021583437530140314 
0.9371377406050612 1.0629719551625596 1.022286628684966 8.160484479959395E-9 1.000509465458166 0.0046219719149247634 
4.24012254164724 0.7819036480920278 1.0205467320793171 5.566803319543498E-10 1.0000000000757083 6.026675769597763E-4 
4.359930227515764E-4 1.9995859250107102 3.1618759534759615 2.9871470822893967E-9 1.000000022513834 0.09288560578277916 
4.476104567370366 0.8268606218844707 1.0000137555309379 5.205124969355805E-9 1.0000000003024994 0.03683453046406043 
9.649421486988081E-5 2.0000894250884507 2.3891878439666883 2.2130969420901515E-10 1.0000000007464247 7.954704240274317E-4 
4.956930957981106 0.9996816979495964 1.0303715348982185 4.186600603417601E-8 1.0000000014646606 4.934995425446572E-4 
5.21635202962124E-4 1.9995751378655695 3.509680177082991 1.4144452315428324E-8 1.0000294324967192 2.3443061365220966E-4 
4.9988770208640485 0.9996497274688939 2.438851927137478 5.99868691969001E-11 1.0020001480251015 0.07631837361445892 
4.169511600761523 0.825532373713852 1.0000001293949048 3.8157766747442114E-10 1.0000000002783898 2.6171530580201943E-5 
4.3759511811131135E-4 1.99960326491811 1.299639242631513 8.808079157519687E-10 1.0000000028500586 0.7414665885798484 
4.99887697521751 0.9996529378579218 1.4813951760181796 1.3586705278530267E-8 1.0000000001923026 2.6911808734264575E-7 
4.998862331863054 0.9996396754339978 3.09618316481866 4.331415190832871E-9 1.0000000000219536 0.0025635443290345544 
4.998892767502034 0.9996530348764415 1.8331638637461467 3.00148848590956E-9 1.000059894469592 7.105260087965079E-4 
4.726129285598753 0.9875182072896224 1.0030988423543532 1.6204842934190301E-9 1.0000000009479497 0.0821121548324954 
4.891755944476337 0.999656162610103 1.0268005260867583 5.9657990492452654E-9 1.0000064368202861 8.587702987197057E-4 
0.31621214245821183 1.6848007808733854 1.1231582909809514 1.1565236791142793E-9 1.00006319007813 0.0010223444635082558 
0.5473920416738624 1.4526944507300135 1.0000343631842021 2.954599060473552E-9 1.0000000006528535 6.995833576318063E-4 
0.5961713173900733 1.4063802470132596 1.008571415736959 1.3742976071508934E-10 1.0000000000451499 0.014119976907563154 
4.677504503391089 1.000342802574303 1.011285340093959 5.039332374162747E-9 1.0000011482551838 0.002729151982573454 
4.998860838001735 0.9996521486296358 4.299138246194719 1.0605617629141129E-10 1.000001533840579 0.02028563711745962 
4.998878148157867 1.0003399747678223 3.457379901995103 5.047186323173682E-9 1.0000011326397018 0.008991341417235902 
4.190817052069143 0.8912967747921889 1.000005861480801 7.686653240966594E-10 1.0000000008185137 5.4779720845860025E-5 
4.116416684722968 0.7734199707324763 1.0011099934754188 2.438048221336892E-9 1.0000083120384178 0.0755885707260229 
4.998697348996708 0.9996521486296358 4.3913903027801116 2.5617583570912556E-9 1.0000000010580032 0.00225762540572707 
4.783235280968177 0.999656162610103 1.0268005260867583 5.9657990492452654E-9 1.0000064368202861 8.587702987197057E-4 
1.6013985361754628E-4 2.0000894250884507 2.654993913733722 2.2130969420901515E-10 1.000000074702344 0.19969202022586094 
4.997712606789145 0.9996492835129343 2.101845926194912 3.6835566975893486E-10 1.000000023012806 8.977380177865688E-4 
4.998864867046282 0.9996423145219824 3.686553567465415 3.976220139507487E-9 1.000000000803643 4.982033033247849E-4 
0.21748197682471973 1.7825578792223746 1.000008377309001 4.795546171101107E-9 1.0000000016291035 4.0609766533552735E-4 
4.998697940913419 0.9996492835129343 4.17653419130524 3.6835566975893486E-10 1.000000023012806 8.068513460572052E-4 
4.998697940913419 0.9996492835129343 4.053651526126822 3.21641451338347E-10 1.0000000018647632 7.759062472974178E-4 
4.998878028690348 0.9996557739038162 4.630812598516387 3.5163490824936127E-10 1.0004616792761474 0.05471802267795918 
4.769086758627711 0.951805486058827 1.0004720673336485 5.352695266581518E-9 1.000000023862238 0.001186051790848422 
0.794013261160471 1.2063461379241678 1.000000017315349 2.7134357189108124E-10 1.000000001276322 6.555052523978894E-7 
4.6261802063453015 0.8929421087722408 1.0000096880213232 8.960595303669904E-9 1.0000000221554026 0.016259540570827527 
4.998863131853925 0.9996494159233419 4.866146522219334 3.845905388501739E-9 1.0000000037354866 2.8176095153329642E-6 
4.104740236072134 0.7734199707324763 1.0011099934754188 2.435974805097898E-9 1.0000097245235537 0.00488531533572404 
4.570923430737341 0.9539148474008565 1.0479473510616744 1.6138999310782403E-8 1.000000000232119 0.002494968567199711 
4.399555127882338 0.8255161738774515 1.000176401788207 1.0013700852800939E-8 1.000000001138006 5.387702579532261E-5 
4.998878148157867 1.0003399747678223 3.2221729423066185 5.25521547320584E-9 1.000000004285919 0.0010686373217771612 
4.998862331863054 0.9996396754339978 3.347046506090489 4.2706208024327255E-9 1.000000000604872 2.670932546893559E-4 
4.856013809017494 0.9543946855993947 1.0026059110513317 1.6314187762083568E-9 1.0000000743472854 0.0010032240418083732 
4.907520992530533 0.9970892446591695 1.019398246711579 6.069491730175053E-9 1.0000000195087253 0.27935839879062774 
4.998517145318466 0.9996497579250441 1.0004262322255122 1.3424004600367043E-8 1.0000035780014438 0.05772268890842153 
4.998878148157867 1.0003399747678223 2.2789953794559246 5.047186323173682E-9 1.0000011326397018 0.010476089835204011 
5.21635202962124E-4 1.9997608087408503 3.3847995324543474 1.4378111807883618E-8 1.0000019660617108 2.3443061365220966E-4 
0.3914497768371017 1.6087404064905884 1.0000000733799743 4.117238685336725E-8 1.0000000008230179 3.3796620592104355E-4 
0.31857984483002244 1.6815637510183334 1.000000071293264 1.9705820225839485E-8 1.0000000038258035 2.2803751487622642E-4 
2.1133839021819092E-4 2.000087474266011 1.0271505148810591 1.623963156654881E-9 1.0000002706477196 0.1448419473023343 
4.415333418098545 0.8256880923341207 1.0018469757458819 8.210301399813076E-9 1.0000000086139031 1.4820567167579636E-5 
4.737170011534934 0.9853032571892851 1.0056916328355487 1.623963156654881E-9 1.000000000008684 0.07805135637974593 
5.21635202962124E-4 1.9995751378655695 3.2084054429155695 1.0886357364458485E-8 1.0000294324967192 0.7633339232791208 
0.03586710062674821 1.9642414548280804 1.0000000309243402 8.558891221310157E-9 1.000000001914797 1.3742213157180838E-4 
0.08849187219184486 1.9122036840033072 1.0014834774916712 4.0787119315206035E-8 1.0000000012983947 0.0010866535932029537 
0.794013261160471 1.2063461379241678 1.000000017315349 2.7134357189108124E-10 1.000000001276322 6.555052523978894E-7 
4.360416465429479 0.8897440843348915 1.0022696716114472 3.4043766493361474E-9 1.00721534964102 0.12260130924500612 
5.214375516531565E-4 1.9995926329582099 2.7617480886361196 4.0356366802118613E-8 1.0000542243090864 0.893739040938597 
4.9988770208640485 0.9996497274688939 4.967166234919016 3.5163490824936127E-10 1.0117225126633038 0.08702727560674961 
4.23520274270747 0.7734199707324763 1.0011099934754188 2.435974805097898E-9 1.0000096787565214 0.004528561143458237 
0.3914497768371017 1.6087404064905884 1.062816057125743 1.728569877920096E-11 1.0005108149014532 0.003311545184632461 
4.998878148157867 1.0003399747678223 3.613221351482494 5.047186323173682E-9 1.0000011326397018 0.008991341417235902 
4.851439976863692 0.953929487491567 1.009689906175722 4.1852351844982306E-8 1.0000000015664903 8.211249364261689E-4 
0.20890537902666406 1.7922959298362795 1.0303408327769623 1.8155354039528036E-9 1.0000001378288434 1.2231061548384394E-4 
4.99887697521751 0.99965584453126 4.517651838096903 1.0613990725829334E-10 1.0000000000165856 0.05444152162179999 
5.214375516531565E-4 1.9995926329582099 2.744135770710705 3.2466378573997034E-10 1.0000000000418672 5.824986860589231E-5 
4.9988770208640485 0.9996497274688939 4.99999973785802 3.5163490824936127E-10 1.0117225126633038 0.07384159214709851 
4.9988770208640485 0.9996497274688939 4.999999742539222 3.474535173649283E-10 1.011739751613958 1.1865330301107695 
4.998878028690348 0.9996557739038162 4.69730935728822 3.5163490824936127E-10 1.0004616792761474 0.05471802267795918 
4.818132772958426 0.9985791076219386 1.0193528814083204 1.259816147685618E-9 1.0000062309999884 6.328311737378421E-4 
2.1133839021819092E-4 2.000087474266011 2.137599514384684 1.623963156654881E-9 1.0000000752443772 0.1448419473023343 
4.558881919040829E-4 1.999584544353476 1.856744080930111 1.6589205957687664E-8 1.0000000003773761 0.16861787650675245 
0.08647820015960184 1.923824132606679 1.0486593820899277 1.2433662732270546E-9 1.0000000129272062 0.020809707818961243 
4.330629005231863 0.7859861925898313 1.0008358225830398 1.0211901109895587E-8 1.0000000090902508 0.004971753590326917 
4.671929258160846 0.9879771759912924 1.000000019462598 5.124648624880472E-9 1.0000012437839674 1.0219147462593725E-4 
4.551307279393164 0.8708340213624041 1.0000000035159065 2.9993915452160636E-10 1.0000000016619326 7.861459308880574E-4 
4.998862331863054 0.9996396754339978 1.0069567599103066 4.2706208024327255E-9 1.0000000005947582 2.670932546893559E-4 
5.214375516531565E-4 1.9995926329582099 2.7617480886361196 4.0356366802118613E-8 1.0000542243090864 0.893739040938597 
2.1133839021819092E-4 2.000087474266011 2.116885818303017 1.623963156654881E-9 1.0000000752443772 0.14516994240178577 
4.998698696397328 0.9996494159233419 4.804192586270534 1.1008836303573991E-8 1.0000000239975102 2.8176095153329642E-6 
4.354498507622382 0.825573696512681 1.0018469757458819 8.210301399813076E-9 1.0000000086139031 1.3372712733452762E-6 
4.998878028690348 0.9996557715185842 4.757382205471181 4.823705882016086E-9 1.000013932700722 4.7295900415270694E-4 
4.558881919040829E-4 1.999584544353476 1.856744080930111 1.6589205957687664E-8 1.0000000003773761 0.16861787650675245 
4.998860838001735 0.9996235932573015 4.499885873678048 4.1179074010147837E-8 1.0000000007814571 1.9371480782475836E-4 
4.446005855051248 0.8282591605823263 1.000018156393939 7.421278553019117E-10 1.0000000002788358 0.0020424226825343905 
4.935152324641476 0.9879771759912924 1.000000019462598 1.6341848707409311E-9 1.0000000243282927 1.0219147462593725E-4 
4.446005855051248 0.8268444220480702 1.0100447107911699 5.100968469256025E-9 1.0000000002788358 0.0021817329242030383 
4.8166614821827105 0.9985695174230894 1.0150733735360873 1.4204902532340384E-9 1.0000062309999884 0.0023476187493570756 
4.648590944093382 0.8898820362579328 1.010527608823037 5.127646568668995E-9 1.0000000008325438 6.920271465517435E-4 
