1.0099245418927234 0.9900954135536196 1.0000004574543022 7.479692234646767E-10 1.0000000003911884 4.721528775512756E-5 
4.999860803569836 0.9999542073282799 4.999999968106248 2.1276050564135167E-10 1.0000000107460887 0.00170721305077019 
4.087378755404913 0.7056938707038682 1.0228818425155513 1.6744391760887508E-12 1.0000005135236023 1.8870545917800273E-4 
0.7536631491751334 1.247073566301269 1.000000000182436 2.0708129617464838E-10 1.0000000013421246 1.3127800056570905E-5 
9.637546358818438E-4 2.000903263755984 3.1400346407213413 1.0929198104629171E-4 1.000000547495518 0.026903427346449977 
4.999816252923893 0.9999541452024139 2.4846632070217063 4.0511437661309225E-11 1.0000082681867375 0.0061665000055791475 
4.998107545886038 1.0001066995465333 2.0905670626320156 1.0961491199803046E-6 1.0000004050188904 8.0388938010976E-5 
1.0037702398853368 0.9965078768304646 1.038698867109452 3.071728807797477E-7 1.0001821802151079 0.028032629045943246 
4.144951614313944 0.720646875143903 1.0234709148879404 2.8839336735507117E-7 1.0000003360335343 0.0011505283680179896 
0.12713239428916845 1.8753661917485056 1.000006733796989 7.842146559369506E-6 1.000007669916456 0.006573382314227841 
4.332437129710578 0.8123728357469139 1.0141441608136594 5.216960049529233E-9 1.0000005483542245 5.070243092350187E-5 
9.685156053258649E-4 2.000899508794434 1.6203966990129817 4.027599515906561E-6 1.0000002646291748 7.376055284222683E-5 
4.999816231482379 0.9999542803517463 4.409278020283159 8.816848396427298E-11 1.0000001443269722 2.264875903561247E-6 
0.33352017830715586 1.6689899720466568 1.0000004992086688 2.9639499394565657E-8 1.0000042887385927 0.0070803307600810815 
4.892273947326862 0.9709702287083286 1.00013919713175 3.470529196748697E-6 1.0000006720136219 0.0067612903715231 
0.1843830900266601 1.819932853748595 1.000001695860676 1.166047688819972E-10 1.0034066594648512 0.06676487034343138 
9.663136418391437E-4 1.9990436223345882 1.9994151351197034 4.387004375273756E-10 1.0000001710388828 0.24892104914492508 
4.296009264999016 0.7792624142132867 1.0006887320151905 9.913163366849334E-9 1.0000000180519213 4.6476181437835615E-4 
4.999436224752286 0.9998498849873652 4.14594738820107 4.8822745535308016E-8 1.000001711515355 0.23065921774727124 
9.598895901427525E-4 2.000879861254414 3.392807753422899 0.13692157231700797 1.000006377101399 0.001126342880745459 
9.598895901427525E-4 2.0008994648043927 2.45390849857556 3.767400713786985E-4 1.0000042244770537 0.005699048929723838 
4.999446397815487 0.9998592167485164 4.580163155693208 2.1383701244425882E-10 1.0000000014814905 5.072902308827952E-4 
4.999436224752286 0.9998503038296459 3.7787536683707885 2.0288502895160844E-10 1.0000000000367364 1.3457416722017685E-4 
4.999860803569836 0.9999542816311734 3.995060086768614 2.3590326559376596E-10 1.0000000026328457 0.001528297059936329 
4.383070409631408 0.8152353547289175 1.0141417627627967 2.0777320630681235E-8 1.0000000353021168 9.478945261472192E-4 
4.999436178932886 0.9999268217769247 4.681319559841027 1.281844115116002E-7 1.000000029826915 2.682583046335991E-4 
9.598895901427525E-4 2.0008994648043927 2.2679023795252036 3.0857022098471944E-5 1.000006377101399 1.0622441440211183E-4 
4.99922564835727 0.999954286952071 4.839002050384947 8.538483052565327E-11 1.0000000091639414 1.3617816591202303E-6 
9.601866422935087E-4 2.0008800120309136 3.4654650177071957 1.0929198104629171E-4 1.0000006408394297 0.009898591775600067 
4.25015935484983 0.750581259568586 1.0002453805246372 4.084936045776039E-10 1.0000000020710755 0.37122587473764 
0.5041846445417126 1.49684294026531 1.109695348144037 1.1430352636677927E-10 1.000000544644477 2.7518796866521367E-5 
8.099777102954105E-4 2.000795660356784 2.881993968657522 1.2927504260451761E-10 1.0000000658601724 3.372873999775514E-5 
4.999860803569836 0.9999545106093384 3.6415427677073477 2.304792745454221E-6 1.0000003647521403 0.001205204977415629 
4.999817466349229 0.9999543138921646 2.685136723932203 3.9373740994358315E-11 1.0000002535094707 0.004990145409736527 
4.864506566764406 0.9994371293127006 1.000109844679944 2.3097898101834277E-10 1.0000000038788273 0.006725266675288107 
0.39446530286489523 1.6056491256844792 1.0000000900342685 1.6442176155814179E-10 1.00000000072663 3.279085113509062E-7 
4.694869934533492 1.0000057514869174 1.0000004574543022 7.479692234646767E-10 1.0000000003911884 0.012899505793352133 
4.744549620375092 0.9430150776824758 1.01673232265772 1.1372269661164511E-8 1.0000000293586522 1.3911810166498056E-6 
4.231776982076745 0.7513010632812867 1.0002453805246372 1.3217915369071117E-8 1.0000002166459139 0.0023763299625038864 
9.59610592277155E-4 1.9990436223345882 3.6531153607569444 4.573986813724E-10 1.00002855041741 0.011991398024634559 
4.994984708674865 0.9988047557335934 1.018072173515355 1.0961491199803046E-6 1.000000009367162 8.0388938010976E-5 
0.2489543849513156 1.7517636879045622 1.000000010434968 1.378777450707984E-9 1.000000008369934 4.1059616768029225E-6 
4.6644287978922225 0.9998498849873652 1.0604270315212672 4.8822745535308016E-8 1.0000005143767603 0.23065921774727124 
4.568083303112275 0.8708326651658559 1.0000203226183342 9.93720786223136E-13 1.0000005135236023 1.2671060075937837E-5 
4.929377056176213 0.9811817215976029 1.1062424000033044 3.8046803939240262E-6 1.0000043692261529 0.0020156196963692467 
4.5304115438967 0.8774230645168808 1.000839714214536 5.49583421711476E-10 1.0000568705695208 0.0017282764464111085 
0.06002324051043112 1.9599458522782032 1.0097107999252781 3.6417885657636366E-6 1.0000042214857987 0.003632375476185279 
4.782848347126105 0.9592446855693929 1.00000826112629 1.426407632374468E-8 1.0000000293586522 5.056707072388297E-6 
4.9994455059242435 0.9999566866040102 1.8150297725520852 2.0635956382361454E-10 1.0000000117072743 0.0015775406013266145 
4.844979770862398 0.9522628721064061 1.0000035267764622 4.320595652927461E-10 1.000000000076929 3.279085113509062E-7 
4.9994457631839 0.9998516855453407 1.6596094718079246 1.8317080291686109E-9 1.0000000339118758 1.3015905216432096E-5 
6.918466657795039E-4 1.999669497715605 1.108894783473503 1.6504094528476198E-8 1.0000043062993471 3.686494726458881E-4 
4.183250341064958 0.739836383630093 1.0225101545148547 5.210891919338141E-9 1.0000001824800326 8.675853245193767E-5 
9.133360544142509E-4 2.000903263755984 1.0170781204774315 1.0568754607082818E-4 1.000000544184896 0.0242527307908816 
0.7243117665103687 1.2778783229882433 1.0105597003641948 3.389236516591491E-12 1.0000002362764373 1.308949054398753E-4 
0.0011871832363688486 2.000899508794434 2.7068220238982366 5.135077825974609E-7 1.0000000082355733 0.008409400660668873 
4.999859697393401 0.9999537184641079 3.3502651187553485 3.2261220025359774E-7 1.0000004004041534 0.012365095189846492 
4.185353949010995 0.739836383630093 1.1747572467292142 2.7943622365628285E-6 1.0000001824800326 0.024810452533214962 
9.59610592277155E-4 1.9990436223345882 3.635858294209382 4.573986813724E-10 1.00002855041741 0.011991398024634559 
4.744549620375092 0.9430150776824758 1.01673232265772 1.1343257812443897E-8 1.0000000293586522 2.7679325875801557E-5 
4.999816231482379 0.9999542803047652 4.287102588434936 8.816848396427298E-11 1.0000001443269722 2.264875903561247E-6 
0.2489543849513156 1.7517636879045622 1.000000010434968 1.6713539532099908E-10 1.000000008369934 0.0017247110316582618 
4.99942564515031 0.9999566866040102 3.5376455275493504 0.00382828062783121 1.000001229601139 0.0045105366928925306 
4.816786934529145 0.9589854409973757 1.0029410382666497 6.859345882959843E-10 1.0000000328765575 0.011812413558288002 
0.06002324051043112 1.9599458522782032 1.0097107999252781 2.9823953144292862E-6 1.0000043079612242 0.003632375476185279 
4.999432336507868 0.9998511107321064 3.210281593280661 1.0745855415600946E-4 1.0000005249101123 4.950195892790752E-4 
4.965975284693232 0.9900764022232765 1.000004825702625 1.4568023832653482E-10 1.0000000384385048 2.548727939389926E-4 
4.582468418681408 0.8774230645168808 1.0789051821293054 1.1131017153455097E-10 1.0000581838139022 0.22952898125079624 
0.5704394100382902 1.4378144292238977 1.0000069099437798 6.717198255268456E-12 1.000000000297312 2.409285035445295E-5 
4.399644960715045 0.8090629106718945 1.077301897130812 1.8923643417226592E-8 1.0000017309269271 0.004092758226556324 
4.538103827514118 0.9100709239051 1.000118416074547 4.805239837993535E-10 1.0000081952402633 0.15632275995048056 
0.5041846445417126 1.4958576541992123 1.0000001322950027 6.039173423942054E-11 1.0000000042596857 0.0010450445477826968 
4.4634358890380765 0.8724783641723759 1.000786995905078 4.503254531065932E-9 1.000000006001841 0.1591998514571206 
4.994698372843907 0.9999542816311734 4.283278108632784 9.950030146697803E-10 1.0000005094518787 0.0015333686387697476 
4.929377056176213 0.9811817215976029 1.1062424000033044 3.6643302762862064E-6 1.0000042955056094 0.039982765034515866 
4.620470076035206 0.9511769464027026 1.0000003041961234 5.360868554726465E-13 1.000000519043376 5.549448792971541E-5 
0.39446530286489523 1.6056491256844792 1.0577459312977588 3.5526469871177054E-7 1.0000000027687517 0.03296530521641011 
0.584610227822338 1.4207832754620997 1.0000209278799626 2.357822283656538E-8 1.000000231370725 3.844920629385252E-5 
4.999816231482379 0.9999542803517463 2.819558041303053 2.011001498210794E-11 1.000000000079705 1.1461976235513588E-6 
0.6486787446347877 1.3518166419581459 1.000023753242568 2.0571474192524954E-10 1.0000000013538763 2.1047240497857364E-6 
4.492522954950629 0.8457399182621159 1.0002119840246655 4.278802280906982E-9 1.000000941904478 1.050936498047016E-5 
4.492522954950629 0.8457399182621159 1.0002119840246655 4.278802280906982E-9 1.000000941904478 1.050936498047016E-5 
4.437046656668635 0.824214308542147 1.0000108021985539 2.3119275393727147E-9 1.0000000492817418 4.86037007531458E-4 
4.9679280525556395 0.9998516855453407 1.0931214472457595 1.6514815991841194E-10 1.0000000034004923 2.6512245412215835E-4 
4.787298231581923 0.9577513227570957 1.0198544142724617 9.93582942245032E-11 1.0000000307971906 5.145974566186182E-4 
4.99942564515031 0.9999566866040102 2.961833170179495 0.0022916819781821206 1.000001229601139 0.008171820241486383 
4.9998159358123875 0.9999542803517463 4.965735301360127 2.1383275882042777E-10 1.0000000004144425 2.5012116942514954E-5 
4.999859355095518 0.9999545077478623 3.9059571093563674 0.003852775450241287 1.0000056256481356 0.0028623216474335886 
4.99942564515031 0.9999566866040102 1.3206825475637962 1.6207107016286094E-5 1.000001229601139 0.0045105366928925306 
4.824976665855487 0.9522628721064061 1.0000035267764622 2.0898958871641036E-10 1.0000000013350974 3.279085113509062E-7 
4.999816231482379 0.9999542803517463 3.0696207301434333 2.011001498210794E-11 1.0000000000234832 1.1461976235513588E-6 
0.6486787446347877 1.3518166419581459 1.039191132856065 2.8280030555520994E-7 1.0000003370804134 0.0011553219331185945 
4.649608607376083 0.9100709239051 1.000118416074547 4.851917946006979E-10 1.000008446510153 8.962982960606897E-4 
4.620470076035206 0.9511769464027026 1.0000203226183342 9.93720786223136E-13 1.0000005135236023 5.549448792971541E-5 
4.999436178932886 0.9999268217769247 4.901324760988947 1.281844115116002E-7 1.000000029826915 2.6520903666249127E-4 
4.453600765626946 0.8724783641723759 1.000786995905078 4.237493936952537E-9 1.000000338836022 1.8865503639690397E-4 
0.0011871832363688486 2.000899508794434 2.8391050972850613 5.252659725941567E-7 1.0000000053320648 3.5127276376322928E-6 
4.693012362903579 1.0000057514869174 1.0000004574543022 7.479692234646767E-10 1.0000000003911884 0.0012394625354167355 
4.999432336507868 0.9998511107321064 3.271256085508513 2.685640900029098E-7 1.0000005249101123 5.283181159809703E-4 
4.99942564515031 0.9999566866040102 1.2981238304343379 3.8307675003070544E-9 1.000001229601139 0.008171820241486383 
