1.0235292921116543 0.9764733243868639 1.000000035138817 2.709395029257876E-10 1.000000053109067 1.6583821110805787E-5 
1.0235292921116543 0.9764733243868639 1.000000035138817 2.709395029257876E-10 1.000000053109067 1.6583821110805787E-5 
4.999913797609101 0.9999733801030619 4.999979147608569 2.7740231799907316E-7 4.9999999146369545 0.032007831256332386 
4.350924197560857 0.8739945495016322 1.0548529962328466 4.496086271184741E-5 1.000000120116607 2.4406976766281176E-5 
4.226838783337289 0.8284509331974916 1.0311795269333865 6.192537804483657E-8 1.000000150610158 2.4406976766281176E-5 
4.999602268556924 0.9999742307945176 4.026332985356165 1.8485588873756557E-6 4.9545867287101375 0.22879919739423726 
4.417057898899662 0.8719167749213892 1.000000035138817 2.709395029257876E-10 1.000042547104222 0.08663784017894818 
8.572317263365571E-5 2.0000166804817847 2.955188401462701 1.2119114024664382E-5 1.0000000299369798 0.012373480311890072 
4.999646566834467 0.9999737537719792 3.7200477542091406 4.952629251063317E-8 4.98493849456548 0.15296576192638034 
7.425119522417845E-4 2.0000188843233726 2.3964251217599037 7.137965212298471E-10 1.0000035377101781 0.022410599015693734 
0.7832139142553959 1.2191442299046602 1.000000040802212 4.736568812115144E-11 1.0000000047970026 1.9175827489844494E-5 
4.708724098089582 0.9960761751452503 1.000819839955089 9.865893630537437E-10 1.0000053939268003 0.23518951941210658 
4.64819196628149 0.9899717996492212 1.0474628524617924 6.06053477374916E-9 1.0000521982709978 0.055093089784326255 
4.90950470301293 0.9985465052277345 1.062116322162073 1.1131729883449385E-7 1.0001854039422973 0.03219554949478687 
4.999760993036074 0.9999737325110651 3.258134415151897 2.6288508180704527E-8 1.0065300928355507 0.442110748263402 
4.501037887007795 0.8702655314621184 1.0006509667285046 4.9537101972738696E-8 1.0000051736921451 0.015425777077073419 
2.8395037527478302E-5 2.000018884322646 2.645594479130582 1.2562747388967337E-8 1.0001880327165842 0.09321084782551287 
4.999902115526072 0.9999736433819981 3.366912858319297 4.989527774641931E-6 4.950119358991101 0.19821411175347567 
4.999893979387668 0.9999948857510488 3.5350096107389386 3.2247528172432847E-8 4.998441565881843 0.03372240347678976 
4.999565982381944 0.999883628541761 2.3255330839843995 7.709354979656407E-7 4.979424839212828 0.30001382299405444 
4.856188668044169 0.9602671511393718 1.1334692631024408 3.154036502464348E-10 1.0000002963880303 0.012879735318880214 
0.05773027647065998 1.95133817211256 1.0657594198451181 1.0605863518318714E-8 1.0000095624883127 0.007488522613461265 
4.999752250704346 0.9999643437735616 4.172582928669575 3.588599881714392E-8 4.999212931482227 0.029347155587685504 
4.999758723345398 0.9999733812195228 4.734983856786044 1.7012029961333672E-6 1.000006357207238 0.02976783474586726 
0.9855639810942138 1.0152882438155153 1.0322384895800347 2.2150920287586134E-8 1.006194932126754 0.05005268495771653 
4.9999149147685635 1.0000014862671185 4.516159381441356 9.876116195168341E-8 4.936151421122306 0.9498799306854583 
4.587611678731782 0.8735366307960406 1.0000103066988075 6.4135400737446E-9 1.0000053952710624 0.012815701244658168 
4.999896149814489 0.9999943354694885 1.929357120114199 7.603582249560254E-7 4.997604310023872 0.03372240347678976 
4.9999149147685635 1.0000014862671185 4.516422711730068 9.876116195168341E-8 1.0232060845506001 0.9867465334154096 
4.999758830953321 0.9999731761918133 4.896113905073917 3.8128182124547683E-6 1.000000849732015 3.421458202167993E-4 
4.606795859721655 0.8706742292395038 1.0000023622179446 1.219575760424886E-6 1.0000047019403642 0.009775415523384096 
0.10104076113156935 1.8993842671187073 1.000002234101205 4.060440726855708E-10 1.0000000840559562 1.4765452822901515E-4 
0.35323356817156715 1.647863383087109 1.0965819928064346 6.19745407881522E-11 1.00018961212099 0.03879957915470418 
4.9996076070069115 1.000013584853645 2.657022763276405 6.367234365719142E-7 4.957005066956634 0.2332756913377591 
4.999646566834467 0.9999737537719792 3.6344408284382057 5.872171166418535E-8 1.0001125734232381 0.15296630370041506 
4.114409274394391 0.8735366307960406 1.0006509667285046 4.9537101972738696E-8 1.0000053952710624 0.0019080976195803047 
4.963126913234515 0.988477704766549 1.0000274903982955 8.463156010290403E-10 1.0000906967325989 4.2985145610697356E-4 
4.999646566834467 0.9999737537719792 3.4919708876793294 2.4271026236024203E-8 1.000040829307212 0.021565637956914383 
2.8395037527478302E-5 2.000018884322646 1.8877983927314408 4.6975880774207234E-7 1.0000039060277783 0.09826365639115156 
4.9997837583464335 0.9999733872592632 1.528763024374415 3.5305714402084924E-6 4.999946005204804 0.05532968717576803 
4.999884819311708 1.0000326812659812 1.0741406119290147 2.4373351726554E-7 1.0000068020278392 0.020923838301018252 
0.7549096173581127 1.2515005286331415 1.0357394219227372 7.081564229951681E-8 1.0000518483266179 0.0011222868669925616 
0.26342269791767303 1.7427798480639425 1.0000003844419407 7.937694522823498E-11 1.0000000056105747 1.2251173307958573E-4 
4.93023796323685 0.9902129151603677 1.0026876906626414 5.890146531187152E-8 1.0000787256189871 0.15283586411000555 
4.164970553244039 0.8741626118666651 1.0548529962328466 9.89326271056044E-7 1.0000002259540117 3.433160169936442E-4 
0.5364164765965307 1.4704858822256432 1.0101743928889795 4.009723645373329E-8 1.000139629433495 0.061799817782548117 
4.999601322747908 0.9999742369362468 3.0134534461014715 3.635165792138683E-10 1.0003486848605998 0.02571243480745114 
4.999912577937587 1.0000014892439935 3.103492431490491 1.7826384273119972E-6 4.9999996441306696 0.007405581894768988 
4.999893979387668 0.9999919596289518 1.0246093630958937 3.185062370600709E-8 4.998441565881843 0.0977777113668887 
4.999600459486694 0.9999742394288502 1.690762297938451 3.6585904105460124E-6 1.008257802495727 0.10041270325533246 
4.999646566834467 0.9999737498525656 4.384416301908857 4.3207346489540504E-5 1.0121190809570746 0.08935308475457154 
0.1563226679477765 1.8495793468118626 1.0473148775638534 1.8624960635091245E-8 1.0123436716017498 0.09145054501529307 
4.067275192916945 0.6931950388327308 1.0059746032190906 7.76254510471947E-9 1.0000003530598296 0.005591252180395467 
0.37666331165617606 1.6239036169327317 1.0000000006411334 3.2038160345459387E-10 1.0000000533739652 6.314944158443015E-4 
4.530184513576257 0.9621144229976681 1.098469876201344 1.344340262093962E-6 1.0003398872685128 0.23367150193284272 
4.759796481832983 0.9761696492598477 1.0000001181865825 1.9636403751762546E-7 1.0000019891269798 0.0018307475953357804 
4.999646827222978 0.9999714009758832 1.8970181764341638 1.0618845844314513E-7 1.0000699358264213 0.15296576192638034 
4.8069361848337975 0.9754622611441603 1.0000001181865825 1.1077380358976968E-7 1.0000021665028243 0.0018498201090985213 
4.053057701036216 0.6971376144288713 1.0000098948479168 1.7580251579200904E-8 1.0000003347038844 0.012879735318880214 
2.6333280754149597E-5 2.000025104494383 3.254819976672353 4.5409343838838805E-7 1.0000000106810378 0.0011058009548839155 
4.285786808013212 0.781856933270361 1.0008901716694467 4.3505213291275754E-8 1.0000045160111866 0.0011066607777224275 
4.759796481832983 0.9761696492598477 1.0000005252237805 1.9636403751762546E-7 1.0000886919743222 0.0018307475953357804 
4.999646566834467 0.9999737498525656 4.443771152552552 4.3207346489540504E-5 1.0001125734232381 0.0019811836980702935 
0.5555191495596962 1.4482354954319698 1.0000562799057984 3.006770540274996E-9 1.0000051699602144 3.410969940336947E-5 
0.0035379321753943316 1.9986218347947444 1.8142048124491907 3.690936689225243E-5 1.0001426628289545 0.012780564778902034 
4.999758109593991 0.9999727255503006 2.8227492924310136 3.5374279753925995E-6 4.990332206456912 0.347855533497494 
4.456515292121788 0.871494690467088 1.0110680086651473 2.5480771996488427E-7 1.000023029631501 0.012571779018168375 
0.4465776486246549 1.5679442179094258 1.0169845150329464 6.101783352060335E-9 1.0000208617755182 4.2740783587982834E-4 
0.6427362032371804 1.3580435126305765 1.0001591691530862 4.503182465643458E-5 1.0000009105164527 1.0468612176781674E-5 
4.999646566834467 0.999883046020959 2.253486992516242 1.195766625786437E-6 1.0000901451901325 0.15179193378248967 
4.999565982381944 0.9999145794766608 2.581825400538616 8.834540124713068E-7 1.0327478235936198 0.30001382299405444 
4.9999018165366005 0.999974621945977 4.821498023494682 1.9138940154539474E-7 4.999997557559052 9.64210400932787E-5 
4.999758830953321 0.9999536529732402 3.8492225666468656 3.152296540278674E-6 1.0000438928486532 0.012816408760741804 
4.982256475764966 0.9999732034904187 1.0424641790177946 4.432974419277338E-5 1.0001123847551157 0.10616209376061547 
4.849424478018646 0.9606806640629063 1.0000584393154466 7.76254510471947E-9 1.0000002963880303 0.012879735318880214 
8.081631654805691E-5 1.9999421465393898 1.0000155902968395 1.4552878689399309E-9 1.0000000106810378 0.0011058009548839155 
4.297164386342312 0.7878373633353859 1.0003618055971044 3.984007447034168E-8 1.018802217159874 0.42582960350416965 
4.999758367886291 0.9999737650001456 4.3574084130305835 5.01125376765644E-10 4.999477881250973 0.22654330587681132 
4.999758830953321 0.9999536529732402 4.19256507043945 3.741367197834833E-6 1.0000457217163168 0.08585776189216368 
0.18397455472977975 1.8161079635980981 1.0000543732439675 2.806249254051903E-8 1.0000000060861278 1.874310774848671E-4 
4.999765212818097 0.9999733818674817 2.945357711674817 3.5374279753925995E-6 4.990332206456912 0.16566048015080348 
4.999646566834467 0.9999742563008327 2.3596964999218395 1.4404458972969432E-6 1.0000901451901325 0.15179193378248967 
0.6415761225385517 1.3664942510988782 1.0006534085163021 5.383920373870368E-7 1.0041615907424868 0.025955316016141514 
3.1664498619816504E-5 2.000020074473516 1.172179517421183 7.659093989357646E-8 1.000007834949148 0.08966389441792266 
8.081631654805691E-5 2.0000273466268736 3.2860169107930304 1.4552878689399309E-9 1.0000000106810378 0.0011058009548839155 
0.24861926219317557 1.7539719699219616 1.062116322162073 2.2564940108598284E-9 1.0001854039422973 0.22852633856641863 
3.165999764796946E-5 2.000018884322646 3.4961636603022153 4.009723645373329E-8 1.0002016162961218 0.08859451131156676 
4.140805663480553 0.8284509331974916 1.047565200037728 4.349011796446908E-5 1.000000150610158 2.4406976766281176E-5 
4.9999018165366005 0.9999742343629076 4.663705233095454 9.508990964186741E-8 4.999997557559052 1.0588758856950112E-4 
4.451597856703162 0.871494690467088 1.0035033172041825 2.5480771996488427E-7 1.000023029631501 0.05793906755788468 
0.4465776486246549 1.5679442179094258 1.024964590334907 6.101783352060335E-9 1.0000205009746215 0.15778766385711895 
4.999893979387668 0.9999724577759288 4.906668247321185 3.2247528172432847E-8 4.998441565881843 0.03038379407878763 
5.9597145499435666E-5 1.99994095638852 3.4961636603022153 2.642066209811589E-9 1.000073295054631 0.0011392465321247089 
4.999603931908366 0.9999737498525656 4.02194622767743 2.2349728879448367E-6 1.0001125734232381 0.0019811836980702935 
4.999644903483025 0.9999742307945176 4.355809488239139 2.1254407840250304E-6 4.9545867287101375 0.22879919739423726 
4.999603931908366 0.9999737498525656 3.8835150251296024 7.266644156787109E-7 1.0001125734232381 0.0018359007466701854 
4.530184513576257 0.9621144229976681 1.03134028893194 1.344340262093962E-6 1.0003398872685128 0.021518624431833222 
4.681287986530055 0.9739757874140282 1.0026034207551973 3.353980677680727E-6 1.0000006380885975 0.0011101993342687744 
4.9999018165366005 0.9999742343629076 4.663705233095454 3.611149296243123E-6 4.999997557559052 9.64210400932787E-5 
4.999758723345398 0.9999742241020351 2.916487863112469 1.9361603174904144E-6 1.0003504210100533 0.02976783474586726 
