4.999271931970117 0.9997579177606677 4.999990335704495 2.8464580745693855E-8 4.999999947540842 0.04456532398410559 
0.9072844104705542 1.0929424704637187 1.00000002400879 1.5037828043657253E-9 1.0000000981454185 3.2318993652378516E-6 
0.6741513665702197 1.3265229404903258 1.000000418780937 3.600210755784523E-9 1.0000000383698235 3.61920501363462E-4 
0.6102606278623621 1.4075811778193135 1.073717126291047 2.6162873971653407E-8 1.0000001406693686 0.031796191377770885 
4.999272562596508 0.9999856712232189 4.124438239722705 1.4395658941275576E-9 1.0000491135414835 0.20368932491511713 
0.10048863023015923 1.904451343007122 1.0000005777414067 4.1955542092069653E-7 1.0000009138184325 1.3376091960896853E-5 
0.45350247467390115 1.5468573284896825 1.0113986581018226 4.801319351395791E-9 1.0000002750060646 1.2372998019379022E-5 
4.055863823264515 0.7299715138133843 1.0004782099928615 1.4268631874483683E-7 1.0007337968929055 0.15846034365020473 
4.99927056065149 0.9997889447468248 3.2814585695825937 4.024951783375639E-9 1.012252494547088 0.14186396669758078 
0.8932201463108367 1.1072637636777063 1.0779106551653996 1.3609915765484073E-8 1.000000100232521 4.9969334181003584E-5 
5.489243543681807E-4 1.999987319787715 3.3578580433296272 9.219055196968243E-10 1.0093698514568472 0.06730532776463037 
0.19192549033429984 1.817657488073555 1.0292385475520063 1.212401674241272E-8 1.000042379082433 0.3118131307216364 
4.999272562921393 0.9997598044854811 3.6468652277444327 4.683813028469016E-9 1.0006958084156679 0.05783244746676025 
4.335040170091642 0.8016169112218661 1.0013454383361606 3.600210755784523E-9 1.0000000479813094 0.1418485446462135 
5.679919404739429E-4 1.9994531803286935 2.582002667165069 1.4422562548928167E-9 1.0030357182072684 0.015812383169171433 
4.999271874157078 0.9999879819532695 2.819949982997963 9.827619164009767E-8 4.999999750834994 0.40636750675505556 
6.317424554686777E-5 1.999987319787715 1.515552645479956 2.934720776405511E-8 1.000008210154188 0.015435686091654695 
4.642704506594193 0.9932556124367017 1.0083371776250272 1.7269002295499578E-6 1.000014124093611 0.12760278697984165 
4.999270329062145 0.9997667821009942 3.737875058270088 2.1769909874267336E-8 4.99097013416633 0.5398417875657954 
4.2618620524136555 0.8016169112218661 1.0562941123894747 2.1000617232632945E-8 1.0000132812952096 0.0013298382868299763 
0.4153450821259237 1.5892993763442578 1.080143293261242 3.7483203773995606E-10 1.000010334697207 0.03011707164285797 
4.7400077997022105 0.940110902906825 1.000257639661501 4.186357449431491E-8 1.0000135443329794 0.0019587038335576908 
4.999270347558481 0.9997828560983283 1.0606450976017718 1.9153995372709723E-7 4.929208659502349 0.35791002820941564 
5.489243543681807E-4 1.999987319787715 2.8205940980908037 1.4002288987733243E-6 1.0093698514568472 0.06730532776463037 
4.773070476923175 0.9390299934753886 1.000257639661501 1.788843351025998E-7 1.0000148318009185 0.009529343891583837 
4.9992719901812 0.9997602905616726 3.8014751874931867 3.8544689717532123E-7 1.0000102172500196 0.22672158240328516 
4.999270650039888 0.9997960154673938 2.1157694097150994 1.1321868646697316E-5 1.000648314893887 0.0582187683582584 
4.999270649678771 0.9997865679657756 4.205257524285541 1.1915574422417534E-5 4.997945615672858 0.4158962112150324 
4.456557327086732 0.8838989872739789 1.0031599593856957 5.703325239225261E-11 1.0000004277643175 0.03002067389516529 
4.384240307768922 0.8838989872739789 1.003503343775364 5.703325239225261E-11 1.0000430805845795 0.03002067389516529 
4.999272592637028 0.9999832598063746 4.29906663166329 1.4395658941275576E-9 1.0000491135414835 0.6069197119275326 
4.568060708874102 0.8943993258880799 1.00000465810274 3.281098983039389E-7 1.0000016663925755 0.0012280242744691727 
4.999270344351558 0.9997836960068784 2.7504688529611316 2.1090074956925767E-6 4.895538987466067 0.690073885085755 
4.292368993810765 0.8016169112218661 1.1012868356916936 6.793382249407727E-9 1.0000102016764356 7.997568982472808E-5 
4.160927422019686 0.7933444638346255 1.0031705732550225 3.9665350321330465E-7 1.033435854177079 0.23954061000538251 
0.03510028042097696 1.9802811227195227 1.00000012264783 5.08848465708568E-10 1.0000004257748896 1.7373049554557063E-5 
4.690318714329998 0.9266140829633043 1.0000053689119273 1.4820686663478707E-10 1.0000093422064669 1.8828819851817087E-4 
4.999270346651185 0.999789104917681 3.9315323745885755 1.0457841781654863E-7 4.999742181596198 0.005769563720768619 
4.539309081968781 0.8805202781923208 1.0002790785962388 1.0645221963164432E-6 1.0000144625548633 0.005297534004967793 
4.85514012466952 0.9973795640386979 1.0022285562023854 1.7885467680259518E-7 1.0000270631799684 0.004573156103031767 
4.999270650764403 0.9997863026733241 2.4385817405973933 1.1278187033878887E-7 1.022951038006086 0.35791002820941564 
4.999270561559338 0.999795966990134 4.1446870607890745 1.0868213471321593E-7 4.936444662263755 0.35791002820941564 
4.817769706803102 0.9441271397077949 1.0005564430587313 1.66559929534108E-9 1.000000072721863 0.003557109051076193 
4.999270559159664 0.9997844744388172 3.0724116939575397 1.0502632838683924E-6 1.0006928014591854 0.003140774387461403 
5.922629348512412E-4 1.9994542247018514 3.083241934631585 4.20013826523273E-8 1.000000404431289 1.0430958299603114E-4 
4.141450689001392 0.7150832713610585 1.0005310942108419 1.2374494361817063E-6 1.0001305557808826 0.03706237371071569 
0.0033608947298993577 1.999454223744591 2.168252551592823 1.0972227982286371E-8 1.0030357182072684 0.022464399248758093 
4.999270362686775 0.9997673026235473 3.491645837678765 2.272047179684955E-8 4.999313770933166 0.005769563720768619 
4.999270606588478 0.9997602973792706 2.902275647586531 4.088193579861354E-9 1.0000757768252113 0.009572500497793826 
4.999270535177165 0.9997889841162886 2.6572583378200356 3.1210223941046006E-7 1.012331209621689 0.14186396669758078 
4.999270329501167 1.0003234313147549 2.314659298604672 1.266848102898771E-6 4.9999187810629895 0.1883290967587523 
4.999270560483118 0.9997869595864854 1.8165523625874518 1.5663035086452968E-7 4.9524095210537755 0.7383676197176345 
4.873595999324159 0.9712396156870374 1.0042803522533263 5.664325181377953E-6 1.0000107601753954 0.04408166718712815 
4.993892098892683 1.0015033940799332 4.441090048175188 1.32026968977118E-9 1.0651008819645698 0.289671165486343 
4.903506730726022 0.9880248140762424 1.000257639661501 1.2407801918333524E-6 1.0000326654561265 0.0017082363811025125 
4.7034442102133625 0.9980120276898555 1.0083371776250272 1.2629116048166285E-7 1.0003104751242515 0.012807098363512837 
4.999270400938059 0.9997581366840186 4.960022829620381 1.0348301817176088E-6 4.994678446258167 0.04436353999953016 
0.32359732819380954 1.6794267851827398 1.0006335547859984 2.6154499096604677E-8 1.0000000346264055 1.5173150327272198E-5 
4.999270350405884 0.9997905812349336 3.228781360072328 1.0648589218713181E-7 4.965003982066513 0.13882068367197564 
4.999270561559338 0.999795966990134 4.459769545063679 1.0868213471321593E-7 4.933417288435293 0.35558447512504093 
4.215372700328317 0.7483072427470062 1.000257639661501 4.0514969475980215E-8 1.000000416094942 1.1688567976956632E-4 
4.604041989712597 0.8805202781923208 1.0000326340374257 6.65349091152588E-5 1.0001374942339738 0.029949306021853746 
4.999270649733167 0.9997865679657756 2.132579369521366 6.389071512695502E-8 4.997945615672858 0.14742763548645202 
4.428445574446552 0.869468246244109 1.0006775253252727 2.167602881708976E-8 1.0000016663925755 0.0012280242744691727 
4.803390120770828 0.940110902906825 1.000257639661501 4.0041974506901594E-8 1.0000003670669768 0.0035649507596725426 
4.99927054111377 0.9997693265268417 3.227393571663022 4.372102248192768E-8 4.965003982066513 0.1448033298549144 
0.2583731833009121 1.7417095384575771 1.00000022454665 5.087755924267539E-10 1.000000422698842 1.1043101927905456E-5 
4.999270362686775 0.9997885444353114 3.522143995751264 2.272047179684955E-8 4.999966336910725 0.005769563720768619 
4.999270560889218 0.9997960154673938 1.673898301901023 0.02204261913559249 1.000648314893887 0.1617184444375339 
4.496470958149445 0.8859855091949408 1.0140326477480908 3.129536390646404E-6 1.0000018696354536 0.006875464676357884 
4.999271952111575 0.9997594922431534 4.76081176869685 9.1176410113712E-9 1.0133030820500135 0.06243415391151089 
4.999270422891485 0.9997594922431534 4.6294691620052255 8.88610309741687E-9 1.0029857710195924 0.01972594746271958 
4.99927056065149 0.9997889447468248 4.569414644173713 1.4248919839014015E-8 1.0058664256445298 0.14385840047828938 
0.0033608947298993577 1.999454223744591 2.168252551592823 1.0972227982286371E-8 1.0030357182072684 0.022464399248758093 
5.922629348512412E-4 1.9994542247018514 3.217827942862386 1.9445015447935376E-10 1.0000004077170812 0.0013618150292367011 
4.994822181998329 1.0015186516272057 1.000257639661501 1.2407801918333524E-6 1.065662100162434 0.39081372571265194 
4.612654006202599 0.9885320497944861 1.037385774797169 2.5779464231613633E-8 1.000578805506639 0.2465555742284508 
4.500380310102916 1.038347356871431 1.013327803299297 3.129536390646404E-6 1.0000018696354536 0.01618655783755865 
4.096123618184624 0.7139246787302548 1.0086003513372388 1.215535229557585E-4 1.0000042418768982 0.14693339813931217 
4.999271952111575 0.9997594919960588 4.786172225045818 9.1176410113712E-9 4.99999992730838 0.03172298027068565 
4.920299824469172 0.9981896482970898 1.00000002400879 1.5037828043657253E-9 1.0000000981454185 3.2318993652378516E-6 
4.999270661052454 0.9997891396007539 4.4668745612594485 7.290693773755446E-7 4.999968712788192 3.975045082972627E-4 
4.999270650039888 0.9997960154673938 1.7422538500578018 1.1321868646697316E-5 1.000648314893887 0.43018701924096125 
0.32235034280110586 1.6797016026961173 1.0831450197328096 2.517901540278329E-8 1.0000000992288722 0.00204010483123461 
4.999270422891485 0.9997594922431534 4.6294691620052255 8.88610309741687E-9 4.999968274284601 0.03499253112390607 
4.215372700328317 0.7483072427470062 1.000257639661501 4.0514969475980215E-8 1.000000416094942 1.1688567976956632E-4 
4.999270560483118 0.9997869310107077 1.4624348544898562 5.233695155608037E-10 4.999904973448404 0.10287437248774645 
4.999271931970117 0.9997670838900077 4.686401963838403 2.8464580745693855E-8 4.991287009179354 0.047882013767087866 
5.172300367899422E-5 1.999987319787715 1.0995325441761925 2.8298317717867832E-8 1.0000130258617825 0.01632580577272469 
4.091003295534652 0.7299715138133843 1.0084753751346627 1.3477870712130728E-7 1.0000042418768982 0.14693339813931217 
0.24060617084788927 1.79406783748169 1.0305259431246143 1.025266362271249E-5 1.0000003560132984 3.5295341709833984E-4 
4.965104869295022 0.9997170647185887 1.0002676422741261 1.0401390703908732E-7 1.0000003560132984 9.345465524461315E-4 
4.999271952111575 0.9997594922431534 4.76081176869685 9.04499695287611E-9 1.0116033842679932 0.06243415391151089 
4.985000944969974 0.9997594922431534 1.0142714963028758 5.3191378606237036E-9 1.0025231849994478 0.019555308062646666 
4.999270328741623 0.999765656633548 3.737875058270088 2.1769909874267336E-8 1.0568332332703925 0.5435876424843958 
4.936670010402752 0.9931392068790751 1.0869035480105773 2.2032160365281247E-7 1.0000148318009185 0.005784664302439013 
0.008900007944599497 1.9914893710039954 1.00000012264783 5.08848465708568E-10 1.000000422698842 1.7373049554557063E-5 
4.999270362686775 0.9997673026235473 1.2516237032074329 2.1586660751798602E-8 4.999313770933166 0.005769563720768619 
4.999271952111575 0.9997594922431534 4.7801271826593394 9.1176410113712E-9 4.99999992730838 0.0037055091952634678 
4.9675892543221165 0.999888417102081 1.0002676422741261 1.0401390703908732E-7 1.0000003560132984 9.345465524461315E-4 
