4.999274584074931 1.000412862843733 4.999998919302199 8.43896204383667E-17 1.0000025526020777 0.005838011046135525 
1.012359554040792 0.9876467703372059 1.0000000582246653 1.1956787502179164E-9 1.00000000003166 1.774230947356723E-5 
4.600050886337486 0.8706290373628094 1.0641030816302917 1.3044675282761602E-7 1.0000003864771525 0.0010016051997891408 
4.1055271425955135 0.7611590043447222 1.000159479536393 1.1956787502179164E-9 1.000000000000829 1.6294276535020116E-5 
4.059014984999013 0.7500072010056354 1.000039553138859 1.557887635608329E-9 1.0000000642400917 3.985959934155771E-4 
4.999227827206542 0.9998378407314943 1.4680715203943144 1.4883431142925712E-7 1.0000000262347364 6.509042565721826E-5 
4.539526679363123 0.985794345414884 1.0003919644116337 1.4933159538569297E-9 1.0000027526425552 2.3683523532067497E-4 
4.999011229168313 1.0003944387042938 4.383830086463064 3.382262794313754E-6 1.000015491001637 0.036989959115903734 
0.7146733125837449 1.2855006187688478 1.0000003417267256 2.7747903138591938E-8 1.0000000052744404 7.699884319794804E-5 
4.647527781187007 0.9105505353506735 1.00001028551532 1.2290289583289535E-9 1.0000000153775304 0.02836652626624455 
4.998997845588769 1.000401765343329 2.7766742913261533 1.105854023438594E-11 1.0000025526020777 0.038902055710997446 
4.999137974018044 0.9997188573276617 4.962197140216861 1.4787008773941284E-9 1.000000005646599 9.242485697877074E-5 
4.999274584074931 0.9998285026319762 3.442841144895658 2.9369832408181793E-8 1.0000000027379476 1.424089354285758E-4 
4.33987590846099 0.8177406094269415 1.1205324887129438 1.5433382663920583E-8 1.000000571365114 0.0015874513053812903 
4.999011251188329 0.9997343261728151 2.246209158432055 2.409031813829835E-11 1.000000014569659 2.989443166390915E-4 
0.2818371741673422 1.7209112541084286 1.0000017733745856 2.2246946144861656E-8 1.0000000007689567 1.136615548755957E-4 
4.412075052295177 0.8192096176153902 1.000340105911378 3.6432057921581393E-6 1.0000000001160179 0.003125107468161248 
4.82352314189432 0.9875621474399547 1.0080224083345937 3.299470118714089E-6 1.0000003792456482 0.0314821917457834 
4.731224334194261 0.9105505353506735 1.0000018479359394 2.545495005390525E-9 1.0000000202782964 8.145717908559988E-4 
0.5032223837988343 1.497064696025521 1.000550007755569 8.488972607804156E-11 1.0000028081791825 1.3881977393635217E-4 
4.779736409680517 0.9806012101148789 1.0641030816302917 1.3385619278216252E-7 1.0000000109831018 9.573105430992108E-4 
4.999141553359174 0.999734926269683 4.220906936247871 7.43874499899498E-8 1.0000000133189424 0.0026844564598546626 
4.999226342829279 1.000306560162094 3.6404839044633057 2.898537172761862E-7 1.0000000198658392 4.621795312453977E-5 
4.999011291044985 0.9997342745301463 3.84649006149989 6.576534441612904E-9 1.000000029658889 3.3709189089414955E-6 
0.5644994690962299 1.438515422526728 1.0001274940862197 3.441156121113853E-6 1.0000000168797452 2.0777758338908563E-5 
0.8338075122089741 1.1662198503474472 1.0000034317806914 1.1547645317650041E-7 1.0000000000305167 1.7820598322224785E-5 
4.998997775558732 1.000401765343329 2.933393436227591 1.105854023438594E-11 1.0000025526020777 2.9966022806041147E-4 
4.765909990981324 0.9881557896931974 1.0000162657485798 1.6658926992013178E-10 1.0000003732712837 9.484117801108664E-4 
0.2394045373415934 1.7615140207097213 1.0047835447713007 6.763983921623883E-14 1.0000002014940472 0.006744936634467746 
4.999018870217436 0.9996732473709985 4.630164094982904 1.690848395235229E-8 1.00000000959582 0.011408204191955762 
4.999141553359174 0.9997447081061215 4.017312407443816 1.6057861241921331E-9 1.0000000066400132 0.002675989716542421 
1.0075325104998545 0.9951445676534374 1.0002208233296166 3.552612464261476E-10 1.000000006761561 0.12169141720193336 
4.999274584074931 1.000412862843733 1.949953963624391 8.43896204383667E-17 1.0000025526020777 0.005838011046135525 
1.7423661319362384E-4 2.0001002284041745 3.0592517312216256 1.347986269433997E-7 1.0000000097128219 0.001718692132082239 
4.160843284499413 0.7533726128593218 1.0001047819828828 1.6164445765781824E-6 1.0000002906433527 0.031871562019577415 
4.668976073840809 0.9968495579436083 1.000352416257754 8.965107258702351E-8 1.000000000170776 1.4341987686378665E-5 
4.9795298315327186 0.9973138089408337 1.0000558687971883 3.6533762209825143E-6 1.0000000000557274 4.551716811628838E-5 
4.999226342829279 0.9997449052867948 4.744612075664342 1.2241339894288766E-8 1.0000000145025014 0.5687839155781299 
6.310710451041812E-4 2.0001343151648467 1.0002318939601487 9.61464295937419E-5 1.000000075048299 1.6158056548095257E-6 
4.9990112568956 1.0003560240518503 3.1058839006262806 1.614655735642944E-9 1.0000000060954088 1.0960105614624864E-5 
1.393057885354649E-4 2.000100462479904 3.207354851486907 3.0731380078743898E-6 1.0000000711281547 0.0022242844204978275 
4.492284574790774 0.8706290373628094 1.0641030816302917 6.779400948337141E-9 1.0000003864771525 0.0010016051997891408 
0.004997356344417225 2.0001023609868147 2.3173499810293148 6.645465731106412E-12 1.0000002018664889 0.03940091769704879 
4.236704680698597 0.8139636980089846 1.000170915676513 2.541974937922318E-9 1.0000000000422484 0.0020398877981838448 
4.857817580013318 0.9755314212111068 1.115601078692586 6.847712883112591E-9 1.0000003949485372 7.116924921859481E-5 
4.28961563902994 0.8139636980089846 1.0001048605806906 2.541974937922318E-9 1.0000000000422484 0.0020398877981838448 
4.528351438548847 0.8571542361903691 1.0003919644116337 1.4931660808956532E-9 1.0000027935480438 2.3683523532067497E-4 
4.33987590846099 0.8177406094269415 1.000207645419649 1.5433382663920583E-8 1.0000003760601288 0.0015874513053812903 
4.273464455344676 0.7610675928323244 1.0000090152180263 2.3767232285526576E-8 1.0000000468069683 6.069882495702166E-4 
0.826442525755641 1.1735931217327709 1.0395477201847936 2.5434983697732167E-8 1.0000000913666591 6.171682600409945E-5 
1.0034057051105968E-4 2.0001002177704246 1.148388385279147 2.5319553394585267E-9 1.0000005482888012 0.09283918808335419 
0.42189962257130725 1.5993672266345862 1.0003596796884409 7.052457922064243E-11 1.0000000000492169 2.6080205386863706E-5 
3.46756049070418E-4 2.0001026444231162 3.549633461326895 7.591698462724536E-7 1.0000000020698683 3.62193805358041E-4 
4.841383252921695 0.9911034609531555 1.0000242927695144 6.445074404611942E-10 1.0000000122892618 9.477506430802083E-4 
4.999226342829279 0.9997449052867948 3.5749371171575848 5.098381707162651E-10 1.0000000145025014 2.791827070905764E-5 
4.202048592472561 0.7674882642257015 1.0080224083345937 3.299470118714089E-6 1.0000003677292981 5.443293658501328E-4 
0.06213438060090606 1.9378957238906742 1.0250026093211555 1.400012801898569E-7 1.000000094267695 2.702239977983464E-5 
4.916825695198047 0.9991575836971861 1.000352416257754 3.708885883940266E-8 1.000000015383079 2.5977381089205276E-5 
0.43588479836879646 1.5643301921356778 1.0000008201248456 1.4027738610482719E-9 1.0000000001915563 6.353829311598599E-6 
1.297441928148568E-4 2.0001023609868147 3.379665345685498 0.005050225724861714 1.0000000025998064 5.1541836470832636E-6 
4.999011251563644 0.9997343253026321 2.511125036976809 5.423353053623424E-11 1.0000000022497917 8.709090481903783E-4 
4.999011395538454 0.9996754746727319 4.694266407910739 2.1885155788399176E-9 1.000000005182721 0.011408204191955762 
4.459260160388252 0.8306891845795431 1.003196549556409 2.325091664177794E-8 1.0000028635876685 1.8572044050126893E-5 
4.999141553359174 0.999734926269683 3.905047262967636 2.189767612920764E-8 1.000000025286083 0.0023607993362470612 
1.0034057051105968E-4 2.0001002284041745 2.4431232757742056 4.863176938084442E-8 1.0000002044950391 0.024783944593370168 
0.1783899266553225 1.8236086715205828 1.0531876858763312 1.0640670030751774E-9 1.0000002903238359 3.152831856286014E-5 
0.3543446172648863 1.6457574841518863 1.001874034891108 1.315871936653247E-9 1.0000000017103643 3.7793751045314206E-5 
4.432457850661658 0.8306891845795431 1.003196549556409 2.325091664177794E-8 1.0000028635876685 1.8572044050126893E-5 
0.18618301519472974 1.8213937847660209 1.000004472313092 6.66797181358828E-8 1.0000000013708508 4.592301543704299E-5 
1.7312643520680918E-4 2.0001002284041745 2.6624400959368586 2.322024868281507E-9 1.0000000051017188 6.89111500012387E-5 
4.9417506684298305 0.9935900961610937 1.0001708370787052 3.404619797302707E-8 1.000000008690645 0.031938495573705254 
4.6984504251252375 0.9105505353506735 1.0000040960875398 1.1346404613105818E-9 1.0000000142433452 1.5558506038184327E-5 
4.999011257192737 0.9997343253026321 2.5110990423156383 1.4768011434051397E-10 1.000000000446297 8.256208337319127E-6 
3.46756049070418E-4 2.0001026444231162 3.549633461326895 7.591698462724536E-7 1.0000000020698683 3.62193805358041E-4 
4.999022504463999 0.999678974666189 4.494401138335426 1.780141211915591E-8 1.0000003449383703 0.025883414006333184 
0.11771760656037289 1.8828002725088855 1.080164762784871 1.7336820174441213E-11 1.0000002575361808 0.005572605039161065 
4.9990112568956 0.9997343253200727 2.021181192354521 1.4768011434051397E-10 1.0000000003692424 1.209647214983579E-5 
4.160843284499413 0.7533726128593218 1.1409618322698512 1.7472879465071456E-6 1.0000004149052306 6.657586163340973E-5 
4.901864849200933 0.9996288677748546 1.0334310285278696 1.1609505299184316E-9 1.0000003600023517 1.5240063408244865E-6 
1.4638945056404335E-4 2.0001023609868147 2.0179306753571598 6.645465731106412E-12 1.0000002018664889 0.0404676429087974 
0.004997356344417225 2.0001023609868147 2.889754894425375 1.6771106573254838E-9 1.0000000168209429 0.00159690620786717 
1.7312643520680918E-4 2.0001002284041745 2.700735224282541 2.3483109078277647E-8 1.0000000064395267 6.89111500012387E-5 
1.297441928148568E-4 2.0001023609868147 1.5982732987267314 0.005050225724861714 1.0000000055676883 5.1541836470832636E-6 
4.999226342829279 0.9997449052867948 3.2585362329462524 1.4286632556621454E-7 1.0000000380977148 1.8471534034989303E-4 
0.3543446172648863 1.6457574841518863 1.0000000521414223 6.905704432992217E-8 1.0000000000202065 9.084359795035764E-5 
4.7016279716660065 0.9082331870960708 1.1311400081702183 2.783408623497945E-10 1.0000002493274465 7.710587934651944E-4 
0.6358146604501237 1.3646135080751791 1.0001274940862197 3.441156121113853E-6 1.0000000250859906 2.495526598191033E-7 
0.12035829298751165 1.8842534656376349 1.0006576509640162 1.4521960402778409E-10 1.000000295947038 1.104055027797389E-4 
1.7312643520680918E-4 2.0001002284041745 2.911163808626919 1.400012801898569E-7 1.0000000064753753 2.702239977983464E-5 
0.06358250069972757 1.9384109398033027 1.0002318939601487 1.0946678183938028E-7 1.000000090755879 1.6158056548095257E-6 
4.999011291044985 1.0002391480692716 4.131440382703879 7.599887013845465E-8 1.0000003892285654 2.6555879838179855E-4 
4.999022504463999 0.999678974666189 4.494401138335426 1.780141211915591E-8 1.0000003449383703 0.025883414006333184 
4.952054887906012 0.9881557896931974 1.056024048264699 1.1609505299184316E-9 1.0000003700514812 9.484117801108664E-4 
4.217844640440508 0.8139636980089846 1.000171069244664 2.541974937922318E-9 1.0000000000406644 4.378486605897264E-5 
4.999226342829279 0.9997449052867948 4.744612075664342 1.2241339894288766E-8 1.0000000145025014 0.5687839155781299 
4.9990112568956 0.9997343253200727 3.199205803471763 1.4768011434051397E-10 1.000000205294685 1.209647214983579E-5 
3.46756049070418E-4 2.0001026444231162 3.311979774082088 1.6279293436822486E-7 1.0000000020698683 3.62193805358041E-4 
1.0034057051105968E-4 2.000086901105988 1.8814577812701851 5.25657020928413E-10 1.0000000032723435 0.031712081100849984 
0.6328630007279255 1.368051338893589 1.0000022463418312 3.4112425901957486E-6 1.0000003771252073 1.6412004120447345E-4 
4.883798757335397 0.9990722775722152 1.0148005536055684 6.752145348615527E-9 1.000000015383079 9.777160559560844E-4 
