4.999951075246951 0.9999859545533297 4.999999812028171 2.4874751914999376E-11 1.00000000009865 3.0409260189503243E-5 
4.999951075246951 0.9999859545533297 4.999999812028171 2.4874751914999376E-11 1.00000000009865 3.0409260189503243E-5 
1.0189787791779497 0.9816605076769356 1.0000000342306858 2.221582164866663E-11 1.0000000007086773 8.517910302618297E-4 
4.999907213759596 0.9999895389189714 2.7366903398669784 1.5914783838836782E-7 1.0000000007952212 6.868650468045373E-4 
4.988921961893127 0.9993929054146591 1.0017935359992076 1.645882169672674E-11 1.000003927742794 1.6357371708742067E-5 
4.999954389296772 1.0000320311482116 3.2100263878704483 1.8968722677805837E-4 1.0000000024561186 4.552243569778398E-4 
4.083869395302699 0.7440064411325464 1.0000172017483582 5.898355742575507E-11 1.0000084458500633 0.0014856996394145775 
4.999819316295344 1.0000504864101474 1.6081319746467777 2.992239986104533E-7 1.0000000028036269 0.0018454007729801353 
4.29353927309363 0.8421337568639026 1.026829502618522 2.2390250675466154E-10 1.0000000001996137 0.08906223173730189 
4.997383703920148 1.0000362289045168 4.350405855329145 6.581124974054782E-5 1.0000000645216085 2.7383457963276858E-5 
4.697911220244956 0.9092931223861981 1.0435332340778745 3.9564003037467396E-10 1.0000050201466153 5.680020396441694E-5 
4.528137225810666 0.8574697890544141 1.0004810216546143 1.9729082962296293E-13 1.00000001629608 9.310993680645997E-5 
4.910003911834687 0.9773674771311271 1.0000001024160745 3.191109199358236E-10 1.000000003649704 0.017728816181162715 
4.667909602313854 0.9214899910972235 1.0003858947441129 1.6006591348231207E-10 1.0000005787962005 0.001485004634395229 
0.2507348362829002 1.7500602686556894 1.00098380059579 3.3651300228021624E-10 1.0000027788372792 0.0018853249068475817 
4.999814921368481 0.9999869069197462 2.1410549693087657 2.1027910394486245E-8 1.0000000019971833 2.3157306928814174E-5 
4.25392791835561 0.7533319452339122 1.0018886420996198 2.79047686774897E-10 1.000000003649704 0.01762803587309635 
4.997336871771569 0.9993268774817269 3.8971882612989837 1.364508178217574E-10 1.000000025506467 0.005486178132396149 
1.5617723458713159E-6 1.9999985678387828 2.2989046480216575 1.0590659125418203E-10 1.0000000236940991 0.003034153075353624 
4.999907339234972 1.0000362217061656 2.5513988346140684 8.185780416596507E-11 1.000001916480988 6.89151385208504E-4 
0.09001904174102503 1.910224858739398 1.0004678996809022 2.3015989401496531E-10 1.000008457186181 6.334412415760957E-4 
4.1534123581768005 0.7362620271902278 1.0004598242231062 3.007416796887509E-7 1.000000470014899 0.0018261612459707429 
4.877640919801036 0.9816605076769356 1.0008965619771344 4.0004307895918264E-10 1.0000000056382201 3.090952810382102E-4 
0.9765711995165685 1.0406202957797372 1.0058276861003428 5.200756949398044E-11 1.0000010928549639 5.653079772179525E-5 
4.55075534697122 0.8568229333625539 1.0001082426929582 2.2390250675466154E-10 1.0000000020409943 3.879125158755617E-5 
4.332551612846744 0.8013694058896059 1.0009570359551387 3.4503076525471546E-11 1.0000027797335203 5.653079772179525E-5 
4.748551538369554 0.9201129202766297 1.0543020099283238 2.0479603056288167E-11 1.0000021024567969 1.1099771300631094E-5 
1.2554581223052294E-6 1.9999988644217586 2.835496758322633 1.9526800143109597E-10 1.000000000088447 0.15020010627948785 
0.3231950887941785 1.682416825423715 1.0000703538118412 3.758597365844729E-11 1.0000049733787746 0.001884642150518867 
4.477515790014985 0.8327761542522923 1.0421756972309322 3.2145718003638984E-12 1.0000000000315943 8.019017231232885E-6 
4.9999044471090315 1.0000320311482116 1.7672495990586254 1.8159363935957122E-4 1.000002513224069 0.002196497321884785 
4.098466090697214 0.7543473970918267 1.0928743418853741 2.74458795656199E-10 1.0000000184227973 8.979735404391755E-5 
4.997383703920148 0.9993268774817269 4.059582954003062 3.2114662682097115E-10 1.0000000645216085 2.7383457963276858E-5 
4.170889889772142 0.7375852392694402 1.129526856357182 9.336684029637748E-8 1.0000000071692214 0.007165974146162242 
4.834586872441193 0.9818148951231744 1.0005135790292716 6.911418242273936E-6 1.000000220120007 9.756630067155516E-4 
4.999814921368481 1.000032242011312 2.320225208874262 2.1027910394486245E-8 1.0000000015939907 1.7324562873139793E-7 
4.999954699522652 1.00001467760741 4.172229181158931 8.617094533287376E-6 1.0000000958912716 0.0048963936962749845 
4.999943041301174 1.0000320766883566 4.531003781651044 4.094616726738776E-10 1.0000012858665743 0.007217431940000416 
4.354261578423227 0.8753595583211516 1.0917164783119875 4.067768885304989E-10 1.0000030404855473 3.7041213656414506E-4 
1.2150237797952547E-6 1.999998861694261 2.664618786811386 9.837581619920856E-12 1.0000030414104788 0.004013773808880689 
4.9398129920583065 0.9964334011321144 1.0011333717771183 1.6048078341371503E-7 1.0000000292346969 6.868650468045373E-4 
0.42355908131153325 1.5765466031223223 1.054744565346607 2.4547249894876787E-9 1.0000072622286877 1.2185088272414915E-4 
1.2201222893493296E-6 1.9999988710200467 2.497511414965155 1.9272623473463337E-10 1.0000000015880242 3.21743894471538E-5 
1.5120786538725185E-6 1.9999985004899505 2.0132330921311654 4.083320136529297E-11 1.0000000013258663 0.001235528028809987 
4.7358164384721375 0.9229143040040528 1.0007661135140764 6.041648096153575E-12 1.0000006380001158 7.245420006258269E-4 
0.8211728705422341 1.1789505498026813 1.0000060546398069 1.4341745514236992E-10 1.0000010546662044 0.0016400029892006522 
4.790967542689579 0.9543307366946574 1.000070463023917 7.981951807224E-10 1.0000038560287305 7.32228704015262E-4 
4.589331010435576 0.8713174200563847 1.000001719003149 1.5595920667926224E-9 1.000000182145303 0.0023162624635901805 
0.03947774259256698 1.9713870823307014 1.0000888854761691 2.4899407228667206E-10 1.0000024408185493 0.0011690565064671468 
4.999951075246951 1.0000318033516329 4.4394970527313795 2.4874751914999376E-11 1.0000000019873962 0.007758162821550441 
1.4408127997820337E-6 1.9999985668673692 1.8577522492530063 3.1051838603696636E-10 1.000002564500322 0.01081056896376309 
4.9999546906499575 1.00003211648518 3.0344646017525245 4.066849553431732E-10 1.000004999257909 0.001388008165078784 
0.5979351561478884 1.402485555061815 1.0514502569820483 5.234528378457655E-9 1.0000021062473012 0.04279441525881351 
0.701710458606761 1.2991920856083363 1.0000001204219997 1.655951297437109E-8 1.0000000133279467 1.1919334027748053E-5 
0.48682979213303135 1.5151564530259516 1.0185743503852311 2.3903495921395073E-11 1.000026135677306 2.464487686951065E-4 
4.999819316295344 1.0000504864101474 4.80778285169399 2.992239986104533E-7 1.0000000028036269 0.002413026941607041 
4.999819316295344 1.0000504864101474 4.688669839821248 6.084953406668359E-9 1.000000001547373 0.2313729764225504 
4.799015372273267 0.999961380048432 1.000070463023917 7.646573415499184E-10 1.0000038560287305 0.0014348489559659913 
1.4408127997820337E-6 1.9999985668673692 3.584621820506425 3.1051838603696636E-10 1.0000000018183066 0.01081056896376309 
4.999954305125927 1.0000173241391037 3.429629783480689 2.5648663868110015E-10 1.0000013494446536 0.0017728638300887473 
4.851938496434177 1.012918315019439 1.0000000063373613 4.538677594550701E-12 1.0000009857424885 7.171081604328552E-5 
4.999951075246951 0.9999859545533297 4.858247380524319 2.4874751914999376E-11 1.0000000019873962 0.007758162821550441 
4.999819316295344 1.0000504864101474 4.642602587075638 2.2129004179761667E-8 1.0000000028036269 3.0324879121248864E-5 
0.8145345234139623 1.1859204564071457 1.044193787782782 1.898509834323193E-10 1.0000017949608215 7.094471368528066E-5 
1.2201222893493296E-6 1.9999988710200467 3.2775914920047575 4.3034200867986596E-11 1.0000000695343911 3.21743894471538E-5 
0.68109535320047 1.3224081883690526 1.0285140653591027 4.260516461035607E-10 1.0000000004935592 3.226013685395451E-5 
4.999954698075444 0.9999892402372325 4.959973680048993 7.090166858785714E-11 1.0000002008254012 0.0022138220247659743 
1.5120786538725185E-6 1.9999985004880019 1.4965894164402147 1.061577644078242E-10 1.000000024155175 1.4663143947120773E-4 
1.5120786538725185E-6 1.9999984989898094 3.010292640450037 4.8319104326050565E-11 1.0000000204740502 0.0012500062747466964 
0.3176760236424445 1.682416825423715 1.0547187829793203 1.8726453684256515E-10 1.0238509971281495 0.12053010232035141 
1.4408127997820337E-6 1.9999985668673692 3.584621820506425 3.1051838603696636E-10 1.0000000018183066 0.01081056896376309 
1.282762421441543E-6 1.9999988805167512 3.216855850939349 4.0374253576770386E-10 1.0000002855649657 3.972037517020474E-4 
4.999954305125927 1.0000358522436463 3.7752955134686 2.5648663868110015E-10 1.0000013481321484 0.06611617190424501 
1.2150237797952547E-6 1.999998861694261 3.0689529559534443 1.8998997219018706E-10 1.0000047819818703 7.181079100256894E-4 
4.427570990102609 0.8574697890544141 1.0000245023600463 1.9393268969996845E-11 1.00000001629625 9.310993680645997E-5 
4.2203328759407785 0.7457991679030214 1.0013395221528358 1.2030074330105138E-9 1.000003557994368 5.943385202462361E-4 
4.465366423814288 0.9206295442773411 1.0000534434024901 2.2290335058445316E-10 1.0000005523631708 4.559198451124791E-6 
4.431254599343419 1.0092911995154634 1.026829502618522 2.279055120676913E-10 1.000000032067864 0.08906223173730189 
4.6353409203704095 0.8788143395000094 1.0005135790292716 8.905414922260503E-11 1.0000029780943087 9.756630067155516E-4 
0.1951486045334834 1.8056602895714602 1.0004480775988402 6.733416104336797E-9 1.0000000364343211 0.001857096571448683 
0.13882277530609682 1.8614524224727103 1.0004677397337938 2.2311012330377814E-10 1.0000000813954804 2.1811086151038266E-4 
0.5979351561478884 1.402485555061815 1.00000003980348 5.45086556140762E-9 1.0000016776367338 4.6523374114047084E-4 
0.194842281934989 1.8056602895714602 1.0441805214236801 2.302290930974805E-9 1.0000018125123107 9.223008400646726E-5 
4.967995293699795 1.0000358536220424 1.0267285760735005 1.712177637035247E-11 1.0000011289570514 2.021023011070502E-4 
4.396991883007011 0.8574697890544141 1.0073089968377595 4.190707325903622E-9 1.0000021270491557 9.310993680645997E-5 
0.03947774259256698 1.9713870823307014 1.0000160117944907 2.4899407228667206E-10 1.0000023551150399 8.51955508081758E-5 
4.389844023481906 0.8627797168689172 1.0058276861003428 5.200756949398044E-11 1.000001131478289 5.653079772179525E-5 
0.42355908131153325 1.5765466031223223 1.0000329506100356 1.4375093088755947E-11 1.0000002095434894 8.305435657489802E-5 
4.9999546906499575 1.00003211648518 3.0344646017525245 4.066849553431732E-10 1.0000050245047913 0.001388008165078784 
4.958180677668684 0.9993008642511167 1.0003277749196848 9.572986478624826E-10 1.0000020428272818 3.9788316936984413E-4 
4.632463214482816 0.8788143395000094 1.0005135790292716 1.2778466639618833E-10 1.0000000196878285 9.985139337587872E-5 
1.2623607071292084E-6 1.9999988735883918 3.4376541679807424 9.823872494892891E-11 1.000000319839839 6.0539645493379204E-5 
4.999954305125927 1.0000358536220424 4.119711281283847 1.712177637035247E-11 1.0000020911616754 3.786526178887245E-4 
0.13882277530609682 1.8651646089426281 1.0517528896634603 2.2311012330377814E-10 1.0000002524349574 2.1811086151038266E-4 
0.48682979213303135 1.5151564530259516 1.0190728901066761 2.3316872297623955E-10 1.0000261810597473 0.0011640584798772312 
1.2150237797952547E-6 1.999998861694261 1.4181360559987302 1.8998997219018706E-10 1.0000031778229768 0.001523968640775839 
1.2150237797952547E-6 1.999998861694261 1.4181360559987302 1.8998997219018706E-10 1.0000031778229768 0.001523968640775839 
4.223926912649902 0.7422080802479532 1.0029344150978505 3.1323542853516463E-10 1.0000004694682008 2.477518235477331E-4 
1.2826003464229773E-6 1.9999988735883918 3.4376541679807424 9.530227040573881E-11 1.0000002856001127 6.0539645493379204E-5 
4.999954305125927 1.0000358522436463 3.5578438122001996 2.228428358819977E-10 1.0000000232465907 7.851615380444206E-5 
