4.999973794295092 0.9999947203258237 4.999996662631838 1.0892260645680377E-9 1.3150970382313332 1.2950520712271012 
1.0010287520072867 0.9991121332840504 1.0000992951500356 1.2840942690399613E-7 1.0000005730494197 8.441087048407128E-4 
1.0010287520072867 0.9991121332840504 1.0000992951500356 1.2840942690399613E-7 1.0000005730494197 8.441087048407128E-4 
4.999953860862058 0.9999946337728615 4.793409766871505 2.5571654687537234E-10 1.0496428251212784 0.2542978603256865 
4.5482356083490005 0.8503417372289789 1.0009140821430806 1.1421826244806351E-10 1.0000029714983192 1.5680724016854113E-4 
0.5846105936751713 1.4187017712843357 1.0017248248903412 2.3149697890698348E-6 1.0000000034984269 0.002946172657675569 
5.976257776934663E-5 2.000058830168194 3.506320156248015 8.418017336451147E-10 1.0000000002299148 4.264377328047243E-5 
4.612183794777945 0.873966486081951 1.0304689038290216 3.948946875597861E-6 1.0000044648824908 0.0022808846709322732 
0.7456201681689639 1.2584616786638616 1.0006558923565636 6.6881667394843865E-9 1.000000003554625 0.030123843311661777 
6.041313084591393E-5 2.0000586170219528 3.0523873819367475 8.83675430585934E-8 1.0000000005473977 9.274230358709192E-5 
0.15627417061599314 1.8437271844103447 1.025277691588883 2.814248489510944E-15 1.0000001672498193 8.565032960283391E-5 
4.346075648835165 0.790728440676871 1.000014400801226 2.951194768727201E-8 1.0000000109829619 1.3554902216763294E-5 
4.999972660566868 0.9999946237759361 3.9771020286649783 1.3693828705585734E-7 1.0000000705497996 0.02951378782797054 
4.264517837368555 0.761677806233305 1.0008829599251832 2.263241278076491E-7 1.0000189374556223 0.013296650606014086 
6.090212501363325E-5 2.000058642517488 2.8400034703468435 2.8245839305617215E-9 1.0000053135556164 9.617339521397165E-5 
0.026064015998936735 1.9769299141763481 1.0000001170505115 5.411688011739386E-11 1.000000002419552 0.004351473196094716 
4.999953860862058 0.9999946337728615 4.203247476412847 2.5571654687537234E-10 1.000130422872037 0.00866623277014969 
5.9750784843469385E-5 2.0000588573610827 2.1503401030512035 2.9590057901637784E-7 1.0000000000738523 3.5345819138588985E-5 
4.49131886612635 0.9992126526664662 1.0160640243275085 8.72366148408432E-9 1.0000000437323815 8.074086428210177E-4 
4.728458144053816 0.9291713663703427 1.0005122470362158 6.487672272786001E-11 1.0000000619492524 0.03024324088957145 
4.979262796187686 0.9998637732681659 1.0039038036840815 6.894114759571709E-8 1.0000000309741333 7.16614074717482E-5 
4.999972704244881 0.9999945377638882 3.5129487809810978 8.506658381520599E-10 1.0000000496427681 0.028359154066409487 
0.19654246359438354 1.8082729067551433 1.0000660106576142 5.736758434235427E-10 1.0000000564632607 2.8582790365347632E-6 
4.999953860862058 0.9999946337728615 4.908377046206273 2.5571654687537234E-10 1.0496428251212784 0.6099153865853113 
4.870851521957165 0.9995172978106128 1.0000551479043187 2.8328441035889738E-8 1.0000000076225215 1.3553714815262058E-5 
4.999955871714112 0.9999947200499002 2.004335997465491 1.675101250986991E-7 1.000002519298559 0.0020790297335908413 
4.999956476913292 0.9999945377638882 1.1786864120128655 3.3682845570222714E-11 1.0890838709125163 1.2421086982464074 
4.384041651699893 0.9994536406880435 1.0010083161796117 5.752293930807723E-9 1.0000017586075287 0.01631023107178546 
5.9698416560295355E-5 2.0000588379661592 1.232244556973325 1.4010222483234853E-11 1.0000142251071233 7.584715880534827E-5 
6.0855301192091E-5 2.000058836561829 1.8761688308512356 8.012743242157039E-10 1.0000000054932952 1.2489593723386536E-4 
4.826237150913147 0.9904758503129879 1.0126263830426734 4.6514556753767024E-11 1.000000019693596 1.7750984725039877E-5 
5.9750784843469385E-5 2.000058620706743 3.2294799710218394 5.772430367946578E-9 1.000000000109885 1.8763792067814184E-4 
4.7983202763799735 0.9840078510470938 1.0008797043389204 3.600157342295625E-8 1.0000000402036011 0.0029027641556717203 
5.9804973185300526E-5 2.0000588341456496 2.4020455393587468 2.959010282042125E-7 1.0000000016617383 0.004388449030587321 
4.999973751160515 0.9999948639424341 4.994629511982653 7.038517366643587E-11 1.235319291759417 1.2609553930859154 
6.064313238641807E-5 2.000058852597911 3.696557463242469 3.678940215469911E-7 1.0000000013328392 3.4350380663210334E-4 
4.999972763955409 0.9999946237741306 2.8081122790873394 1.8552556415423784E-7 1.0000000705497996 0.0014517131609709244 
6.873211741056156E-5 2.000058627957767 3.3582036809453 1.2539913191429162E-10 1.0000000121778343 1.2586460522602696E-4 
6.871109524064916E-5 2.0000586296197254 1.5974120556318137 3.7319230081795556E-6 1.000000000129717 0.026042933753761544 
4.104917395376419 0.7106780249931222 1.000051085461018 1.7005073153925447E-8 1.0000000024418227 8.410644867546712E-4 
4.179895512989638 0.7550017117979535 1.0002761174981403 3.226093007475799E-8 1.0000001718767197 2.927808474033247E-4 
4.657484421474431 0.9301609229694925 1.007726115312649 1.7202991964027645E-9 1.000000173537912 0.0022915444899972853 
4.999972763955409 0.9999946237741306 3.7220890026712032 1.8552556415423784E-7 1.0000000705497996 0.4683087026726195 
4.999972666009603 0.9999947182583149 3.9278442034024708 4.0695312615302125E-9 1.0000000331020626 5.502305483389344E-5 
4.998090154665438 1.0000026841436964 4.632918944921059 2.5571654687537234E-10 1.0496428251212784 0.2607030839664598 
0.08718069662340233 1.9150328075627086 1.000000028933494 1.0004382747069954E-12 1.0000000003185427 4.62766761694451E-6 
4.746379440768218 0.9841386550787306 1.007080714924621 3.458445370972752E-8 1.0000000402036011 9.526441503478699E-4 
4.999972726998518 0.9999946248824949 3.2776789985316435 9.061207137215314E-10 1.0000000081131053 1.1807091769940396E-4 
4.852472032887773 0.9710937645662161 1.000782251864443 5.220866115283045E-11 1.0000000047486197 1.899839030571938E-5 
0.4891944602787972 1.5112715725792767 1.005191681195196 1.4806725628395363E-9 1.0000001057996157 1.838194299434721E-4 
4.205515111479793 0.7613255553961884 1.066796299859766 5.69007577559092E-11 1.0000000002092362 1.8026209147597354E-4 
4.308356303692641 0.8157947117544673 1.001676442380948 4.5627605239107206E-5 1.0000000012852903 0.0085793560673435 
4.999972766179998 0.9999946248843258 3.2003811896123695 4.354454097872665E-9 1.0000007130968833 6.32188578950931E-5 
4.999972704244881 0.9999947324134869 3.4520243326473135 8.506658381520599E-10 1.0000000496427681 0.02969957597053125 
4.999973815238965 0.9999947203375378 4.999997972344101 1.0892260645680377E-9 1.0652158852809555 0.30773048364245853 
0.26649810975452776 1.7434501668162499 1.000786656089777 3.394346185515195E-8 1.0000000091721413 3.9670490702794527E-4 
4.406009268772443 0.8744885963916733 1.0162710806169108 2.047659979862032E-4 1.001505190053208 0.2814618068133364 
4.999972590953982 0.9999945241541001 2.33799126223033 3.9861710416305277E-7 1.0000009235833216 5.883362466003669E-5 
0.3464801823542225 1.6549490475510575 1.092866238846073 6.1159345072458645E-9 1.0000037675904743 8.821119056913324E-4 
4.999955984956399 0.9999945377638882 1.1786864120128655 3.369038047986324E-11 1.0889766266542027 0.5060333836521254 
4.482945713332019 0.8289798175456765 1.0077976290246096 1.0123418776934415E-7 1.000000025369403 8.074086428210177E-4 
4.999972763955409 0.9999946248372726 4.505682245723077 1.8356148412002628E-7 1.0000000705497996 0.23884108661594539 
6.075148752393936E-5 2.0000583558162814 2.657365696588733 3.8531671806943777E-7 1.0000052152917844 0.0036528201781226262 
4.586110193955565 0.8738862244342119 1.0000131278199933 6.314898266932405E-8 1.0000043681893096 4.87730161437628E-4 
4.446713302113862 0.9951510740220211 1.0006789798214564 6.474139184704873E-9 1.000000019693596 1.899839030571938E-5 
4.68494447625491 0.9254035957982816 1.0606406648392357 7.512317807775698E-9 1.0000001609997589 3.8992536435052474E-5 
4.999972416892781 0.9999946247733631 4.2397409073079375 2.482196027993385E-10 1.0000001205190625 0.0028168069348735395 
0.3501021616713069 1.6512589752395581 1.0000000390457147 3.828938479527388E-9 1.0000000027281915 6.555883443775552E-6 
0.26649810975452776 1.7434501668162499 1.0891198283856638 9.778262304926126E-9 1.0000000091721413 2.6497052321430327E-4 
4.999972590953982 0.9999947186563362 2.277066813895834 6.059594052687751E-9 1.0000009235833216 7.001945457453556E-5 
4.9435873596778706 0.9904758503129879 1.1490671108611383 1.31023871029342E-11 1.000000019693596 1.7750984725039877E-5 
4.999953600497169 0.9999946247733631 3.7318046176019686 1.894902740565083E-7 1.0000001205190625 0.4687866574301155 
4.999972770396502 0.9999947182583149 2.5658417178639965 2.3993301705260227E-9 1.0000000331020626 0.44443550959239453 
0.08495686219510601 1.9195003876671557 1.089649418997992 3.3191582357222556E-7 1.000000009136481 2.750842095360157E-4 
4.906812710604598 0.9992126526664662 1.0220925970968562 8.72366148408432E-9 1.0000001113551762 0.003599265259557971 
0.8406877649146847 1.1600147765073936 1.0000000587130657 4.867644571243328E-10 1.0000000191237766 2.3080329499502027E-5 
4.438920545201913 0.8289835370146369 1.0006507443329955 6.4896467619068245E-9 1.000000025369403 2.5232429271066984E-4 
0.9625239780647401 1.0375489829155788 1.0045851970500923 7.232154263843568E-10 1.0000054488736867 9.139532469317297E-4 
0.6536489757912771 1.3467600863434337 1.0000000964303168 1.6744229865530656E-10 1.0000000515606127 2.8575450361701618E-6 
4.999973697299026 0.9999947203376274 4.359051391139967 6.7454004842239514E-9 1.0002845753722174 0.28936794764896134 
0.4172421786656826 1.5835403528334062 1.0305204951891933 3.994536669760697E-6 1.0000030488476388 3.416238898476783E-4 
6.0855301192091E-5 2.0000588345143333 2.5653967595799445 3.1042145066514285E-11 1.0000000058284182 0.00839470408090634 
4.911945957903587 0.9821754724382578 1.0046278769583687 3.187777353137365E-8 1.0575577915652736 0.2622142614993948 
4.146701295768511 0.7448011339980614 1.0000068980507992 2.76885018856776E-10 1.0000000123209531 6.903012605448978E-4 
4.999972761022107 0.9999947215782592 3.0223799441868873 1.675101250986991E-7 1.000002924216834 0.0020790297335908413 
0.4201065907745707 1.580618512471672 1.000014400801226 1.0913298483059405E-9 1.0000000109829619 1.537579462472986E-5 
0.4891944602787972 1.5112715725792767 1.0602039579731077 1.4806725628395363E-9 1.0000006447595566 1.9593306093993162E-4 
0.8382623643893354 1.162085544803393 1.038850826722237 2.762024538821285E-10 1.0000000189649734 0.002869310075591933 
4.077991058306764 0.7857905993922318 1.0321113192091396 7.671057017577771E-10 1.0000000907650428 0.013497213918445508 
4.312074487220496 0.9276600651598728 1.0002530980529558 6.474139184704873E-9 1.000000004655114 0.04029637064456836 
4.999953785374513 0.9999946316095467 1.1320162505038656 2.5629045738252735E-10 1.0000031679324826 0.009419957095500735 
4.999972763955409 0.9999946237741306 2.963231960982952 1.8552556415423784E-7 1.0000000705497996 0.0013774576163757281 
4.664768848375988 0.9301609229694925 1.007726115312649 1.7202991964027645E-9 1.000000173537912 0.0022915444899972853 
0.6536489757912771 1.3467600863434337 1.032112289085461 4.4044712282190596E-9 1.0000000017527888 2.8575450361701618E-6 
4.943112590012825 0.9904758503129879 1.000035310086451 4.6514556753767024E-11 1.000000019693596 1.7750984725039877E-5 
4.064238810377726 0.7106780249931222 1.000051085461018 1.2338880554970498E-8 1.0000000034758836 8.410644867546712E-4 
4.999972770396502 0.9999947182583149 2.5658417178639965 6.502993201474987E-8 1.074195468139692 0.44443550959239453 
4.775600459905313 0.9291952629910188 1.0001695672934203 4.163316965808081E-11 1.0000000862188883 0.004193841995305352 
4.146701295768511 0.7448011339980614 1.0010145383369533 2.76885018856776E-10 1.0000001641378662 7.341503176406384E-4 
4.999973697299026 0.9999947203376274 4.359051391139967 6.7454004842239514E-9 1.0002247315541488 0.28936794764896134 
