4.999860123107354 0.999957971426022 4.999998360307918 2.770448155775896E-8 1.4838498232782378 2.5454462210100823 
1.0250689693462234 0.9749934292104598 1.000000659003436 4.4060622116340444E-8 1.0000000014467114 1.0025681253340374E-6 
4.999860123107354 0.9999567659533756 4.999993676393084 2.4604084874563917E-8 1.2573018851946944 1.3653959073143902 
4.999859939031474 0.9999564856131802 3.5625335449214632 2.3433904555065778E-8 1.0000003774016375 0.006129141060329926 
4.999858931630664 0.9999557165885742 3.8750851099452026 2.1380626414615745E-9 1.0000009625878703 0.012750878306496738 
0.09686154307403622 1.9239906238109585 1.0329337978875712 3.090217521590467E-7 1.000000260452221 1.938821047248741E-4 
4.99985305186775 0.9999567492010809 4.34900379564154 1.5496368586059692E-9 1.0042447671115666 0.07066044395241135 
4.867577737824256 0.9743830477660727 1.000001229038092 9.786370854251572E-10 1.0000000005903023 0.003339164794448811 
0.5940663806077069 1.4094166261250927 1.0022269699316466 1.2890122497496937E-9 1.0024020492335803 0.014999726396028902 
4.604917770707371 0.9076821489129235 1.0000386389095042 4.5703470302266175E-11 1.0000009629269313 1.7200049825307027E-4 
4.716675846217349 0.9301272349996901 1.0072651145392024 4.916519760079031E-8 1.0000009937110381 0.0012066897508788772 
0.866246987535655 1.1344869689672215 1.0515228939380021 4.057977089594979E-8 1.000002854603131 0.00277781207613084 
4.9998595330815645 0.9999575144307667 3.1015817495363898 7.191924422221219E-9 1.0043999080361727 0.11153715485549343 
4.999854378944498 0.9999567659533756 4.999997989763259 1.3262758307415785E-9 1.1375387266812274 0.55001019739475 
4.493790043689599 0.8972482974991735 1.0070843377938579 2.2930001500796132E-11 1.0000006577339309 0.004561516197619145 
4.999860052058595 0.9999567248688626 4.249501265604127 4.498964351384392E-8 1.0000013182299776 0.008813875331523398 
4.690692944656509 0.9076821489129235 1.0003932852481803 1.434159750563656E-10 1.0000009629269313 1.9231481625971256E-4 
0.0028128241278950195 2.0026629228532484 2.7726388983636188 2.513179724970024E-9 1.0000018303474163 0.03014026603132089 
4.999858451410708 0.999962095858888 4.8508659614572975 6.10838154246446E-9 1.0000017714284999 0.07951426995780962 
4.134240138484952E-4 2.0002703493763416 1.7084449731830702 9.120039076092234E-10 1.0000004901508848 2.0405907738961244E-4 
0.48529941632319684 1.5170975984597603 1.000014346224123 5.484429406187461E-12 1.0000081178647464 7.339295154876202E-5 
4.999858535315638 0.9999622983953864 2.8817146919806014 2.7621766800175194E-10 1.0000755287372076 0.11908654341768608 
4.105791937626106 0.7160234330299052 1.0011926515464806 2.464002892372315E-9 1.0000015291186646 0.0012298647964482689 
4.999859829857463 0.9999567659533756 4.543101245771058 2.166057615913655E-11 1.0000013182299776 0.009013732223951213 
4.230144576514666 0.8355053334046463 1.034181568159361 1.7916525304168823E-10 1.0000002634132283 2.756426594371572E-4 
0.716621059323459 1.283915854769705 1.0330843734020534 7.518688807060572E-10 1.0000004730334564 6.965114365712799E-4 
4.340734625993251 0.7816561713755696 1.0149103931477113 1.2862155059473361E-9 1.0000000700253353 1.9821800428838758E-4 
4.125832338041614 0.7201780306044788 1.1637167989067962 2.455533589932931E-9 1.0000004597408865 0.0011962915034308044 
4.999858539394941 1.0000514559924636 2.510692747867654 1.5300990014789208E-10 1.0000808858606194 0.11279183091146255 
4.134240138484952E-4 2.0002703493763416 3.4814216299061354 5.304366427506485E-11 1.0000033287271368 0.003984333402907103 
4.3893328210930145 1.0003526850659452 1.000113206035477 4.0579794029211905E-10 1.0000015932132629 7.029652787064348E-4 
5.822308045979911E-4 2.0002746562375524 3.7566077300503338 2.1076621941781023E-10 1.000000032121771 1.1911225347307694E-4 
4.569018453955085 0.8655010818114304 1.0000143992130843 1.5870781258778726E-7 1.0000065713517943 6.558847360838187E-4 
4.995164418229993 0.9998813436264683 4.971870760810801 9.786370854251572E-10 1.0000000005903023 0.078451817935921 
5.822308045979911E-4 2.0002746562375524 3.661066081972459 3.0802254052794397E-7 1.0000001860224124 3.4486492911915516E-5 
4.999854709179338 0.9999564856131802 3.2909848069825838 2.3433337754811997E-8 1.0000003774016375 0.007488911867530708 
0.7312234481004325 1.2689137323738053 1.000000002604055 7.518688807060572E-10 1.0000000097941077 5.8829171361741246E-5 
4.794860446486321 0.9575163241068252 1.0046682059955516 4.5271788313957656E-11 1.0033501533267337 0.019748363450991457 
4.999858539394941 1.0000514559924636 2.7081719866879266 1.2519821902478598E-9 1.0192465418648087 0.14320484361849678 
4.835239758055315 0.973256075554578 1.0000696003805896 8.849427584466871E-9 1.0000014121743166 6.168577844711893E-4 
3.282157910523781E-4 2.000274676628514 2.990765833665203 2.443632377178828E-8 1.0000016492942319 0.07251928710376931 
4.524957179093542 0.8967310548335771 1.0002029607109564 8.641987676895661E-11 1.0000007112944993 0.1492476014223164 
4.757063464204823 0.9265228159680138 1.0004641576962519 3.0603567606132593E-9 1.000001025097084 0.07092211835098028 
0.9258282086371765 1.074515920824215 1.0000008411084704 3.1100442421214234E-11 1.000000295205178 1.9231481625971256E-4 
4.1571983367974605E-4 2.0002703493763416 3.372754209269343 1.3761183007681984E-9 1.0000034508683737 0.09183580136992096 
4.197091801170453 1.0048770601095527 1.005086863925728 1.3373603567886772E-9 1.0003704481292812 0.14372788405973022 
4.999858951442962 0.9999620091011043 3.4090422358860564 7.306093715357667E-9 1.0003553408730659 0.11909769164683945 
0.5559952093231363 1.4699719317493012 1.000785107027744 4.658781377610294E-9 1.0000000028194445 7.40971044196996E-5 
4.651290824132923 0.9764371085954414 1.0279549352799546 2.787363954048742E-7 1.0000001615688539 0.0033360281935480656 
4.297863735065791 0.78255948369323 1.0531084094171366 1.2590871041809467E-9 1.0000001776064398 0.008841951327721888 
4.900189054238252 0.9692884362899393 1.0008878130753076 1.976897544051719E-9 1.0000002601469733 0.011843648910896194 
4.39315704683704 0.9647229724419036 1.073389389762266 3.2301969219186406E-7 1.0000002603064533 5.940477965076311E-4 
0.0028128241278950195 1.9997197899693784 2.4161878648851216 2.720685618720621E-9 1.000000048779125 3.4867439568242453E-4 
4.134240138484952E-4 2.0002703493763416 1.3620444180714562 6.3035018223954375E-9 1.0000004901508848 2.0405907738961244E-4 
4.449810242583431 0.8426294361860045 1.0453802862603854 1.4616787737398137E-8 1.000001445466115 0.5220848585834799 
0.276559395612312 1.7235278593384065 1.0000089882112844 2.9417214020451306E-7 1.0000000028194445 8.352582872092916E-5 
4.978200182803131 1.0010437416885956 1.03435557914122 1.2643875660251967E-9 1.0000171456751727 1.7878335502979583E-4 
4.999860154785959 0.9999567659533756 4.584065289363526 8.247526277902875E-11 1.0000416605005065 0.19387029783027154 
4.999858539394941 1.0000514559924636 2.301413870882227 1.5300990014789208E-10 1.0000808858606194 0.11279183091146255 
0.3599344106221866 1.6477734236030435 1.0417917531403422 2.612409837539855E-10 1.0000067449866499 0.11492487306236178 
4.999858931630664 0.9999557165885742 3.936853624994789 2.1380626414615745E-9 1.0000009625878703 0.5581620558714954 
4.999854733073824 0.9999565126757559 1.6649596017332158 1.1942461713231566E-10 1.0000000983606112 0.007488911867530708 
4.999750659331118 0.9999567737269217 4.99981555770026 2.6535046253042643E-8 1.2117531362346274 1.3653959073143902 
4.81649872477573 0.9539560670607998 1.0295234023774802 4.5271788313957656E-11 1.0033501533267337 0.020688953761350624 
4.549031303967846 0.8967310548335771 1.0002264211446006 9.614303794786058E-11 1.0000006577339309 0.004561516197619145 
4.156951099247179E-4 2.000275996979112 2.0442580702598154 2.3269671351207142E-9 1.0281267431235739 0.49424990179338985 
4.767270526339453 0.9265228159680138 1.0004641576962519 2.73892732676825E-8 1.0000010275795939 0.07092211835098028 
4.999858943592843 0.9999620091011043 4.0747256530378735 1.5983426297349424E-9 1.0003564161919618 0.10439152474014857 
0.276559395612312 1.723484872485656 1.0573954272451656 1.3929540670349227E-10 1.00009219774622 0.07776017356927564 
4.999009550103856E-4 2.0002462139183095 2.0412664631978243 2.8605469025773563E-8 1.0273907910531237 0.1593247746886931 
0.20983897660332407 1.7991461439125425 1.0031054718084556 3.6664878404150202E-9 1.0000000166551728 0.001199475368322152 
4.9585561988396325 0.9886505177843378 1.0011492535050153 2.8202502798446527E-7 1.0000010635487764 0.001225795683304211 
0.42846321517544583 1.5734567277638312 1.0392971940056372 2.629783552536196E-9 1.0000001461457135 7.766197727407601E-5 
0.0028128241278950195 1.9997197899693784 2.4161878648851216 2.720685618720621E-9 1.000000048779125 3.4867439568242453E-4 
4.438204317731007 0.8433980955362359 1.0178447277155473 1.685278276624112E-7 1.0000001865241996 0.5220848585834799 
0.3599344106221866 1.6477734236030435 1.0367935375844586 2.625914323864262E-10 1.0000007612236617 0.002576216198311193 
4.331657477785848 0.7947559562610153 1.0000307473499879 1.2836716858843193E-9 1.0000000802595932 1.9139994914838237E-4 
4.2726016164483624 0.7947559562610153 1.0000875849034607 1.2836716858843193E-9 1.000000010925979 8.630690876779387E-5 
4.999852632966907 0.9999567492010809 4.719441695344212 1.5534254814067654E-9 1.0042447671115666 0.07066044395241135 
0.1576049407370539 1.842951102267408 1.0031767802168885 1.2278331207694473E-9 1.0001267934700542 0.0014038602078694975 
0.1576049407370539 1.842951102267408 1.0031767802168885 1.2278331207694473E-9 1.0001267934700542 0.0014038602078694975 
4.999858924270588 0.9999567349385764 1.2662207268284664 1.3926062076275712E-9 1.000360349390142 0.14372788405973022 
0.0028128241278950195 2.0026629228532484 2.8029333812798822 2.766236767589546E-9 1.0000018303474163 0.6271124386907736 
0.0037861058609795772 2.002696370160713 3.189277325515519 3.5215020432236365E-9 1.0000010214721 6.014058873154455E-5 
4.6379784942251066 0.9076821489129235 1.00015022959517 4.5703470302266175E-11 1.0000009629269313 2.2977140354367084E-4 
4.999852544575176 0.9999567492010809 4.719441695344212 1.3926062076275712E-9 1.0212406069963598 0.12250053174024633 
3.7092574692198545E-4 2.0002749754735287 3.2011419244018167 1.8462488095051496E-8 1.0000176217165877 7.922386932757153E-5 
4.999858539394941 1.0000514559924636 2.155949427060372 1.5300990014789208E-10 1.0000871612941247 0.002047725951905631 
4.999859829857463 0.9999567749093947 2.009284753639352 2.166057615913655E-11 1.0000009779424097 0.08003826497246716 
4.17427605047173 0.7379922931028231 1.0008231635628981 6.5509695715881795E-9 1.0000003162972804 3.746156279942625E-4 
0.04652053431581771 1.9563789384018004 1.000001229038092 6.440867876517203E-9 1.000001016648721 2.0131901016697554E-4 
0.2085478820877502 1.7991461439125425 1.0340447561807176 8.116165327094224E-10 1.0000000127603481 2.0299204485772033E-4 
4.945452836208018 0.9886505177843378 1.0014909259343725 2.8202502798446527E-7 1.0000000129467228 0.001225795683304211 
4.999860052058595 0.9999582381865397 1.000112124166199 1.9920480018178516E-7 1.0000013182299776 0.008813875331523398 
0.42846321517544583 1.5734567277638312 1.0035583959773953 7.830059762185442E-9 1.0000001458089312 7.766197727407601E-5 
0.002902741828850197 2.0007264906276063 1.000081823231312 3.033613693126034E-7 1.0000002674813944 1.7452908042372354E-6 
0.04652053431581771 1.9563789384018004 1.000001229038092 4.803807349138624E-10 1.0000010365445966 0.277421480095453 
4.17427605047173 0.7379922931028231 1.0012392242940038 6.5509695715881795E-9 1.0000001683186932 3.746156279942625E-4 
4.912019001373914 0.9999620289464777 1.0016715775861613 1.2233734596828877E-9 1.000012401117488 0.14372788405973022 
4.2726016164483624 0.7947559562610153 1.0289297517393579 1.2044270114570727E-10 1.000000010925979 0.02077592475289785 
