4.999669610250722 0.999894189179272 4.99999095427072 5.3740124152516054E-9 1.4371252529687655 1.8887324610812652 
1.0447662389754437 0.9556683497977008 1.0000001098843514 5.8280861964581906E-8 1.0000000068054107 3.5352428914067356E-4 
0.7301939980099776 1.270041766427849 1.0000008854207967 4.462709294653733E-9 1.0000000123900314 1.2104700767936902E-5 
4.999669610250722 0.9998947057787624 4.999997861234097 3.739433897668286E-10 1.006238084642639 0.14691673605542696 
4.487710060889765 0.9996979557722654 1.0000230224310742 2.2401484454878463E-9 1.0002106441972203 0.06775416813033204 
4.999704069033244 0.9999750344064401 4.750911204792465 1.5158569224501326E-6 1.0000021330967999 0.06436623761159888 
4.999669610250722 0.999894189179272 4.982779098058581 1.1606249747675126E-6 1.4230579098515135 1.6027177313901244 
4.999666923490517 0.9999052944160189 3.6974023369442133 3.0934644970177146E-5 1.0000000047695246 1.1123233368960852 
4.4193950005731817E-4 2.000396475145086 3.6060597709116045 4.073310351892518E-9 1.0000001669476368 0.0855175136547077 
4.340680100624777 0.7965389894374667 1.0000001689992135 1.3416236869815562E-9 1.0000000007469134 0.026657557736402784 
4.866614087648991 0.9742517960107199 1.0001321601034046 1.8369090219579564E-4 1.0000001002036942 3.4760152901894385E-6 
4.999616454659203 0.999894292113918 4.048800370601636 1.6198817588687683E-7 1.000020660433625 0.02555477493306415 
4.298006582002803 0.7852211379680968 1.0020985592924478 9.007378850351494E-9 1.0000085707401922 0.0240710386706069 
4.847352797309935E-4 2.0003754060343746 2.0296139167853946 4.090327106901706E-10 1.0000084424946523 0.06943033978534277 
4.999590844641639 0.9998966948008626 4.977058445250701 5.460109656721208E-9 1.0003483135195614 0.06576024493249533 
0.9431124227876193 1.0572449696119997 1.0664588585949826 5.4489458958081526E-11 1.0000001854224765 2.738155007217108E-4 
4.9456480768262745 0.9999177051086884 1.000140920336551 3.272703748750272E-9 1.0000108839972108 0.047161276750477654 
0.01760290498489281 1.9978664709376397 1.0000000724845721 9.904584871552035E-8 1.0000000499569053 1.1357094891723111E-4 
4.783004122999127 0.9917917990588234 1.0000129255480286 1.0026451589668043E-7 1.000000102360237 1.2421144528233525E-4 
0.24514017810101457 1.7811741974920094 1.0000006069443637 1.4136890234157678E-9 1.0000000007469134 1.0251593839153382E-5 
0.36020521755547596 1.6399015611637537 1.1519365501220926 6.567712446673313E-8 1.0000000054614593 0.018099236477420427 
4.257743956872886 0.7875125606606542 1.0010904419856348 4.475631128072531E-9 1.000000016317367 3.777842488958752E-6 
4.22378853429476 0.7701825981999078 1.0000722466245904 2.5298249014865426E-9 1.0000000012885062 6.089512560762184E-6 
4.750559248605837 0.9277563050855989 1.0005685251350067 2.7000464195243966E-9 1.0000030369875599 0.14246715614919064 
4.4193950005731817E-4 2.000396475145086 3.454744871827584 5.0615950178377415E-8 1.0000001669476368 1.5086737095250212E-4 
4.437900465530526 0.9999766394630596 1.0000140133600672 4.986827293873064E-9 1.0000008293213711 8.599331651113103E-5 
4.999749401083449 1.00001858161534 2.8363388008416637 8.310811156211273E-7 1.000000001986169 0.05610861672562034 
0.6713116280693492 1.3418791138995383 1.0015303979799284 1.3881734980846232E-10 1.0000000010570589 8.047732659256852E-5 
4.90469570913365 0.9706228254775323 1.0906792796229068 2.267181809087505E-6 1.0000000075312199 0.004916305548847977 
4.416204619746673E-4 1.9996479392700997 2.7460030214395807 2.088185086696014E-9 1.0000000024043383 3.507002570535614E-6 
4.574057960498381 0.8712020186286168 1.0006639583015025 2.2832421485139173E-6 1.0000000033726906 0.0020555675383488285 
3.439302270220046E-4 1.9996852341269853 2.98235264414212 2.0858274207104304E-9 1.0000000005628567 1.1017888655300297E-4 
4.6516393838065175 0.9158892272883865 1.0007516332769848 3.476161072815037E-7 1.0000000846216666 9.521362878752073E-4 
4.999749401083449 1.00001858161534 3.1556004089318157 3.3289798565924026E-5 1.0000000866774883 0.026386099231501738 
0.18103609388107944 1.8196489856687772 1.0000068263513489 3.52224776303518E-10 1.0000000086583327 2.9488115057706844E-5 
4.999670585890596 1.0000061624974794 4.3227137707905605 0.0016074200365842686 1.0000000021374293 0.0037718770863075964 
4.822139619791725 0.9714718456452951 1.0000189512810636 2.2832421485139173E-6 1.000000003961038 9.876339191455114E-5 
4.99966684524094 0.999894189179272 2.218401591775481 2.749917301947747E-10 1.0222108464198647 0.13230882809702166 
4.8559481147043317E-4 2.0002545803679483 3.1675002975614825 6.112098851200016E-9 1.0000000048462876 0.013978435650372436 
5.126974893906006E-4 1.9996494952879937 3.2884676181930406 3.784089318200455E-9 1.0000000122960486 8.829014522825779E-6 
4.618587243086913 0.9190646422001328 1.000077012645785 1.4103347216920678E-7 1.0000000048295068 0.12864130450136468 
4.382790008384508 0.7965266152748812 1.0012187335085119 8.256958287545298E-9 1.0000085707401922 0.0240710386706069 
4.4988553631411136E-4 2.00025545861847 1.527282155223141 3.3333188015643065E-7 1.0000000099565745 0.0036937212547937023 
3.3866168158161567E-4 1.9996869893314289 2.2342879949976675 2.0570763402547372E-9 1.000000008416421 0.001868635361136405 
4.534448617884132 0.9158892272883865 1.0007516332769848 3.476161072815037E-7 1.0000000846216666 0.026688398681976665 
4.999704069033244 0.9999750344064401 1.9695103887586616 3.2377397271993566E-8 1.0000021330967999 0.06436623761159888 
4.082153341791386 0.7008996600914049 1.0001321601034046 1.9329114544679196E-4 1.0000001576771298 3.1327312675158273E-5 
4.995640432780903 1.0008192502700592 3.3370358865537004 2.9237211677060993E-8 1.000000004793769 0.00203286802532009 
4.9963376688189305 1.0000172904283442 3.559007795786395 2.8073171534354097E-7 1.0000000047695246 0.02900203656668305 
4.682876297691909 0.9196089954440156 1.0000021648889872 2.2339852136723626E-6 1.0000000040227184 0.003104577727964258 
4.891229426737414 0.9928181162452387 1.0000006069443637 1.4136890234157678E-9 1.000000000323802 9.950778155504506E-4 
4.600413411875095 0.9288639747188524 1.0005693982853685 2.2832421485139173E-6 1.000000003788361 0.00403587095030776 
3.3866168158161567E-4 1.9996869893314289 2.4311659325348933 1.4118133270005687E-9 1.0000000008603553 0.0019173615368058838 
0.4279534731692869 1.5727179005233471 1.0197662057186023 2.333101501818771E-9 1.0000000122570458 0.0019173615368058838 
4.427253957834558 0.8217127867545351 1.0000137753889433 5.095128799910216E-9 1.000000038047999 3.782406604618555E-5 
4.999666923490517 0.9998969958632554 3.4212561887387105 4.735072493312384E-9 1.0000000047695246 0.002035447005458873 
0.5144292936569513 1.486086423711207 1.0187969813669469 2.3095106297031092E-8 1.0000000321354505 0.12469406699841136 
4.163519366014986 0.7784425596319637 1.0000722466245904 2.5243826439644208E-9 1.0000000146774117 6.011153367137614E-6 
4.716321077456454 0.9222945423912692 1.091654286458408 6.441221343558995E-8 1.0000000493370917 0.0996213115819414 
3.3866168158161567E-4 1.9996869893314289 1.3004015878195418 8.009989600152511E-8 1.0000000008603553 0.001868635361136405 
4.999616454659203 0.999894292113918 2.423137303636805 1.6198817588687683E-7 1.0000213242596563 0.02555477493306415 
4.39503242120836 0.8217127867545351 1.0000137753889433 5.066561237268769E-9 1.000000038047999 1.9400842611126863E-4 
4.999671550516867 0.9999051927360892 4.432507102704523 9.066038213935675E-8 1.0000003535001463 0.004833707834257864 
4.8148683534438455 0.9714718456452951 1.0000189441317322 8.0840820378953E-8 1.000000000673282 1.2620701022518456E-4 
4.999671553589057 0.9999104813441063 4.209596669772609 4.7452830279846136E-7 1.0000003535001463 0.004833707834257864 
0.36020521755547596 1.6399015611637537 1.0000001723775933 6.93467198566546E-9 1.000000008815895 4.032203872903232E-5 
4.999671666194654 0.9998941034985747 3.675585380609059 3.764514889139476E-9 1.0009453987577557 0.06693134113101012 
4.999704069033244 0.999975033309942 4.670090252571436 1.6876837207727263E-6 1.0001762246651293 0.06436623761159888 
4.089434697420275 0.7008996600914049 1.0735622446275688 1.845379462311418E-4 1.0000001752327712 1.2543905385184859E-5 
4.999671553589057 0.9999104813441063 4.158292259286807 3.541892180055036E-9 1.0000003549272765 0.004833707834257864 
4.432891854727526E-4 1.9996494952879937 2.8294244189745896 3.2928226623352763E-7 1.0000000097191675 0.01748104672002248 
0.5856821442257583 1.4151933095793667 1.0004360421943246 9.231495065780174E-10 1.0000000013463093 4.739411536090765E-5 
4.538544791878999 1.0103674346897646 1.0001321601034046 7.921270524095374E-6 1.0000001036613535 2.7639935475124004E-6 
4.996607830436922 1.0011722435851997 2.8070143332814705 8.812468305120036E-7 1.0000000019148994 0.06319308697686238 
0.23069694979124727 1.7818313007017494 1.0204545109688716 1.4044117257610093E-9 1.0000000099125872 0.0011026132999900017 
0.13532497175990324 1.8665851259849109 1.001753168909836 4.202622639514196E-9 1.0000004710130157 2.9837419544385073E-4 
4.999666833749152 0.999893476518456 2.5337221015735967 1.3141182257693893E-9 1.0247634012219802 0.13230882809702166 
0.08019476399812003 1.9227534934808383 1.036970111283542 3.1043789065329414E-9 1.0000000115787018 2.74465820464249E-5 
0.12734810629393056 1.890789967823472 1.0225046480662539 1.4576816807081342E-7 1.0000264105646375 0.03060090474295596 
4.182600882317862 0.7793442091984802 1.0064425240513017 4.135084581741901E-9 1.0000000031614984 1.0925439013364352E-4 
0.4279534731692869 1.5727179005233471 1.0741552877812428 9.361748225799969E-9 1.0000000122570458 0.001437010922587054 
4.996123615394342 0.9999766394630596 1.0000030662505204 1.4438649600555338E-10 1.0000206749992107 0.023889723650552287 
4.999666794630405 1.000182361630424 1.2893932236227144 8.036487154206747E-8 1.1788021376616744 0.7626795895114038 
0.5844503203744041 1.41721816742696 1.0249711487750035 8.837270181315775E-9 1.0000001591962593 6.216090644187242E-4 
4.999671548686353 0.9999189242675796 4.550301021527855 2.4475531598692948E-6 1.000000365720805 0.1271087502392727 
0.5148468275100367 1.4857829246317773 1.0000042080232476 2.818547786692664E-9 1.0000000322257347 7.172506872921876E-5 
1.0447662389754437 0.9556683497977008 1.0101297318680447 3.556988486564325E-8 1.0000000740746522 3.2157878052169E-5 
0.9431124227876193 1.0572449696119997 1.0664588585949826 1.2808518377952445E-10 1.0000000033656176 2.738155007217108E-4 
4.99970361387186 1.00010072256046 4.60633530838124 1.5038707158751984E-6 1.0000000020477804 3.761654306730978E-4 
4.12018622217574 0.7784425596319637 1.1112238426545542 9.49967103335371E-10 1.0000000131660332 0.06306167141593856 
4.716321077456454 0.9227542337971512 1.1554682699200212 6.441221343558995E-8 1.0000000497964687 0.0996213115819414 
4.999660414155113 1.0001776896385501 4.437200346009934 8.421966955759947E-10 1.000261922717609 0.692437036493537 
4.999669610250722 0.999894189179272 4.982779098058581 1.1606249747675126E-6 1.423265848563757 1.6027177313901244 
4.12324748452914 0.7771673350952834 1.1112238426545542 9.49967103335371E-10 1.0000000129172346 0.004016531923198393 
4.999749856244833 0.9999748462566355 1.238287445383965 4.12705966988063E-8 1.0000021330967999 0.06436623761159888 
0.0817216284027871 1.9230838208270098 1.012146842237026 3.1043789065329414E-9 1.0000000097295345 2.74465820464249E-5 
4.999704069033244 0.9999750332953915 1.7839656375858668 2.664754068279523E-8 1.0000022517715168 0.06436623761159888 
4.999666795311907 1.00001858161534 3.1699999299651695 1.7538215550075144E-6 1.00000000201938 0.003932739007562951 
4.970799901772127 0.9917917990588234 1.0000129255480286 2.4016758069993765E-8 1.0000000320223064 1.2421144528233525E-4 
4.999669688630834 0.999894189179272 3.6519325436955024 5.3740124152516054E-9 1.0020450674166699 0.06550527904395231 
