0.999850293759678 1.0010836706976514 1.0000000290037694 9.144234923047653E-8 1.0000000022343454 1.08614934343082E-6 
4.9980605324578855 0.9993617649859297 4.999954621520068 1.614849107799117E-14 4.999999222121826 0.4642386605905443 
4.997904952750034 0.9993709074802762 4.4634617849728695 1.3052188039702764E-8 1.0000294154177867 0.22378815383813339 
4.998054808125081 1.0010444150684752 2.1028330209347574 1.3711852309625834E-12 4.999993415272678 0.016158859263668057 
0.4011848677840514 1.599517780936722 1.0134839758703154 6.731211220240326E-9 1.0000000070044017 0.0017015813312903434 
4.997895143312186 1.0005044874850442 2.8325203557347733 2.49562398687501E-9 1.0000012348806682 0.09574221400404752 
4.9979093325019655 0.9993246436042749 4.805560755515794 3.1256540055985833E-9 4.999913207355858 0.0024665955575633083 
4.114112653850473 0.717602010659199 1.001531781007403 6.051444717236154E-6 1.000011408309533 0.03859169122629986 
0.0010899114125582088 1.9993000254822386 1.5400758661146434 1.695203281015644E-9 1.0000279680940474 0.03578320111426872 
4.997929679288027 0.9993709074802762 3.4133004206687336 3.171655002625024E-9 1.014308073191021 0.05994997983213207 
4.998054808125081 0.9993636179942287 1.795096057451063 4.353455337505064E-6 4.99994478197753 0.5241859979496827 
4.460198134369311 0.9002342890159069 1.0147155231520846 5.873131447124685E-4 1.0000703399572823 0.09487996842321754 
4.997895627187012 1.0009803173054153 2.4147325284152013 1.1974618392349246E-5 1.000005443044295 0.07076626043337003 
4.997892636173847 0.9993628807280824 2.690297417488731 2.982865971588263E-9 4.999927096365536 0.0016862385609101515 
4.338800235661033 0.7892908208961815 1.0000078602758167 2.264857981842561E-8 1.0000000295419835 0.0016850842744972954 
4.583080159123096 0.9654115387287339 1.028589136461903 1.7569293474449604E-7 1.0001441929669905 0.08909076771557575 
8.00393824232192E-4 1.9992768593193018 3.1712244635034024 2.1873140274925942E-10 1.0011273418169617 0.16962371400871884 
4.997913628263505 0.9993586296213205 3.241909598693742 3.226235947275844E-5 4.999624820672864 0.0030163919193094153 
0.3430920478330378 1.6576844432630433 1.0279842416369236 1.7318480240154848E-9 1.000028479722945 0.21930212524965867 
4.997905016477772 0.9993709074802762 4.085913554760179 5.580778032327731E-9 1.0001235190381548 0.22544918240064948 
4.997896706824625 1.0004417227230233 3.8755050897637 2.116602647428512E-8 1.0000051276671569 8.198205238169401E-5 
4.9979952838179305 0.999347933726062 3.4613365036327783 6.952364502403291E-4 4.999946549081884 0.0048808008579205725 
7.704022880761932E-4 1.9996858215236928 3.365694446646369 1.0215008195524657E-9 1.0000000750054416 0.0012960589665030149 
4.167039988250783 0.7384505461130761 1.0179020590579693 6.051444717236154E-6 1.000011408309533 0.08248666444729316 
4.831336153466265 1.0470609386230032 1.0004945466515693 1.9559008913888754E-10 1.0000311189874258 0.09453254694432343 
4.889999948052887 1.0009231014311109 1.0120808676748303 5.288449660014544E-10 1.0000002628776592 8.424943995239461E-5 
4.997909766838903 0.9993634619137308 4.3473554406072346 2.6328641966395234E-9 4.999929928080276 0.004697110340537436 
0.9496878649630047 1.0506694271497978 1.0280290089691533 2.8438133677183954E-14 1.0000011039781744 0.0021340301836624822 
4.2721189360763585 0.7831679361836249 1.000015659699084 2.2689296707356944E-10 1.0000000295419835 0.0016850842744972954 
4.998077327681087 0.9993643979840484 4.628232055329796 9.267413241588751E-4 4.999993415272678 0.04117753403500716 
4.9090152642521225 1.0000797286265235 1.0003966682567043 5.261945525396563E-10 1.0000327582553796 0.0952769908187307 
4.9979093325019655 0.9993246436042749 4.5339666535946055 2.6328641966395234E-9 4.999913207355858 0.004697110340537436 
7.704022880761932E-4 1.9996858215236928 2.9013692130919138 2.0258995745359154E-10 1.000000110302327 0.002263809404628503 
4.8472826230606625 1.0505977569801492 1.0280290089691533 1.4139928456207194E-13 1.0000011039781744 0.0021340301836624822 
7.601882869064614E-4 1.9996858215236928 2.543159501223423 1.284000035040874E-8 1.0000293662031257 0.004336573438420717 
4.614134037996737 0.9038657747913289 1.001000046256683 5.673054279647814E-4 1.0000000084992362 0.0020790149237685674 
4.3013750800739405 0.8555549558344887 1.000472770127494 2.243845564232249E-8 1.0000077641575733 0.003992215874209301 
4.99781590387039 0.9993576137354212 4.894937742533543 7.325851783129625E-4 1.0001778895720665 0.09619875400742761 
0.009437659055171466 1.9996858215236928 2.1833782742294696 2.0258995745359154E-10 1.0000049919107377 2.0254834485425354E-4 
4.694912703303107 0.9440058095822392 1.0149802668743448 7.358717347539122E-7 1.0000008721833376 3.600942481979286E-4 
4.997907677524231 0.9993246309343344 1.0107397171960166 7.698912466441455E-8 4.999945857539362 0.0046915502252559416 
0.6038219708938436 1.4225921526817924 1.0207605047245518 4.286097525167629E-8 1.0000718687089813 0.004069002878947925 
4.9980617265512155 1.0005092821454946 4.035835300915496 3.2838836747746733E-7 4.999664606548601 0.06335270308916074 
4.946663654173394 0.9907712578358484 1.0224014432981967 5.291702882653654E-4 1.000002985607061 0.09268801102766967 
4.782950064637266 0.9635564431845747 1.131810925873456 2.461829113194339E-8 1.0000511670061487 0.1355578418015519 
4.497041802515001 0.834433499013266 1.002508947860454 7.8626925153646E-9 1.0000000221076484 2.272317910512627E-6 
4.225542303415671 0.9384581838388338 1.014737296490123 2.060898643823811E-8 1.0111294111074098 0.1035332887601089 
4.998066860108729 0.9993565759074979 3.040358545992215 5.771164304496923E-4 1.011065943714953 0.11417265652022837 
4.9979952838179305 0.999347933726062 3.6481950722962013 7.02899306804041E-10 4.999946549081884 0.0048808008579205725 
4.997905016477772 0.9993688964852442 4.222232524585803 2.6150708903788018E-9 1.0001235190381548 0.026959316576399134 
4.997895143312186 1.0005044874850442 4.637693066965017 1.9754926127732595E-9 1.0000012348806682 0.020673095141989714 
4.997896706824625 1.0010719216907014 2.216111716932317 1.1983853589259412E-5 1.000005443044295 0.13670534510524046 
4.9980617265512155 1.0005092821454946 3.963494883474971 3.2838836747746733E-7 4.999664606548601 0.07414136372083176 
4.998051345950814 0.9993617649859297 4.953231403791372 1.614849107799117E-14 4.999999222121826 0.4642386605905443 
4.382224622089456 0.806221536405393 1.0005196926379896 1.7494601215838023E-7 1.0001201714152859 0.04456473289500242 
4.7816004767302855 0.9623185895957285 1.0029028298518605 1.2737138163674038E-7 1.000433087239719 0.032554301403043925 
4.67960230584864 0.9440781005826783 1.0149802668743448 7.146003884232224E-7 1.0000008721833376 0.06981274432693216 
0.49892059890722495 1.50295118185366 1.0000000208060118 3.2978205796837426E-10 1.0000224899041505 0.16452113584821798 
0.8116200078061302 1.1888395470530837 1.00000000969635 7.637673576565893E-9 1.0000012309544943 1.0144268676602854E-5 
0.49892059890722495 1.50295118185366 1.0000000208060118 3.2978205796837426E-10 1.0000000061204872 9.041014307743464E-7 
4.413377076214281 1.0009231014311109 1.0120808676748303 5.288449660014544E-10 1.0000002628776592 0.0017209904408572864 
4.73572512386045 0.9377303890743524 1.0807528170741705 1.4505566431266413E-10 1.0111746160914572 0.18682047941707142 
4.958155794468768 1.002562612478287 1.0224014432981967 2.1044221792886758E-4 1.0000027247766068 0.09102626990602655 
4.8549345549012135E-4 1.9996858215236928 1.012140346451119 3.2186760565396675E-10 1.0000002134120378 1.0770095301000388E-5 
4.8549345549012135E-4 1.9996858215236928 2.733968383904095 2.0258995745359154E-10 1.0000001498535875 1.0983297425843936E-5 
4.997895143312186 1.0005044874850442 4.739463367202411 2.49562398687501E-9 1.0000012348806682 0.09574221400404752 
4.73572512386045 0.9384581838388338 1.0160595448218515 2.1149305655618833E-10 1.0114119784431486 0.07404955295678048 
8.001846078093009E-4 1.9992768593193018 2.2166468708198597 3.448131208417371E-7 1.0094555456756025 0.16294077675711172 
4.537741261418523 1.0066925187963294 1.0351974914416564 1.341123744019887E-7 1.0000012354469683 0.04260337922973738 
0.09042771983227027 1.9129504337286913 1.081128058044384 5.79289363357854E-9 1.0002077268838936 0.012666995678135572 
0.6208696230416855 1.4208105681322611 1.0000304200959882 7.650427987891557E-10 1.0000000164971077 0.0029856261449266513 
4.515944476340239 0.8503842316318493 1.078863618278542 1.341123744019887E-7 1.0000020304807693 0.042984831608337604 
4.997909766838903 0.9993634619137308 4.241179333486589 2.6328641966395234E-9 4.999928912598793 0.0046930584538892525 
0.8011226858023345 1.2027910217190256 1.001627696976088 7.3601105465270846E-9 1.0000025357545568 0.010777349685687014 
0.02626158003036627 1.974356692306357 1.0000886750544784 4.17959238181848E-8 1.000000087055935 1.0834894446179466E-4 
0.7061120796508316 1.2946357752346038 1.0000000168753893 1.6221671456317184E-10 1.000000016277016 3.783356442380373E-6 
0.1468576245337187 1.854149446268325 1.0499731060185205 2.1151685705778192E-10 1.0000434524973862 0.014090733670630606 
0.7061120796508316 1.2946357752346038 1.063443546915889 1.5757484760547057E-5 1.000000016277016 0.0021735971355054447 
4.997896706824625 0.9994556957097506 3.7319028241714656 1.4115556166147902E-7 1.0000051276671569 1.6204543497390941E-4 
0.27608703114692945 1.7241928109812057 1.0000011730456377 2.7002545408121355E-9 1.0000000001159624 6.48450717746444E-5 
0.001153969388678656 1.9993000254822386 3.697267422448361 1.6016509196678586E-9 1.0000275769607996 0.028730117480800538 
0.09222409429809009 1.9082729073752374 1.0000002514648012 1.2814933243429428E-9 1.0000000666044127 3.722510148130897E-5 
4.9980641697483845 1.0010716894862768 2.739501641659713 2.8491327833729244E-7 4.999691555047834 0.14017229858576308 
0.27608703114692945 1.7241928109812057 1.0230355635514687 1.298071686887881E-8 1.009951428049123 0.19756081678555026 
4.9973706659606245 1.000517907857055 3.0189277527975307 5.235149755312545E-9 4.999908894487503 0.0026384112027638164 
0.21605906456030466 1.7844744681733107 1.088878522187879 4.247242987094096E-9 1.0000022699856541 0.0053152795244854455 
0.21605906456030466 1.7844744681733107 1.048164552665606 3.610364084107832E-8 1.0000023263183615 7.538024953002717E-5 
4.9985546362550926 1.0004161459159735 1.4208922310003824 6.136874275349284E-6 1.0113870223425143 0.11355574698081357 
0.0011521992810466387 1.9992765519476807 3.5873966233956693 0.005051214733668236 1.0000000323119933 0.028730117480800538 
4.997896706824625 0.9994556957097506 3.6664007943526644 2.116602647428512E-8 1.0000051276671569 4.490818027592372E-5 
0.1525238276576933 1.8495928317388597 1.000021747499569 2.3584954581996952E-11 1.000001005284883 8.34464772371594E-4 
4.64541284966108 0.8972232660851933 1.0143852542115788 4.42707355333092E-7 1.0000008803276568 0.07423377491543724 
4.0687653327725295 0.7746244213212286 1.024485260986626 3.707396829133226E-13 1.0000126267824907 0.004471078126155412 
4.998554338146984 1.0010445254871763 1.8825552365625038 8.904950633330197E-10 1.0002482794869239 0.016481518845685675 
4.989523592919585 0.9992980085513233 1.0000097955034313 1.2549135694458756E-11 1.0000009952711197 0.00608275168326933 
4.997608788732836 0.9993482040249361 3.208467106935494 4.827233796670642E-9 1.0000346821341974 0.004398939369421928 
4.9973706659606245 1.000517907857055 3.0189277527975307 5.235149755312545E-9 4.999908894487503 0.0026384112027638164 
4.209784526565863 0.7384505461130761 1.0006581072741718 1.288150653255619E-8 1.000001107863146 4.925831167507388E-4 
4.64541284966108 0.8972232660851933 1.0143852542115788 4.433126449121744E-7 1.0000008803276568 0.0020790149237685674 
4.9980617265512155 1.0005092821454946 3.76333252015914 3.2838836747746733E-7 4.999664606548601 0.07414136372083176 
