4.999709939881199 0.9999308964902279 4.999997843241806 2.2944160766188293E-10 4.999999910355607 0.0012130175868641652 
1.0012896445532968 0.9989742746330909 1.0000161824507496 9.07048559682554E-8 1.000000866346914 8.036385012471321E-4 
4.999447173627275 0.9999606260683915 3.503916948911371 9.963101509956388E-9 4.999999960750175 0.3306181501841692 
0.7454977852689958 1.2794656941922056 1.0460952437663842 2.105895187442398E-8 1.000005336520514 5.50419846996912E-4 
4.999690580164328 1.0000753865099714 3.559429186642037 5.677869415924914E-8 1.000031351935655 0.09156707241970097 
0.822176786487588 1.1779312004608173 1.0000008413321373 3.414629276036003E-8 1.0000000089778203 7.591216622972888E-4 
4.9997100205849145 0.9999602606401837 3.209356480747154 9.129324520842868E-9 4.999999949780545 0.0013312717697346876 
4.999396101139796 0.9999321799301695 4.157133027706685 4.211577910241364E-9 1.0007608492805564 0.004574444326494995 
2.6067146449284265E-4 2.000146414070311 2.3237275743695434 1.3662103022255576E-7 1.0000202863646932 0.001221477064378211 
0.5939729732534311 1.4065257785453233 1.000167353207333 3.1278616252859076E-9 1.0000002065839113 5.73554494382214E-4 
4.733924258579164 0.9566167164135677 1.0416570241886212 2.8189717801614126E-9 1.0000036152439062 0.0036262675857143267 
4.999780682735256 0.9999307895297417 3.767012292289877 3.9886373517639606E-9 1.0075145755006292 0.062081249052573756 
4.999427033694844 1.0000083257872112 4.606074780936289 1.5927420530379125E-7 4.999670915925377 0.0026262030771246198 
3.8039517985557635E-4 2.000146112785796 3.027545524604397 2.5579930809080126E-8 1.000000762704464 1.0882479724103381E-4 
4.63497515111128 0.9059768700832028 1.0050075274234849 4.020888759555311E-6 1.0000065694500357 2.6042909139587954E-4 
4.360078024657508 0.7961176326929735 1.001095582668777 2.7448286034402556E-7 1.0000000000718816 0.0013073266798615934 
4.474458368342699 0.8564504514916658 1.000005836676036 2.3107027467111846E-13 1.0000456398944277 0.03980350929831922 
4.9994206622929225 0.9999602595958601 2.718751312403365 1.946953066665295E-8 4.999743991544536 0.002775387757988277 
4.999785461455626 0.9999307895297417 2.9458463614825177 1.1401048763658011E-8 4.999862607381377 0.062081249052573756 
4.67195833678942 0.9999384142846146 1.0001175685556352 3.932686389442537E-9 1.0000001319461456 0.0012429175403249476 
0.3818974214182477 1.6189522384354424 1.121043232395152 5.183991277393922E-9 1.0000004212543983 0.07827479979432242 
0.26180374671437584 1.7416938058664966 1.0000139608807759 1.0908779703253996E-8 1.0000001413555701 0.0029872608675799795 
1.4932478579785408E-4 2.0001461019123927 3.3289325352860795 7.754669474410137E-8 1.0000000667061792 0.012551367185593288 
4.999785461455626 0.9999307895297417 2.9458463614825177 3.9886373517639606E-9 1.0075145755006292 0.062081249052573756 
4.513325997733548 0.8613237059029012 1.0000004961135243 2.607763203498657E-9 1.000000047885078 0.012933729452407255 
1.5112385134020867E-4 2.000146112959347 2.809102995252024 3.122144977273646E-10 1.0000000038694512 0.011192484765576351 
4.99978836411295 0.999959390829822 1.7731131732364747 6.09544782778147E-8 4.998430882512626 0.1264392079917794 
4.704370486617507 0.9155726589292039 1.0000147582865082 8.50046717611553E-7 1.000014533063515 0.005125539343561249 
2.608665982876027E-4 2.0001464108390943 1.71831947395106 2.120473079337902E-8 1.000000064937616 5.597306577709189E-4 
4.999420424903228 0.9999319777049511 2.0606126451127804 2.3471485984967173E-6 1.000018775443738 0.015593916327336615 
4.9997100205849145 0.9999602606401837 3.791733763324884 9.327160615012347E-9 4.999999949780545 0.0013312717697346876 
0.20234891649817888 1.7981617007912103 1.0128344309949344 3.1056199704661146E-9 1.0000000277313923 6.09285230249515E-7 
4.304170098531147 0.7699598594148863 1.1860729116816173 2.879785509915501E-7 1.0000005055195997 0.1258775151638204 
4.54207968808208 0.8618984725262708 1.0001943430634672 2.168487594478618E-12 1.0000042945950998 0.10548530899615437 
4.999425834531392 0.9999588214538802 2.30065948941527 1.2754157220659451E-8 4.999862549312376 0.006899839666820548 
4.595466104222824 1.008487751440468 1.022138567327727 1.1197565467050214E-8 1.0000003304322116 0.09796581444872161 
1.0012896445532968 0.998921185287855 1.0306505569409738 9.095030917851924E-6 1.0000445131768039 0.001488158973828032 
0.0636642865960293 1.9363425510233032 1.0036400134319992 8.30734685048236E-9 1.000000249235983 7.411570289702837E-5 
2.6067146449284265E-4 2.000146414070311 2.539768350315172 1.44399661953047E-8 1.0000202863646932 0.001221477064378211 
2.5971602267979316E-4 2.0001464108390943 3.6125472929337157 0.021333114177982827 1.0000296953751584 0.010939561611073435 
0.15335592258641184 1.847551061732918 1.0655490044873372 4.315384063703382E-10 1.0000027691143907 6.189191108012252E-4 
4.999697083546189 1.0002025140490378 4.888343537743223 1.5816038553859816E-7 1.0220223984394343 0.17086094994911094 
4.999447173627275 1.0000784428520617 1.021729079287568 2.954814832754728E-10 4.999999890937823 0.06857196483320185 
4.856392387559753 1.0000033416786893 1.0171472517434084 1.5245856627264576E-7 1.0000000931477495 0.002856991525578837 
0.5608838246698755 1.4401539687918459 1.0664967340535567 1.5139330096146227E-13 1.0000319825029693 0.014477755780850976 
4.999705267265376 1.0000747068341513 3.229098147187263 1.8499280156719196E-9 1.0003739559375127 0.18051809180165862 
4.571963894807569 1.008487751440468 1.0001673480106064 2.6920334432122983E-9 1.0000026834100257 0.09796581444872161 
4.905513214215897 1.0716013200192929 1.0001759242048531 1.6312163870085818E-7 1.0006479729280344 0.010048846117232946 
4.999785404841198 0.9999307895297417 4.184900883244491 1.1401048763658011E-8 4.999862607381377 0.0017802020844155317 
4.1731425157586095 0.7961176326929735 1.0000020665934717 2.8551277929314285E-7 1.0000000000718816 0.01303402902542948 
4.999397383950279 1.0002025140490378 4.757145942887973 4.999698113654518E-9 1.0016384070372484 0.07992571373443881 
4.22441665728914 0.8122595600665885 1.1323165091149772 7.851295472494336E-7 1.0000037710810117 0.001706714662487699 
4.999443434971766 1.000004245565201 4.382867828667312 9.568052194108533E-5 1.0043830840095838 0.08688866300378906 
4.999714228784838 0.9999602010993781 4.754022843658574 9.74434446734552E-10 4.999999842364617 0.0028670025915069355 
4.999697083546189 0.9999321799301695 4.5212271250460425 9.581869816011788E-8 1.025089386668198 0.10067028697614666 
4.99969705606281 0.999932119197008 1.7033002040900374 1.8082305582047146E-9 1.0492843253177138 0.25988525694435066 
4.388665819240272 0.8613237059029012 1.0000004961135243 1.406838510475304E-9 1.0000002744293668 0.3436932171535481 
4.277478470353925 0.8586241973576423 1.0006692710822371 1.0749062041027443E-10 1.0000041057697142 4.289565334782688E-4 
4.999697083546189 0.9999592558893872 4.833133178151228 4.595977941258387E-9 4.999117559420874 0.08421761444090078 
0.47649674789668595 1.5236676169654195 1.000000953222878 4.899394781921378E-8 1.0000001859887542 4.79281824410302E-5 
0.455847044090389 1.547874251360864 1.0333981565960018 3.864781279107916E-9 1.0000002099146281 0.0045608393970622 
4.999785375596354 0.9999602526644107 2.390648627344048 6.121551623615647E-8 4.999504435454869 0.12605469374276992 
4.215808546859123 0.7961176326929735 1.0000020665934717 2.7601215578268214E-7 1.0000000000718816 0.01303402902542948 
1.4932478579785408E-4 2.000146414128278 1.0496641477943085 2.499745209283669E-8 1.0000002757627617 0.012551367185593288 
4.437342592118744 0.860659515889402 1.0140300278034267 4.1214856162015577E-10 1.0000042945950998 0.05464163496074202 
4.1091083524715275 0.7109884448761262 1.0068306530126794 7.800161633033627E-8 1.000006655606031 2.448206468321127E-4 
4.999354084899274 1.0000071722211266 2.764726213945138 9.515433816099824E-5 1.0000039184403593 0.012781953132859639 
4.780934380031768 0.927914848922558 1.0013325532228472 2.742832898340749E-4 1.0000458867738644 0.013071076487647881 
1.522744269480166E-4 1.9998480578129147 3.4408050794228693 3.870233750310444E-10 1.0000027868568115 0.21950517254662047 
4.999697057750304 0.9999302254782814 1.5700028248076847 1.7769181292754756E-9 4.999999910355607 0.04231847149762118 
4.963138725916511 1.026733763796042 1.0032160892827453 2.788384244007145E-4 1.0000042350945146 0.0017328456621676601 
4.999705267265376 1.0000747124429177 2.5744174606451655 1.8499280156719196E-9 1.0000365228028734 0.18051809180165862 
4.999786419163205 1.000004327720449 1.2992992492867013 1.5214394875283366E-7 1.0000017651156827 0.488175608656928 
4.999427033694844 1.000002557149162 4.425545435535064 1.6115602507879747E-7 4.9882370580928015 0.14715657928532805 
4.816863219654265 0.9404412231650241 1.000009778374043 1.0328486130215736E-7 1.000004051060306 6.23735994383411E-5 
0.3818974214182477 1.6189522384354424 1.0004867246540543 9.260994703028053E-8 1.0000004212543983 0.0010440852347308551 
4.8206511153764975 1.0007068955363134 1.0306505569409738 4.5792535159293243E-7 1.0000001088935382 0.09804806500695985 
0.02192639105849417 1.9914267232991656 1.0000680750446955 2.106459128168597E-8 1.0000002056063926 0.0029872608675799795 
4.9997100205849145 0.9999602606401837 3.209356480747154 9.129324520842868E-9 1.021371726502227 0.10884623375970204 
4.999425834531392 1.000002535832676 3.977092459541374 1.2754157220659451E-8 1.035370983339307 0.19584784816520306 
4.999786600212067 0.9999292898124321 4.970501890909061 3.724049167170262E-10 4.994115300112759 0.062364534178865616 
4.999743432401765 0.9999594166522087 3.9914945153526364 9.852825614174356E-9 4.999999949539531 7.127806411257598E-4 
4.984708393014999 0.9960781734046635 1.0068306530126794 7.696748799745729E-8 1.000006655606031 0.0015949104918071971 
2.5971602267979316E-4 2.0001464108390943 1.6290237903184026 2.1711375996052273E-8 1.0000000040348669 0.012953405482393529 
4.906697372111448 1.0716013200192929 1.0001759242048531 1.3690128042880341E-7 1.0006479729280344 0.007248570263638954 
4.942240006715262 0.9999608124331467 1.0390127222025545 2.9663810772858875E-4 1.0024414904735484 0.012798498682639037 
4.782214607110212 0.9294215637124073 1.0013325532228472 2.742832898340749E-4 1.0000458867738644 0.13136800041110297 
4.854492900834209 1.000004327720449 1.0171472517434084 1.5214394875283366E-7 1.0000002058320656 0.0026767378153039175 
4.99969705606281 0.999932119197008 3.8610179143637837 1.8082305582047146E-9 4.993842049556226 0.25988525694435066 
4.148845093870005 0.8524769435838689 1.000000827057139 2.8551277929314285E-7 1.0000000000718816 0.07767012396948939 
4.999786419163205 1.000004327720449 1.0001357529329244 1.5214394875283366E-7 1.0000017651156827 0.00264843945747131 
4.130541217865386 0.7143040308814388 1.0013325532228472 2.833759588242764E-4 1.0000458867738644 0.12660251205914191 
4.064499778503823 0.8586241973576423 1.0006692710822371 6.457966023333879E-11 1.0000041057697142 4.289565334782688E-4 
4.067519521193538 0.8586241973576423 1.000001395410665 1.0749062041027443E-10 1.0000032034999535 0.01249026680576517 
4.999712088504754 1.000002535832676 3.977092459541374 7.257827829040636E-9 1.0360586949306798 0.19584784816520306 
4.999786419163205 1.000004327720449 2.3961203372245814 1.491947649137525E-7 1.000019199642382 0.08703645628238918 
4.999697083546189 1.0002025140490378 4.757145942887973 1.5816038553859816E-7 1.0220223984394343 0.17359251991782954 
0.15335592258641184 1.847551061732918 1.0042508877550131 4.315384063703382E-10 1.0000027691143907 0.002591470206053281 
0.259267478734355 1.7443712444666613 1.0751759890005208 1.5920901157516615E-8 1.0000010881292103 0.0019730701685794425 
4.999708969400973 0.9999321635601133 4.397794269028625 1.6662534614588102E-9 1.0492843253177138 0.2035106553790899 
