1.0014455654708554 0.9987149077975148 1.0000016526013675 6.250357501673653E-8 1.0000000007010974 5.568447075339361E-4 
4.999959977619055 0.9999927979611616 4.9999999566339195 9.555251252496082E-9 1.2112254459489713 0.8744105855297699 
1.0014455654708554 0.9987149077975148 1.0000016526013675 6.250357501673653E-8 1.0000000007010974 5.568447075339361E-4 
0.9308080257309359 1.0693833508771613 1.0873664549106994 1.9124447174344266E-12 1.000000110489239 0.004023152171903081 
4.544626937287486 0.8886930392865119 1.0002419699258918 2.6062685528238494E-8 1.0000000607530621 0.01271271968989741 
4.4757394208836345 0.8435473367546849 1.0021728896677002 2.8636817623146428E-8 1.0000000606439867 3.110754765625664E-4 
0.39622167110015594 1.6058457838862135 1.0000025942897912 4.877398871137249E-9 1.000000002077181 3.0708043190674186E-5 
4.6471243483293785 0.8886930392865119 1.0104423059109264 1.130309873327755E-9 1.0000000747583784 0.012801720523238844 
4.975382422910865 1.0065849797640196 1.0000307696649229 2.5513605517986186E-7 1.000000000131438 9.65541084930056E-6 
0.6864027016049732 1.3139473611385173 1.0000005621018977 3.0090577111043683E-9 1.0000000000274822 4.1284782727070467E-4 
4.999461177812268 0.9999924346285098 4.964791340420163 5.7449194205227205E-8 1.0000001410493373 0.0028173882797340247 
4.924073828345051 0.9824700244952419 1.0005079452897592 2.398807843662552E-9 1.000000876238614 0.0011446367242802652 
7.361869247113921E-4 2.0000871545636727 2.1517192584803047 7.380591751135645E-8 1.0000000816966783 4.1071482975268216E-4 
4.198273379117591 0.949811399410849 1.0001155219474827 7.038387079739937E-10 1.0000000384767267 2.8090096553135967E-6 
4.602610987479464 0.8754005906154654 1.0022657608171681 1.3285266000307007E-6 1.0000000632785317 0.002237010769997813 
0.0028310655821519497 2.0005223221835697 2.7536535180672086 6.937293075564976E-7 1.0000000015459274 5.163077726861429E-5 
6.74329435141474E-5 2.0000491077078517 1.069428818493419 9.290968195960916E-10 1.0000000102075923 1.8547194957799776E-5 
4.738040889147131 0.9819701758839636 1.0005079452897592 1.090682033011696E-9 1.0000008771902418 0.00115611245334645 
7.591177311077353E-4 1.9992925043785534 1.709968468596796 3.167165295860196E-8 1.0000000004393863 0.9821723805119656 
4.117781335576238 0.7287442093996344 1.000017798036487 1.1452418671360258E-9 1.0000000041779247 0.013038746811058849 
4.3876007035838045 0.7959809234567361 1.1055524707368045 5.291014419842894E-10 1.000000150330087 4.216805365232128E-5 
4.999959977388125 0.9999924637294223 4.109863531697989 9.511186337690944E-9 1.0000000133489282 0.0010890894957432213 
0.09779050882465556 1.9108721245196827 1.0764177679154725 1.0579636263546115E-9 1.000002521524043 5.473643652388179E-4 
4.8838845953089045 0.9756258199402611 1.0129006617172975 2.5523849277987037E-9 1.000000030866146 0.002172154954639729 
4.07689430440281 0.7252827289038905 1.099924481242503 1.1452418671360258E-9 1.0000001761254622 1.865630933015599E-4 
5.282831805653012E-5 2.0000481416538145 3.703920607251029 8.304182676463838E-9 1.0000000000255693 0.014925961318147885 
0.3123948350410495 1.7092914973569304 1.001472461571612 2.591985494244386E-9 1.0000000178224462 5.43472418535586E-4 
4.999950146778076 0.9999927905724518 3.7697340145674314 2.689261119213239E-9 1.0000003053462558 1.7410853590137787E-4 
0.13045967822527216 1.8805488273955326 1.0001417686409286 1.1608512795876303E-7 1.0000000063055006 2.8974405895780824E-8 
1.6030920972917394E-4 2.000069442000856 3.0507999037952853 8.409591344442963E-9 1.000000001653791 5.106079621185693E-5 
4.999963359890671 0.9999927131268164 4.16347822708393 2.0022101988257025E-9 1.0000003449795687 2.3049562515542465E-4 
4.999963359890671 0.9999927929553343 3.9178189721368244 8.211124601636322E-9 1.000000002252325 2.1211765547157757E-4 
4.999960105504071 0.9999923374618639 4.829952102379032 4.853361763316401E-9 1.0000000095781465 0.1183549386985609 
4.999937473360915 0.9999927496665114 3.399562735569355 2.374074343164608E-9 1.0000000095493702 0.0022709207231657765 
4.6900244194098235 0.8985813096489124 1.0272141417394802 1.8115254544268473E-9 1.0000000081936888 0.00112430425473413 
1.5225637671653446E-4 2.000069442000856 2.929066945233243 1.944919936578961E-8 1.0000000009826013 0.009759141606031252 
0.48953024991636424 1.5117493685971317 1.1003098846509305 2.0916196640427857E-13 1.0000001462587365 8.446795054125461E-6 
4.997044831152427 1.0000447002731743 3.5811910711302155 8.06378904313328E-9 1.0000000019096247 0.017566028776673986 
4.28545882908405 0.8447325074063025 1.096869175602067 4.8398012308759045E-9 1.000000003470661 0.004929543964064345 
7.161371834196373E-5 2.0000686724298866 2.51468026268585 1.823417982161504E-8 1.0000000008152388 6.619934609198392E-5 
0.5838775370613688 1.421435273908079 1.0578388385357091 3.815843685632229E-12 1.0000009292168248 1.6837592745393257E-5 
4.999950146778076 0.999991138975373 1.6723523364307114 3.491583956295885E-9 1.0000007757292315 4.383587254452696E-6 
1.5188393989117472E-4 2.000069442000856 3.4643294152058868 1.9458172878154426E-8 1.0000000009661563 0.017843989893502117 
4.999957419282732 0.9999910174279862 4.783110315119069 9.241644355006533E-9 1.0000000063518821 3.922998667164353E-6 
0.4988330757954049 1.5015017099189114 1.0001385765140616 4.839436336844623E-9 1.0000000185371394 7.071698424076676E-5 
4.814065850059857 0.9830604790628168 1.0516705681221654 8.927855033600147E-6 1.000000870142608 0.0017838481508181338 
4.435686001363328 0.8293797998652973 1.0014531926353456 1.5697689307321227E-9 1.0000000213045939 5.411177550166393E-4 
4.6900244194098235 0.8985813096489124 1.0002425683160945 1.8115254544268473E-9 1.0000001465230293 1.145222681843026E-5 
4.854868936134202 0.999992435817008 1.0148719933644545 2.0649257764562823E-8 1.0000007757292315 0.0022657787980749017 
4.9999550038807925 0.999991138484267 3.641961169390605 5.5438254768248896E-9 1.000000863636769 7.304469334260266E-4 
0.6023954231052893 1.4010702802495643 1.0000096475923317 2.0934039396033282E-8 1.000000000534615 4.7401744643040455E-8 
4.326607832139102 0.8765891897565499 1.002174932825458 2.8746333635723984E-8 1.0000000606439867 0.0010664559740927466 
1.5188393989117472E-4 2.000069442000856 3.5762356474801003 2.066133725822893E-8 1.0000000009661563 0.01732800802464737 
4.999958190003311 0.9999924379555096 3.0291484983459385 1.6523892528111122E-9 1.0000000015177792 0.0031881898179065074 
4.99995882237362 0.9999927979611616 4.9999999566339195 6.196758098484232E-10 1.1415269726969814 0.8791397834736892 
4.842948328994359 0.9739070251357049 1.000547084838094 3.2809109105397032E-9 1.0000000190544698 0.1254841423651289 
4.153596111799738 0.8300626627865573 1.0001155219474827 7.038387079739937E-10 1.0000000384767267 2.8090096553135967E-6 
4.274081504075879 0.770108864225842 1.0000156105155222 4.361450477704247E-9 1.0000033631267709 0.03282850482887199 
4.99995997635277 0.9999902325821004 2.011308990455264 1.6403425657417261E-9 1.0000000006542773 0.0041667753904298666 
4.999954883259608 0.9999909559925882 4.326834050228699 2.0375792296958895E-9 1.000000005755251 5.040846262216483E-5 
4.999962197998091 0.9999924346285098 2.6283831022305026 4.0566917358431966E-6 1.0000008576199455 2.230582609744553E-4 
4.999949965987188 0.9999924356312095 4.669684660259315 1.5017320766552986E-9 1.0000007836532725 5.594407412844518E-5 
1.6031168660104284E-4 2.000049767307472 3.2314051233880203 7.402838755315986E-10 1.0000000009816798 1.3297053227774233E-4 
4.774226641729686 0.949811399410849 1.0000350903973645 7.038387079739937E-10 1.0000000370877253 3.010982227440157E-6 
0.17878403589373004 1.8262090725860207 1.0000008884954388 3.0417398479401112E-9 1.0000001866069872 3.185153967472796E-4 
1.6031168660104284E-4 2.000069442000856 3.2698179467822017 7.039256965254569E-7 1.000000848829276 2.0537845685196144E-5 
4.999960105504071 0.9999923374618639 3.2204985006167552 2.629162615973348E-7 1.0000000059003855 0.0013704997266688838 
4.4399425442182086 0.8786416990138428 1.0001142766590465 1.9891462387775992E-9 1.000000874228492 0.004029379226101144 
6.977645542007838E-5 2.0000491077078517 1.5750564014718558 9.254524831118949E-10 1.0000000104200522 1.9887440330996825E-5 
4.999954959487681 0.9999911459260847 2.3031685996661504 4.749426181523478E-8 1.0000000010847294 0.003021170192944721 
0.30131134600384674 1.6988639819667823 1.0796190958498018 1.224962650686568E-9 1.0000000004192906 1.0529572765709266E-4 
0.03995927753321467 1.960401938919436 1.0001392053743432 1.1147476197268673E-7 1.0000000017469033 7.154030428370482E-5 
6.977645542007838E-5 2.0000491077078517 1.556197998704366 9.254524831118949E-10 1.0000000104200522 1.9887440330996825E-5 
4.236301548252848 0.7959809234567361 1.0002366611505558 9.248107186772325E-11 1.000000150330087 1.7570811774040348E-4 
0.6864027016049732 1.3139473611385173 1.060697395914943 2.8650856132730897E-9 1.0000000000274822 0.002838011724293834 
4.999960105504071 0.9999923374618639 2.984004536516439 4.1737770318610094E-10 1.0000000053251594 0.032503031310484376 
4.99995997635277 0.9999911456164847 1.9621417904757177 2.5433786558961595E-9 1.0000000006542773 0.003510622603991982 
7.161371834196373E-5 2.0000686724298866 2.51468026268585 1.0386552606885172E-8 1.0000000008152388 6.692848126434982E-5 
4.999949965987188 0.9999924356312095 4.444660725018208 1.5017320766552986E-9 1.0000007836532725 5.594407412844518E-5 
0.24326871351261792 1.7575121104518816 1.0000006711968166 3.0287948802920804E-9 1.0000001789988135 0.0011357158774135158 
4.999963359890671 0.9999927929553343 3.770991653441037 2.2591656759156757E-9 1.0000000024775777 1.018580185700309 
4.370825764090603 0.8447325074063025 1.0002767450678038 4.782885276589101E-9 1.0000003024564854 0.004929543964064345 
4.999449126592253 0.999991138975373 1.4794000772372908 3.4035500458017977E-9 1.000000000078687 0.0026692659723629468 
0.24326871351261792 1.7575121104518816 1.0000006711968166 3.0287948802920804E-9 1.0000001789988135 0.0011357158774135158 
4.578097556921015 0.8947719991943862 1.0004195997501446 2.6779757013593023E-8 1.0000000606640662 7.929812530693119E-4 
4.9999550038807925 0.999991138484267 1.0027305833691873 5.521349304168726E-9 1.000000027320371 0.12484481399181088 
4.999461177812268 0.9999924438513883 4.520727191028471 2.1722988785273067E-6 1.0000007507792061 1.4345006947093914E-4 
4.999960105504071 0.9999923374618639 3.3067094058211897 4.1737770318610094E-10 1.0000000053251594 0.032503031310484376 
4.999958285446514 0.9999924441447952 4.385186071325191 1.7874239187511744E-4 1.0000000015175428 0.20023977443041024 
4.999950146778076 0.9999925899622922 2.8026391195574902 4.0216154528527824E-8 1.0000003449414856 2.0003971913277877E-4 
4.99995825868097 0.9999924445434634 2.8171976059556103 1.4525115473789319E-9 1.000000017572004 0.18187682665156482 
0.03995927753321467 1.960401938919436 1.0615607602929586 1.1206621348983832E-7 1.00000000398206 7.154030428370482E-5 
0.17801269085364096 1.8262090725860207 1.0002660412721993 4.777375689969879E-10 1.0000000003165406 5.134827141015547E-6 
4.99995825868097 0.9999924441453393 2.320904539893303 3.3113561556686258E-9 1.0000000015175428 0.4799006359867581 
4.999949965987188 0.9999924438171008 4.638776278240094 5.18535976914792E-9 1.0000007316238242 7.114241149533255E-5 
4.798437691819032 0.9819701758839636 1.0278765058194712 1.19736607104624E-7 1.0000000272787022 1.3244299488095602E-5 
4.3535179208057455 0.8950562782398055 1.0036239277941765 1.8983924380985287E-9 1.0000000746697653 0.01264786611582871 
4.762890828829643 0.949811399410849 1.0000350903973645 2.1682396989220437E-6 1.0000000365815434 9.199612144336459E-7 
4.999958345777149 0.9999925825204746 1.2521432406886295 4.75309700646857E-9 1.000000863636769 7.304469334260266E-4 
4.338278719111649 0.8947719991943862 1.0036239277941765 1.8983924380985287E-9 1.0000000746693827 8.925789231693107E-4 
