1.0041887450734996 0.996047238036432 1.0010821910337735 5.3914182188867895E-11 1.0000000412062262 2.0558621557364428E-4 
4.999267254165012 0.9999858069798359 4.999999974438749 1.2426174609943718E-8 4.999997997685972 0.6616559184547208 
1.0041887450734996 0.996047238036432 1.0010821910337735 5.3914182188867895E-11 1.0000000412062262 2.0558621557364428E-4 
0.7957349690097981 1.2106022983988085 1.0578104901293366 1.0891534548361976E-8 1.0000014921764568 0.17325562392430732 
0.5908971188503842 1.4094922148908406 1.0000000226267123 1.8793086094726926E-9 1.0000000154073745 4.5445882208226796E-5 
4.967120687881206 0.9970836554276828 1.0002097764271607 3.6278563421196596E-10 1.0000001461145926 0.33938886861882417 
1.1836090950033277E-4 1.9999159505908732 1.584236922797117 3.818039489986061E-7 1.0000048456448951 9.115669888290715E-4 
1.1835695240548723E-4 1.9999099288547586 2.2821301849098026 1.3207979395943955E-9 1.0000023565151397 0.004796458574686347 
4.999227413830939 0.999980137372593 3.9158541228793036 1.2272915498108924E-8 1.0004802445555334 0.005024167808259261 
4.652380698758378 0.8864568599805734 1.0231454693973634 1.8381034104839743E-10 1.0000322982714194 5.073030985641444E-4 
4.725521887684962 0.9305254639740981 1.0106824145776174 1.3809302911892093E-7 1.0001113567043918 0.003309578513965022 
0.4153736986512674 1.5849397341964917 1.124506164060424 1.2187587016455743E-8 1.0000020733584254 8.56814008851445E-4 
4.999223335215741 1.000056391369939 4.463873726845477 9.280167837951503E-6 4.991455305365213 0.2428954730592721 
4.999267254165012 0.9999858069798359 4.681754466164591 3.4490377175883707E-9 4.999997997685972 0.6527458427273285 
4.686180055950894 0.9057668038114962 1.040840235128033 3.595482834731255E-4 1.0000015312784456 0.006921656266628539 
4.1394199308556265 0.7223527273095134 1.0020006730946398 1.2646675457815332E-8 1.0000340133224546 0.011806517331216687 
0.8716908088282809 1.128574540983014 1.0000024514571617 3.9333797976022316E-9 1.0000000050757267 3.239521976614463E-5 
0.2953317274243052 1.7050336941854174 1.000019150083127 2.51186918322606E-8 1.0000001734729993 2.5559419874303803E-6 
4.325707592639265 0.846468012071161 1.0147049246612725 3.3442512441287753E-7 1.0000014831526927 0.005439762750464511 
1.1825528459959427E-4 1.9999164567537127 3.178035366080033 5.383020285533551E-7 1.0000016922209867 0.004121721203725099 
4.9992095627662145 0.9998397527335597 1.795188721222854 1.4001240481647898E-9 1.0000154191707427 0.0638060562941197 
4.230617041047971 0.8130947348731095 1.0578104901293366 1.9571609948014035E-7 1.0000009077484562 0.17325562392430732 
4.909497368101146 1.0206725070917793 1.0969509023503228 1.3076306497377378E-8 1.0001240381232916 0.0984676916154599 
4.8121859421565825 0.9402913270135693 1.0019776452146034 1.3745120983952306E-9 1.0001374215607617 0.010039949835465474 
1.1584107572805336E-4 1.9999406556177257 2.516268776043267 6.152677629857404E-4 1.0000005945201125 0.004114065155233956 
4.999229227912217 0.9999131338891513 2.2100430944807616 1.302948956301832E-9 1.0000323932435655 0.010650779499843662 
4.999296685271984 0.999827430586897 4.838412904596851 8.684237239015365E-10 1.0000033757980284 0.036803312345335175 
4.999227413830939 0.99998098530716 4.2908803281953904 3.4277076544949652E-9 1.024818212257121 0.2500805189130914 
4.999294168267032 1.0000597418448653 4.197872163892995 1.1925379532204056E-4 4.999986229161905 0.00557280370406299 
4.999268568717744 0.9999815882471427 3.8331065148846744 4.7759683397145235E-11 4.9977057714656326 0.018555933113551526 
4.999227413830939 0.9999810012318261 4.469884038080823 6.202543156487444E-10 1.0000004611796993 0.010372391749864679 
9.757149627796068E-4 1.99991608619455 3.565904415427943 3.120300301530968E-11 1.0000011357824052 5.18507436739357E-4 
6.887339739190101E-4 1.99991608619455 3.4571410271399228 1.226981350430453E-12 1.0000011357824052 5.18507436739357E-4 
4.560558169480161 0.8916325534343222 1.0399600037606485 2.451526647800394E-4 1.0000148935770254 1.8269264889052544E-4 
7.838364421766057E-5 1.9999406556177257 2.855375505102671 1.849672799130411E-10 1.0001035778300735 5.894429780041945E-4 
4.9992296790555 0.9999934068377176 3.5719729183797497 8.33357666564481E-10 4.999983536023424 0.005119356399507488 
4.598683040557119 0.9994107483678398 1.040840235128033 6.482208940319348E-6 1.0000011077591628 0.006921656266628539 
4.360388916401538 0.8462340250500864 1.001251813492909 2.0553950152035662E-9 1.0000009378148866 6.827094390579299E-5 
0.08145120214435098 1.9261165888712422 1.00006193842166 3.1951402888168224E-11 1.0000003497876289 4.816163976004945E-5 
4.999293564921171 0.999868447627566 3.2227913353452586 4.242436022896562E-9 1.0000005354115458 0.04498920262998633 
4.515629130087683 0.8756949907539762 1.0001846600616284 2.2691920563454075E-9 1.0000000910014486 0.003926800531498834 
4.999296612895051 0.9998371922944507 3.3189665545960803 1.2771394637508425E-8 4.9999965167461085 0.0446967844435807 
4.9992293534735435 0.9999859471905572 2.92841375651645 1.1897728616121482E-5 4.987334292284084 0.1154200758762127 
4.769550588048466 0.9318475831680508 1.003611138728363 7.582428796356549E-10 1.0001419565110006 0.07529720213331292 
4.195907999665568 0.846468012071161 1.0147049246612725 1.9581434576370496E-7 1.000000884625161 0.005439762750464511 
4.999294168267032 1.0000597418448653 4.383097201550248 1.1289482914115698E-4 4.999986229161905 0.025790829413130822 
4.39178765569164 0.8145768019863944 1.0175908537773526 8.187199520387453E-10 1.0000000246650071 0.011768406087770446 
4.999229855293786 0.9999810336013694 4.593488418243396 1.6267967348855267E-9 1.0000693615731668 0.057234500520132 
0.048495833146068326 1.9520211674487544 1.0524467751770645 4.603053322541066E-10 1.0000000401417275 1.2857470960037884E-4 
4.999293564921171 1.0004956390165154 3.0357456455793344 1.4010276185127807E-7 1.0000005354115458 0.03605476849520775 
4.999293601819675 1.0004956390165154 2.852021772711159 3.4755326337022497E-9 1.000006164418517 0.018317640588025694 
0.5535282901205021 1.450897032252049 1.0670670465546814 1.1404896088163386E-8 1.0000000183495428 3.474636442902221E-4 
4.999267593085212 1.0000522496121285 4.062265212333061 1.3038136513718366E-9 4.999884913278841 0.0487515940314468 
4.072400026035428 0.8339308390054136 1.0655656394770885 2.882976698940413E-8 1.0000000522971573 0.0030616768031516564 
0.2202250345143611 1.7798907225201257 1.120786560097618 3.7520220042344553E-10 1.000002270513514 1.2857470960037884E-4 
4.9992298503663335 0.9998266615360761 3.6368292170736822 8.320770554119871E-10 1.0000703119260155 0.003776211267439711 
4.999267435215037 0.9999862210062287 1.0128878625896167 3.498053434385683E-10 4.988766127070023 0.07221244900997693 
4.999296612895051 0.9999883183902012 2.178423646310958 3.424309991122305E-9 4.9999965167461085 0.0061999961240638245 
0.48315901378002035 1.5400344015249094 1.000009550650277 9.488009342899952E-9 1.0000000916182854 2.4638731727069904E-6 
4.999267254165012 0.9999908321583593 2.1237388654329052 3.079096702963042E-9 4.999995845798017 0.006461907532348536 
0.13682357633191966 1.8639484272969178 1.0000004370475835 8.669182160589646E-10 1.0000003584001687 6.399581781790017E-5 
4.999229227912217 0.9999144738624205 1.016660277029406 2.465396811612447E-9 1.0000039692260354 0.008404745530621358 
4.072400026035428 0.8462340250500864 1.0024765142000667 2.0738620411450207E-9 1.000000958691272 0.0032310265100625427 
4.999229227912217 0.9999144738624205 2.4820104470648965 2.465396811612447E-9 1.0000447790425153 0.010846100572892422 
4.99930417041353 1.0004956390165154 1.295082413414863 9.66511430509739E-10 1.0000013911536083 0.10634364052783052 
4.999294099642267 0.999980137372593 3.9158541228793036 1.2272915498108924E-8 1.0000234986527599 1.349200163360071 
4.437308315455489 0.8146718974343867 1.0000203500629739 4.308585205824599E-9 1.0000000176307184 0.003883010421108276 
7.838364421766057E-5 1.9999406556177257 2.966931636616573 1.3890854347758298E-7 1.0000990884650176 0.42708856197204714 
4.999227496620144 0.9999113730132574 2.595594949151212 1.9910018564927284E-8 4.978369519848602 0.3980083731491407 
4.778483619658566 0.9320093321439333 1.0127922181117972 7.471402448413452E-10 1.0000055916414756 0.2545316914345602 
4.999226890512335 0.9999858069798359 3.891943577016193 1.270218009597399E-8 4.999999179858557 0.6295798015159728 
0.27943096339032064 1.7206105390199173 1.06630143508201 1.272373482629691E-10 1.000045903692581 2.052214509948418E-4 
4.469328928676819 0.880960398342611 1.002614663297064 3.595482834731255E-4 1.0000320999688934 0.004240407391321933 
4.999229805943101 0.999993461038302 3.4873695640546503 0.004803759683041981 4.999983906960522 0.0028836512852199155 
4.999227413830939 0.99998098530716 4.14430766059595 3.4277076544949652E-9 1.024818212257121 0.2500805189130914 
4.420108320174468 0.8146718974343867 1.0000203500629739 4.308585205824599E-9 1.0000000176307184 0.1672871929897029 
4.9992938384902565 0.9999117414947795 2.648593107863779 5.476859613886533E-8 4.9999629559976055 0.01536237506269299 
4.875240071064381 0.9868327881831578 1.0002016454654974 5.351138019986753E-7 1.0063592617440218 0.1772308729694914 
4.999295426199671 0.9999116283441725 1.606321326046407 4.533940122195693E-7 4.999969247197747 0.011812596221097666 
4.591439182713969 0.9040941189585359 1.035872849354322 1.9784340509218476E-8 1.000000431016872 6.346296714376627E-4 
4.275166748234631 0.8462340250500864 1.0001589663502723 2.4574818437358496E-9 1.0000001291391911 0.4150330850094596 
4.9992293822594345 0.9999858072264666 3.1313425425907035 2.9623347187789014E-7 4.9998725012059415 5.977932091541811E-4 
0.45924357097948687 1.5478264719926988 1.1214260556378708 3.8446538153123633E-10 1.0000001713076767 0.03047964764887982 
4.9992298503663335 0.9998266615360761 3.6368292170736822 2.289401966699429E-9 1.0000008444240303 0.003776211267439711 
4.999229867865744 0.9999815240379079 3.4130112165219093 1.6513327794909166E-10 1.0000325201727818 0.005268062398496457 
4.999267435215037 0.9999862210062287 4.788278296073062 3.498053434385683E-10 4.99991000263045 0.0710395560445995 
0.2202250345143611 1.7798907225201257 1.0000016283102322 2.1978434537190915E-11 1.0000000026100813 8.384197704173948E-7 
0.13682357633191966 1.8637432733550174 1.04092563066276 1.0694693737155842E-9 1.0000003584001687 0.0023240038904981187 
4.275166748234631 0.8462340250500864 1.005687461622303 2.4574818437358496E-9 1.0000001291391911 0.4133619507272989 
4.999267254165012 0.9999863135742176 4.999999980153256 1.2426174609943718E-8 1.06101984018821 0.6616559184547208 
4.842444426931818 0.9999144738624205 1.045240650400846 7.918923519556212E-10 1.0002276655346383 0.008404745530621358 
4.842444426931818 0.9999144738624205 1.045240650400846 3.6908877804736014E-10 1.000230085851191 0.008404745530621358 
9.602822239798583E-5 1.9999401798212664 1.0024658718486763 5.3397714732132036E-9 1.0000473415909281 6.068054598452873E-4 
4.999267265745187 0.9999862351385358 3.0673479842896607 1.191104091884712E-9 4.9977057714656326 0.022052059634351535 
4.881414342187949 0.9868327881831578 1.0001563816807721 5.351138019986753E-7 1.0063196191554082 0.1772308729694914 
4.469308319948473 0.880812481682226 1.002614663297064 3.595482834731255E-4 1.0000322982714194 0.003926814585160466 
0.0014686292809285018 1.9999170426140473 1.0024658718486763 5.780504660310329E-7 1.0000473415909281 0.0032622686560799035 
4.999229855293786 0.9999815240379079 3.4079316355758174 1.6513327794909166E-10 1.000001372007598 0.0025260213798936207 
4.9992938384902565 0.9998311393748797 4.877620767992116 5.476859613886533E-8 4.9999629559976055 0.015431875827600128 
4.9992277558371505 0.9999885040064 4.7095385359098705 3.488035115992817E-9 1.0000447790425153 0.010846100572892422 
