4.998987544779098 0.9996664981164523 4.999999960379211 2.7996101531476107E-8 4.999989118963533 0.0016518726344686568 
0.9782169173924795 1.021811420884169 1.0000049321129318 2.5055502924200543E-9 1.000005814445876 0.0013247257556752655 
4.998987544779098 0.9996664981164523 4.999999960379211 2.7996101531476107E-8 4.999989118963533 0.0016518726344686568 
4.759673456757417 0.9473627949291472 1.0000847064266243 3.7348902742696594E-6 1.0000000163814884 9.995607880746466E-4 
2.1634215792149642E-4 1.9997838507321464 3.1851412555611462 2.9824678687445224E-9 1.0000140091017593 0.0016913859013983788 
2.7671658600005034E-4 1.9997834441380684 3.5873112346763403 0.026231906183052028 1.0000005927098852 8.977254452893057E-4 
0.1379641693772558 1.8633038449922392 1.000012749311134 2.353292435672502E-10 1.0000019924252161 0.003932365282526308 
4.807887518164548 0.9427756081953771 1.00738182608319 1.1167307976025066E-8 1.0000793899694347 0.003821839212944933 
4.851434509789223 0.9709211249484846 1.0102886567071785 8.745836676031248E-10 1.0000058540973653 0.009885091059296372 
4.891073002216031 0.9667016480424703 1.0156242580055466 9.790639504007178E-9 1.0000058540973653 0.35857733765433786 
0.0599378440637941 1.9648772306519342 1.00024450411619 5.183022897132836E-9 1.0000046433471317 0.003760152783333512 
4.125272823757408 0.7465210373507225 1.0418215421292645 1.0916363617235278E-8 1.0000139677513706 0.003941590543288536 
4.510330522946347 0.8616769080245705 1.0001237188362058 3.8139130700188154E-6 1.0000015116352245 2.819919243026716E-4 
2.7737521147210204E-4 1.9997834441380684 1.851310621925223 5.26233209658299E-7 1.0000003181533588 2.472247140266645E-4 
4.185060021984883 0.7465210373507225 1.0000962742889195 1.0916363617235278E-8 1.0000047632865279 0.003941590543288536 
4.99898753502537 0.9996833054114861 4.250181855372631 8.768259190157772E-5 4.9933789993377875 0.253289590478393 
4.998987711731015 0.9996738846353644 4.390183102588443 4.001261205543562E-8 1.0002364579018688 0.45157241885594085 
4.998983606786201 0.9998944502979455 2.659006080903416 2.645517686021147E-4 1.0121921755357648 0.466703573605712 
4.427765516135364 0.8341566429565713 1.013416529104558 5.063054559726939E-7 1.0000026658594319 1.1101879568921547E-4 
4.934267150862176 0.9988026214089079 1.0039373377528642 1.0871821533673265E-7 1.0001837723868008 0.007051729239189869 
4.998972624150182 0.9996663701384716 1.3230211727052765 7.578994167021553E-7 1.0884663831804628 0.4812443418083523 
4.998987711731015 0.9996738846353644 4.580872605384187 2.031512704710562E-9 1.013752818463253 0.10550122330139033 
4.2885531702101565 0.7867432784804279 1.0073826444750171 4.122858076628245E-10 1.0000577144917189 0.001879560946674551 
4.555163610317274 0.8572674460861794 1.0068932562224355 9.366039374717113E-8 1.0000002405932367 0.06245484133090899 
4.999056363199689 0.9997382590350636 3.7441643086753906 1.084083544481539E-7 1.0000042450875062 0.002035956217957815 
3.2760560036633815E-4 1.9997981212835525 2.447626715609727 1.1631795583898568E-9 1.000008802915572 0.3367908615050216 
0.865234869519871 1.1366413445443344 1.0000144299858833 3.418096703999313E-9 1.0000019597840586 7.089755211492355E-5 
4.998987845798682 0.9996858729602519 3.2387234248167376 6.371925802995271E-7 4.9933679092372785 0.3297034840095478 
0.4613066215216488 1.5503365722864324 1.0016775433952172 1.084083544481539E-7 1.0000061933606632 1.9501460814894643E-4 
0.3704091340257155 1.6302864912335062 1.0711124393905362 1.1595420125129309E-4 1.000464729822758 0.002473212023246709 
4.99956464860466 1.0001033773570096 3.8076651882443477 1.7566741861589713E-9 4.960293467747548 0.3929416857553348 
4.998986946849718 0.9996727108532468 4.911680297713247 4.3245714742072873E-10 1.0348325431983716 0.18407633929251094 
2.4372039983718355E-4 1.9997981212835525 2.318387884966017 8.566998764305417E-6 1.0000056266529662 0.33824581879490967 
4.699603455586049 0.9695612087723913 1.0000221969277086 3.9672080954932193E-7 1.0000190568079117 0.1026132166970663 
4.998963806694017 1.0001033773570096 2.443417873977925 1.1945877253582478E-5 1.019060844286065 0.10770520912991507 
0.7952543512811718 1.206747764883747 1.0370199965306655 5.656925801102982E-7 1.0004684790243823 0.0019136704312822284 
4.674891804711829 0.8923401353591291 1.0216165919578528 3.2276371427600522E-9 1.000000063058745 0.030160684951134983 
4.999567596909627 1.0001116090341398 4.750831450134918 2.5839334417243085E-7 4.921835278155022 0.4319354457290949 
4.99898751025464 0.999685596003632 3.559828115728258 4.306282701019708E-9 4.988973726545396 0.19139893598234906 
4.99898784676778 0.9996663690843423 1.837569642849541 6.29053940748911E-9 4.9999610416043225 0.003978851500204134 
4.99952630749095 1.0001033773570096 2.4329643322660797 2.4511712298745546E-5 4.993326232750689 0.19405637101445752 
4.998972624150182 0.9996726678050105 2.133790200888537 0.001433176475318411 1.0248701866752397 0.18413222402326232 
4.998984135620909 0.9996720714734172 2.9991070399580564 3.5583260026821313E-7 4.917457899707699 0.38103198442189457 
4.998972603509809 0.9996665875179874 2.7659196864812925 8.612278259383981E-7 4.955694499949745 0.32819143374814497 
4.9584052100435345 0.998574768205621 1.0232517527161087 1.712852028228418E-7 1.0001524503549717 0.19670101442536592 
4.99956464860466 1.0001033004779836 4.187490397120591 1.7566741861589713E-9 1.0134266428574625 0.17902181724113403 
4.998987845798682 0.9996858729602519 3.3629949176053895 6.371925802995271E-7 1.0004228231415375 0.3297034840095478 
4.577906595410548 0.8612383115876712 1.0076515704603692 4.122858076628245E-10 1.0000142027769308 0.001879560946674551 
4.998972603509809 1.0006135028142356 3.0273277574449984 1.6434422681782545E-6 1.0237845685089324 0.3263953202583689 
0.004395139358701838 1.9997844163115268 2.8851805398830566 3.263596861959048E-9 1.0000074878221759 0.0016202852180026257 
3.2746604879393504E-4 1.9997844347878198 1.2930913048187813 2.209493803208566E-8 1.000527592736196 0.31637446383231616 
4.259087630080117 0.7631438523644185 1.0449201540909874 3.3450259988943445E-7 1.000482750837563 0.0024734122635274073 
4.998972603509809 1.000596971626324 3.069674829844774 1.6434422681782545E-6 1.0237845685089324 0.3263953202583689 
0.39933050238406 1.6108637244038522 1.0000012510008534 4.060018676586647E-9 1.0000000046625817 1.3455671017882176E-4 
0.21703922372363663 1.7835636101788623 1.0050233532014556 9.020014396967528E-7 1.031102663730492 0.31335821461041524 
4.9989878032283395 0.9996858729602519 4.795485415907757 6.371925802995271E-7 4.993325070284778 0.3570040457127233 
4.984116144645297 0.9988026214089079 1.0039898484882688 1.0871821533673265E-7 1.0000061643550917 0.010767354684431803 
4.998987442734829 0.9996659865126876 4.541461821309635 0.003277143771553387 4.964862951159321 0.2629983286548024 
4.99898751025464 0.999685596003632 4.147062469677614 0.00695856115856289 4.988973726545396 0.24481666798706544 
0.2880092665315727 1.7148259140866822 1.0014098615049247 5.573365273517332E-8 1.000057983401328 0.0021225596537242735 
4.99956464860466 1.0001033773570096 3.9142533330359113 1.7566741861589713E-9 4.999102301199828 0.3959431494409128 
0.0025382652241154133 1.9997844163115268 2.8851805398830566 6.169688021757069E-10 1.0000028771532554 0.31267552194535725 
4.99956464860466 1.0001033773570096 3.9142533330359113 1.7566741861589713E-9 1.0597166153831516 0.3929416857553348 
0.6125719934289333 1.3875924330521134 1.0000005551835744 2.747198752699384E-9 1.0000000021950353 1.1685993737999781E-4 
4.999565387710401 1.0001036308936104 1.2181973759862783 1.45636374918021E-8 4.999921059057977 0.06896280488564621 
4.074468186843696 0.7886216869310819 1.0000084284485813 6.183488555516614E-10 1.0000021529482837 2.403012041566027E-5 
4.998987711731015 0.9996738846353644 4.218558369551515 2.031512704710562E-9 1.013752818463253 0.10550122330139033 
4.337676661502131 0.8144523515334183 1.0218527904541876 5.656925801102982E-7 1.000391131847234 0.0019341036635077042 
4.463887004760311 0.8572674460861794 1.0068932562224355 9.865826213317945E-8 1.0000121049353374 0.06245484133090899 
4.380441161698585 0.966739558115037 1.013416529104558 5.063054559726939E-7 1.0000026658594319 1.1101879568921547E-4 
0.21703922372363663 1.7835636101788623 1.0000019679239376 1.343755956411355E-9 1.0000553046503946 0.002460908936601112 
4.077230101247271 0.7886216869310819 1.0000084284485813 7.189760705241786E-10 1.0000021529482837 0.0014483081191136483 
0.2851291569530274 1.7318437956126371 1.000012749311134 7.649455399759033E-10 1.0000564454556307 0.0022510357075851274 
4.99956464860466 1.0001033773570096 3.9142533330359113 1.7566741861589713E-9 1.0597166153831516 0.3929416857553348 
4.376114097720463 0.8153219297897862 1.0830437733705807 5.245313451283261E-9 1.0057339149501967 0.2511850989514463 
0.7082054508343325 1.2918744081022768 1.0493140335566113 6.715255686877906E-9 1.0000149117127453 0.002403778143588775 
0.6046237780380483 1.3957507603080568 1.063748019236605 1.5521319899870005E-10 1.0001917173068466 8.599072766972929E-4 
4.998986946849718 0.9996659810950159 4.792065826401406 0.049092265067474515 1.0092256985597015 0.26412183450875054 
4.99898784676778 0.9996663690843423 1.4880041098493537 6.29053940748911E-9 4.9999610416043225 0.003978851500204134 
4.998987442734829 0.9996659865126876 4.544734562718936 0.003277143771553387 4.9934239406348 0.2629983286548024 
4.999564644181454 1.0001036308936104 4.01444977266312 1.782991916075472E-9 4.999921059057977 0.07092569622948919 
4.992757206655427 0.9996858729602519 3.23244922191113 6.371925802995271E-7 4.938956701532123 0.3269773273923288 
4.998987517992469 0.9996856223068193 3.603683037147371 8.466044550979138E-5 4.9933789993377875 0.13919017439170855 
0.0028864461005470438 1.9997834441380684 1.000917565988731 5.738807743115081E-7 1.0000003089921887 0.002418279673022792 
4.337676661502131 0.8144523515334183 1.0218547517728698 5.656925801102982E-7 1.000391131847234 0.0019341036635077042 
0.9782169173924795 1.0217929076000725 1.0069491140966418 1.02074810050553E-8 1.0001524503549717 0.002301575893802697 
0.5246903839663293 1.4758947336439465 1.0000047965892602 9.517327712166244E-11 1.0000000334857442 5.414176469499144E-4 
4.998987711731015 0.9996738528894422 3.432314222850904 8.082158759509377E-7 1.013752818463253 0.10550122330139033 
4.225028678088401 0.8153219297897862 1.0026556884464113 2.573683200921716E-9 1.0000013314133398 0.00647529331267923 
0.7082054508343325 1.2918744081022768 1.000006469202015 7.440169541447008E-9 1.0000011449084523 0.004157731792615731 
4.463887004760311 0.8572674460861794 1.0001913154237965 9.865826213317945E-8 1.0000121309459404 0.06245484133090899 
4.998987802302765 0.9996888110402727 4.7288785586046 1.3444121476157407E-8 1.0000003561108164 0.006628936328163859 
4.642940319029915 0.8823171920085904 1.0030113231818352 3.8139130700188154E-6 1.0000015116352245 4.969809527228879E-4 
4.998972624150182 0.9996659380467795 2.14580033265921 0.001433176475318411 1.0249046014752772 0.2641777192395019 
4.9995414146420085 1.0001033773570096 2.4329643322660797 1.2018002696386441E-5 4.993326232750689 0.19499678497413597 
0.5246903839663293 1.4758947336439465 1.0000047965892602 9.517327712166244E-11 1.000080186324063 0.3113427758206916 
4.642940319029915 0.8823171920085904 1.0018604703021519 3.8139130700188154E-6 1.0000015116352245 4.933099567474481E-4 
4.6102451396688835 0.8877950185404192 1.0052290204448424 6.596364133611992E-10 1.0000166962377999 0.0018889732419474564 
4.6102451396688835 0.8877950185404192 1.0052290204448424 6.596364133611992E-10 1.000008699882665 0.0018889732419474564 
4.231259317231657 0.8153219297897862 1.042593124067153 0.06351958476083734 1.0000019635950552 0.013460266549687905 
