1.002984405317499 0.998455896815883 1.0000046136585607 1.0227052480433706E-8 1.000000001337917 4.1684343781535176E-4 
4.999269482045322 0.9997664372053493 4.99998465019787 1.2130052798346704E-9 1.0000000065556696 0.0023992667153254375 
4.999269482045322 0.9997664372053493 4.99998465019787 1.2130052798346704E-9 1.0000000065556696 0.0023992667153254375 
0.9981328322699028 1.0029561785381902 1.046680963178791 5.1964131845996225E-9 1.0000166685155696 0.015541019981621976 
0.741003417451775 1.2595932659217974 1.0000003563931419 2.63256704610553E-9 1.000000004670932 8.667374003658716E-5 
4.9991541386945455 1.0004023070940178 4.243591989862808 3.062932208914193E-10 1.0000000008673224 9.754860961426123E-5 
2.0002847591309308E-4 1.999803947947571 2.9566914466502343 7.267300750845022E-8 1.0000034986714514 0.0020060425369926973 
4.890014971326798 0.9809544627237621 1.0000020361267614 5.342136039489046E-7 1.000000000201385 0.010758977191549396 
0.5827473217245734 1.41859858688629 1.0262779649579774 1.1508632366396442E-8 1.0000000192535041 0.03475904607538732 
4.9991541386945455 0.9997831381960772 3.4311302579251706 1.1773433143003743E-9 1.0001324874769413 0.005251078817514673 
2.00044670098355E-4 1.9998034601187507 3.725820434015054 2.0311272995850642E-7 1.0000005626629518 7.09859214731298E-6 
0.42745502612648933 1.574665697808081 1.00347854666244 5.650386927533501E-9 1.0000000069432913 0.0010073398666018626 
2.4284332866727663E-4 1.9998040595357465 2.7003425668743732 2.476886213477529E-6 1.0000048041165592 0.035540877518634925 
4.9997501148478305 1.0001084360086248 4.587127430475462 9.644145518317883E-11 1.0000000279504417 0.5704339481745698 
4.511604214515376 0.9450671201147229 1.0000645807237452 1.0479265856264289E-8 1.000000001372713 0.0019508136928955292 
1.9707179236991515E-4 1.9998040649703375 1.4813998381625209 1.758527366962612E-9 1.0002341714818739 0.0660418531454881 
4.324870318653147 0.7954024544402472 1.0069265100616334 1.3730720437788118E-9 1.0000002324226014 7.233909383486808E-4 
4.998077361016635 1.000113551534647 4.7673943653565285 2.0737986438376587E-9 1.0000001970065846 0.0019366977584057005 
4.9991538394093435 0.9997408040023705 4.08445528306673 4.483777762679981E-9 1.000000003116141 1.4424633302825176E-6 
2.0004470631968508E-4 1.9998039430621917 3.5260942902857204 1.9254806107760296E-7 1.0000158281809752 0.0027136159285688927 
4.7834317104349635 0.969530272439234 1.000642286635809 3.4118636680203E-9 1.0000049865749578 0.01283302672383152 
4.088843687680636 0.7505536286545222 1.0354737676050139 3.734824001422006E-9 1.0000000018993933 0.0012787457665531588 
4.999159841895335 0.9997638285458555 3.319948143946172 2.694002050542343E-10 1.000000101154325 5.744887098918275E-5 
4.471821085600678 0.9174988759731313 1.0034575483514945 1.8451487668606218E-9 1.0000017171428555 0.003020323225002326 
4.99811565817625 1.000715882283342 2.672759316569155 1.6147389478815239E-9 1.00000357601431 0.006009554205223595 
2.000404076867182E-4 1.999804014632249 1.008575250191007 3.1954248090846765E-10 1.0002207126675875 0.052303657060345364 
1.982950002976195E-4 1.999803942773708 2.316579739792452 2.2285295591305444E-8 1.0000055461715145 0.051984074791289206 
2.0004470631968508E-4 1.9998039428936962 2.5164824159135035 2.996759280006437E-4 1.0000034986714514 8.887618611322953E-4 
0.3251400316114583 1.6751358396056542 1.0002174990378305 9.780470272050925E-9 1.000000000185077 0.006033325224652858 
4.748029707889275E-4 2.000095940560742 3.42165220827881 9.23274502739323E-8 1.0000016280651007 0.11708335701976762 
4.242627791912763 0.7862789256285876 1.007319008521257 4.8468117765415276E-8 1.0000001151767925 9.371832487332259E-5 
4.748029707889275E-4 1.999804017424021 3.1599681374855195 2.8920029327665E-9 1.0000000162102314 0.05236448093703348 
4.9991541386945455 1.0001216405996276 3.1087400404765333 6.736945196633299E-11 1.0000001612384806 9.098842618899096E-5 
4.153636849817394 0.9076813274611103 1.008679747481057 4.2571948483820775E-10 1.0000000075243203 0.21709348069614154 
0.42745502612648933 1.574665697808081 1.017143277163975 6.3269160669213475E-9 1.0000000000311595 6.785139565677889E-5 
4.934042176253525 1.0029561785381902 1.02842173373121 5.1964131845996225E-9 1.000016682634626 0.015541019981621976 
4.444206601559332 0.9483868974096508 1.0111399576666962 1.0662957010112366E-8 1.0000000489926364 2.502532264820039E-6 
4.9997501148478305 1.0001083866329703 4.517613540728959 1.648009891809197E-11 1.000000533289952 0.006358771874928237 
2.000446931641734E-4 1.9998039428936962 2.082733700348241 8.13526838132823E-9 1.000242617505776 0.0014761105869556235 
4.748029707889275E-4 1.999804017424021 3.2508141400763235 2.9640605778213112E-9 1.0000034494429704 0.05236448093703348 
4.82942546352273 0.9479589187798234 1.0229459955790596 9.226250459828127E-9 1.0000000014405455 9.453422164944596E-7 
4.999159550279592 0.9997408040023705 2.4506354394852017 1.4860782939221955E-10 1.0000000007227734 5.44767536705959E-8 
4.999705310429283 1.0001114981197174 3.6721782180388356 4.605486922120919E-9 1.0000005490363222 0.005999772402799149 
4.803915516815038 0.9388227552382158 1.000516262338283 2.417747329322906E-10 1.0000009162690764 8.449167548736302E-4 
4.9997501148478305 1.0001084360086248 4.392671294899228 9.644145518317883E-11 1.000000533289952 0.05250831055442162 
4.999751069872988 1.000113551534647 1.4018119131472184 0.001086889709832452 1.0000001828630942 0.12064833024577841 
4.367875533265547 0.7911774003896885 1.0000971842494635 2.0693068794482882E-10 1.0000002351718649 2.472321531721758E-4 
4.2885321435351464 0.902624716841938 1.0022199567124823 7.736816201072151E-9 1.000000247403877 0.05081630193684386 
4.9997501148478305 1.0001168169797334 2.0951611530648915 7.727751809751346E-10 1.000000009620778 0.002017882450564907 
4.9997501148478305 1.0001084360086248 2.315892300335147 1.3735918250247763E-9 1.0000006153589631 0.05202033987786686 
4.738742431867839 0.945151844456195 1.0000645807237452 8.87850544539564E-9 1.026734107657278 0.23852100370896742 
4.993484164365087 0.9984919135200905 1.0001215898908289 9.497633775051401E-10 1.000000325281277 4.481098991357853E-4 
4.728144787593779 0.9133796960105612 1.0004249950815411 1.6072048466108945E-10 1.000000001895777 0.011260772885198314 
4.686862173913726 0.9304686806082328 1.0355972543486642 7.2828078766653885E-9 1.0000000571675185 0.07956245409918905 
4.211226754936565 0.7399175865713358 1.0001379628817044 4.805604324997809E-7 1.000000160952023 5.120450331150524E-4 
4.195149078635321 0.7368966375249664 1.0001379628817044 1.228667387189664E-6 1.0000001571040071 0.011853642033247328 
4.864022353663769 0.9693240328856871 1.0006527128073763 5.484479557256072E-8 1.0000051209734075 0.012981338029418303 
0.2540027470365258 1.7478176031240131 1.0000305695611356 6.95136446839672E-9 1.0000000001882356 7.951898209269263E-7 
4.543228223607715 0.9226548726148963 1.0004277436410323 4.2738031135976557E-11 1.0000000729150704 5.849378552785714E-6 
0.3209023932476302 1.6899084350036093 1.0000512507923256 7.932150072972667E-9 1.0000000004781862 0.021289455192672946 
4.554711436286468 0.8788022769456593 1.0355972543486642 7.2828078766653885E-9 1.0000000571675185 0.07956245409918905 
4.999159834015023 0.9997721632514619 3.0344013734658057 1.823174536410945E-5 1.0000000184099236 5.744887098918275E-5 
4.130546259698935 0.7505536286545222 1.00021388086078 3.734824001422006E-9 1.0000000005840814 5.8509994589721125E-6 
2.0004470631968508E-4 1.9998039428398777 1.8624745433440824 1.9034828953363843E-7 1.000000246353272 0.002102427939974537 
4.404841995482061 0.801743152347146 1.0131406211998177 1.8012335195073725E-9 1.0000001691962186 8.985656921889837E-4 
4.620676342989514 0.9978454515317297 1.0180977241020617 3.9906016064153665E-8 1.000000017071766 0.051453269920744074 
0.2540027470365258 1.7478176031240131 1.0857927765600064 6.95136446839672E-9 1.0000000001803702 7.951898209269263E-7 
4.849318634556107 0.9964029512245861 1.0237142699961297 8.983271646085407E-9 1.0000000002124603 0.001959598672226032 
4.6544787804727585 0.9133796960105612 1.0000004166191887 2.880037630842993E-8 1.000000001895777 0.011260772885198314 
4.999705310429283 1.0001114981197174 3.6721782180388356 4.605486922120919E-9 1.0000005490363222 0.005999772402799149 
0.652370710035349 1.3477209545752729 1.000013259181641 1.83966279169817E-7 1.0000000010195798 7.256057997435982E-5 
0.741003417451775 1.2592889949655726 1.0462463991777042 1.708961603566988E-8 1.0000015805178668 9.773528437426009E-5 
4.373226603522111 0.9102278584381891 1.0000686345551175 1.100027210660631E-8 1.0000000069587964 2.472321531721758E-4 
4.9997501148478305 1.0001084360086248 1.6758513372682484 2.378418786524438E-9 1.0000000275909482 0.05078421802920913 
4.959839982554367 0.9978454515317297 1.0180977241020617 3.989462833663418E-8 1.0000002343319032 0.051453269920744074 
4.999705310429283 1.0001114981197174 3.885523849218065 1.0778012042862709E-8 1.0000000040546764 0.004214625107703325 
4.9997501148478305 1.000112093166424 1.9379055382586003 3.356303641149884E-9 1.000000000957718 1.9832026738955677E-5 
4.9997501148478305 1.0000724408177042 4.419246496701581 1.0597335529515314E-10 1.000000001481876 0.2611115053903835 
4.9997501148478305 1.000112093166424 3.8210554248418136 1.537962879022533E-7 1.0000162727440276 9.764289674457989E-4 
0.19046722352857243 1.8095878416159188 1.000016467781622 1.8089181778108969E-10 1.00000000868731 1.2058947998944521E-5 
4.9991541386945455 0.9997834288956606 2.8405549034937696 9.555263100311824E-8 1.0011612053954433 0.01957132017629233 
0.13887937936855724 1.861388350405007 1.0000215167690958 8.72088042243684E-9 1.0000000001806217 5.977923326067249E-4 
0.040745319988351 1.9632562630179993 1.0034632224379376 1.5419654463687052E-7 1.0000021896470224 0.002740369471478385 
0.09005878834339942 1.9129817626471186 1.0109248234814958 8.923306717956E-9 1.0000000000777864 9.41152526148698E-7 
4.592962023786948 0.9406229702512092 1.0000003563931419 2.6604070614544954E-9 1.0000000067584167 8.667374003658716E-5 
0.13887937936855724 1.861388350405007 1.0241624160214438 3.6524502364489856E-8 1.0000000023608382 5.471087703703611E-4 
0.19046722352857243 1.8095878416159188 1.008815253693561 1.8089181778108969E-10 1.0000000075008098 4.5708692087952085E-4 
4.661453119625777 0.9133796960105612 1.0000127974809163 2.9030502515916572E-8 1.0000000648695895 5.856527452419852E-5 
4.6145214003055965 0.9720302304248284 1.0033418070917524 9.898927428241751E-9 1.0000000240054439 0.002424071653618758 
0.09005878834339942 1.9129817626471186 1.0108006463747456 8.923306717956E-9 1.0000000000777864 9.41152526148698E-7 
4.9997501148478305 1.0001084360086248 4.8485954126744435 4.1403783173395296E-10 1.0000000119951533 0.05250831055442162 
4.414816425078872 0.9143307574058801 1.0002191355331076 3.5898161863968435E-8 1.0000000034539578 7.521395195435516E-4 
0.5841436611643909 1.41859858688629 1.0005709753114078 7.355336129356032E-8 1.0000000192535041 4.256621446904231E-5 
4.9991538394093435 1.0001260968206769 3.9804138535421187 4.483777762679981E-9 1.0000001456784366 1.4424633302825176E-6 
4.5861421469185935 0.8691646243597688 1.0000645807237452 8.257891635991195E-7 1.000000001372713 0.0019508136928955292 
4.937108369199417 1.0029165228829207 1.0243751340112164 4.3575410807944066E-10 1.000000596547461 2.7693429861374436E-5 
0.040745319988351 1.9632562630179993 1.0037935102689344 1.5493175690107237E-7 1.0000021896470224 0.002740369471478385 
0.652370710035349 1.3477209545752729 1.0468055526861308 1.6258384720147017E-8 1.0000000070857984 4.1661269611973153E-4 
4.959839982554367 0.9978454515317297 1.0180977241020617 3.989462833663418E-8 1.0000002343319032 0.051453269920744074 
4.999748597813593 1.000112093166424 1.7916887304067288 1.4732168673575632E-7 1.0000000016846742 0.055628115673581655 
