4.999816935007706 0.999940821471697 4.999999768932431 1.2354805467412518E-11 1.3506393512786332 1.311225559026612 
4.999816935007706 0.999940821471697 4.999999768932431 1.2354805467412518E-11 1.3506393512786332 1.311225559026612 
1.0010813715113667 0.9989631005210267 1.0000000005138039 4.409381832618024E-10 1.0000000306470989 6.5541856618216154E-6 
4.612200617922813 0.9130647048672088 1.0008442254560932 3.8435049614144187E-7 1.0000003880061492 2.904272172202546E-4 
0.32776034297847945 1.6724611529365982 1.000000794900549 5.820676614816773E-7 1.000000000329413 2.813643830872815E-5 
4.999812882583479 0.9999409800868606 4.028379896298999 3.414007080990543E-10 1.000000202887886 0.08602127155636967 
1.3391941272910431E-4 1.999882634151496 1.9473631505858977 3.01843185980212E-12 1.000009256772919 0.00174349310764064 
4.294723463525562 0.7837545097960612 1.001212350807297 6.82111979385198E-11 1.0019222359753295 0.023347702145479907 
0.455810815442743 1.5456327948974649 1.1375848702837719 6.253273816129144E-12 1.000000212489056 3.3233150101765353E-6 
1.1982439450078977E-4 1.9998826357074895 1.5531350174494372 5.278950396188684E-9 1.0000000004911707 0.011892438217768739 
1.3785295484041344E-4 1.9998826358004707 2.847075171123048 1.3861467500275697E-9 1.0000000289142599 0.43222651733752837 
4.448128380187496 0.8175886092219993 1.001308136844042 5.699867001189999E-10 1.000000442861218 4.000503253854971E-4 
0.622025574433529 1.3786744250857053 1.0362212650051648 5.426995752944929E-10 1.0000530920556845 5.475046045100361E-4 
4.568567915026973 0.9842321237405338 1.0000299765838752 5.820759994768786E-7 1.0000013280586864 0.00752904978281837 
4.256509858482997 0.7731489674781514 1.05652284514255 5.59485062365412E-10 1.0000002037625875 0.1929704970153754 
4.820529135759973 1.0123668766973155 1.0249779350145187 2.062830254035991E-7 1.0000007042455599 0.001716745230279151 
4.9994749907672364 1.000324578054486 2.706965856146045 5.68582911924678E-10 1.0000001247800805 0.024552719021349527 
0.686811629531732 1.3132547771912386 1.000000666143751 5.832864721981507E-7 1.000000078569434 4.486510684674904E-6 
4.999820615263476 0.999940821471697 4.999999643232124 1.490876251326023E-11 1.026847070257241 1.2598208000488111 
4.78916733376044 0.9785174622232432 1.0011603550731232 3.0211009464490883E-9 1.0000053960330106 3.3981503133906604E-4 
4.400923613340888 0.8180315917786086 1.05652284514255 8.313067171332269E-10 1.0000002037625875 0.0015996463430232313 
4.220633475947454 0.7524990601905167 1.0000019259099429 1.0248689416051016E-10 1.0000004412981003 4.4384493655864464E-5 
1.237473603623764E-4 1.9998826357964172 3.6359654172390803 5.5270402600395565E-9 1.000000000021492 0.011892438217768739 
1.404076844829685E-4 1.999882634114407 1.0787909176383925 2.208178198694559E-4 1.0000001163571755 0.07981958889885227 
4.915873137287153 0.9890967368436192 1.0032375906387552 3.969542988739781E-9 1.0000007689127353 0.012277201448423349 
4.177243162759544 0.7307894250688799 1.0000190567162908 4.594249454121761E-11 1.000009256977033 0.003606011126475719 
4.999459910299384 0.9998449224593816 4.657308783311606 8.300986176565116E-8 1.0000000249576564 0.0018401259073774767 
4.758781412441792 0.9427173883983745 1.1350899571794437 1.0406299754981387E-8 1.0000002508056363 0.019929868048914653 
4.848040163006319 0.9881159065111444 1.0374321101142892 6.154017695405515E-10 1.0013644518013038 0.04070059725297351 
4.999497912729017 0.9999416946325961 4.24505524437835 1.1159163872754219E-10 1.0000001041768702 0.021933646292617546 
4.483826853735751 0.8535085244064948 1.0442343281648618 1.383294951928408E-9 1.0000000288951638 7.221705363190042E-4 
4.999777191620833 0.9999413854679102 1.9756835011642377 5.857627101794042E-7 1.0000037569517617 0.49606338455927224 
1.413088579765561E-4 1.999882634114407 3.283875521207947 3.1931944174988172E-9 1.000000747349439 1.9079282082042184E-5 
4.999487316046746 0.9999341729195076 4.883182117703722 3.3368958443478146E-10 1.0000002076426995 0.04268773827644162 
4.6589958554781346 0.8952415352070207 1.0027782832344831 2.2831535235804177E-10 1.0000021303082316 7.248132718313133E-4 
4.535718212327582 0.8884727681313481 1.000093489343477 5.207477698294214E-9 1.0000000708232555 6.895904162482299E-4 
0.25740899594893385 1.8122053034413554 1.0000182766895847 3.810935861308016E-9 1.0000005001526167 0.012023032862567319 
1.404076844829685E-4 1.9998826358203456 3.4808704856072312 4.318571829601921E-6 1.00000021241063 0.08157219379739555 
4.999775428446877 0.9999474021097688 1.6123071504807107 8.055430135286763E-8 1.0000000117830146 0.24916888474728394 
1.2419012551479055E-4 1.9998826358864332 2.6183631237955582 1.3614433002977979E-9 1.0000008075453302 0.07517183374993527 
4.123979537958223 0.7167192124409837 1.0246978994809552 6.15144122360365E-10 1.0000000175379866 6.444633420897572E-4 
4.879590090344813 0.9999413812724224 1.038575243984667 5.893178729242573E-7 1.0000003836019313 6.894110622611763E-5 
4.06278328547723 0.6985623779283284 1.172918146154581 3.196280029426608E-9 1.0000003634927412 7.463446958658151E-4 
4.999459910299384 0.9998366771363196 2.5573300419512073 1.1167798378754855E-9 1.0000012280464623 0.003223510713168884 
4.736470896054315 0.9880280173196461 1.0025173833169418 5.461907485103595E-10 1.0000000019901054 0.011014606753678878 
0.2855931893300694 1.7262421119494247 1.0000078432027488 1.5321942784546994E-8 1.0000000007395577 1.6184372449262325E-5 
4.999825126665197 0.9999485878891674 4.999999829600673 6.933625192086456E-10 1.0000017220603663 0.10654778536230919 
0.8837332097420059 1.1335170741670682 1.000065959931213 3.1761839425083076E-10 1.000000006614852 3.4986473533198472E-6 
4.344154444346282 0.8195145484438545 1.0028493998103025 5.752818079246858E-10 1.000001920006938 1.6675187594429586E-4 
4.9998233964655405 0.9999437794841841 3.694823066357921 6.387672023204656E-8 1.0000000145660384 0.018325938480009088 
1.245545181994505E-4 1.9998826360977469 2.2981576579441056 1.5686647078672913E-9 1.0000011730582203 0.09635420975781644 
4.9997276709661165 0.9999435591231195 2.285459858890266 4.0719674472893894E-10 1.0051300194253383 0.1509329456736016 
4.995394527669787 0.9998404194134062 2.990752006112583 6.308178090960147E-10 1.0000001112331243 1.3343292419293654E-4 
0.06238615925333724 1.9464994987461264 1.042602809026289 4.6593578425798656E-8 1.0000021253588165 0.0019428897394040653 
4.9998233964655405 0.9999437794841841 1.2541131294146148 8.405161753623613E-10 1.0000000245322052 0.01830551064233126 
4.9953350633345535 1.0046155710951252 3.906146335987595 1.5140954912918492E-7 1.000000028854736 0.08816567761045173 
4.663670567041761 0.8903764253418511 1.0011338290107499 1.7862759387119206E-10 1.0000021272193005 7.214635710774061E-4 
1.237473603623764E-4 1.999882735206916 3.065125749522596 3.304528370723267E-7 1.0000000050383586 0.011892438217768739 
1.2460434531476677E-4 1.999882634114407 2.295629422267033 2.1917483041244918E-4 1.00000021241063 0.08157219379739555 
4.120835364673311 0.7167192124409837 1.001150395785048 6.15144122360365E-10 1.000000556742512 7.803993492375735E-6 
0.5353178349746601 1.4648618759075602 1.0000011740204808 3.6010286715301055E-8 1.0000000069380108 1.0566930800051293E-5 
4.999459620840387 0.9999450620821169 3.1884690676913685 5.546253603752591E-7 1.0000000972903007 0.009802621665086813 
4.9997757718648455 0.9999413081454839 1.8161169376123782 1.828167120034056E-11 1.0000000117830146 0.25335758719621776 
1.2419012551479055E-4 1.9998826358864332 2.636453254907413 1.3614433002977979E-9 1.0000008035967707 0.07505289096861803 
4.700251106636525 0.9031876001912894 1.004115615828266 9.485949126408429E-8 1.0000002148898084 0.0023405194683830295 
1.2342167549352447E-4 1.9998826341806728 3.119434598315478 3.766762182028262E-8 1.0000000077943993 2.2159444954628765E-4 
4.999459910299384 0.9998449224593816 4.513721733559115 7.98284070325692E-8 1.0000000291089062 0.0018401259073774767 
4.381211297605679 0.7937696470465215 1.0228061894944265 3.1811550710826714E-10 1.0000000220694574 0.007281278640982984 
4.999407490841067 0.9999485842297106 3.515493214699151 3.3212095796160283E-10 1.000000157601886 0.002249352564033448 
4.999830176342983 0.9999437794841841 3.3172101778678456 3.3145903279741733E-10 1.0000000145660384 0.018545164988183288 
1.2508732912416685E-4 1.999882634114407 3.35224506211182 2.753358201145535E-9 1.0000006942796158 0.6089902991563945 
4.999740498770513 0.9999435591231195 4.364801132827151 4.0523829909097815E-10 1.0000701279880322 0.15381206984987078 
4.999487316046746 0.9999485842297106 3.515493214699151 3.3272594808508505E-10 1.000000169753911 0.04152074303599852 
4.999459910299384 0.9998449224593816 4.5100317569624355 9.969100347713477E-8 1.0000000193888743 0.0018401259073774767 
4.186777703658141 0.9018604886741383 1.004115615828266 8.4082043645968E-5 1.0000092955475612 6.65256020388016E-4 
0.7835939114784032 1.2164082749346754 1.0458084493016144 9.105590783549222E-11 1.0000069886364744 0.0017755866554469008 
4.995394527669787 0.9998404194134062 3.005473732554174 6.504168496863998E-10 1.000009419445634 0.04044578231853134 
4.999497912729017 0.9999435825345147 2.389995188359295 2.6045308991096494E-10 1.0000794945725793 0.018870980175757904 
4.933912870452525 0.9785174622232432 1.0011603550731232 1.4059700466841132E-9 1.000005382127884 3.3981503133906604E-4 
4.052738415687552 0.6985623779283284 1.172918146154581 3.196280029426608E-9 1.0000003634927412 7.803993492375735E-6 
4.9998233964655405 0.9999437794841841 3.694823066357921 6.387672023204656E-8 1.0000000145660384 0.018325938480009088 
4.718279634329286 0.9991178534773254 1.0249779350145187 6.044714527836392E-6 1.0000000280486172 0.0017159115089058902 
4.999487316046746 0.9999484139590956 4.985241655931425 3.3272594808508505E-10 1.000000169753911 0.04337477242708211 
4.872921603525313 0.9859512620081652 1.0008109414706396 1.6453472875506994E-10 1.000009256977033 0.09493040423811164 
4.967984895204147 0.9998449224593816 1.0356028675285205 8.433663632005779E-8 1.0000000249576564 0.001790034000266286 
4.999727441177532 0.9999412709315528 4.801843971624415 1.828167120034056E-11 1.0000000117830146 0.15801575146946203 
0.11416515839582582 1.8876580007071528 1.042602809026289 4.6593578425798656E-8 1.000000680384695 0.0019428897394040653 
4.546905076018163 0.8535085244064948 1.0007535370692597 5.714801220805344E-10 1.0000001102580396 0.027955343583249123 
0.783778740676575 1.2164082749346754 1.000000002462437 1.676946021885531E-9 1.0000000086245198 2.525880316580274E-5 
4.982536277676633 0.9999343243829734 1.0254623211461018 3.211346588736021E-10 1.000000030504125 1.947764942188035E-4 
4.3609641078479084 0.8181973313486558 1.0028572239399354 3.54407547198163E-9 1.0000019784327348 0.042013342936120815 
4.999812882583479 0.9999412347709979 3.906146335987595 1.5605941134061007E-7 1.0000000111941376 0.08816567761045173 
0.045118251741477544 1.9697871140825451 1.130184432750082 1.7351450630965515E-9 1.000000030152777 0.03914877980657439 
4.999777191620833 0.9999413854679102 1.0043069872740265 5.260832731461203E-8 1.0000037569517617 0.013416996202180509 
4.473781983946073 0.8535085244064948 1.0442343281648618 1.383294951928408E-9 1.0000000288951638 4.152095514854757E-6 
0.5341009069883034 1.4677827770779786 1.0493270406984179 5.35583325302795E-10 1.0000007689127353 0.13164833437703757 
0.20672328943346757 1.8341235821525055 1.0001325707969249 7.286802343333029E-11 1.0000012957397673 2.0040198264620038E-5 
0.15198458806422757 1.8510445224273244 1.0001056965747386 2.8933338386745073E-9 1.0000000109316232 8.506311255528427E-6 
4.999459910299384 1.0000372548204302 4.361716751113814 8.928201956398506E-11 1.0000000258505541 4.944739815669619E-4 
4.999480536169304 0.9999341729195076 4.714140595775811 6.514556328399422E-10 1.0000002076426995 0.04268773827644162 
