4.999233286226588 0.9997493833376617 4.999999614923414 2.354231490289428E-7 4.999999589288604 0.13922870494254913 
1.0232807769055243 0.9813257676710068 1.0000023886642844 4.2531155240228237E-7 1.0000161151972558 6.810506895091505E-4 
4.999230336466066 0.9997587472663433 3.0759371715427415 4.3976678680957235E-7 4.999932112354982 0.006233863051145261 
0.7176453987102586 1.327715013109945 1.0078478230997154 3.255539350424198E-8 1.0000000058940426 0.24998479246164523 
4.9992288102300835 0.999758808542843 2.5708242971879023 3.869853362239495E-5 4.990808731637054 0.0502167598467439 
0.5095012964088872 1.491319228964817 1.0000131687901537 2.3919778824573154E-8 1.0000021843137166 2.501935904767622E-4 
4.9992298915544415 0.9997543885318306 1.810928433155912 6.66127939351996E-5 4.996488155349251 0.023398083449865145 
4.9992288102300835 0.999758808542843 4.394516698703846 3.869853362239495E-5 4.990808731637054 0.10356856128128092 
4.999228821739853 0.999777429738331 3.8787833477964604 6.464604836262263E-7 1.0022899793254252 0.3196543721203534 
4.999238170482482 0.9997508076302646 4.642509591317515 1.8449697362969236E-7 1.0002249315398597 0.13706296866033268 
4.999230735833428 0.9997678650815853 3.354769380588558 1.909049297117325E-7 1.0000909133122593 0.025100154503480195 
4.96222608610739 0.9902243629787584 1.0003088380259497 3.974096786887868E-7 1.000003571514289 4.810299635377255E-5 
4.426255078816624E-5 1.9999583812789143 2.93584492060919 7.018076114402295E-8 1.000000169298855 0.0022590081072833288 
4.99923833092954 0.9997490229533268 3.326704027410936 4.6338384549594884E-7 4.999370352231388 0.05023521729766331 
4.426124971811725E-5 1.9999589810939922 2.685790524429915 1.2136698152094862E-5 1.0000000187216485 0.001209421261200964 
4.99923067707182 0.9997439121208149 2.3114459442945767 3.6562318380936652E-6 4.973906801209882 0.5077617287951623 
4.253868305637154 0.7985736059282753 1.000012098814588 9.697017959645273E-6 1.0000014029881898 4.851533353936073E-4 
4.999228809748687 0.9997746467985255 1.7995850442187837 1.7620079831181078E-6 1.0003149755499041 0.1462712529233398 
4.99922897474193 0.999782412537711 3.208649393043033 6.706670219508043E-5 1.0005831959581353 0.052540955527458716 
4.999254506081114 0.9997518885414288 4.388799588366207 0.0029044030868166995 1.000226589932973 0.14604291316298393 
4.063493949711091 0.792574258415658 1.0258511780784234 2.0191713830621444E-6 1.0190006262103268 0.20486558819562803 
4.839365067111066 0.9997487325399164 1.0402351559989238 5.38612802664494E-7 1.0022280270207178 0.0527741456152081 
4.168148305457555 0.8632582163728507 1.0000238700728445 8.467306978702055E-8 1.0000014029881898 0.033005473468076085 
4.764818874352638 0.934122720754697 1.0303517895761027 1.9067504081068942E-4 1.0001894326722731 0.003982556437223585 
4.648415077433452 0.9345887223462949 1.0177042915617929 2.009691050129834E-4 1.000165156372842 0.03190328242887881 
4.519141497453265 0.8534963214346895 1.0014136104521814 8.467306978702055E-8 1.0000005644898937 0.033005473468076085 
3.0379788137074176E-4 1.9999591520989912 3.63189450403767 1.0354080323094294E-6 1.0000001687516258 1.4205299545105407E-4 
4.426124971811725E-5 1.9999583983795184 3.4208444372915725 9.574200108341518E-6 1.0000001709669273 0.0010466111894095785 
0.3324383886327673 1.6684518513655449 1.0000025674723605 1.9377733804245865E-7 1.00000159533434 5.214400910516612E-5 
4.999232792272177 0.9997601219372516 3.8831249462655046 4.55627124862487E-5 4.9934918713263485 0.17756424021322537 
0.7487658809789488 1.252282666506477 1.0000015419942356 9.389251912636772E-7 1.000000003067294 2.9243282991119946E-4 
4.999228811344961 0.999777429738331 3.6919582674024753 6.464604836262263E-7 1.0022644667458567 0.3196543721203534 
4.292582687695161 0.8042217026190902 1.0024384586070754 8.591455975314776E-8 1.000000746628305 0.024891280715600705 
4.999230753689698 0.9997439121208149 4.580430300441915 3.6562318380936652E-6 4.9710053963361895 0.11910787134068826 
4.999254506081114 0.9997518885414288 4.861278206618927 0.051368539041637074 1.000226589932973 0.1464293008194273 
4.426124971811725E-5 1.9999590245026408 2.3157766868658287 9.574200108341518E-6 1.0000023431459064 0.0010357636134636172 
0.01511697909576095 1.9852899803015536 1.0006298041746162 6.927788480989574E-8 1.0000016317402665 3.582002544143075E-5 
4.374031347478396 0.8078454781303354 1.0000461561790919 3.9261772175454486E-7 1.0001490900498182 0.09317492726756997 
4.999228770723062 0.9997678122594199 4.829371668947516 5.515806846390954E-7 4.99019984460123 0.675138624666007 
4.999230522344867 0.999758808542843 3.5753237851842123 6.220229123423392E-7 4.999991989549997 0.050010637080480175 
4.4677167237978574 0.8643091214766231 1.0000238700728445 8.467306978702055E-8 1.0000014029881898 0.0018073648551068886 
4.999635363216812 1.0002123939890468 4.137343574678459 3.974096786887868E-7 1.000003571514289 0.21765970846968014 
4.567966379571734 0.884869084027272 1.0814153225282084 1.875240894714585E-9 1.000047475423665 0.0026900262839505487 
4.999232792272177 0.9997816143896747 4.165189442974354 6.534044184363733E-5 4.973382255334145 0.17776317513450307 
0.17048459759684043 1.8320214150764484 1.0025499130662792 2.0610660637494716E-6 1.000464132432296 0.005199918402037915 
0.4263840097548002 1.5736600619008734 1.0643786833363722 2.038655508397091E-9 1.0104472535185516 0.05357041367479683 
4.554437693668392 0.884869084027272 1.0007413621140664 6.555086223818705E-9 1.0000484766272102 0.10758376739320967 
4.92546361909343 0.9998857529132151 1.0153341941336458 1.3315721747070553E-5 1.010603559345999 0.07589402715649134 
4.99923286586212 0.9997604971963964 2.31985953878124 4.680259294260894E-5 1.0108151414829214 0.18840106842173254 
4.999232868881432 0.999782412537711 2.158607018486075 6.706670219508043E-5 1.000141976820857 0.0020620289219456384 
4.9992288102300835 0.999758808542843 4.658598022010579 3.614745893026022E-7 4.990808731637054 0.12199366385842782 
4.999332973111276 0.9998907480444265 2.8626890183721985 1.764744192969827E-6 1.0197385077852232 0.20486558819562803 
0.2506743822551159 1.7497422783596228 1.0283092416813495 2.2044992218224843E-7 1.00004951898704 0.0028735936729057396 
4.426124971811725E-5 1.9999590245026408 1.1396037724979036 2.2443954134999242E-8 1.0000053847542856 0.8381081499453138 
4.999238170482482 0.9997508076302646 4.76209229077992 1.8449697362969236E-7 1.0002373313710338 0.15536539490287954 
4.999228770723062 0.9997545780338787 4.750856012882711 0.025902163637283634 4.999888861305967 0.47309394868209864 
0.9227179745166435 1.0826118605368975 1.0000020463252766 5.764857726721697E-7 1.0000000055679612 3.30136758245371E-5 
4.4837160148755055 0.9796850898156148 1.003195298132454 4.7815828949810755E-8 1.0000001592633914 1.8489739847494776E-4 
4.426124971811725E-5 1.9999583817569464 3.239913195455996 5.462720969805878E-6 1.0000023736422812 0.001085040774745842 
4.426124971811725E-5 1.9999589813688476 2.1798397669828082 2.4108849401544404E-7 1.000041781345899 0.0035770494394039704 
4.999232874206554 0.999755071993445 3.9044122876413416 9.442640919778782E-6 4.999983793855197 0.002607810603423572 
0.08556807533443775 1.9178196756282389 1.0000023758274321 4.2432977214681226E-7 1.0000000031771439 4.3044094460746455E-4 
0.3158524426122836 1.7067218088956637 1.008055221889018 4.817763300626422E-8 1.000002282299954 0.2524309825163566 
4.999332973111276 0.9998911336359806 1.135310614104035 5.104891866792255E-7 1.0190006262103268 0.13973804975728263 
4.3279160443334055 0.9949983127473093 1.0153341941336458 9.956437029908758E-6 1.0000187256179394 0.07589402715649134 
4.999230336466066 0.9997587472663433 1.0657038464426967 4.3976678680957235E-7 4.999932112354982 0.006233863051145261 
4.426906807965425 0.8272727529011444 1.00012051720552 2.3566267336030163E-8 1.000000051160663 0.0026053132721965406 
4.807349907698176 0.9891651882333791 1.0200134013958717 1.8051828286005E-5 1.0001894904401318 0.002421289779061477 
4.999229169689688 0.9997671377129919 4.1386985947465975 5.073892017673604E-7 4.9835001997472865 0.20447915594979646 
4.797723865542947 0.9375657007637987 1.0200134013958717 1.8057129161684522E-5 1.0000000055679612 0.002421289779061477 
4.889699756329081 0.9927247898890483 1.0200134013958717 0.06172406137195521 1.0000014192580564 0.030626297571042262 
0.8691922376382608 1.1315916812098386 1.018908171447589 1.230046255774065E-7 1.0001383382662414 0.002162902269016006 
4.120118104189515 0.8096572437199121 1.0126638117029567 1.1731825590688299E-7 1.0008369782209365 0.009518995542023387 
4.999179046235685 0.9998893458343785 1.0153341941336458 1.3811777428697194E-5 1.0109594290159385 0.07589402715649134 
4.915726326826967 0.9812659573860667 1.0151722832319388 4.1949671287840716E-7 1.0000000018058683 0.004548070817661225 
0.5095012964088872 1.4917273540835674 1.080072073059105 5.50695763302053E-8 1.0000034069401604 1.890354096916423E-5 
4.68661392755077 0.9102030125834026 1.1443303847309494 4.707059433991705E-5 1.0112092685947316 0.18933798563212376 
0.426688211177237 1.5734365962765307 1.0000017420091987 5.427453911792475E-8 1.0000003857506587 4.273106942644767E-6 
4.729461568654069 0.9377207311141109 1.0153093171916936 1.8051754004985876E-5 1.0001894326722731 0.10002964707790801 
4.999228861916264 0.9997670656554086 3.5757193356064643 1.4593825234498581E-6 4.990603259348572 0.050009364484608854 
4.6819683518634525 0.9102030125834026 1.0376618696696454 7.354565830009942E-6 1.0001588323226318 0.0029229185783035683 
4.3944947877602925 0.7985736059282753 1.0660938850637491 9.697017959645273E-6 1.0000014029881898 4.851533353936073E-4 
4.120118104189515 0.7998197158586402 1.029917867257429 1.6169632975202486E-8 1.0116863843602257 0.05516541165855714 
4.204064493028461 0.7998577670540413 1.0002945805016523 2.335284495779498E-5 1.0000000491884915 0.20894733205379198 
4.999230336466066 0.9997587472663433 1.0368418924461518 4.3976678680957235E-7 4.999932112354982 0.013226220165076033 
4.61523435802636 0.9377207311141109 1.020188515161801 6.421075178637172E-7 1.0003123204983244 0.001254088110062759 
4.732809005258433 0.9890040437278833 1.0056026805328258 5.7006593699662113E-8 1.0000066921196444 5.515475096342648E-4 
0.2506743822551159 1.7497422783596228 1.0000001548195694 2.1907526215599122E-7 1.0000000032698348 6.867107171387729E-4 
4.611386619474289 0.884869084027272 1.0007413621140664 6.903393606754491E-9 1.0000484766272102 0.10758376739320967 
4.873361089865986 0.9998857529132151 1.0055675964112196 1.3315721747070553E-5 1.0003557634058657 0.07873065255160955 
4.999228821739853 0.999777429738331 3.6919582674024753 6.464604836262263E-7 1.0022899793254252 0.3196543721203534 
4.999332973111276 0.9998787045998904 2.8626890183721985 1.764744192969827E-6 1.0190006262103268 0.14586028347914093 
0.17048459759684043 1.8320214150764484 1.0855641869476154 2.0610660637494716E-6 1.000464132432296 0.006019511954728525 
4.999230748885613 0.9997492916201914 2.6115721411905963 1.122264554252705E-5 1.000049023943269 3.4905196437575586E-4 
4.426124971811725E-5 1.9999589813688476 1.8100523321571644 7.542156778868862E-8 1.000041781345899 0.004099407378363916 
4.999230748885613 0.9997492916201914 2.6115721411905963 1.4536797989003421E-5 1.00004898817917 3.4905196437575586E-4 
4.204064493028461 0.7998577670540413 1.0002945805016523 2.335284495779498E-5 1.0000000491884915 0.20894733205379198 
0.11685633940322626 1.8881181251467578 1.0002945805016523 2.335284495779498E-5 1.0000015339356563 0.006313789232722786 
4.999254506081114 0.9997639319859649 4.28360844580124 0.0029044030868166995 1.0002149146314936 0.20504821787947103 
4.426124971811725E-5 1.9999589810939922 1.0042210992802065 1.6347783680608977E-7 1.0000002001803732 0.001209421261200964 
