0.9285574380290265 1.0714763991855987 1.0000000006283143 3.3767009347163766E-10 1.0000000015318153 2.3883179368235544E-6 
0.9285574380290265 1.0714763991855987 1.0000000006283143 3.3767009347163766E-10 1.0000000015318153 2.3883179368235544E-6 
4.999753036120092 0.9999706781074968 4.999999956426889 3.1315866143749026E-8 2.1265469606113756 3.682602506118206 
4.999698298843466 0.9999706781074968 4.999999956426889 4.8958146447069516E-8 1.3974400301933012 1.48087737834563 
4.999651192070348 0.9999706781074968 4.975176541460576 3.3494129568219215E-11 1.6776125542046567 2.8388143055948136 
0.599290054814202 1.401230807485283 1.0000000599298688 9.050467648429572E-12 1.0000000129321012 1.6614047101019137E-5 
4.999753036120092 0.9999706781074968 4.999999956426889 1.6506405191040737E-7 1.7652141852491194 3.0902848306367057 
4.751746854147797 0.9694921070737371 1.000021772132077 4.746355284719299E-8 1.000003603634202 0.004699443132597045 
4.999653575394539 0.9999706285510489 4.999999956426889 4.1874363068999874E-8 1.820231656032055 3.7350742042071117 
4.999655165467253 0.9999503227576645 3.918831367919702 4.0519374479840724E-8 1.000000018669124 0.0016429406695073032 
0.8124041368686121 1.1882447194274013 1.0931690591531262 1.651696751393225E-11 1.0000258895298906 0.0014448296156025398 
4.590305071332158E-5 1.9999562758725626 3.219408438198936 4.081355395136597E-6 1.000000305188843 0.013439147293529255 
4.907040869882053 0.9743704445947909 1.0000359570268353 8.403370737832616E-10 1.0000002981336118 0.0011448470802472286 
4.070406114031508 0.6936508252205785 1.0009819246325857 3.1658997515546685E-9 1.0000007642196913 0.005624628183722612 
4.422451754795269 0.8196336359244059 1.0000000422250006 1.1478288658314137E-9 1.0000000129104774 1.619045971150364E-5 
0.37780639683286865 1.6268447167824023 1.000021860951111 5.17241568751042E-11 1.0000000014584631 8.452612831879932E-4 
0.5203479612494535 1.485903047399876 1.1326597656763853 7.917845625230055E-11 1.0000036784574597 6.43330701179945E-4 
4.9997399426110265 0.9999534025311098 2.433598386715757 2.7247490779515544E-8 1.0000011294577031 0.0039224004209782865 
4.999656663221949 0.9999651659516433 3.663086907333588 3.842870985830436E-9 1.000000136487119 2.1024120234823095E-5 
4.449937811933401 0.8757977374947382 1.0018431713816005 9.154631010487068E-9 1.0000036766309488 0.09439114307612596 
4.999740473815433 0.9999535936617182 3.166241688078569 6.78641125587603E-11 1.0000015462657865 0.07102846875040131 
4.673008951204721 0.9059459569690803 1.0000359570268353 7.707234642838692E-10 1.0000000215359524 0.0011292479749788725 
4.999651203617421 0.9999656673458257 4.4241075111582475 4.175847490059106E-8 1.0000000249206886 6.228171102304475E-4 
4.872248498675747 0.9642231968596277 1.0009247311357294 1.498141631261863E-7 1.0000205147968995 0.09319571447412522 
4.99965127773243 0.9999654913790911 4.232293568448377 8.046115706891957E-12 1.0000031700319223 0.007119187536411567 
4.99618322425317 0.9996753891182021 4.139965423789106 1.2367747354147552E-7 1.000000007208544 0.09320577862453544 
4.285162268914327 0.80836310469173 1.0000830436539963 8.587336096088892E-9 1.0000000215359524 3.979553490893156E-4 
4.590305071332158E-5 1.9999562758725626 3.5947761533066656 4.081355395136597E-6 1.0000001173338355 0.013439147293529255 
4.999656663221949 0.9999651659516433 3.424784363356939 3.9273237042404024E-9 1.0000001371937137 2.1024120234823095E-5 
4.995904032521602 0.9999731327360984 3.0174421729150125 7.981085685416693E-10 1.0000000056412965 2.7591304400566806E-4 
4.99965127773243 0.9999654913790911 1.8756966279288414 4.35452774822586E-12 1.0000123611369787 0.007643669212136736 
8.974956969645147E-5 1.9999562758725626 2.4841773235687303 4.662532898848296E-6 1.0000000717128972 0.05220140923400797 
4.999742781716971 1.000148501119848 2.756579204083395 6.688014865653052E-10 1.0020167745212352 0.01800706547887987 
4.512676685422144E-5 1.9999562758725626 2.250435546472027 4.2583819908924653E-10 1.000000296145331 1.945209199767776E-4 
4.370727850711958 0.7995519447898809 1.0000000434151852 1.821795748134448E-9 1.0000000129104774 6.106388295659615E-4 
4.999721344167948 0.9999610914854036 4.5317659914410795 1.2106455689657597E-7 1.0000109028850992 0.08412160542493269 
4.813177335272552 0.9675614251043196 1.0000209660974924 1.1058241467068854E-10 1.0000000210647326 0.001752603388973156 
4.94248491639624 0.9862297057979238 1.00064778137006 1.0532040163842508E-10 1.000000060747383 0.002294884686115363 
4.999650086184022 1.0001435923624196 4.999869250118228 1.676904498818301E-7 1.1372774325882442 1.1199301538212787 
0.2965826635223769 1.7042763910935739 1.000000118470052 1.9712035246364736E-10 1.0000000010683157 1.0321220329831404E-5 
0.08449477865771415 1.9163930930546065 1.0768175436835514 2.4196986891037047E-9 1.0000239989315431 0.0037398945332897428 
4.78451427542947 0.9675614251043196 1.0120295940717483 2.7450781079938855E-11 1.00000003823382 5.640033676232452E-4 
4.99965127773243 0.9999654913790911 4.822669799330849 8.046115706891957E-12 1.0000031700319223 0.007119187536411567 
4.119016412569523 0.7246705768296138 1.0000000829243818 2.1415413187182052E-10 1.0000004980136747 1.1192182002608183E-4 
4.579542056598348 0.9694921070737371 1.0000027691468985 4.3557924100470106E-8 1.0000005119681608 0.004555123420270959 
4.250569300681436 0.7949950085798922 1.0006883307343815 4.6996209770819646E-8 1.0000095562558515 4.2731772306293676E-4 
9.765835899075968E-5 1.999941062972332 1.9473453317751672 2.0246055141286855E-11 1.0000001029873846 0.0024965620183008243 
0.10100073429723544 1.9000285713100458 1.0000512531514978 7.871709408718555E-10 1.000000044480107 6.48108443437552E-4 
0.3659112881609522 1.6355203473113145 1.0000172169685004 8.848904962348285E-11 1.000000000687837 1.2542506961528356E-5 
4.6229030691854014E-5 1.9999562758725626 1.2584563462244784 1.8989600321311887E-7 1.000005285576234 0.06055776399543644 
4.673008951204721 0.9059459569690803 1.0000359570268353 7.707234642838692E-10 1.0000000215359524 0.0011292479749788725 
0.27742337818550256 1.7342482063172935 1.0208749575072953 1.8108402722696716E-9 1.0000260283474833 3.2239699275773623E-4 
9.004598411128138E-5 1.9999562758725626 2.7335915326259554 1.1444406016577808E-9 1.0000001641062954 0.0047686476168814565 
0.5203479612494535 1.485903047399876 1.0011117291932943 1.195102071716956E-10 1.0000036784574597 6.030333737472304E-4 
4.496314323289231 0.8422499258464966 1.0000000423114732 2.419523038766E-9 1.0000015813700263 1.741380457772493E-4 
4.322427117290399 0.7949950085798922 1.0006883307343815 4.714703446672816E-8 1.0000099111158984 4.2731772306293676E-4 
4.1682345958030185 0.7327605177446329 1.0000000423114732 2.5162189466935617E-9 1.000012385062894 0.001032394798823241 
4.214158122094029 0.8422499258464966 1.0000000423114732 2.419523038766E-9 1.0000000702169236 1.741380457772493E-4 
4.9996512433977065 0.9999536849304791 3.5393440521103785 1.286155358220502E-10 1.000001000243698 5.720697373811645E-4 
4.74015881350101E-5 1.9999562758725626 2.995153628844161 4.662532898848296E-6 1.0000000717128972 0.49770685718833974 
4.592087423231324E-5 1.9999562758725626 2.8272775025071635 4.178368714893767E-6 1.0000208066439404 0.05746849280311146 
0.8124041368686121 1.1881040532405942 1.0000049154649449 1.8532516087376432E-10 1.0000000077466247 1.0800861535183105E-4 
4.130745830294921 0.7308004616756847 1.0009819246325857 3.1658997515546685E-9 1.0000003133003321 0.013482282362688352 
4.979468779102775 1.000013533989051 1.000021772132077 4.896178378067E-8 1.000003603634202 0.004773324428224535 
4.1767606546672775 0.7350318576078133 1.0728976037560078 1.709283478147282E-11 1.000026088271854 0.1378319447441798 
0.16122019876106256 1.8391143026303611 1.0000047668504704 1.3790203272722488E-10 1.0000000022107511 0.0017522102472507426 
0.9192827792997706 1.0866126692798443 1.000671592415756 5.17241568751042E-11 1.0000000000388132 8.726233989554875E-4 
4.9996512433977065 0.9999536900071042 4.883297836481561 1.473365890356101E-8 1.000001000243698 5.720697373811645E-4 
4.998368862272695 1.0012285431148937 2.5719752728093224 6.723064666004959E-10 1.0000224586977016 0.0023835944330508453 
4.9997432825810675 0.999965469862979 1.4938205306521295 2.368146834218029E-10 1.0000032588724157 2.4374176771731768E-4 
0.15553191088573515 1.8452868774295983 1.0745747804070072 4.506289058273717E-10 1.0000000014225159 0.0018440137344811977 
4.609839272671296 0.9642231968596277 1.0009247311357294 9.387757096015337E-9 1.0000002867124702 0.06291197063055236 
4.847564510264773 0.9554213964508034 1.010988035010463 2.5636640477910915E-11 1.0000036784574597 6.43330701179945E-4 
0.22098268127763152 1.7809140789163806 1.0335323537341925 3.9019950499589686E-9 1.0216067917076228 0.20648198384144262 
4.836580673252998 0.9663071763721008 1.0097957704062526 5.185047815747581E-10 1.0000041348236275 0.0044853061415769556 
4.999674875870242 0.999965166153554 4.655319006181385 3.1136628082695453E-9 1.0000000506895061 0.4723155119402506 
4.999750659737519 0.999965518399347 4.99999998342391 4.8958146447069516E-8 1.683445198451591 3.0902848306367057 
4.999651277797908 0.9999536849304791 1.0007467240058514 8.039185092888695E-12 1.000001000243698 6.427440576885805E-4 
0.02580324076014634 1.974525249763012 1.0000000383832863 3.049119919272812E-9 1.0000000124765527 7.966221499059618E-6 
4.590305071332158E-5 1.9999562758725626 3.5947761533066656 4.081355395136597E-6 1.000000305188843 0.013439147293529255 
4.640948849889972 0.9993745473347769 1.0014415479022307 3.5922033288085206E-10 1.0000000169157786 8.065202640728658E-4 
0.22240462390185758 1.7796210895624358 1.000000185730177 9.095507124254558E-9 1.000000000001848 1.7046446645009535E-6 
4.9997432825810675 0.9999705528408758 4.999698046474787 3.0369941164597036E-10 1.0000014884494386 0.08371025628768058 
4.765491780631684 0.9694921070737371 1.0007964963058618 4.746355284719299E-8 1.0000015245669223 0.004699443132597045 
4.546497203570017 0.8490699226320556 1.0770917279475494 1.7094878072405958E-10 1.00000065720987 8.839863798921458E-4 
4.999698298843466 0.9999706781074968 4.999999956426889 4.8958146447069516E-8 1.2260388880646678 1.48087737834563 
4.998371403417516 0.999965166153554 4.655319006181385 3.0935935062122357E-9 1.0000228893530743 0.46954617815460686 
4.637245647752558 0.9029798529534937 1.0014415479022307 3.5922033288085206E-10 1.0000000169157786 8.065202640728658E-4 
4.9996502195516985 0.9999706781074968 4.999999983212947 2.7256218441751948E-8 1.683445198451591 2.8388143055948136 
9.765835899075968E-5 1.999941062972332 1.9473453317751672 2.0246055141286855E-11 1.0000001029873846 0.0024965620183008243 
4.228806020410712 0.799979041474933 1.0006883307343815 4.7042250941695456E-8 1.0000095562558515 0.0012297937216247928 
4.546497203570017 0.8490699226320556 1.0351808688989603 2.1370738173186848E-10 1.000000134749749 8.839863798921458E-4 
4.590305071332158E-5 1.9999562758725626 1.0013516085010017 4.169599149057494E-6 1.0000000067113244 0.013439147293529255 
4.597110617317368 0.9642231968596277 1.0009247311357294 1.498141631261863E-7 1.0000002867124702 0.09195141861344273 
4.999656661941344 0.999965819429692 4.985895509461346 4.0519374479840724E-8 1.000000018669124 0.07651192061208456 
4.999651277797908 0.9999536849304791 1.8525540087527548 8.039185092888695E-12 1.000001000243698 4.381082470293401E-4 
4.74015881350101E-5 1.9999562758725626 3.1145115923911315 4.662532898848296E-6 1.0000000717128972 0.05220140923400797 
4.517458111636404 0.8437929274195899 1.0265656820193516 2.4965276126139476E-7 1.000000019996998 0.06564370178595144 
4.999740473815433 0.9999535936617182 1.287955453650138 2.0978301879455826E-10 1.0000005986316722 0.07102846875040131 
4.9629714342176054 0.997770613943984 1.0105832680922195 6.630310953862685E-11 1.0000001393238687 0.0026296849109838038 
