0.994719480461318 1.0053420785270253 1.00000011777127 4.336736668626121E-11 1.0000013656029278 1.1720009627807094E-4 
4.999862432998235 0.9999567331981282 4.99999971202911 8.213450859308824E-11 4.999999963604396 0.002069430905985487 
0.13085117273690927 1.8691542502369112 1.0000024294397118 9.479987422247804E-9 1.0000012791606372 9.80436811919309E-6 
4.999772516512871 0.999966997029583 3.199000809104949 5.390263169335811E-9 4.999998320998849 0.011440534731301064 
4.9998636795468485 0.9999688074984642 2.5642385635181335 1.1029199257044098E-6 4.999999998501562 0.003908512378491186 
4.999862432998235 0.9999567331981282 1.0127440194834572 7.551986813272405E-11 4.999999963604396 0.0014006309863844654 
4.999856739623986 0.9999684714306233 2.049799077655848 8.18887443647355E-11 4.998917027965766 0.12123389785989913 
4.7851487338393435 0.9995616529834159 1.0059695167054528 3.6931976159754838E-6 1.0011259749531085 0.1035232817846178 
4.9998636795468485 0.9999688049801279 2.863704023826298 3.8426840250623624E-7 4.999999963604396 0.002436945490035307 
4.720101460542067 0.9339561428769763 1.003611938273295 1.025029388131149E-5 1.0000111202163724 5.627447080095998E-4 
0.46295239916394604 1.55339103144766 1.00033409780846 4.171555193881123E-10 1.0000003987737816 0.0043513313028933215 
4.8367630114754245 0.9749710950886605 1.005821335823233 2.3386482577453326E-8 1.0000074109346906 0.0015315060028753427 
4.968504064984975 1.0001745982092853 1.0150941749518119 4.598600866774577E-12 1.0000000229884545 5.719939741475761E-4 
8.092524320346545E-5 2.0000497713552945 3.576033678846258 6.186002701134927E-5 1.0000014340115613 0.2278399638736669 
4.532568084032415 0.8480189654797673 1.0020043484435615 4.441747652863025E-4 1.0000079923535095 5.688136014146052E-4 
0.33905643989597833 1.662025224082381 1.0000141900023098 1.0109587230073604E-8 1.000001266003156 8.077161444582351E-4 
4.999772550719521 0.9999562881260944 3.3239274194333617 5.477375293665173E-9 1.0077365754559517 0.03909916372630804 
0.6340706599767072 1.3662574858483207 1.0000016147797701 3.759908089672913E-8 1.0000003752895985 0.0039354611693524335 
8.203489650671726E-5 2.000056683208174 1.6720889975758442 2.43572558421359E-9 1.0000202194886387 1.656350858771742E-4 
4.999861731017219 0.999956662387848 4.626187932314828 2.9157240377941434E-5 1.0011314648737684 0.10293411750623786 
4.890064888463749 0.9952191632596296 1.0438396451672376 7.2939941651861E-8 1.0000001029035184 2.0344005440476893E-4 
0.23236645549689633 1.7677160951051503 1.0002794265116026 1.8393988204148462E-11 1.000000286018454 0.004218275759087554 
4.999862432998235 0.9999567331981282 1.6585776620063604 8.213450859308824E-11 4.999999963604396 0.005184185181538816 
4.752721872870793 0.9512038725101812 1.0413133288339593 1.6065599309601442E-8 1.0000001416569508 4.2597907499192234E-5 
1.3997752412864135E-4 2.0000497713552945 2.0433739651145544 6.319077114640701E-5 1.0000023046663122 0.20025708362394468 
4.999699110075923 1.000119197800521 4.070661509497938 4.3688381763125675E-10 1.0291013762444425 0.14791972651632362 
4.263663311472453 0.7788045542340448 1.0024589403529862 6.4604927207512976E-9 1.0000003540999147 2.1852848531947813E-4 
4.999863301659363 0.9999567331981282 4.250187116285337 4.812526595439698E-10 4.999999963604396 0.02651250375058546 
4.999861759158706 0.9999552424122964 4.89163975322847 1.6654150184531673E-8 4.998098876567947 0.026955906725539797 
4.345628218304156 0.8302850854134124 1.0943188943085815 1.550141822698724E-7 1.0000007607868908 0.0044092893561574475 
0.5874471117797555 1.4132310234898364 1.0481177819783811 9.241954915765951E-9 1.0000257232159255 0.03431783036605798 
4.999772516512871 0.999966997029583 3.487672728970444 5.390263169335811E-9 4.999994283389585 0.011440534731301064 
4.43928900400787 0.8216327143757185 1.001800623638591 5.944010328046967E-12 1.0000000026776223 0.002820126395327943 
4.999854852646137 0.9999568415643553 3.40086823538996 9.604883268504804E-8 1.0618926392818315 0.443628144491691 
4.999857133026172 0.9999727780999563 4.784945713611878 1.3746288415147426E-8 1.0002756427175232 0.02568427216682804 
4.608455781217982 0.8946145360176592 1.000008962010913 2.273382683353926E-6 1.0000003372482034 0.0014330752565587268 
4.999855918114031 1.000002247329376 4.125361497547161 2.950172863820253E-9 4.998098876567947 0.03127161336255657 
4.486001113987125 0.9339561428769763 1.003611938273295 1.025029388131149E-5 1.0000111202163724 5.627447080095998E-4 
4.999861731017219 0.999956662387848 3.7064542640341074 3.28216168767239E-5 1.0011229982357264 0.10293411750623786 
4.861603402525369 0.9749710950886605 1.0058820839401466 8.682453895700662E-7 1.0000257232159255 0.033947780714470556 
4.999771965904852 0.9999562881260944 3.79752342295011 2.135428921828967E-9 1.0077365754559517 0.0385791748957196 
4.999841487784212 0.9999718120614961 2.949683036667949 7.593215484559294E-8 1.0000636931944362 0.10932455036846983 
4.15238180549443 0.7693246306459733 1.0096726759376102 1.21073526695566E-7 1.0000072312723178 0.24003237617885315 
4.673814964292616 0.8981463880142219 1.0472295100221685 6.539068467564471E-8 1.000008801809262 0.0010583812198596372 
0.7516170755989815 1.2510583071169912 1.000853314587861 1.2442407734871374E-7 1.0000060971653373 2.4584638533513704E-4 
0.3257188066678227 1.6745021105272089 1.096885721527731 4.171555193881123E-10 1.0000072809288587 0.0013503917811650253 
0.0031774503728920767 1.9968982510631297 2.4143357569375112 3.9604871838179254E-9 1.000000763507043 0.1843957234254866 
4.999773623877719 0.9999688049801279 4.598296993062895 3.595644320120201E-11 4.999999963604396 0.002375511938545399 
8.130241757449991E-5 2.0000497713552945 3.3289528722995834 2.095857143045478E-6 1.0000014340115613 0.20025708362394468 
4.998278919479602 0.9999753931427636 4.240912901190475 1.8343430507890189E-9 1.006138658093776 0.18684581450560223 
4.312914314470731 0.8303559569750035 1.001029000622886 1.173263233683366E-6 1.0000007276386835 0.009922485608606 
0.0031774503728920767 1.9968982510631297 2.7718399281317705 1.5673582584284094E-7 1.000025131381434 0.005515885323088672 
0.07449861386694945 1.9663306191621954 1.0096726759376102 1.21073526695566E-7 1.000007150190453 0.004171185891195903 
4.185045945056293 0.818159816708848 1.0000777518846002 2.929194500948533E-7 1.000000007155562 1.5099817519929806E-4 
0.24380981746302616 1.7582369540155862 1.0000185857509873 1.0012616673133939E-5 1.0000000065651329 8.047572941730312E-6 
4.999771485506115 0.9999732195407194 4.452903308899462 3.5894741965917314E-7 4.974908484838052 0.4641491537078061 
4.564224149143949 0.9999860574037113 1.02920744481401 3.6931976159754838E-6 1.001126213237989 0.1035232817846178 
0.0031774503728920767 1.9968982510631297 3.0040069169956185 1.595011470747057E-7 1.0041553125445386 0.019506402870413886 
4.9253757481314695 0.9999003886591461 1.1134178716488887 7.310432955680587E-7 1.0020919438240559 0.010455295386537573 
4.9998608894763334 0.999956872308913 3.6010392943951812 9.007702939007461E-5 4.999999984124869 0.006817810586747207 
0.0054001328346289235 1.9954697059535231 1.0013318093511372 1.4290890442695505E-7 1.0000015934596875 5.865401340330611E-4 
4.466107020547842 0.8304489812427223 1.0721139571391527 2.8473467266076666E-6 1.0000194985653168 0.005080167683865298 
4.999872484830667 1.0001229776549632 2.001964874641403 8.012367764865524E-11 1.0124977779494457 0.12081973464376675 
4.999699110075923 0.999947943465886 4.420740095850845 2.1248970973814424E-7 1.0068160084399709 0.19454865348996864 
4.394915178935987 0.8910219168548091 1.000021758895958 2.24564673391476E-6 1.0000000750841782 8.351997192557279E-5 
4.6652165888220845 0.8887324081681723 1.0378974892122368 1.6351994134324885E-9 1.000018518098768 5.558535380083851E-4 
0.8620291239004956 1.1382060089857653 1.0000002839000357 4.780822046684523E-7 1.0000000067764168 1.0605426301558205E-4 
0.49360209803200683 1.5126329868504862 1.000000239215772 9.048501726747902E-8 1.0000000000141385 3.5791404042759614E-6 
0.994719480461318 1.0053482706714745 1.0150941749518119 4.598600866774577E-12 1.0000000229884545 5.719939741475761E-4 
4.9998408606194396 0.9999525649849326 2.663470175964025 5.5068885080595406E-11 1.0058831359948572 0.10400341526227713 
0.0031774503728920767 1.9968982510631297 1.0279564014810418 8.813728869512336E-10 1.000000763507043 0.0648805542343488 
4.9240362584495845 1.012012894898037 1.0543797236642398 5.887241563343187E-6 1.0022428883733578 0.010234814269353826 
8.092524320346545E-5 2.0000497713552945 3.3354601452055457 6.186002701134927E-5 1.0000014340115613 0.20025708362394468 
0.7673326867188963 1.232678340158496 1.0000002251563533 1.0112081930779178E-12 1.000000089428408 3.272975584150898E-4 
0.08355972875490919 1.9287880086595353 1.000371809538152 2.1441345646991144E-9 1.0000000083926233 0.17273874429091396 
4.23377778054838 0.7881791590158522 1.0096726759376102 1.2127862996636177E-7 1.0087239888059931 0.24167571327909165 
4.111797004170154 0.78414189863062 1.0004075551281209 9.087334219151671E-14 1.0000003261157946 2.2863641609513168E-4 
4.9997448533638025 0.9999558834553675 4.399531755167762 6.344823912345587E-8 1.0000056193436884 0.0014541069730351422 
4.3974993558711715 0.8910219168548091 1.000021758895958 2.24564673391476E-6 1.0000000750841782 8.351997192557279E-5 
4.999861731017219 0.9999566065943142 1.0223978391568331 3.28216168767239E-5 1.0005559003222084 0.1047552629768974 
4.060936105558089 0.7602273829341066 1.1528151981472765 1.308217069172522E-7 1.0000250216878004 7.285936341160353E-4 
4.999841487784212 0.9999718120614961 2.949683036667949 3.335927535078044E-5 1.0000636931944362 0.008039842521194357 
0.0031774503728920767 1.9968982510631297 3.0040069169956185 1.595011470747057E-7 1.0041553125445386 0.019506402870413886 
4.999856690296788 0.9999555105788144 2.189239304297455 1.2155212465154305E-11 1.0059697918911075 0.026025429450591615 
4.9997448533638025 0.9999545363498848 4.739786073655834 6.344823912345587E-8 1.0000047794481486 0.001429333172392128 
4.999857786199069 0.9999631264954318 1.1136034478875685 1.8376910363987394E-6 1.000565011188601 0.03464374511836228 
4.999742368787953 0.9999570317732196 3.782597114036982 2.703241076195595E-9 4.998472835517857 0.03482937617579873 
4.999771485506115 0.9999732195407194 4.732170463449245 3.5894741965917314E-7 4.974908484838052 0.4641491537078061 
4.6302258401938285 0.8887324081681723 1.0408585885135053 2.777508427764788E-8 1.0000152917681935 4.7467165481642273E-4 
0.860835504328598 1.1398751612256135 1.011385952112315 6.788097736571614E-8 1.0000004999842012 0.010178535917116172 
4.999841303348824 0.9999525649849326 2.6303869467905203 5.5068885080595406E-11 1.000166516634559 0.10366223060451382 
4.999855918114031 1.000002247329376 3.949900955649208 3.036872696207636E-9 4.998098876567947 0.03166887712099975 
4.060936105558089 0.7602273829341066 1.1612086602948943 1.308217069172522E-7 1.0000012424055853 7.352621177187414E-4 
4.111797004170154 0.78414189863062 1.1246529991124146 6.997196488959526E-13 1.0063684651345879 0.061981254563650445 
4.999742368787953 1.000002776977349 4.48503615032972 1.6295040549843266E-8 4.998098876567947 0.0299200470332881 
4.998278919479602 1.0001229776549632 1.668217578167963 1.7806009119234128E-9 1.012716142948809 0.18684581450560223 
4.318845923975719 0.8303559569750035 1.0766133645787155 2.935394042483768E-6 1.0000000957974615 0.003677366396269168 
4.999771485506115 0.9999732195407194 4.732170463449245 3.5894741965917314E-7 4.974908484838052 0.4641491537078061 
4.999857786199069 0.9999651817736123 4.148190613935398 1.677343187282538E-6 1.0005415981017878 0.030145635960040065 
4.999770975759958 0.9999688074984642 3.7549963909010597 3.4620937315988486E-9 4.999999998501562 0.003908512378491186 
