1.0010240754898934 0.9990103701620938 1.000003563111571 1.716969074960363E-7 1.0000000014255228 1.080825775706543E-5 
4.999563545868215 0.9998661614212666 4.99999962604242 4.8090070795989675E-9 4.999996003965703 0.01337527722121852 
4.999495936014796 0.9998661614212666 3.5543960647849637 2.7366301288486586E-6 4.952536578377032 0.23529211143387524 
4.999491893772378 0.9998328818820195 2.997735378685563 3.3206829976328184E-5 1.000012210068979 6.054759009240038E-4 
0.7996675095873745 1.200527460681655 1.0000002335339762 8.173301785390873E-8 1.0000000404697467 7.558891837957178E-5 
4.529284241941253 0.8486824469130755 1.0021843371336425 1.0918012414999923E-6 1.0000000000166842 0.004977191570911456 
4.99947818500963 0.999866494827544 4.074802601887892 2.7887325775040947E-6 4.999944629913953 6.789855163248734E-4 
4.999448041332952 0.9998723983673701 1.3382102447682056 2.079982424994014E-5 4.999990908397169 4.6313399787961847E-4 
1.3212036935014428E-4 1.999880562422704 2.9138485262404954 2.9972058875468315E-6 1.0000279425481875 0.0024947802743360004 
4.999559295731656 0.9998667717712919 4.433477907697543 1.2670340009323963E-9 4.999997035892148 0.0286934206277909 
0.3260822752970891 1.6739229774642659 1.0000002416993132 2.8000575797787613E-7 1.0000007003467435 5.6270712575764645E-6 
4.9994944913523724 0.9998486236337194 3.2021673605194247 3.316985973247168E-5 4.9985433117551406 0.02888060016201952 
4.56765108953259 0.8651084466329129 1.2060118602357874 4.112383220341768E-10 1.0000000182119246 0.07405612641845956 
4.99947818500963 0.999866494827544 4.0448546119596065 2.7887325775040947E-6 1.098693136964797 0.9494568941724635 
4.999491463769385 0.9998324998698505 4.801438547491135 2.067447192819067E-5 4.999990908397169 0.011595379633157505 
4.99945055902343 0.9998630127336912 4.477173235254611 1.707458446114151E-8 1.0000001609640783 0.016442984367549096 
4.805214452012203 0.9927788600185058 1.008125324643281 2.726133584158575E-9 1.0000000041843191 3.103707932764236E-5 
4.999475414770629 0.9998332869376116 4.298721149642214 2.036499446365506E-5 4.98704578074778 0.0685609569731501 
1.3212036935014428E-4 1.999880562422704 2.5490188316856117 1.928433013338783E-7 1.0000110514847467 8.202504523195028E-4 
4.9993601451353396 0.9998573397440039 3.6409346396462268 3.2340689449205116E-5 1.051235979344125 0.9041170402940064 
0.7454761778044707 1.2560544214451865 1.0675993364454917 2.4242189052222215E-6 1.000000263672083 0.09659594385174097 
1.3212036935014428E-4 1.999880562422704 1.981705590993476 1.9871319855091864E-7 1.0001900274518292 0.002549612118746315 
4.199657570499706 0.8671014736763886 1.0000142226204374 4.5571660705378647E-7 1.0000020795828495 0.1378918368560059 
0.45692608070746205 1.5455689618723703 1.0724344144344111 7.509724373111006E-8 1.0106632086965335 0.06124772848611853 
4.999450160647212 0.9998722080641045 1.3712385195264079 2.993249998618147E-8 1.0000001603049549 3.3059829062681133E-5 
4.897631758721685 0.9831848643455631 1.000014696931513 3.781545516173092E-8 1.0000000042307697 2.4795344819334716E-5 
0.9820222309234461 1.0180144290273268 1.0159786263918795 9.685988759100562E-7 1.0105339702799536 0.061361346222633964 
4.231663344948851 0.8671014736763886 1.1035408492374477 2.979247380485822E-7 1.0000080872755706 0.1754140692832668 
4.99949181475432 0.9998485735798133 3.790866551695884 2.0299177617680627E-5 4.986473877298448 0.08716990908699229 
4.999495936014796 0.9998661614212666 2.5380490921801035 1.017911751687186E-6 4.952536578377032 0.23529211143387524 
4.999490960019307 0.9998487347421988 2.0787377947915173 3.1841381668828814E-6 4.999982538049134 0.012394499213196283 
4.063148550529431 0.7299759294414505 1.0102271456517489 2.3109147924280878E-7 1.0000001129032734 3.5601164417080415E-5 
1.2397032518626655E-4 1.9998805623727143 3.4937478973605693 5.775928628555043E-7 1.000001810349186 2.376600420701645E-5 
4.9993601451353396 0.9998573397440039 3.5174853105023804 3.3206829976328184E-5 1.0000196546704614 6.229600464599287E-4 
4.125379991208245 0.7324719124207973 1.0169752356318473 2.0482663119984167E-7 1.000000019601446 3.173310847137502E-5 
4.842045817149956 0.9665983887140001 1.0000129208911006 4.4673920214966093E-7 1.0000000182119246 9.245087503499472E-4 
4.86219045483004 0.994377214209951 1.000014696931513 3.8341587149585275E-8 1.0000000052834066 2.4795344819334716E-5 
1.3212036935014428E-4 1.999880562422704 2.3153387993100827 1.928433013338783E-7 1.0000234166462316 0.0024947802743360004 
0.3061323174290842 1.6961011185651977 1.067151671458879 2.7088582697687067E-14 1.0034491858389967 0.10800032817580016 
0.0861672996304029 1.9257452192639648 1.0007648174969066 4.526863463859942E-9 1.0000007569307727 5.174379984428557E-5 
4.999478079680291 0.9998324998698505 3.8624083034130647 2.067447192819067E-5 4.999990908397169 0.011487369054243387 
4.999496187682192 0.9998661614212666 2.717290298631825 5.618219885294248E-8 4.97189232390301 0.17505127434805504 
4.994744822804543 0.9998559366061818 3.4047504722846202 2.924433927022723E-7 1.0000003913307134 0.0022804266847806466 
4.999447911421189 0.9998723983673701 1.7804523180318557 5.382005528808623E-7 4.999990908397169 4.6313399787961847E-4 
4.968422530257578 0.9931288728615171 1.0238017472541785 6.981978221346493E-8 1.000000883607311 9.726166194539033E-4 
4.1537686932806315 0.7299759294414505 1.0738460762158817 7.384764270874811E-8 1.0000068869377472 0.0016641023588316317 
4.999450160647212 0.9998487819587121 2.0552555067387024 2.993249998618147E-8 1.0000001603049549 1.186044121195785E-5 
4.999562680599238 0.9998630583633709 4.843540809841514 1.0281277023429864E-6 1.018081398254962 0.07969779619472556 
4.485507494865125 0.9927788600185058 1.0118474537106994 4.488712283558743E-8 1.0000000267617462 3.103707932764236E-5 
4.386939178554066 0.8216775759925764 1.161722977820962 0.02028137860669499 1.0000001991004634 0.039649548517063204 
0.6237956514840259 1.3774808702274912 1.0009584800949902 3.180789697952707E-8 1.000000004205262 0.0022810603582047485 
4.999476466060476 0.9998487348215233 4.686385037770359 1.639910490653225E-5 4.95433564172137 0.4879141981693418 
0.22402548660640126 1.7765100385005046 1.0000049271193354 3.5826860710882556E-10 1.0000007455693063 0.0011376861064470731 
4.0455754993163495 0.7299759294414505 1.0011436382499437 2.3109147924280878E-7 1.0000001031743473 3.0145185032339443E-5 
4.609550425116212 0.9289256826593332 1.0069959631258285 5.026509890242932E-7 1.000000033019057 0.0029296163872888914 
4.623192286947666 0.9866684737908317 1.001918826933993 3.655046751014122E-4 1.0000000055572649 9.289067554357701E-5 
0.22402548660640126 1.7765100385005046 1.0970803391293327 1.9263329431314796E-5 1.000000266362674 9.02044788713148E-4 
1.3212036935014428E-4 1.999880562422704 3.2721214595724235 2.778322002949375E-6 1.000001931440996 0.5449080823301604 
4.322091617211106 0.8511308770636111 1.000120730887405 1.0918012414999923E-6 1.000000144779279 0.008292906611747752 
4.925001520391212 0.9924716624831593 1.0001799146654613 3.803500776026892E-4 1.0000010692773924 0.046184506872210235 
4.769069253393336 0.942071715347504 1.0530308642306465 0.07266027993744893 1.0000001677462274 6.909908086294089E-4 
4.99949462476173 0.9998327110976536 4.5034665910830896 7.423323291881469E-6 1.0244800915511356 0.18170347377334928 
0.1488932018790233 1.8512899183515135 1.000109759329085 3.797376118714761E-4 1.0000000361492325 6.005522766083793E-6 
4.999493779871584 0.9998662246141484 2.4624122788812226 2.993249998618147E-8 1.0100453882406921 0.0567198624967208 
4.99949542777822 0.9998630127336912 4.652567898079686 1.1285200118600793E-5 1.0000001609640783 0.5094964719178072 
4.9994944913523724 0.9998487347421988 2.97389937425246 3.316985973247168E-5 4.9985433117551406 0.02888060016201952 
1.2393525195367611E-4 1.9998805623727143 2.9706428590093665 1.0094307347556096E-7 1.000000193316957 1.1712414762253 
0.46743015124050247 1.5364116978247297 1.0000695384763514 3.0653294973497067E-6 1.0000004600742176 0.002378525726134173 
4.4366003475646565 0.817038037697442 1.0031756517626171 4.6090595572943026E-7 1.000000882305585 0.1397161206086311 
4.999450160647212 0.9998487819587121 2.0552555067387024 2.993249998618147E-8 1.0000001603049549 1.186044121195785E-5 
4.994744822804543 0.9998559366061818 4.138103692886936 3.459188679059437E-8 1.0000001083572514 0.0010478158231990702 
0.1488932018790233 1.8512899183515135 1.0328710322984849 3.428983297631037E-8 1.000006901624625 0.17430307838940579 
4.382630232537955 0.8216775759925764 1.056749965702979 0.06722616910812261 1.0000001948637376 1.013206376957571E-5 
4.9994944913523724 0.9998487416742291 2.9054579657331425 0.004730324775489465 4.9985433117551406 0.02541918068090926 
4.99949462476173 0.9998327110976536 4.696522120995465 1.0121994220853113E-5 1.0244800915511356 0.18170347377334928 
4.348635382794985 0.8216775759925764 1.056749965702979 0.06722616910812261 1.0000001948637376 0.0042462125440009685 
4.280156271779229 0.7722345277825556 1.000120730887405 1.0918012414999923E-6 1.0000000000060465 0.005106620216228189 
4.726496755977813 0.990693209585336 1.0019183892476977 1.1470707982081663E-8 1.0000000168196643 0.004750453841424315 
4.99945055902343 0.9998630127336912 3.944900231652419 1.6983825881228927E-8 1.0000001598034793 6.769595218155799E-6 
0.004552987144371759 1.9965953576739783 1.000890067758222 2.39184117207025E-6 1.0000000054151812 9.207365226756047E-4 
4.657228720567685 0.942071715347504 1.052927353305598 3.573370676912981E-7 1.0000001677462274 6.909908086294089E-4 
4.994633092598368 0.9998630988567564 3.944900231652419 1.3140049586578882E-8 1.0000002021821586 9.716651252899787E-4 
0.6213563955396854 1.3793681093733337 1.0123557684402624 2.3359685581285974E-5 1.0145910276609102 0.0791499313178459 
4.76890633398671 0.9957951865698317 1.0246832416234692 1.5034907683453384E-8 1.0055933587357389 0.031497624258701555 
1.3212036935014428E-4 1.999880562422704 1.5168978613378676 0.004534453177008011 1.0000037430970659 0.00196744686382036 
4.726496755977813 0.990693209585336 1.0019183892476977 1.1470707982081663E-8 1.0000000168196643 0.004750453841424315 
4.440576032863722 0.817038037697442 1.0031756517626171 2.952020861171204E-6 1.000000882305585 4.783203723032741E-4 
0.5421939579301078 1.4587356746150753 1.0000109830164121 1.4535037328799363E-10 1.000000000894306 1.1362220344538138E-5 
0.06095314974664379 1.9390614737300744 1.0866101064828277 2.2811473959697144E-7 1.0000000202145847 0.08846252191365886 
4.694292886605952 0.9688995492063885 1.030168841324809 0.03467238615997772 1.0000007048302795 0.006536424117921352 
4.999562680599238 0.9998630583633709 4.843540809841514 1.0281277023429864E-6 1.018081398254962 0.07969779619472556 
4.999493779871584 0.9998662246141484 2.4624122788812226 2.993249998618147E-8 1.0100767256970449 0.23595555397470375 
4.656848462781936 0.9303429932810954 1.000010583578006 3.573370676912981E-7 1.0000001679837718 0.006101037630534788 
4.999479181634867 0.9998686135503069 2.575094753474641 2.7887325775040947E-6 1.098693136964797 0.9494568941724635 
4.694292886605952 0.9688995492063885 1.030168841324809 0.03467238615997772 1.0000007048302795 0.006536424117921352 
0.5421939579301078 1.4587356746150753 1.0060632018235072 2.0149945866920107E-10 1.0000002524766978 9.20293952854797E-4 
4.999479181634867 0.9998673300173396 2.5819723897275306 2.7887325775040947E-6 1.098693136964797 0.9494568941724635 
4.925001520391212 0.9924716624831593 1.0001799146654613 3.803500776026892E-4 1.0000010692773924 0.046184506872210235 
4.284463868258821 0.8497143371127526 1.0001511352725854 1.0404768056497482E-5 1.0000001999634391 1.4052332149945725E-4 
4.999476466060476 0.9998487348215233 4.686385037770359 1.639910490653225E-5 4.975517578811396 0.4879141981693418 
