1.0479593231675404 0.9520803118974779 1.0000005941783467 1.5963572013696595E-8 1.000000000566524 0.0013644065901541951 
4.999952600254265 0.9999858396806784 4.998159261956376 3.2727265583866604E-9 4.999850884592721 8.508360786980695E-4 
1.0479593231675404 0.9520803118974779 1.0000005941783467 1.5963572013696595E-8 1.000000000566524 0.0013644065901541951 
8.580850462971948E-4 1.9991909514875654 2.48060888589796 1.777143581607288E-5 1.0000008119307986 7.542925884872764E-4 
4.6823686699270715 0.8980021990286011 1.000598249400989 2.449860036882993E-9 1.0000203316336558 0.028439719923940357 
4.999947049208445 0.9999858411226306 2.3112779308466234 9.336735370238288E-8 1.0144758750606422 0.15158817673434943 
4.468255954213042 0.9087688430359898 1.0003977078821624 2.4686456529893555E-9 1.0000054769591393 0.027624626453910214 
4.9999525998789265 0.999987922773775 4.883518203284371 2.5819607590252083E-8 1.0531108486348453 0.24423527773595355 
4.999953028285892 0.9999868542172249 2.830926274924797 0.009831485370668646 1.0001416228615618 0.0021701676700369467 
4.413448755885437 0.922294966450264 1.0071848475192655 1.9016811057099429E-6 1.000060198812669 0.019278023821583806 
4.999953028861447 0.9999868542172249 3.2119407750498548 2.203867487740901E-9 1.0001416228615618 0.2450892119591229 
0.9698892013159761 1.0326067337653446 1.0297899158179253 9.641307949083997E-10 1.0006882212793045 0.004416398408530482 
4.999952664219743 0.9999858377465711 1.4697884250046247 7.698083538681238E-10 1.0086427189137541 0.18537609247234826 
4.9999526253190805 0.9999868812045628 2.7374589991233194 2.8896915508759527E-9 4.901835151429106 0.39521589174677385 
4.615580217403723 0.9520803118974779 1.0406063798257554 1.5963572013696595E-8 1.000000000566524 0.03461718992691144 
4.999946625317278 0.9999859027707841 1.6363398759365944 1.5209288785881984E-6 4.999822867010372 0.1504253556778086 
4.999947049208445 0.9999867681355629 4.225242693057369 7.339644836726858E-8 1.0001762336131612 0.001988645858883316 
4.9551922195214635 1.006922254702261 1.0006118106211457 9.79257845147525E-9 1.0000937712868296 0.11393404239257782 
8.1800759338088E-4 1.9991909514875654 3.0987360671316675 2.8058510501955357E-9 1.0002560984519284 0.012564034031790211 
0.18442711494254282 1.8161159890341925 1.0000000137995444 1.1672565566472289E-9 1.0000000006508538 4.306245844395032E-6 
4.999952878690571 0.9999858445241645 3.767143692562316 2.4030878704423244E-8 1.000072886774709 0.18330941466559028 
4.999952976511526 0.999987875624946 2.8275395015692792 5.161198093579423E-9 4.999703866244447 0.002019531628517396 
4.84868072599383 0.9520803118974779 1.0064977390210461 1.3409495455457995E-7 1.0000000679789154 6.117573812453777E-4 
4.999952759595152 0.9999878954416526 4.624591654024602 2.5819607590252083E-8 1.0192967912068804 0.24423527773595355 
4.999952764676435 0.9999858409816754 3.5548783904779935 2.310648657737365E-8 1.008501514448742 0.17380347302825855 
4.99995276966494 0.9999867332870426 3.302320065012701 4.6800285559117456E-7 4.998981389520796 0.036757096104471934 
4.999946857687966 0.9999859024520876 3.8898886133639183 1.7423975687348562E-9 4.999823438396148 0.15031142854483015 
4.869938430663961 0.9815023823227693 1.1026896670866484 4.060447269609548E-9 1.0088078276102304 0.05632141631569704 
4.7752881437694725 0.9263930662484114 1.0001848896109222 1.1683167145866697E-9 1.0000037800591761 0.02338783206677146 
4.999952764676435 0.9999858409816754 2.5779408074199006 2.310648657737365E-8 1.008501514448742 0.19838075051844037 
4.999952611957683 0.9999879427114512 4.99303247466986 2.5819607590252083E-8 1.0531108486348453 0.24423527773595355 
4.512830486491943 0.8611165756181578 1.0071140269007155 1.435627245568348E-10 1.0000735077241225 0.0016089948633200568 
0.2760707068837566 1.7240605495560608 1.0025750884870952 2.765469748720609E-10 1.000015026285822 0.031432384846243444 
8.316267835320728E-4 1.9991909514875654 2.9403089071786788 9.430181302747583E-5 1.004040923520082 0.13196215927397648 
4.996541861305918 0.9999867681355629 4.0963526234969505 1.886228169007834E-6 1.000052609110047 0.0020212736742562243 
4.999947068378397 0.9999878345961624 4.317492588422535 2.973936653647967E-8 4.999802404192632 0.00124117120897955 
4.207200312164671 0.7465047864896981 1.0266974041674546 7.387205172012114E-7 1.0000565276305542 0.03484374623938538 
0.3775169726576421 1.6352461326510264 1.015097661448903 6.861676545465431E-9 1.00003853169231 0.007923738686218266 
4.197894000551691 0.7423028758901553 1.0035794113294791 6.645300781534623E-10 1.009019055597063 0.03748990035536043 
4.9995199021294034 0.9999770569417654 3.792434108149082 2.4767634810456678E-9 1.1353624327139533 0.9955769975929544 
0.7976688330936507 1.20255131930907 1.0000028912061762 6.266089062166253E-10 1.0000002613501844 0.0012932752042676757 
4.9999504848578935 0.9999857138078281 3.596003884615015 3.049658278351053E-8 4.901835151429106 0.39211310802459687 
4.999953028285892 0.9999868542172249 3.39634844328517 2.203867487740901E-9 1.0001416228615618 0.01942556168001376 
8.591826347708877E-4 1.9991909514875654 1.9849849436695617 1.765105557500361E-5 1.000055272903859 0.011057345099005772 
0.2760707068837566 1.7245477598720902 1.0350580046850366 1.4513666984791457E-8 1.039622054861137 0.30209809766345536 
4.910426756951762 0.9938414610662794 1.0392284324836283 6.645300781534623E-10 1.0001214259360325 0.25778960217370545 
4.999952769307238 0.9999866959258432 4.58238337778328 4.245086502282485E-8 4.9678918607825295 0.1809883414730782 
4.082296589049228 0.7457263993185255 1.0006423944942477 4.600530899519468E-9 1.0000069934484477 0.15180056780120182 
4.7544905793099055 0.9263930662484114 1.0071843729383594 1.178178273725807E-10 1.0000767275108673 0.02325764272931856 
4.999952769307238 0.9999866959258432 4.692245269567922 4.245086502282485E-8 4.998175186412381 0.1809883414730782 
0.16283200904486178 1.8627583810915542 1.0303431459224168 2.6710444367644038E-8 1.0040819252422106 0.0487473298939524 
4.133487392504264 0.7469426657223737 1.0626619533729793 6.712531453896304E-5 1.0083771962921748 0.09266735666163706 
4.999947263592374 0.9999866889570737 4.074086444602731 2.9733337485853758E-8 4.999911267151898 0.004947199160989416 
4.999946613548691 0.999985807897857 2.16805634390305 1.5959512896728572E-6 4.999822867010372 0.041843659280637095 
4.999952057520287 0.999985769022468 3.641184516389596 2.5659614556976608E-8 4.993455490470744 0.20590407113348713 
4.334226460174044 0.8098744302395054 1.0000000240399496 3.6992350609746364E-9 1.0007359333852321 0.011150921782202328 
4.266795865273601 0.8108585764352253 1.0053074492957907 1.0650807492193874E-7 1.0000210155606255 3.920170069663248E-4 
4.999952919773777 0.9999878467826144 4.61400817427505 2.1537695400057608E-8 1.011448622205039 0.20004051870975934 
4.999952057520287 0.999985769022468 3.8055882655184496 2.5659614556976608E-8 4.948888518826349 0.26053402724807706 
0.46652143605476737 1.5350249478530091 1.0636402392001822 2.6532163265934075E-8 1.0090989920499032 0.04738240355979641 
8.316267835320728E-4 1.9991909514875654 3.5618500833723985 1.5735060477682107E-9 1.004040923520082 0.13196215927397648 
4.99995260007137 0.9999858065259303 2.147093696931668 2.527769499539328E-8 4.989562158239961 0.044564412669616915 
4.526972449387545 1.0019588835640139 1.0841713715053416 8.149374497128702E-9 1.0000103801661386 0.008758067574007392 
8.566720991062187E-4 1.9991909514875654 3.3849599407559485 9.468953927991356E-5 1.0000004643367757 0.12320840942687061 
0.3813944768709737 1.6186156713177935 1.0000011233853912 1.0875321427440975E-9 1.0000000005291623 5.173833979697123E-7 
4.283047726794085 0.8108585764352253 1.1169826249653327 2.7314401729991826E-7 1.0000011467704657 0.052900771068003644 
0.10455221917807545 1.903506660026206 1.0000015109824443 2.0136098765044711E-7 1.0000516151618846 0.011436398296283203 
4.082296589049228 0.742612848720821 1.007183199364036 6.373291512151713E-5 1.0143212261678858 0.14993442037602114 
4.133487392504264 0.7469426657223737 1.0626619533729793 6.712531453896304E-5 1.0008682556865471 0.09266735666163706 
4.719999755348543 0.9315406137235909 1.0313962192339206 1.983494326281639E-9 1.000000820640471 0.03515645030826156 
4.999952759595152 0.9999878954416526 4.415471349521218 2.5819607590252083E-8 1.011448622205039 0.24423527773595355 
4.999952759595152 0.9999878954416526 4.415471349521218 2.5819607590252083E-8 1.011448622205039 0.24423527773595355 
0.03244573462662537 1.9991909514875654 1.1574067842283113 1.777143581607288E-5 1.0000294308079432 7.542925884872764E-4 
0.09586620676918992 1.9063224836155321 1.084714815275701 1.3553304233882907E-9 1.0000001134941656 0.17353612746042887 
4.905715570720716 0.9898263512116379 1.0000011233853912 6.860639718718102E-10 1.0000000005291623 5.173833979697123E-7 
8.591826347708877E-4 1.9991909514875654 1.9418515563073593 1.765105557500361E-5 1.000055272903859 0.0010724634512081976 
4.999952844530014 0.9999878581219395 4.789974126697297 4.203066061110489E-8 4.999993547372573 0.02305567568172233 
4.999952921074649 0.999985769022468 4.205459327674532 3.5269562653256306E-5 4.948888518826349 0.25652008069894894 
4.375567768829233 0.8091526889850511 1.0008371211945932 1.3735026430903923E-8 1.000000927705956 0.009806982298310275 
4.603568140283475 0.9044561183438475 1.0019469749548229 1.4838297942965597E-7 1.0007406163501906 0.15440511214010516 
4.811180998391247 1.0398237540087079 1.0000003572176912 8.149374497128702E-9 1.0000103801661386 0.01180758179303866 
4.316767240488987 0.810910955266559 1.0142879205465076 2.7541679336072346E-7 1.000021294052414 0.019081523082842833 
0.7062836438866829 1.2940434051176577 1.045212981469189 1.8641877708550237E-9 1.0000002648514235 1.6970726307829337E-4 
0.623853123662878 1.3765068277390038 1.0730220140758209 5.47858729319831E-9 1.0000003247963292 0.009022720955847087 
0.5348709218482242 1.4660683411616913 1.0000000340614892 9.797605709598989E-8 1.0000000001275327 2.0459692356180432E-4 
8.580850462971948E-4 1.9991909514875654 1.4480302099393594 1.130845901691083E-6 1.0000005126023295 7.542925884872764E-4 
4.811180998391247 1.0398237540087079 1.0002052315675283 8.149374497128702E-9 1.0000103801661386 0.01180758179303866 
0.7062836438866829 1.2940434051176577 1.0010942043036724 1.8641877708550237E-9 1.0000002648514235 1.6970726307829337E-4 
4.37070372581009 0.8147091528171038 1.0008371211945932 3.134672394710774E-8 1.0000213090688466 1.3563613464900176E-4 
4.99995284637716 0.9999858049140048 3.0604381409658856 2.829312065413415E-9 4.999938076985581 0.24296031894923223 
0.5348709218482242 1.4660683411616913 1.0000000340614892 4.501983502186013E-8 1.0000000122331365 0.011953564140908323 
4.999952664219743 0.9999858377465711 1.0725521442842676 7.698083538681238E-10 1.0004484889515413 0.011240721732844128 
0.623853123662878 1.3765068277390038 1.0729074568202437 5.129749274083908E-9 1.0000003247963292 0.008623576461651574 
8.316267835320728E-4 1.9991909514875654 3.5618500833723985 1.5735060477682107E-9 1.004040923520082 0.13196215927397648 
0.7976688330936507 1.20255131930907 1.005677987514595 2.226641116019274E-7 1.0001908126066057 0.0010475103171827642 
4.9999526253190805 0.9999858601524361 4.964661942185652 0.054344698923449015 4.901835151429106 0.39521589174677385 
8.580850462971948E-4 1.9991909514875654 1.3384047495151898 1.7770973093123337E-5 1.0000008119307986 7.542925884872764E-4 
4.999946619293479 0.9999878345961624 4.275407933870252 1.4788631098924803E-6 4.999822667002479 7.450700013058309E-4 
4.72299680024068 0.9315406137235909 1.0313962192339206 1.983494326281639E-9 1.000000820640471 0.03515645030826156 
4.99995284637716 0.9999858049140048 3.0604381409658856 2.829312065413415E-9 4.999863401713405 8.508360786980695E-4 
