4.9998549790877265 1.0000368168411111 4.99999605166257 1.3209817424453866E-10 1.2916620373499343 1.0992847394386513 
0.9273247862636148 1.0726940601896624 1.0000012813836467 2.3105392074567182E-8 1.0000000225526942 3.9491493569656505E-7 
0.6257855918869304 1.379141148114404 1.0183041575181422 1.6923420468323593E-7 1.000001003911322 0.008210485933197856 
0.2589441659946845 1.7413433599239043 1.0000005339430043 1.052803989371275E-8 1.0000003339408192 0.010271502754725183 
1.8295846975343623E-4 1.999826614855654 3.4188356803004147 1.9508921948384566E-7 1.0000133418240174 0.006484037844161437 
4.47081608717628 0.8796388267785777 1.0000117231489187 2.589504457175474E-10 1.000000064872122 0.004404127587770205 
4.638238986234249 0.9629664290915659 1.0064548981978056 4.6625789487670624E-7 1.0000020815952824 0.062388769015227975 
4.096606287336874 0.7008150453127862 1.0411529750708315 8.240575047977665E-7 1.0000012550264548 0.0039608076593997755 
0.37155425340820153 1.6350883696684964 1.0855390189110588 1.1770878288832373E-9 1.0000001521167248 0.11233004285652562 
7.690536481881199E-4 1.999826565659898 3.7354680942962535 2.3620311872684413E-9 1.0000128786249407 9.297503968051945E-4 
4.999724976857644 0.999980527532653 2.241202995337694 8.983087540123715E-7 1.0000005948092552 6.659180719419692E-4 
0.7617214278892002 1.246114688121188 1.0000187915637242 2.596615669277388E-10 1.000000216780065 1.54876213642052E-4 
4.999724156051731 0.9999841363610186 4.289634928556217 9.962500933753866E-7 1.000000592668807 4.855938281571994E-4 
1.7778622851364364E-4 1.9998266612603535 3.1781796185596307 6.753170389345341E-5 1.0000003455577688 0.005190685622671248 
0.44343855690964556 1.5583861122212412 1.0000001076323812 1.7924393518910534E-8 1.000000036707399 3.043477985394962E-6 
4.731383516724037 0.9999809782748466 1.0031744433749454 8.550722296801667E-6 1.000001359305167 0.0026387051595443967 
4.586588865560518 0.8686159509856053 1.0000230190878876 6.565688513574063E-9 1.0000005706303896 1.8183929954550393E-5 
4.895106634719509 0.999290839523648 1.0104110346813227 1.6408617175280748E-7 1.0000005701834465 4.7502154818684916E-4 
4.812885362590955 0.9391638226915553 1.0006878992802613 4.046704748594575E-5 1.0000000519250756 5.52492321093296E-4 
1.7778622851364364E-4 1.9998266612603535 2.996977881217755 2.1001214726723257E-5 1.0000000845590606 0.0015541266075621992 
4.348932092133934 0.8290703773872172 1.002886877430873 1.236998670106599E-6 1.0000020790291622 1.1707285779134638E-5 
4.9997807813729285 0.9999817154908748 2.6780668530758556 7.3810545346974516E-9 1.000020852334314 0.05846185877530341 
0.9273247862636148 1.0726940601896624 1.0069220250439517 2.3051147826821933E-8 1.0000000778694853 1.6187473533260319E-6 
0.09236728023673957 1.908710777223988 1.0577575575938847 8.704495583076723E-8 1.0000022266143858 0.004036846715128104 
4.999728004374461 0.9999839954073565 4.01457634116025 9.971924828275402E-8 1.0000011849389845 0.10433877065781769 
4.201387862474367 0.7666793135965618 1.0090839983985105 4.659521368703406E-9 1.0000013597712363 0.10614169571756725 
0.73726608008165 1.2631144090998383 1.018420568024974 4.843314181795015E-10 1.0000014450499346 2.603223553408031E-4 
4.999725194756873 0.999981702452804 4.563329461060945 6.081266876200157E-7 1.0000002877561878 8.601358202168377E-4 
0.04418152028204333 1.9635001299405896 1.0004451447248226 8.16112251557225E-8 1.0000000694831492 5.311977947921817E-4 
4.608993751289857 1.0049095053461221 1.0000230190878876 1.1360928698901782E-9 1.0000005706303896 0.042945480392419744 
4.150313910921559 0.7365466611650622 1.0017845545661497 2.589504457175474E-10 1.0000001798974163 0.0038975669078630676 
4.999924348257454 0.9999809782748466 3.2346232192720117 4.7079230294366695E-8 1.0000016303100847 0.3206073375780874 
4.998948610366068 0.999981675015908 3.8094028086972545 3.6002563253623064E-6 1.0000004171261911 0.017448928126496926 
1.8295880551505244E-4 1.9998266612603708 2.506271632954373 1.7097895864475284E-7 1.0000076174590873 0.12821738870444732 
4.386577538105762 0.813695591778326 1.00757421436813 2.7166073564568546E-9 1.0000001606225415 0.15212836093063253 
4.228562554834223 0.7653579801471643 1.009252037772693 6.045903956958025E-10 1.0000008399367075 0.0011547298008511286 
1.82987830021491E-4 1.9998398360387257 2.839317326613208 1.2068717273010873E-6 1.000003569895145 8.342732209676545E-5 
4.999725041787476 0.9999841083325445 2.88105548560829 5.853989003118707E-8 1.0000019234746527 0.016133736724910242 
0.5191966733872578 1.4826623139905388 1.0001125104648376 2.4424295339473195E-10 1.0000071450035204 1.5192183112060196E-4 
4.92205090218612 0.9928121102184752 1.003919774042357 3.4298111907648825E-6 1.0000000333208845 0.06731408435390777 
4.684073687205572 0.9467220756208552 1.0123032703875774 4.883770437745301E-7 1.0000020815952824 0.061551731182855104 
1.7767842606277899E-4 1.9998266612603708 1.5537289710282045 8.233295295580449E-7 1.00000535165276 3.612882832362295E-5 
0.14147824202717763 1.8674016427304732 1.010709950114596 1.5690988922913888E-6 1.000002084991563 0.05545055070353251 
4.685394038937665 0.964924581192426 1.056515860799668 2.9519767922184167E-6 1.000001920510498 0.05443258898928449 
4.999728004374461 0.9999814124943778 3.892950024857726 9.971924828275402E-8 1.0000011765319492 0.10433877065781769 
4.835327428498981 0.999290839523648 1.0104110346813227 2.050091954322261E-7 1.0000005701834465 0.0011831572409542468 
4.975683840337685 0.999982239525278 1.113255695950501 2.951359387094874E-6 1.000004311413969 0.017439233525669395 
4.9998549790877265 1.0000382909889733 4.99999605166257 1.5111678985546306E-8 1.0619677990330458 0.992116282983629 
1.8298973306476622E-4 1.9998266612603708 3.3503222681842244 1.1784362954060545E-6 1.0000053735852965 0.006939839759474842 
4.303868395230965 0.7708819204254228 1.0636898316062837 4.076406716121835E-7 1.0002750777390121 0.0016243928803219374 
0.21467085148964415 1.804303711844908 1.0000741707378176 5.182332105478061E-9 1.0000004043982311 0.004370393333748399 
4.150313910921559 0.7365466611650622 1.2039709926532631 2.589504457175474E-10 1.0000001798974163 0.0038975669078630676 
4.957659044660104 0.994904197908995 1.0000005339430043 1.1319680733003338E-6 1.0000020790291622 0.00238330886787339 
4.999925777526957 0.9999841143881383 4.652046707348663 5.022081398740364E-8 1.000000592668807 4.919313244786184E-4 
4.998948610366068 0.9999816281428364 3.658653854090039 1.2380943416856983E-8 1.0000002529218988 0.001348456998767374 
4.867603066456938 0.9966087203369244 1.0006878992802613 6.056324119136821E-8 1.000007278377095 0.00141506244948381 
4.427312427642809 0.8141523675025036 1.056131453533114 1.2596377595980443E-6 1.0000020851272367 1.1707285779134638E-5 
0.38795182028241293 1.6120652585619457 1.0000559794428905 6.753555246710359E-12 1.000001003911322 0.008210485933197856 
4.999777886966106 0.9999751353793832 1.8924280718889723 5.756418432215161E-9 1.0000054554584077 7.323831993628406E-5 
4.999857677896992 0.9999822318771301 4.885305393353801 4.892029417004066E-9 1.0000848389501866 0.0012996054279298527 
4.999774470490815 0.9999817154908748 3.5628234545593767 9.861786575806474E-8 1.0409053647420103 0.5075000907385077 
4.99992813123431 0.9999840132800362 3.4320563381455518 8.406622225871037E-7 1.000002153334898 0.004125164338989587 
4.999925777526957 0.9999841143881383 4.417431665214093 4.651819247069192E-8 1.0000009515477566 4.673792047336987E-4 
4.999777886966106 0.9999751353793832 1.5473060533870335 5.756418432215161E-9 1.0000004017191828 0.002318209430807924 
4.999722416965986 0.9999809782748466 4.8083468533689135 4.9323326387826385E-9 1.0000010872266365 1.7924324345270747E-5 
1.8298973306476622E-4 1.9998266612603708 1.973870306000312 1.3494696009744972E-6 1.0000053936755133 3.611816566929905E-5 
4.547370799083486 0.8640828767746016 1.0004290007016743 1.084411411598273E-6 1.000000282489217 7.41370179028656E-6 
4.427312427642809 0.8139211640135606 1.0013243196133848 1.2649556352544577E-6 1.0000020387167747 1.1707285779134638E-5 
4.999857677896992 0.999982239525278 4.999932069368031 2.951359387094874E-6 1.0000042626150727 0.017439233525669395 
4.941651946043164 0.9928121102184752 1.003919774042357 2.9531423091032302E-6 1.0000001649504928 0.06741189709683576 
0.0022803371353659063 1.9998227656180045 2.2969011196970532 7.249033716942724E-5 1.0000005960445106 0.0018976130055410102 
4.509400585816377 0.8366052924622286 1.0075792711221894 3.590156124356718E-8 1.0000027674247685 1.455635094483504E-4 
4.99978538043711 0.9999810167939787 4.446151906091704 4.7079230294366695E-8 1.0000009282106324 9.968149321287951E-5 
1.8298973306476622E-4 1.9998266612603708 1.973870306000312 1.3494696009744972E-6 1.0000053936755133 3.611816566929905E-5 
4.999778662429422 0.9999814178010281 2.994206093774895 6.14160901081443E-6 1.0000001963409908 0.005419912446535058 
0.5122645746547575 1.4883059178765108 1.00978719771606 1.457165297429466E-9 1.000007145892049 0.12851105011745168 
4.509400585816377 0.8368364959511716 1.0576011268397554 1.1274776994616403E-10 1.0000027674247685 1.455635094483504E-4 
1.829579308147007E-4 2.0000963703544907 1.3468880166271988 1.7173924837624902E-7 1.0000130060346475 0.5162980301181852 
4.999856908407899 0.9999840132800362 3.456669175483302 8.406622225871037E-7 1.0000011333248484 0.004553068717038744 
4.368929567378531 0.8640945846134056 1.0004682322036065 1.084411411598273E-6 1.000000282489217 7.854486930126933E-6 
1.829579308147007E-4 1.9998266612603708 3.7582250432228927 1.680366048654427E-7 1.000013122135775 9.169946139620205E-4 
4.99972591805973 1.0000358284322088 4.142313340841668 0.04628378158415022 1.0000002251237943 0.008692474323064636 
4.855137676660451 1.014301484876421 1.00000198215042 4.167749387764658E-6 1.0000006111781108 9.70529578450519E-5 
4.7796822090568805 0.9994958769107328 1.0104110346813227 2.8323991649002566E-7 1.0000005530918321 0.002126611479913096 
4.552800509367568 0.8686159509856053 1.0000230190878876 2.7173082324611673E-9 1.0000005904506821 1.8183929954550393E-5 
0.14147824202717763 1.8674016427304732 1.1134759434159822 5.726586241097994E-7 1.000002084991563 6.794349505966427E-5 
4.999771557708658 0.9999813938741131 4.158924981980755 2.587167055842662E-5 1.0000004663398565 0.006084398168602198 
4.271111740262784 0.7842024626987756 1.0070801903750912 2.7747785950233146E-6 1.0000001002802645 1.906662617524235E-5 
4.99972591805973 1.0000358284322088 2.4618270513814173 0.04628378158415022 1.000000173435696 0.009891116654653698 
4.753314748576816 0.9770378610020867 1.0006878992802613 1.9336604146762998E-5 1.0000000623177596 0.08238628898417662 
4.300265475472569 0.7783517786662968 1.0000295265724615 2.589504457175474E-10 1.000000216780065 0.004302614574862293 
4.999777886966106 0.9999751353793832 1.8757953292013596 5.756418432215161E-9 1.0000004017191828 0.002318209430807924 
0.00521094619589918 1.9994457461110442 1.0000005339430043 1.9801586225132875E-7 1.0000131819878055 0.010271502754725183 
4.262690748012338 0.7648069739296518 1.0018536932706636 4.1724935616896366E-6 1.0000056879689165 0.001265977981642245 
4.999724395771707 0.9999814178010281 2.5086426330739005 7.279859151129105E-6 1.000000173435696 0.0013177150421755865 
1.828081523800631E-4 1.9998227656180045 2.3065358462184054 7.239747087850472E-5 1.0000059055955322 6.361897674085127E-4 
4.999778662429422 0.9999814178010281 3.04962699889761 5.786017704067106E-7 1.0000001233199136 0.8491877391620056 
4.778114517223024 0.9391638226915553 1.0006878992802613 7.578448263534892E-7 1.000000054320809 0.00141506244948381 
0.21467085148964415 1.804303711844908 1.0000033706998808 3.557386140212362E-8 1.0000002606991603 2.1812098227115984E-4 
4.999778662429422 0.9999814178010281 3.04962699889761 6.15675425565944E-6 1.0000004115996493 0.5824896486019654 
