4.999881700678367 1.0000972490989526 4.999995666570905 3.9710312743849905E-8 1.3851102093682939 1.4122578577980975 
4.999881700678367 1.0000972490989526 4.999995666570905 3.9710312743849905E-8 1.3851102093682939 1.4122578577980975 
1.0255646645258647 0.9744570676783618 1.0000000996113587 3.754860425793258E-10 1.0000000087511476 6.03478337034486E-7 
4.147490588666994 0.7171220218820962 1.0000258632660468 4.4110205847125146E-10 1.000000236753865 0.0017145125115311391 
4.075001831532521 0.7180233721884759 1.0000065484469158 2.2395533950726052E-10 1.0000065906147189 1.2720374579634416E-4 
2.662843831201594E-4 2.0000326940665016 2.957677695356968 6.036321921090501E-6 1.0000001179734546 0.07141562913441335 
3.020364775016084E-4 2.0002912007868736 2.6121738961754875 1.0401131499473955E-8 1.0000002546416866 3.684613314294122E-4 
4.20203358240807 0.8221407886840744 1.0000880814294533 1.668644919417334E-11 1.0000000338460737 5.461625690302285E-4 
2.590475432583045E-4 2.000222545615315 2.0455978023169736 5.5604034974902904E-12 1.000000000143223 4.888912354474907E-4 
0.10488611674365206 1.8974499727371232 1.0011445802550387 1.4970377425747123E-9 1.0000002637048477 1.5207017916342582E-4 
3.019628301784889E-4 2.0002914297113317 1.789611251904145 4.318395739627422E-10 1.0000004451442612 0.001645582111449377 
2.590475432583045E-4 2.000220279554803 3.183142594554152 7.64120187053116E-9 1.000000672191063 7.452446568048145E-5 
4.7731815261484964 0.9255954417426301 1.0000027104858837 7.931210054442367E-9 1.000000030747529 0.0013627813432312043 
4.999881185631708 1.000000132564745 3.007123503793521 8.970976327716785E-11 1.2334283352040931 0.9617993225360815 
4.999880894621378 1.0000484585212264 3.4847149041830336 2.0974599079732917E-5 1.0000003980328094 0.0018334472140731162 
4.999880838877016 1.0000967853586562 4.244201293884071 8.387211083261621E-10 1.0000002923409812 0.04803521212122995 
0.44209811250373826 1.5581164205683629 1.0000000008921983 9.51356945169693E-10 1.0000000574103898 1.25628678740461E-4 
0.568103378844012 1.4319886909160642 1.0718560616673638 1.5309875124124737E-9 1.0000165612074703 0.03622695583257167 
4.807028216512878 1.0000523450979173 1.0008955275251243 7.101402830355293E-10 1.0000002294787074 2.9907216370911153E-4 
0.21804954479634947 1.7824016859435867 1.0000888078551649 1.4400190635585085E-10 1.0000000204826378 1.6979303022708882E-5 
4.950180583672211 0.997324591658426 1.0011394616536673 7.894783241259765E-11 1.0000079442100192 1.5207017916342582E-4 
4.99988124193541 1.0000972440816922 4.1015919179326055 3.507439826093287E-10 1.0005273462465063 0.025153592621267214 
4.747077591500744 0.9296434609858211 1.0000057972576601 5.255980963108925E-10 1.0000053431929372 2.166011930019229E-4 
4.999880840404771 1.000050194077628 4.834641676945419 1.2291728666559106E-6 1.0000018038169214 0.9589832980410966 
4.999880894621378 1.0000484585212264 3.6610323628433834 6.564934893421756E-10 1.0004422181561883 0.04710766446649367 
1.897006786377756E-4 2.0000331494821917 1.3035409871251065 8.316986219072295E-11 1.000000013663086 0.07265817830260352 
4.30427809999138 0.8175600741757275 1.0024567257159518 3.139139453113809E-8 1.0000008397960054 0.028697547994285685 
4.91758402444469 0.9739221686761406 1.0000003523598604 4.308848343614396E-10 1.000006144055935 8.450431090615759E-5 
4.968230600145582 1.0000916870713212 1.0051905786304716 8.754144641839011E-7 1.0327555444566134 0.15708771950358724 
4.999880894621378 0.9999993094144445 4.355980606978807 1.1277541077086702E-10 1.0000069422010387 0.005266536010588678 
4.999881300428915 1.0000974514647496 3.898993331815073 3.5190782524808305E-10 1.0005256185488403 0.029066242316943547 
0.8611475758105929 1.1393332745839349 1.0000000074023263 5.933924736338319E-10 1.0000000000644795 2.2481647160170332E-6 
4.451011809957844 0.8302459083191676 1.0043340221720305 7.384389822038385E-9 1.0000002855699788 0.24196288304992425 
4.520574696892662 0.8805360389206299 1.0001450169735957 5.690547780611362E-11 1.0000091240436335 0.0013749639027243945 
4.999881393923557 1.0000890020788968 3.3471879815519214 3.133043374580878E-11 1.0001053497790464 0.015981644037448353 
4.384840690349966 0.8805360389206299 1.0001450169735957 4.3657095158827173E-11 1.0000091710971837 0.0013749639027243945 
4.99988124193541 1.0000890041667034 3.756197495480567 4.254921815382102E-11 1.0003889339465688 0.025153592621267214 
4.999880871823942 1.0000971705938664 4.45956348244234 1.7719873544447956E-5 1.0005539298919055 0.035812759762126445 
4.999880844616993 1.0000523823846128 4.746162624407531 2.090792158117756E-4 1.0000000094626362 2.628087070393072E-4 
3.0233107620288057E-4 2.0002903118771713 3.626041010532839 2.1534552303997425E-11 1.0000001218047807 0.0013484444013783159 
4.8286823337038545 0.9621450248236458 1.0002024284439652 1.0214780786729719E-8 1.0000003964293953 0.007756629013854785 
4.999881185374674 1.0000890041667034 2.8125120122622675 3.6366834782751243E-11 1.000100602626112 0.04226839058856485 
4.899348856277931 0.9665534811010654 1.0160066506229732 1.0105284936510627E-8 1.0000064266228905 3.6823320383632795E-4 
4.999881185631708 1.0000969799888095 4.9999988113658205 1.5256953829388047E-11 1.2334283352040931 0.9645712479849367 
1.0152084899556064 0.9888162025917335 1.0032815927744725 1.05944805925178E-8 1.0000080652570238 0.04546284997853545 
4.999881311276246 1.0000974514647496 1.2352916566004328 3.480870824707689E-10 1.0000047691586673 0.8829095629523902 
4.999881435367848 1.000048514561547 4.772999796341554 5.5353657238136775E-6 1.0000014293810577 0.5124495323783667 
4.999881401848619 1.0000954040874153 3.9991299788302372 6.382693311214912E-10 1.0004932635181887 0.003150285502507573 
4.870014796961751 1.0000890041667034 1.0012005413145826 4.184467934436291E-6 1.0000101024913823 0.004321103400286852 
4.9998814014511055 1.0000893953280023 2.9960455308769562 2.4796450099318297E-11 1.0004930445078295 0.04224297802537099 
0.4359140873167342 1.5669941649966868 1.054881112917493 5.4527378453574424E-11 1.0001202076669413 0.10542966628673614 
4.856623692437358 0.9693947556805341 1.0066735269352554 1.3647353671179297E-10 1.0000012033789216 4.650565959123179E-4 
4.999881259135891 1.000097376708853 2.0045570534803554 1.0020523447602373E-5 1.0327194533409731 0.14864104846663434 
9.368338858060377E-4 2.000032856514584 2.4108866685093684 6.016133444629024E-6 1.0000000393760862 0.0025869219478702327 
4.421871988128852 0.9260149265504312 1.000000824449261 2.444300119289198E-10 1.0000000298498974 0.0013627813432312043 
4.999881311276246 1.0000974315198885 4.99999949382255 3.5190782524808305E-10 1.0000320651197243 0.005299706002305893 
4.999880734433471 1.0000523450979173 2.629779849600722 7.031751222401745E-10 1.0000002294787074 2.9907216370911153E-4 
0.15703279745567 1.853209394991377 1.0270880102537445 3.920733969096227E-8 1.0000001190508487 1.1449676455696164E-6 
4.6664628578911005 0.9648461240851066 1.0077208733192304 1.3647353671179297E-10 1.0000891135503076 0.002129142069874232 
4.594848971537325 0.8757155523149811 1.018233688916839 9.348460759158187E-10 1.0000054255585138 0.022917513409620244 
4.633846278904095 0.9734786569905486 1.0003513829507105 2.5116881651158066E-9 1.0000000643126272 2.830609252662576E-4 
4.999881185374674 1.0000890041667034 2.1516831915070074 1.070885097228966E-5 1.000100602626112 0.0418450039765364 
0.3540905882048965 1.6486280423628976 1.0007126223174412 1.5200344334660442E-9 1.000000738276623 0.0036028355742806217 
0.8416334737879828 1.1590251793553674 1.0210728454131506 8.469509212729001E-10 1.0000721040442113 0.027867296776114343 
0.6598081746701894 1.3405148694793305 1.0439873028317526 2.8862660494652987E-11 1.000024504821091 6.063790238565144E-4 
0.04184441191400268 1.9588232691617067 1.0000016644132261 5.410703418335765E-10 1.0000000582188098 1.5397354591092225E-4 
4.99988448656737 1.0000100806451648 4.555308671786028 2.40687907377631E-11 1.0000251402117186 0.04227293859630387 
4.557423584377423 0.8547271682332852 1.0000995458813218 1.1511318143663687E-11 1.0000157224528614 0.030430649847762867 
4.345458290593973 0.8395729490340639 1.001103497895295 2.457204260330844E-9 1.0000000038429468 0.042314756580574445 
0.17819162840218736 1.8441951652030737 1.000038479603272 5.826667067270006E-10 1.0000002609414038 4.682294545744906E-5 
4.712972434869312 0.933178651948137 1.060339154084264 2.4148959917871265E-6 1.0000052882026573 0.0017536013084360168 
0.34946457494237876 1.6506189556231505 1.0557951173501292 6.281654101853157E-10 1.0000007734319134 0.028231026587516223 
3.593518424879562E-4 2.000304263949988 3.32521778806683 6.213050921475638E-6 1.0000000448830637 5.843382542947287E-4 
0.2827651757785007 1.7178171007129226 1.0002239086439635 2.815113355976581E-10 1.0003590948259187 0.014849147922470426 
4.562081427207755 0.8547271682332852 1.0006299213644987 1.1511318143663687E-11 1.0000158780251822 0.030430649847762867 
0.568103378844012 1.4319886909160642 1.0004933966589926 1.4507580707806171E-9 1.0000001643652596 0.0035858305469496548 
0.2826424996036834 1.7178171007129226 1.0717760079962855 2.6637243632941868E-9 1.0003764640869812 0.08161608812745795 
4.342695451469436 0.8395729490340639 1.001103497895295 1.5413982971036175E-9 1.0000000038429468 0.028488056852782724 
4.239421753964261 0.8175600741757275 1.0024567257159518 2.813992956937135E-10 1.0000008397960054 0.042070256467299665 
4.67673230471918 0.9693526269150287 1.0011394616536673 7.890029202029238E-11 1.0000012985266662 4.6669547377530614E-4 
4.999881676392604 1.0000972490989526 4.9928413851892675 3.9441356195408406E-8 1.3621771276479764 1.4122578577980975 
4.999881185374674 1.0000890041667034 2.5197532983758166 4.000229311422575E-11 1.000100602626112 0.04226839058856485 
4.999881311276246 1.0000974514647496 4.99999949382255 3.5190782524808305E-10 1.0005256185488403 0.8829095629523902 
4.501427781184791 0.8465858389366889 1.008095460221801 3.206096354881035E-6 1.00000011545984 0.045202779323127384 
0.6598081746701894 1.3405148694793305 1.000002713279889 7.419866816658915E-9 1.0000000010404866 7.883996886122223E-5 
0.7446046554867414 1.2555594086026132 1.0029819233473103 2.648945907438648E-10 1.0000417525173042 6.907257070258421E-4 
4.404206217815137 0.8235776493116675 1.0001391765602976 7.81944394146471E-11 1.0000092827197367 0.003884844712239023 
3.027676199289285E-4 2.000290247656921 3.4791205724125804 1.1428389624534055E-10 1.0000248501273594 0.0060134359997029265 
4.27799737162493 0.8519653655381629 1.000051538865469 1.451520014510878E-11 1.0000002141446502 4.483573019620907E-5 
4.99988448656737 1.0000100806451648 4.6077025069392725 1.4600314781099093E-10 1.0000251402117186 0.04227293859630387 
0.7495957779822302 1.2506672828191023 1.0000000248179415 1.0757870915660664E-9 1.0000000000346243 1.43275260366074E-6 
4.594848971537325 0.8757155523149811 1.018233688916839 1.1018435496834929E-9 1.000005343203405 9.635671910227604E-4 
4.999881185374674 1.0000890041667034 1.0011955445142746 1.70679931568683E-11 1.0000101192354953 0.004321103400286852 
4.633846278904095 0.9734786569905486 1.0003513829507105 2.491852973611679E-9 1.0000000714200803 0.0218012798794373 
4.999880838877016 1.0000971840263848 1.0477237194085012 3.98539312184212E-10 1.0000002923409812 7.771364244245696E-5 
4.236658914839723 0.7993105993345662 1.0024739787757195 2.744251750047277E-10 1.0000008397960054 0.030406146805260575 
4.704649979044325 0.9288094164540355 1.000064125944609 4.016937846832859E-12 1.0000000000151559 2.2214948307706234E-5 
4.999881185626955 1.0000892841858813 1.72717102980747 1.0374756137729079E-11 1.0001034551720642 0.03127703187611961 
4.999881401662005 1.0000484585212264 2.9475880156121983 8.299612303415258E-10 1.0004955669157465 0.042831452759123624 
3.593518424879562E-4 2.000304263949988 3.384573339184261 6.213050921475638E-6 1.0000000448830637 4.125101359349841E-5 
