0.9411758513944817 1.0588714968442647 1.0000000032460759 5.752879593120264E-10 1.00000000078347 0.0018623083935777266 
4.999504720621428 0.9999065976084434 4.999999999402208 3.036962402461515E-11 1.0000000086432186 0.019050382527195292 
0.9411758513944817 1.0588714968442647 1.0000000032460759 5.752879593120264E-10 1.00000000078347 0.0018623083935777266 
0.0010136941461955818 2.0007870209748457 3.4822444796491063 1.175838254446707E-10 1.00000001792249 0.0011904334773849869 
4.06332389843715 0.7134966480495906 1.0000253541441382 8.679825583458877E-11 1.00000000794736 1.904422836872502E-4 
4.924571061609187 0.9832723734348051 1.0001641027216748 5.0827877495095465E-11 1.0000000276788215 0.1765740316804284 
4.215485652612147 0.8164802001054698 1.0024172374572946 1.5005103032159847E-10 1.0000000012460672 9.23931177192628E-6 
4.401006382144246E-4 1.9996251322265266 2.383381748343191 5.067811819754107E-8 1.0000000920954908 0.17073000788852666 
0.0010168663062675074 1.9996025122172918 3.193664572037705 2.130205987036094E-10 1.0000207556942207 0.0010010515719557703 
0.5338382079171163 1.4918830053817205 1.0012673724005672 1.2238686371553784E-10 1.0000000009141892 3.897423728950423E-5 
0.0010168663062675074 1.9996025122172918 2.895488233239089 1.4286651259264389E-10 1.00000001792249 0.03609413094764791 
4.160534327094919 0.7949659184378588 1.0634874677187318 3.5718250390129046E-11 1.0000002227147873 0.0015693537372036175 
4.999489309744831 0.9998929041382937 2.173690686466279 2.190081655358469E-9 1.0000000313196524 0.012431924315567385 
4.401006382144246E-4 1.9996251322265266 2.734622313090817 5.067811819754107E-8 1.000000084451441 0.17073000788852666 
4.3025132610072605 0.7915764724908071 1.0000654681203982 4.429203590464366E-8 1.000000217251623 0.010296476393685933 
4.099109280767561 0.740320298891621 1.004622707358675 5.047658585924714E-8 1.0001003046559216 0.008300391182982049 
4.999489309744831 0.9998929041382937 1.835081864697158 3.9200463474905694E-10 1.0000000011242391 4.5433108894600387E-4 
0.19939136028697477 1.8066559114171223 1.096948986630139 2.608120111262769E-9 1.000000000563777 1.330657372856256E-7 
4.7933905095875975 0.9503891772978856 1.0013325153922172 1.0522388101478377E-12 1.0000000563685159 0.00836971731802821 
4.999488078720312 0.9999043218124315 2.920404376907169 1.264246121152748E-7 1.000000022997826 0.0012004940396383862 
4.81531663292875 0.944025204832097 1.1148773284634306 1.0860168632561565E-8 1.0000000135438487 1.0232395589672557E-5 
4.999487694670443 0.9999042375186282 2.375496255635806 1.2340770354786885E-7 1.0000000003596736 0.008814023639312552 
4.883508497627167 0.9833045948382573 1.0001641027216748 1.2165789583642477E-10 1.0000000289932809 0.17605791655822273 
4.999487562210255 0.9999065827070643 4.826026866843485 3.7158709545598904E-10 1.0000000000081561 4.533001733553516E-5 
4.9994903816264005 0.9999126852617184 3.84498832213382 4.779342150543225E-6 1.0000000924925028 1.2082154041698353E-6 
4.426941295913417 0.8214064560340031 1.0006804425457774 4.5631180265298406E-8 1.0001415966960179 0.011056843255320484 
4.692915875045814 0.944025204832097 1.1148773284634306 5.313876459007383E-8 1.0000000135438487 1.0232395589672557E-5 
0.0010136941461955818 2.0007870205870213 3.2981673254746093 0.015035013805820058 1.0000000217547862 0.0016389387616340552 
4.999307176629634 1.0005705565181584 3.1107195082423615 1.0044795909733409E-8 1.0000000024678941 1.1107465598014495E-4 
4.999504651604154 0.9998868201165894 2.614683415801479 6.713541239225025E-8 1.0000008186720413 0.0030769704122169395 
4.1400569395469935 0.7368097843842791 1.0067861284378983 5.0855612697622196E-8 1.0000000004647192 0.008253917787445053 
0.0010136941461955818 2.0007870823818674 1.9118850873206426 0.0010002280915221498 1.000000021124159 0.0014045019596505698 
4.99949231373427 0.999911741739705 4.3175475496587525 1.986632260890841E-9 1.0000000007862215 1.1994630033092084E-4 
4.99949231373427 0.9999439631431571 4.4833733135482445 1.95123969843344E-9 1.0000000010057712 1.1994630033092084E-4 
4.9994876951108 0.9998931407371475 4.6748732476374695 1.7766715690831398E-8 1.000000000407277 0.11070833553868925 
4.340592398343336 0.7936273255981042 1.0000845941871055 3.230993928672373E-8 1.0000000008480892 0.00972564555965946 
4.999504720621428 1.0004197477559005 4.885151282066013 2.501644338502481E-10 1.00000000799415 0.05148747878915218 
4.757270091184601 1.00322622771148 1.0017080124831685 1.616221134181661E-11 1.0000000566067153 0.27446406711510213 
4.359637778850303 0.7949659184378588 1.0110610943919025 3.5718250390129046E-11 1.0000002179475669 0.0038178226377130475 
0.817246724202555 1.1827613542879838 1.0000000268222917 1.1611944147257585E-8 1.0000000015261845 5.554635584690274E-6 
4.999487694670443 0.9999065827070643 2.7459114074728306 7.756739401729272E-9 1.0000000224774959 1.1538724225520331E-5 
0.060262499324366114 1.9404848196390587 1.0000398096258865 1.2979262552054546E-6 1.0000000037818828 1.295923387151063E-4 
4.496208521862107 0.9965517428431854 1.0000400628879171 2.6600077159727204E-6 1.0000000001873317 4.208967461759067E-5 
4.657776591673474 0.9058899662242965 1.011653736281601 9.889749269544577E-5 1.000000021493534 0.0016815232646173982 
4.999307176629634 0.9999042332873275 1.5775568685202455 7.183250059865935E-10 1.000000022546616 1.117866477183373E-4 
0.249598717867485 1.7517912440603056 1.0000008077695508 5.5458213871589074E-12 1.0000000035332106 1.8124292998862677E-4 
4.257765289218662 0.7962224963061015 1.0764900039994771 3.098561909114997E-9 1.000008672403388 0.01821299392057047 
4.999310774324568 0.9999116290886141 3.2955882215128365 1.4239989935500593E-11 1.0000000014520276 0.018733703021168675 
4.9994903816264005 0.9999126852617184 3.5315592333324064 4.779342150543225E-6 1.0000000924925028 0.44793667561951667 
4.964256150036668 0.9895999113601552 1.000736826425805 5.0855612697622196E-8 1.000000044971905 8.201541985999872E-4 
4.590677213245506 0.897748629067618 1.068413364626297 5.385796150030536E-10 1.0000000033330236 0.001851299252570229 
4.401006382144246E-4 1.9996251322265266 1.0945055485684758 2.621920952531103E-9 1.0000000009681675 0.17731505065005904 
0.31617188238272975 1.6839526429324885 1.0000134270712326 2.581994038804907E-9 1.0000000053777702 5.559762554313936E-6 
0.625743793246907 1.374905116936483 1.0944463139152358 2.2710565172490785E-11 1.0000000971626564 2.3155671755221996E-5 
0.12486900298557102 1.8775842799006786 1.0000105917437494 1.5979319595768253E-9 1.0000000007220915 4.413271916196726E-6 
4.616527240495568 1.003278950518862 1.00428121951119 2.31128633897391E-9 1.0000000065860593 0.4512304138421672 
0.7839509836211223 1.2162641970523427 1.0105839589066221 3.586060037818417E-11 1.000000846663214 0.002855372782094593 
4.9994876951108 0.9999058783378332 3.9652215389445304 3.0904336207308824E-9 1.0000000008466978 0.017500408268479886 
0.12486900298557102 1.8775842799006786 1.048955090233499 5.774954986838217E-11 1.000028021201035 0.001189894782016379 
4.999488078720312 0.999904236617877 4.19654035972842 1.264246121152748E-7 1.0000000090650165 6.0334553656970634E-5 
0.04640234569362835 1.955737056395587 1.0164056260274767 1.5322728748784382E-9 1.0000000001246425 2.2458243026015484E-4 
7.304901664328651E-4 1.999622406399684 1.6044046431346808 2.982879798618164E-7 1.019708286594075 0.14226517401826172 
4.999307176629634 0.9999042332873275 1.3074563849763265 1.2547746454456245E-7 1.0000000549763803 1.1097505338754837E-4 
0.3915229905253337 1.610234848383201 1.0085701086324808 5.461978574975202E-10 1.000000802304481 0.17971869528210485 
4.988715829699335 1.005224820518982 1.0034250806690945 3.1065553024723934E-8 1.00000001849823 0.14203086607749227 
0.935262200404452 1.0647888117187396 1.0166738944526421 4.020505544489868E-11 1.0000000135491736 2.4848306197914043E-4 
4.999307176629634 0.9999419639051729 3.460129730394332 8.761644898159328E-11 1.000000053333057 0.018928191590744048 
4.848639428972211 0.9511537955248366 1.0608116507934713 3.196197027787058E-8 1.0000000468162509 2.291766510261698E-4 
0.31617188238272975 1.6839526429324885 1.0815674747391997 6.0203870597795864E-9 1.0000000004533112 5.286494416289231E-6 
0.39238404136148824 1.608385361210419 1.0000004073095883 2.3049748847734678E-10 1.0000004785989214 2.2480057739472994E-5 
4.395100160303825 0.8256019281078348 1.0011827633067971 2.4294130301300274E-8 1.0000000222875423 2.4006238812330875E-4 
0.4665534520089447 1.5362529429199114 1.014162488086716 9.608124803647122E-10 1.0000024758720576 0.17414936913917928 
9.291947390633333E-4 2.0007870214332244 2.1507198553825337 2.1601549914845153E-9 1.0000000470989288 0.001281643492684753 
4.468562164253824 0.8267650367820396 1.0287947597836427 2.3377913056916754E-8 1.000000022989547 0.001858824753850161 
4.999487694670443 0.9999065827070643 4.642528854973955 9.335313351966361E-9 1.0000000000050508 0.14226414929995881 
7.304901664328651E-4 2.0007280006249104 1.0034250806690945 3.086696690420164E-10 1.000002179414643 0.03581964304730259 
0.2422077065719094 1.7597854074218047 1.144229774423687 2.357357737594974E-8 1.0000000228802028 4.194604168685119E-5 
4.545166783524037 0.9999796707032693 1.0146511035494103 3.189011509265047E-8 1.0000000091759784 0.0016815232646173982 
4.257765289218662 0.7962224963061015 1.1666627273467023 1.777473477906807E-8 1.000008672403388 0.010296476393685933 
4.462306894442245 0.8296566617815553 1.0279558174929007 6.697460027687328E-10 1.000000022989547 0.001858824753850161 
0.625743793246907 1.3744295732303993 1.0000014462526992 1.1726829854003722E-8 1.00000000486347 1.336246572550975E-4 
4.999307176629634 0.9999419639051729 3.705563218697443 8.761644898159328E-11 1.000000053333057 0.017168535725642864 
4.736364236811924 0.9999063505345747 1.1024267770499574 2.198025848361492E-8 1.0000000083166518 0.20813417329459147 
4.9994876951108 0.9998931407371475 4.547612187080583 3.0904336207308824E-9 1.000000000447996 0.017728620067979144 
4.5176974813127595 0.8961668082132757 1.0011607856590312 3.189011509265047E-8 1.000000046889069 0.0017083256572657133 
4.999307176629634 1.0005705565181584 3.6958028476939284 1.0044795909733409E-8 1.0000000529800226 0.012200388050550067 
0.4665534520089447 1.5362529429199114 1.0031912324817542 1.1621960568460743E-9 1.0000000094783243 0.14215267262641654 
9.291947390633333E-4 2.0007870214332244 2.2085793976487316 2.1601549914845153E-9 1.0000000473364585 0.24270666661156598 
4.613926976315524 0.9498786076553989 1.00428121951119 2.236676432909379E-9 1.0000000562079467 0.008458403795076036 
0.703972334692277 1.2961770771530003 1.0000125338706245 5.114872319279686E-9 1.0000000747341644 3.459579224017127E-6 
4.999490879672319 0.9999063505345747 4.024456481495911 2.0533525042575194E-9 1.0000000083166518 3.456560440921047E-4 
0.7012063829338362 1.3014336330677159 1.000366619446838 1.0924266094293555E-9 1.0000000747341644 0.24854977311760662 
4.866973586689044 1.0175772947354358 1.0161224668707804 2.2968861851322816E-8 1.0000000047425068 0.011133182488652147 
4.9994876951108 0.9999061570601387 4.283747011454402 7.0130389817748E-10 1.000000000102172 0.0012097842651501286 
4.534609638728279 0.8961330573600618 1.0000059426233 3.189011509265047E-8 1.000000046889069 0.0016815232646173982 
4.7266526598986385 0.9089034592273733 1.0006264227888617 6.281485640828614E-9 1.009477990973396 0.2847364001881484 
4.999489309744831 0.9998929041382937 1.0133322277643326 4.743261157459061E-10 1.0000000047939488 4.5433108894600387E-4 
4.39762884913854 0.9071427698546656 1.0006287871006425 2.4294130301300274E-8 1.0000000128024962 2.4006238812330875E-4 
7.304901664328651E-4 1.999622406399684 1.6097989151193168 2.982879798618164E-7 1.0353834554329004 0.14226517401826172 
4.964256150036668 0.9895999113601552 1.0067861284378983 5.0855612697622196E-8 1.000000044971905 0.24074842898781626 
