0.9987514278581406 1.0013233428043549 1.0000000023825883 2.5602558551086186E-10 1.0000002673261874 1.866686412668649E-5 
0.9987514278581406 1.0013233428043549 1.0000000023825883 2.5602558551086186E-10 1.0000002673261874 1.866686412668649E-5 
4.998789117962448 1.0002058459712198 4.999999540962056 1.24080525638578E-7 4.999968681572165 0.16506071157637883 
4.998268930880854 0.9999189773246187 2.0785030665635715 2.6753406547235236E-8 1.0144056202265734 0.3079050328991175 
0.8143927948750329 1.186333910553491 1.0319500823701464 3.3411329446433754E-9 1.0000050951810255 3.6416937882913225E-4 
0.5745842976255292 1.4256754290311489 1.0000000487699652 9.695963164010283E-9 1.0000000092411523 1.1860408723514843E-4 
4.751081433241597 0.932293750260952 1.1034655211335185 1.098664811282489E-7 1.0000017756599016 0.005834398393287394 
4.998722440730144 1.0002077049900377 4.468412892778959 1.361432649670656E-7 4.999771950244405 0.16456253712239205 
4.998260673065405 1.0002134164586896 2.625869028540336 2.0338564461110086E-8 4.998877823937677 0.009710292153118052 
4.80367897905736 0.9398404273906866 1.0454965150014452 3.114313922709836E-6 1.0000011359975982 0.08197404110452683 
4.998260673065405 1.0002123946291925 3.0289235425436853 2.0338564461110086E-8 4.998877823937677 0.07757186475777303 
4.674813709289168 0.9990830650462855 1.0261039211109657 1.0761660530391164E-7 1.0142039923337098 0.3110909461406474 
4.247750400041269 0.7740991773231956 1.00047611179923 4.4055013999767705E-8 1.0000051489820518 0.08060232330787151 
4.716095110201467 0.9288182011165599 1.0000001079397507 1.1935047650305475E-9 1.0000013306830542 0.0036393294783806374 
4.204009538422529 0.8239618175193038 1.0003091065864143 7.237555248059127E-7 1.0000000096136874 2.4358245667101868E-5 
1.3385983505742637E-4 1.9998978204831241 2.38194026255211 1.4297994964114829E-8 1.0000372899180945 0.004316557527391112 
4.362949475042639 0.8169899346526559 1.035880172010867 2.518763804630828E-8 1.000000611944303 3.468918801440425E-4 
0.11450090898521426 1.8940882655472453 1.0001837120393977 2.4849638502218194E-8 1.0000000065802335 7.584606063130541E-7 
1.3373390940838752E-4 1.9998978204831241 1.0274944510757074 3.20687878229824E-8 1.0000002234546044 5.375882314338651E-5 
4.998717496757288 1.0002401684634865 3.4448358868536664 1.0648650269398501E-7 4.908931551810243 0.8951306788210895 
4.401047749219683 0.842193813894321 1.105612364549859 3.2158142147948996E-7 1.000000913722739 0.0630113974130105 
1.3385983505742637E-4 1.9998978204831241 3.233747707167092 1.0007436632482204E-7 1.0000002234546044 3.3694357440637465E-4 
0.16697043521492727 1.833952199317437 1.0000002047393224 1.9332304006586788E-8 1.0000011051580684 7.135351224309703E-5 
4.295257466456291 0.8344455102992046 1.035880172010867 4.395970352095349E-9 1.0000001390247422 0.017114929316369966 
4.999136569323343 1.0002083672563493 1.2087265805027405 1.836700262526453E-8 1.0343057320947717 0.1465793267397169 
4.998717519669256 1.0002061682964503 2.296899985380141 7.110113004422925E-7 4.999968681572165 0.16459199116349155 
4.998260770273868 1.0000160642461755 1.7676731828009928 3.042674382137681E-8 4.997874036858028 0.18125372788484304 
4.159832931395433 0.7373326386754393 1.0067761432453715 2.568614445570795E-6 1.0000001825669802 4.577841577203638E-5 
4.295349206805422E-4 1.999633978222614 2.627525910495385 2.220179589566333E-6 1.000000702635234 0.0033945227589800286 
4.592634388558354 0.9285007190216172 1.0000142234098213 4.2440834802713546E-7 1.000000023042148 6.834834363896314E-4 
4.998717549891369 1.0002782914057258 3.201823828485886 2.5146394716400572E-6 4.999968681572165 0.027187171184350628 
4.951405696056635 0.9851024683174071 1.107045621057425 6.056281146166196E-6 1.0000017749521832 5.349927905119577E-4 
4.947056959031422 0.9851024683174071 1.0008173701570144 6.056281146166196E-6 1.0000019662976671 0.002677953075968088 
1.3373390940838752E-4 1.9998978204831241 1.8496396046339554 1.0007436632482204E-7 1.0000002234546044 5.375882314338651E-5 
4.548314201597865 0.855403132313824 1.0000004732555101 1.969840796652803E-8 1.0000011002705698 0.008067752413861595 
4.998724699582261 1.0002130696565978 3.793486707340967 3.476698865172393E-7 1.000001729543991 0.004896112704903664 
1.3385983505742637E-4 1.9998978204831241 3.6455851082242385 9.758477106836297E-8 1.0000257907648626 4.0640954731516784E-4 
0.057845077080284746 1.9721788174924773 1.0000154968322086 2.0018048057717728E-7 1.0000000363641097 0.029221693832202827 
0.3090780979288375 1.6942727803438773 1.0001945823799188 6.37853446260646E-7 1.0000000525349497 1.9057036703981147E-5 
4.9994677766225735 1.000213135271857 3.977001293499105 1.9322912065451313E-8 1.0000013678405013 1.2981817878248488E-5 
0.4000980222244046 1.6001958402247234 1.0025856402288063 2.541315291931044E-8 1.0000004039674284 0.15900822505766915 
4.998467548816333 1.0002130492458614 4.412511718653707 3.478758339547413E-8 1.0000153898221014 1.8773784498750433E-4 
1.3385983505742637E-4 1.9998978204831241 2.874277961603065 1.0359950800210029E-7 1.0000018900402967 1.2021086685756743E-4 
0.9535729442108585 1.0482352253986635 1.0212720958747223 9.366106594442051E-9 1.0000045474825066 0.002846410114886899 
1.3373390940838752E-4 1.9998978204831241 1.9303553491936603 1.0007436632482204E-7 1.0000002234546044 5.375882314338651E-5 
4.840185605646302 0.9999721031389128 1.0002327307848917 5.486672068452688E-7 1.0000385943903765 0.24464270045168823 
4.8978131411919765 0.977846183641103 1.0387872631628325 8.573471263962082E-8 1.0339374789391933 0.3153969233102982 
4.128709069574468 0.7373326386754393 1.0000065178543547 3.075766723204024E-7 1.0000001797684845 1.1428544708897907E-5 
4.998788172970925 1.0002058459712198 2.01632462276252 2.446562948715275E-5 4.999968681572165 0.0039343855187726345 
1.3385983505742637E-4 1.9998978204831241 3.4794403995553367 9.758477106836297E-8 1.000001067342126 4.062649270348802E-4 
4.070962307634695 0.7380054246529605 1.0000799764689765 8.129656738803342E-9 1.0000000017967046 2.431943155739493E-6 
4.998716726303678 1.000212021763886 2.527989643214161 1.1147866844937206E-6 1.0000005513798043 0.07066462536134131 
4.998716726433692 1.000212021763886 1.0174942679530692 2.4949798502911985E-9 1.0000005513798043 0.07066462536134131 
0.47655542338615664 1.5247323025987085 1.0053837628832607 1.1993261980029225E-7 1.0000000004881575 8.86794902917043E-6 
4.998717496757288 1.000240344760634 4.163800792867335 5.345163619074121E-7 4.999985703275288 0.0010461988069042916 
0.3017010445831835 1.6991116502357726 1.005414906925953 4.3660404693879535E-9 1.0000074826675902 0.0014574604482142928 
0.8381586814602935 1.1621425810214767 1.0000001688178382 8.129656738803342E-9 1.0000000017967046 2.431943155739493E-6 
4.998717441560206 1.0002059553789842 3.9011583278774293 8.405261907615121E-9 4.967033632847052 0.16337274801919183 
0.5745842976255292 1.4256754290311489 1.0316064844004589 9.636579675434478E-9 1.0000052714308518 1.0653855657760244E-4 
4.998265168933044 1.000207128678987 4.701022117428883 5.4453730038046145E-8 4.999767921846818 0.020690883622325684 
4.0984935844661186 0.7373326386754393 1.0000065178543547 4.167682855776177E-8 1.0000001825669802 1.1428544708897907E-5 
4.877589170887979 0.9999721031389128 1.000230871864225 1.3082902423310126E-5 1.0000265234357153 0.3001366824063164 
4.442500781731551 0.8414168759709766 1.001401419228729 1.3982652246939706E-8 1.000000077390585 0.0010733763931707833 
4.6345610657698195 0.9372521300714869 1.0429589393145084 2.425546964945781E-8 1.0000017930869751 0.010380228686000303 
4.45399414792293 0.8311876900058034 1.035880172010867 4.395970352095349E-9 1.0000001390247422 0.009609658243586984 
0.2276965376202302 1.778347155725233 1.000231982825436 6.902655530542843E-8 1.0000013402546695 0.07219185796458767 
4.998771217438215 1.000212021763886 4.213147840197287 1.0778352575209047E-7 1.0000017011122129 0.16320882452480812 
4.998717254616267 1.0002130633050657 3.3709534177471334 7.990804414519514E-10 1.000050994353976 0.004896120178098363 
4.998265181830875 1.000207128678987 1.0773297869440055 1.2421058166640147E-7 4.999767921846818 0.023612250958636144 
4.998695930775802 1.0002649267254726 3.664101613725199 3.367597129204028E-7 4.9730510594753445 0.3342673990722984 
4.993651679788992 1.0040783688167825 4.302231757499628 1.2358334935125096E-7 4.999968681572165 0.2952412008665663 
4.608465699843505 0.9282114926150418 1.0067276510611696 5.081999099392656E-8 1.0000022127207795 0.004606090498903148 
4.999136569323343 1.000240344760634 4.659331735125885 5.370578918896346E-8 1.0343057320947717 0.14374518496942887 
4.998467548816333 1.0002130492458614 4.569523665344377 5.802505511316361E-7 1.0000153898221014 0.2972889678586652 
4.998716496568684 1.0002059553789842 3.9011583278774293 8.405261907615121E-9 4.967033632847052 0.163249175494142 
4.998788172970925 1.0002058601634003 4.999999540962056 1.24080525638578E-7 4.960299995964412 0.16471204722296107 
1.3385983505742637E-4 1.9998978204831241 3.351738690810859 1.0153853115313838E-7 1.0000002634715037 0.005303398401148109 
4.998716874843775 1.000162011674212 2.828433993342533 1.2012764979218327E-5 1.0000265486805047 0.02012490333830405 
4.534994068700099 0.855403132313824 1.0192926639104367 3.3519231070657375E-7 1.0018845907227536 0.07222136637519652 
0.03063759906004307 1.9721788174924773 1.0000134051353153 1.802606555607086E-11 1.0000000363641097 0.16822120613692704 
4.998448343404521 1.0002130633050657 3.130591191006698 8.223785644702474E-10 1.000050994353976 0.004792833006370057 
4.998716726433692 1.000212021763886 2.5549757243753697 3.2158142147948996E-7 1.0000005513798043 0.07066462536134131 
4.998716874713761 1.0002130633050657 3.130591191006698 8.223785644702474E-10 1.000050994353976 0.004792833006370057 
4.998695930775802 1.0002649267254726 3.664101613725199 3.367597129204028E-7 4.9730510594753445 0.3342673990722984 
0.40634535047824555 1.6001784475761331 1.0000421477434962 1.6762347381997653E-6 1.0000004083090277 4.512845508195491E-4 
0.22675864541656415 1.776057057342244 1.0210302215876192 9.810934995566944E-9 1.0000006522764446 0.07309779367410069 
4.997708327793036 1.000213058179268 4.82199705637427 6.753657070786065E-8 1.0291979807029363 0.16175058815802823 
0.47655542338615664 1.5246707259169259 1.0708883842353107 1.1993261980029225E-7 1.0000000192193303 1.9423250659562673E-5 
4.998716671205799 1.000212021763886 4.461447624591363 1.3565446412568372E-7 1.0000005513798043 0.1668528645734211 
4.9987700737186 1.000212021763886 4.195399108607943 1.0623478722065168E-7 1.0000017011122129 0.1585762420936711 
4.998788172970925 1.000205933627309 4.8374236718947285 7.370541787362077E-8 4.999968681572165 0.070339467927553 
4.322202465860726 0.7740991773231956 1.075718582482863 2.2639258710646213E-5 1.0000051583444813 0.06027603837309285 
4.998716874843775 1.000162011674212 3.434911779838281 1.2012764979218327E-5 1.0000265502965076 0.02012490333830405 
4.998717496757288 1.000240344760634 4.163800792867335 5.345163619074121E-7 4.999985703275288 0.0010461988069042916 
4.998695930775802 1.0002649267254726 3.5952899405101486 3.367597129204028E-7 1.0427851039564493 0.3342673990722984 
4.490865704336857 0.8394427740412324 1.001401419228729 1.3982652246939706E-8 1.000000077390585 0.0010733763931707833 
4.998788172970925 1.0002058601634003 4.853551205862784 1.245994717780809E-7 4.960299995964412 0.16471204722296107 
4.997708327793036 1.000213058179268 4.954803642520541 8.89310633212046E-9 1.0004026677862572 0.20563488916960498 
1.3385983505742637E-4 1.9998978204831241 2.8728374715932246 2.2087289507154578E-5 1.000001885348324 1.2021086685756743E-4 
4.998274476997516 1.0002072876200612 2.8688678690092595 6.918610346666285E-8 1.000026619527682 0.019713884148945787 
