3141.5551616238195 1071.1512247874732 
3289.957999700426 868.4434259443591 
3219.6489140914878 940.4473242486825 
3131.0901017955853 1071.788919380736 
3129.4751531374095 1121.5856430832457 
3211.3405387105936 960.4531029604032 
2996.226081137525 1260.6625626608554 
2985.498197269726 1271.8076700548324 
3449.039150617275 835.0119334213434 
3387.279069383829 851.556503066525 
3009.0265131773426 1226.174947838563 
3484.561796659516 817.3722841489174 
3079.4953985726297 1176.3984196123927 
3179.1914669370576 966.9536438394763 
