3.5939832063519757 0.7095409412326784 17.922340601596577 7.667912754828895 7.887634358313887 3.3797925443550825 5.088733529315567 
3.5843296187786504 0.7053262340075777 18.019400182347752 7.691252554871798 8.195109963239599 3.6246490277308965 5.222665608677815 
3.5992134806694893 0.7044584703861456 18.056371207097904 7.676628542049979 8.210481200879343 3.5296391629142967 5.137778626131455 
3.5880878295309673 0.7013816407770973 17.89228292022248 7.6182000050778145 8.184910798872314 3.379212292721632 5.146256358293787 
3.594513129984761 0.7095409412326784 17.922340601596577 7.667912754828895 7.930244415747434 3.328353858442127 5.088733529315567 
3.5843296187786504 0.7116545058721012 17.894065293555318 7.698239137767705 8.17045643140136 3.5049833164638384 5.136982308185268 
3.599946794389846 0.7063218679855108 17.036146127335765 7.873400671226194 8.124292628537795 3.20227639394515 5.20517704161546 
3.5999928472960065 0.7116394085979079 17.078686513151325 7.61699848874429 8.185745295250817 3.1922851638281116 5.138610489308932 
3.5998421418367035 0.703939836366471 18.76141177529971 7.6475235982445815 8.185569862126268 3.6717768014815872 5.227052322029426 
3.593910636873474 0.7115007491467049 18.47392698095896 7.647892991750117 8.210203993160976 3.6479058928474832 5.166038268103335 
3.5999564809487774 0.7017353333419881 17.321482774444384 7.7800611716021955 8.297440072813522 3.231699940921872 5.161191132886842 
3.5847654834065867 0.7023691708750239 19.491200921208467 7.539563230318714 8.060268775489947 3.6973616085700907 5.066730587860593 
3.5941067172846974 0.712531784260877 17.454995962400552 7.585159697461364 8.19646800553514 3.275984180677214 5.142200145893323 
3.563541688790388 0.7030107214935424 17.797256937331934 7.6743528219943915 8.25842707981365 3.4973152295836067 5.202444413979647 
