3.5670599417795 0.7002597638152745 17.07634772810088 7.75324507237997 8.259023545088677 3.753951990976867 5.006736571221917 
3.598621354475113 0.7057366376546611 18.134776032659634 7.904760267850089 8.26490590536151 3.869703041679452 5.134827108436243 
3.5648604710609857 0.7003086323484745 17.102951948027247 7.681056255642205 8.195113092431704 3.834895587995403 5.02882338949948 
3.572245402186103 0.7009196242179776 17.256237170321093 7.868764576112694 8.130391852258564 3.4680994146516397 5.055377820432929 
3.5930430370765696 0.7005834196670438 17.26421621267418 7.756242724931253 8.258048151297688 3.4680994146516397 5.05575876667564 
3.5640871286544575 0.7005834716645116 17.26421621267418 7.868764576112694 8.130391852258564 3.4680994146516397 5.05575876667564 
3.599735538362942 0.7007307320183683 17.22111412791272 7.3203337416462615 8.105301974937898 3.588399046135941 5.02001399857181 
3.5640871286544575 0.7005834716645116 17.26421621267418 7.868764576112694 8.130391852258564 3.4680994146516397 5.05575876667564 
3.592776712338493 0.7003055749356075 17.102951948027247 7.681056255642205 8.224197043661817 3.763451493253021 5.02882338949948 
3.578711106919727 0.7004877145239949 26.79244008789911 7.704798326463329 8.263195279006872 3.8667691911967204 5.141949446713613 
