3.574032133447334 0.7003514566098705 17.24561650516693 7.890116967273539 8.098988005019626 3.8979558428147927 5.076645903848151 
3.577341590559966 0.708899276725451 17.15993305713174 7.913999086018313 7.936511522338687 3.777662043887667 5.011228257824876 
3.5989678112294228 0.7110901169085275 20.22555127156758 8.000979292840809 8.238048787069717 3.89917956126498 5.079682767746128 
3.5999127676002827 0.7003514566098705 17.167534392742223 7.890108656378938 8.098358758141533 3.8979558428147927 5.078472962790825 
3.572836080640597 0.7009004513344582 17.103114133836215 7.889273242949164 8.238538336170581 3.521061600659459 5.033385350704442 
3.574032133447334 0.7003514566098705 17.034972833126137 8.0040056989198 8.098988005019626 3.8966986064614733 5.07664565209878 
3.5596999895852366 0.7000038627283485 17.159823301185423 7.972590812516395 7.890629809233724 3.7474387027692173 5.027914147156331 
3.597666780495128 0.7027401926556626 18.764899682188357 8.000979292840809 8.241136838039093 3.89917956126498 5.112554158393318 
3.5596999895852366 0.7089195457007014 17.083868430940882 7.974514067848465 7.890348894333246 3.7524701788431085 5.027867494892727 
3.5480816019254053 0.7035802317240478 17.305965859126385 7.89133783178471 8.102797219591187 3.898039095643787 5.067703793073006 
3.5699581643256697 0.7026672999468195 17.90367100246369 7.9391910298032515 8.08685180215382 3.8996905415374274 5.040552494697833 
