3.587570720114308 0.7093958628536964 17.02179258993205 8.296481157557814 8.295712887796135 3.8299307896284853 5.15991085956923 
3.585516986865835 0.700898573660774 17.006702814317066 8.083689440074556 8.262264756803377 3.5930819794231725 5.163114982938612 
3.5524477333742275 0.700093051232458 17.006275766852163 8.20489311860657 8.284491399464722 3.415802883880586 5.08711313641727 
3.5875889586661573 0.7002577568243463 17.007259173977854 8.29998075614522 8.269141563271038 3.583899988518967 5.112877924586067 
3.584425294450097 0.7014303625414609 17.909480662975113 8.22384706937685 8.287349447367577 3.842753193182411 5.055675782448141 
3.5444539482096946 0.7017367529610373 18.179992790833154 8.235567505524955 8.266956864392267 3.855613619751572 5.215394558785077 
3.570558407407469 0.7006412935512029 17.08266007686047 8.131052523743532 8.04333558388344 3.8205863198075734 5.079491239638466 
3.5956882937602894 0.7023670311286845 17.254982158868987 8.254207789022933 7.809325523059158 3.6371044003217445 5.077803264805786 
3.55538293083411 0.7031949084337842 18.254443623384468 8.141589654913066 8.274340486499137 3.8472666620407328 5.109617425817457 
3.5703959053132475 0.7021961774541693 17.870087520336806 8.258037552758143 8.074132730465745 3.8299307896284853 5.050555728412546 
3.584127383867987 0.7040847784038576 17.92729644187901 8.217639289101358 8.278061290251385 3.843188775720594 5.048508951059365 
3.5663664555925587 0.7016708769221278 25.520945547516117 8.243276768381795 8.29669852069034 3.8560446716393146 5.010041042031413 
3.5899716228427745 0.7001519434460606 17.11349783672219 8.259515331200008 8.075058066319707 3.3350344137385703 5.056896650560076 
3.5521696719424716 0.700504863712978 17.006702814317066 8.184354921672474 8.293092266264852 3.415802883880586 5.08711313641727 
3.5444539482096946 0.7001640117852316 18.179992790833154 8.236297333423563 8.269157804080555 3.855613619751572 5.218885336901009 
