3.5995586397709105 0.7001274287169559 17.019335120469957 8.221718304304908 8.009400866691607 3.81074546962642 5.025260574194113 
3.5563651864299666 0.7001658479344458 18.097871046361085 7.912458732886644 8.156015891467444 3.897179375706665 5.019778966325431 
3.509987187257202 0.7000900775033975 17.010379827775484 8.06610177776665 7.986656231184753 3.7903864399775684 5.01262784194509 
3.523339311984628 0.7000025465221281 17.15025998931671 8.178695884061677 8.122400690214887 3.7909503994134934 5.019873847403722 
3.5988365797420174 0.7185571872524221 17.16837019608255 8.211758991487395 8.13559059410489 3.8976362690289186 5.005142676877285 
3.5413362658155707 0.700251601584242 17.001950761261014 7.9774986383711175 8.156118152694262 3.7338514473783255 5.014467857792217 
3.5722784645783046 0.700093463657662 18.032524308544566 7.951076035588319 8.1774921961726 3.8979594370162127 5.03139010134742 
3.5990260608680136 0.7005415152781359 17.00859955390129 8.221718304304908 7.986638716539396 3.88536559709683 5.015148200681217 
3.5096810245177297 0.7002838584095715 17.243832791938484 7.914500249337271 7.994730241236765 3.304443836986507 5.021974823092723 
3.571935572687204 0.7001826570145651 17.20684875043997 7.949531250617163 8.135433120587715 3.8966401040160976 5.0133281675807035 
3.586450560909137 0.7003328045171654 17.001169828039693 8.138572052347337 8.148323987373203 3.8039750788680635 5.012494701256184 
3.507976545678963 0.7001932881111063 17.24126695454463 8.127393863209173 8.124872185217837 3.895611562917185 5.014844306408366 
