3.597926649084971 0.7004556197393782 18.65536511382816 8.051781096626657 7.899145639142054 3.899144908539709 5.089213647607067 
3.584305819406611 0.7002842914159741 17.065181917746486 8.221454349205803 7.8660031030776105 3.8242557445338643 5.094275256127684 
3.5642152904497424 0.7003996879447157 19.497478647282158 8.201523615604513 7.94750198151375 3.8989869677620805 5.16922587981773 
3.5848357983193644 0.7040911752944189 17.005668067256437 8.191543211565923 7.979959380304786 3.892777662532107 5.065556570432977 
3.5844348846264023 0.7007760438318 20.154865112100087 8.175076923542134 7.9779801399753065 3.89991028426218 5.0163381107472444 
3.584204350559594 0.7009411292054946 20.51728956993127 7.979234591005039 8.030680529788853 3.8998246069585 5.043026955390943 
3.5969880661188336 0.7007732963067069 17.3010382966736 8.081269691622378 7.814829344492188 3.898837350444605 5.134287720051164 
3.559070581931828 0.7012613163233828 17.387763715648546 8.188542129493339 7.992164395678069 3.894505080609898 5.05819267526376 
3.599121636709051 0.7093357277700728 17.318997096455657 8.03351937901756 7.898286998972824 3.8980814467746328 5.042707621078613 
3.595378209811039 0.7001692259782696 17.128154612085428 8.19484601785115 7.857840324342203 3.8780826081368867 5.063521938689829 
