3.5926903884773616 0.7116605595371923 17.06557351192739 8.293288145984665 8.001947544416778 3.8958295981414066 5.009426039060261 
3.5926903884773616 0.7116775011199922 17.12999861875418 8.294145458036715 8.154378255661477 3.8958295981414066 5.010086265743827 
3.5927599955136764 0.7021279231381092 17.120636237719662 8.294426475014001 8.141729489811725 3.697195234364863 5.0215595618551525 
3.5909477640051843 0.7052380464440288 17.204895966946744 8.179510748673758 8.057789020393445 3.758954874331063 5.007808040249157 
3.5952218423982556 0.7009000683853449 17.153067623752563 8.248199233647243 7.906456412615347 3.7563435121876525 5.0119827753286605 
3.570342761630618 0.7083580296343082 17.029707677013565 8.135982258652039 8.214550079117558 3.870962878734716 5.025102117966345 
3.597592677203265 0.7083580296343082 17.029437989152417 8.129537185555494 8.20604033749793 3.899153105032371 5.075951395353637 
3.5926903884773616 0.704902542437169 17.12999861875418 8.294145458036715 8.05819506477105 3.8958295981414066 5.010086265743827 
3.5992119113050336 0.7116182004134283 17.13753259187989 8.258520968306378 8.152816840341144 3.8990446239655356 5.007749165418308 
3.555874961689803 0.7046011912871353 17.149521163160536 8.175526410378193 8.148918523975695 3.680918772778268 5.008461308832803 
3.599763612199998 0.7083965094111808 18.22048086050562 8.0492151454166 7.913319667323399 3.899283096551777 5.210570003699119 
3.595226233907018 0.70061509728426 17.141224182192317 8.246429727758898 8.013341699989356 3.7523896633077385 5.002445675373639 
3.5433528096110902 0.7083329638253495 17.18085524497775 8.072291250815281 7.978499953145422 3.794223224234815 5.02961752008726 
