3.5993851413185585 0.7117352341360088 21.138171781106127 8.130597973033554 8.021493197519794 3.898905399619776 5.179557422079343 
3.5896489799406184 0.7013262004029865 20.56481926788744 8.164944760524323 7.951215337985684 3.6976088785269257 5.173142760286026 
3.56478265283987 0.7004277376710288 20.298403146314524 8.238630064331252 7.862137488967113 3.346329051549333 5.069598875691913 
3.5671484198728223 0.7009406688326364 20.6802621419902 8.264956269088607 7.917337448622949 3.8987033453997753 5.145316178033519 
3.5983308322648884 0.701149595000412 25.14331549270358 8.21383499311071 7.931777620191188 3.898369430016759 5.116573810786333 
3.5473000589867607 0.7013248685505526 20.539756298540237 8.240398945533112 7.9489413584376365 3.425246548396446 5.021974141837557 
3.5998930943991505 0.7010019134154302 19.907214498569722 8.270911595763497 8.271952319346198 3.695772561627165 5.167159862876228 
3.5968162136413646 0.7119831184765693 21.138171781106127 8.130597973033554 8.133770273168803 3.898905399619776 5.179557422079343 
3.5667805409360813 0.7013248685505526 20.6831064276283 8.263850652830472 7.94542154873795 3.886137905960135 5.1435695431136725 
3.5989546018025584 0.7010019134154302 19.907214498569722 8.279465624359844 8.271412035667002 3.495934476673329 5.167159862876228 
