3.5791975022729807 0.7001167663643838 17.331809337345092 7.927251140367764 7.6969020178520084 3.7139292089708014 5.140896967218856 
3.540808972437576 0.7000923584026018 18.430591048640622 7.878900974788423 7.649826457959989 3.8812302669434686 5.010979660337717 
3.588269908734869 0.702107975874585 18.04185595581829 7.9564199597623775 7.704164502661904 3.8730337972984334 5.072263745858625 
3.5351276616560323 0.7002005286711903 17.981111717392444 7.9728675741065125 7.585711104352213 3.811706589421565 5.042963023909397 
3.540808972437576 0.7000923584026018 18.430591048640622 7.958124696676839 7.577303970767305 3.892150899965311 5.013643616874213 
3.578627129234023 0.7002692333963111 18.04622641682735 7.885316485626916 7.64953984121192 3.865144079952389 5.080400110754325 
3.5846315433503633 0.7005867885038167 18.11637714239691 7.930684115227242 7.934534142569349 3.8255739737684937 5.0488344304090855 
3.540808972437576 0.700152825126335 18.430591048640622 7.878900974788423 7.649826457959989 3.886989778585322 5.010979660337717 
3.5945851814388274 0.7018243829535651 17.981111717392444 7.9728675741065125 7.582427846992545 3.811706589421565 5.081020320744246 
3.535309926649545 0.7036419905778133 19.91759706819626 7.941008155933029 7.630891761204224 3.898413021994579 5.073836375458189 
