3.544854757757823 0.7015454655766173 17.079434853271415 7.89686944688411 7.9095262839700435 3.8699520783666044 5.057606600473185 
3.573307580444503 0.7030308415159968 17.01509562437212 7.92770456414305 7.981011381313541 3.6682062162352596 5.093786617908891 
3.5346473802158087 0.7029895858078722 17.021981369814615 7.815414081825139 8.195084445060601 3.631590022714186 5.125680413077705 
3.568730828735516 0.7034751487216123 17.07595706402985 7.815344281952364 7.839621022681375 3.8775116190717798 5.101030559803945 
3.581702684997593 0.7030308415159968 17.01509562437212 7.92770456414305 7.981011381313541 3.7096011583291535 5.093786617908891 
3.544854757757823 0.7048903982812696 17.633084311631176 7.862405982358643 7.880902388723527 3.890810279083378 5.058132540785164 
3.573307580444503 0.7030308415159968 17.143445102212752 7.9107243815551325 8.15443606532218 3.5650231108387427 5.093786617908891 
3.534985959631608 0.7009798678534592 17.04429640712735 7.952909274432761 7.889859442923788 3.4825149507734614 5.1253758364514805 
3.5346473802158087 0.7030334641172417 17.021981369814615 7.818466259285469 8.192694110545592 3.557489496540216 5.095556959297161 
3.573670034960368 0.7030308415159968 17.020569551451675 7.894629592401672 8.142735052235638 3.483989218575405 5.093786617908891 
3.5305945348494654 0.7050240175214562 17.185146774082575 7.876991781239435 8.140001734613113 3.880413104576285 5.149575317825343 
3.5421902194445516 0.7013172016819692 17.51460709791863 7.8010757314024755 8.20118807587706 3.887980241930905 5.079891061801559 
3.544575753291766 0.7015289024768244 17.267113252852216 7.89686944688411 7.965153640614521 3.884304482238215 5.157216297847672 
3.5264409220466266 0.7040336193708112 17.185146774082575 8.132575953942156 7.868722456602882 3.8803607634634125 5.149575317825343 
3.5887731078295935 0.7098219632175081 20.782615839645924 7.865433433100863 7.842431778940169 3.888891703617146 5.084108561405892 
3.5346473802158087 0.7029240983704071 17.021981369814615 7.815414081825139 8.195084445060601 3.670696548109431 5.125680413077705 
3.530805575193439 0.7022324295821104 17.185146774082575 8.132575953942156 8.140001734613113 3.8803607634634125 5.149575317825343 
