3.591593884654885 0.7014957754677884 26.085975994800656 8.184482377600892 7.80585530013114 3.6514178873362444 5.210191816785694 
3.559261575035624 0.7062105171570534 23.414872200638012 8.228773800949725 7.961898501293067 3.563937581152407 5.202193729883919 
3.591958595815965 0.7008602909812869 26.085975994800656 8.186833972824846 7.810335641839168 3.6388659831372503 5.212932622669303 
3.5921651722023755 0.7103240214100565 17.660611124632418 8.234770551469166 7.627087221172639 3.378239680171424 5.0059702626961275 
3.5665121390585104 0.7113473470598027 17.756686231883428 8.187295795476677 7.742975596275929 3.449259821463449 5.058626776175871 
3.5647203734612765 0.7113473470598027 17.757020495555935 8.188013075901338 7.745712509735676 3.547564487213946 5.075615297424243 
3.5837794028937684 0.701416476552636 24.2205123845861 8.185543510093721 7.8149963014205275 3.638472077573608 5.212517081487161 
3.58434046091727 0.7098169514579621 17.5915790117641 8.282387611670536 7.754647871153892 3.3220183490850275 5.04129903606818 
3.5862215895854006 0.7096444360289579 17.007925264304028 8.271588369344833 7.728609852884668 3.3468549176464246 5.221296248603571 
3.5918357723771015 0.7007782968909995 26.085975994800656 8.22511516024065 7.80902867390837 3.6388659831372503 5.212932622669303 
3.585212048639251 0.7053948668131151 24.234854837102514 7.997034989549412 7.813629388250657 3.563454183195644 5.184290970297573 
