60.32623244221791 10.209604351432997 
52.173901466720736 12.055610692016156 
10.720789708348272 30.221055965758502 
19.820109098138516 23.71185538984616 
71.95608032782611 8.025995162726066 
61.18832882443726 9.989527899193924 
68.27056456637365 8.65805081440447 
11.586946440239398 29.632695958066986 
89.25910365326311 6.1142427540951 
32.003584472594376 18.000010285951145 
36.61578445940221 16.463296751937172 
56.420495072935054 11.044732495076559 
60.47726221303755 10.197433993214567 
111.11177719992781 4.466627476693399 
67.16478897775777 9.102203810482896 
67.57245935418345 8.858595604212365 
43.99807890323671 14.584219830467896 
48.03556246007601 13.636534061759978 
49.37216473949896 13.22723780376172 
63.71283016837465 9.486791688899624 
61.80194367931323 9.934493974805278 
51.530051226848954 12.187521374228325 
2.875181664698747 39.939567171638345 
58.79838779044815 10.600628707937915 
53.45094066764385 11.673933492832134 
16.597128750248512 25.498636941265485 
31.448749848405434 19.38724698407864 
70.19466478051108 8.38494592171557 
37.71382144539661 16.122564914278442 
27.523294431578442 20.398696635129248 
47.157979071672415 13.900424704021635 
29.47311154325555 19.98875243986647 
35.77810772525009 16.979406099890287 
45.05725334263361 14.024531471228975 
5.588274554131046 35.7427402972908 
110.54428649861975 4.472815938333737 
34.273538245630974 17.541610471370838 
46.04226036402804 14.014305259420336 
39.06836127944737 15.647375004588085 
55.50759229881362 11.251798225862945 
8.083026526189096 32.34605174583355 
15.70068216113954 28.19679893996412 
24.28828955987261 21.224912988701185 
31.649451571745796 18.13250987410369 
59.137309919396685 10.425321077621538 
49.580407739009885 12.606444379859598 
43.89973571539869 14.971361818048944 
71.45124331272676 8.258019944463857 
84.44698225816839 6.42314838545815 
41.874267105749055 14.9769471577478 
54.552195424465054 11.535790709355581 
6.511026608537446 34.07404592375366 
33.252895339398066 17.547406210814643 
