17.349407138462247 24.97525629847932 
42.90593422891641 15.077245794355315 
15.301931969744487 26.239749344880288 
34.85170046161605 16.96876046837194 
60.792002970203356 10.843379682354684 
25.126827482760145 21.35349441751478 
16.53847234302311 25.52121862316974 
10.276749174785955 30.085889924555893 
1.1699329488024102 43.35470807841784 
6.621879671862841 33.68507745711916 
21.159407538820332 22.78201096512877 
12.648784066037578 28.019326752911347 
13.338305826327991 27.52860166571577 
1.5557464030489163 42.888909103163186 
5.53501747233132 37.76000667837621 
6.204265308609573 33.99862477874212 
28.087161514633443 19.70071320804928 
52.80951360998437 12.04919789655735 
22.46852022926082 22.114531993306443 
21.24022304723686 22.781441877949177 
37.94814446762557 15.928489400790475 
9.952345875993494 30.263961647667507 
19.15077473426027 23.87598366148882 
2.758293423353079 38.94859601058089 
43.687825912263605 14.189994184300902 
7.444377701671795 32.677807537577905 
30.640320463867283 18.521142691811086 
20.26196884031895 23.322006350851275 
15.577769250502634 26.041652732300072 
13.825285466745875 27.16767690086595 
2.2409243240908747 40.31227381334492 
11.783525402368971 28.69274778660253 
26.901466632975875 20.094779428147408 
31.45828087556741 18.259394311183378 
0.8301740275756613 44.093163660114584 
20.021237831793506 23.508986005639454 
28.162308856186563 19.621006922305625 
6.0729142882655385 34.10793751832772 
9.76891338641218 30.37902904393384 
14.092461889832524 26.97901572793633 
60.92061936682166 10.070014470512334 
6.456001455580216 33.7779774970376 
28.73151848271827 19.303283306786632 
9.512173202633196 30.680415571462802 
46.878452837942106 13.793029251579085 
3.386907223788389 37.836461006383324 
27.28162653336055 19.89029090809872 
31.85101284355615 18.06747315119062 
23.520827091576205 21.75969865140798 
12.172914849625924 28.583878113010158 
40.28145659959756 15.370306383949792 
20.913159407295886 23.116774502465226 
56.03339741212483 11.430816776542628 
3.3666949030030704 38.16884656911011 
11.657387358521499 28.77167024281228 
25.614881606898834 20.756497554885456 
44.1260028018354 14.0605550469036 
5.7049049215461105 35.495256779658334 
18.801019179632554 24.087513375641088 
18.333409030570678 24.668468606663627 
13.041156508887727 27.76372228935376 
30.05517207131571 18.753076528885693 
34.456213097845264 17.276100765724923 
16.019505277080878 25.744859439309153 
8.387938546340976 31.957349873617538 
7.257254187861317 32.9821841989999 
14.049987486404731 27.008637473377718 
