29.526063399574163 19.422399589182863 
36.9586334053276 16.504716744150905 
20.527520750860628 23.096547127047273 
7.413978406236783 32.64744594640108 
9.523462204187805 30.930603597049444 
31.69115062955149 18.849646810412743 
43.96565967965293 14.105862809642638 
10.516591563849577 30.2394635406487 
24.38189268984115 21.319413702919544 
15.033699642490385 26.4967999465011 
41.432211664435265 15.076579953843572 
62.636684376676556 9.696444011985008 
7.136689550925694 33.06624099358372 
20.067218473267953 25.037255609921914 
21.022827355615664 22.839308020034515 
38.75146054411252 15.670908421902997 
26.926698334025147 20.25492765503351 
7.321736732501049 32.77192710805795 
10.008572721697835 30.872125700860273 
24.542858011243712 21.16919841934642 
8.645439698707849 31.588398509804957 
53.10155587060202 12.084685273652902 
47.44379558406311 13.194924653268936 
59.9948432695235 10.304949479240904 
7.332386964797735 32.68638008168423 
25.304956743977684 20.75980568515001 
1.6705841257616365 42.49035328648971 
4.117685120982495 37.68418553356176 
58.248121857535764 10.629917202795703 
47.67640448790847 13.13868920536454 
56.98882503373095 10.884447649140558 
61.93565633230968 9.910688716315299 
34.09100901605166 17.858998253857735 
79.69387480359795 7.41417210011207 
57.55122694507349 10.76932390508134 
57.82827405366054 10.704135464773053 
58.25864087762206 10.624173032539183 
10.145060894446418 30.679832250311954 
42.25845713399964 14.66595931040887 
43.19294041815428 14.381567397787006 
40.63828230909374 15.092159047245532 
10.696051425289632 30.121217196410676 
75.78777232118972 7.441374615317011 
63.45728084596311 9.556366833216408 
39.299443393868714 15.496928953692702 
19.98423895094254 25.627333328675146 
11.797946296428766 29.94015305042273 
56.40342947898825 10.997837976226261 
60.36630847648267 10.165084491423597 
55.09703483201204 11.454405303788121 
35.78907274446043 16.9803632882572 
51.69239802973064 12.11833046415448 
47.970269897915145 13.105028147987866 
53.80545872647653 11.641315727485669 
31.24488409763002 18.887972453671512 
53.503916464953704 11.678194377782575 
28.912454295755783 19.52043565250449 
57.03332221125413 10.862197900586157 
48.87889536953648 12.888766586412796 
43.04570543153561 14.511372978053076 
31.743497563880034 18.10646883471462 
45.26625796743326 13.749988759157421 
46.30611871965448 13.733074836896 
64.66854583515314 9.303913926927226 
38.97255385612873 15.599914288912462 
44.89792297907466 14.057808924464217 
