26.153858847720876 20.43204598900173 
67.13181388209297 9.156856843235275 
26.141362310540842 20.454180896870753 
96.88016209789566 5.2927351517485075 
7.410220076729781 32.61050574990769 
36.719710316838245 16.355981373998205 
7.842301770395561 32.17218521543297 
35.13386751276052 16.894616180940282 
56.198906728762736 11.146960587524797 
61.02189362741086 10.320523288374677 
15.90996817708562 25.772972133657085 
65.42082231727635 9.53522290946673 
5.415449565907199 35.72999253478498 
25.481471655812335 20.691830441635293 
24.437292052248257 21.201939850212803 
3.3842970960472503 37.90085489796663 
30.154347386303336 19.027081556161516 
50.14529560229897 13.706286031986103 
20.166844497104353 23.33212896845461 
28.705294980838033 19.476644661256785 
7.368480917741063 32.64882027504804 
12.548358997683263 28.678167264908993 
119.27469155860264 4.915209563507507 
28.220653406196547 19.52289737331451 
24.56886783514495 21.093655340378234 
56.35297974590229 11.021418683624638 
20.55658152179072 23.168092211014084 
27.986701521757578 19.58900628740892 
52.68839158141441 12.092116464944613 
56.8689006566113 10.986825193109961 
76.23567586099266 7.389208296859852 
24.911303604574446 20.998570736768844 
39.19338450315165 15.764424160824014 
37.18603308715815 16.199513895630847 
15.503386239560726 26.04626949512061 
19.97134229959689 23.519004617537945 
5.768208291370675 34.56119967094961 
34.469733242306965 17.203422702872217 
121.43338113668977 4.144838832856367 
14.875650166834358 26.85515166946395 
34.018342249009294 17.286207998734113 
81.2287232099658 6.6852444611004875 
9.14186620764438 31.155195726543504 
25.55862078327896 20.64736956884147 
4.96258561336329 36.17647031081509 
61.02189362741086 10.320523288374677 
19.579792131383527 23.644369498019543 
8.10412911222711 31.94141617992553 
71.87379302333231 8.298696903888732 
58.8125247964394 10.5311733659228 
21.4543251664566 22.73078315974962 
53.14003058576817 11.744530608506574 
27.586896413412987 19.97145046329442 
50.20435022860198 12.587818371043275 
18.6372357069336 24.26062074261096 
21.041426568213716 23.02070740506195 
63.27243673623701 9.783083832098216 
28.94607748014838 19.198918577441226 
7.647248580573008 32.380588589673685 
2.2227469269411726 41.2483138939599 
15.649728418660114 25.944843486436547 
76.23567586099266 7.389208296859852 
78.71469600758266 7.000894552613751 
89.19425906582269 5.838268546205523 
12.85955067664456 28.566968522138946 
5.616448273576259 34.727977724444955 
4.090520642781162 36.92891794588175 
36.483181861879395 16.44025868231305 
67.35437292292585 9.104976684261214 
36.2105365790741 16.51249799809105 
33.755681157697005 17.38614710641047 
27.298342290345268 20.20842549701515 
18.13517175394748 24.623849483136368 
30.15425482851235 19.165797960307742 
24.31859711417495 21.295928748075134 
97.34414756259983 5.213703874260991 
12.229257012018055 31.10302193851316 
15.649857408486461 25.940912698677653 
13.017462866699507 27.757867805582972 
45.193062421917546 13.763714778751318 
20.052393508467315 23.47437524991144 
8.749758811805313 31.482411111127753 
19.39289521041296 24.005272422142895 
54.86085647786363 11.381940821710247 
14.1399451668279 27.023733835436072 
24.06959058357919 21.348778498292468 
32.441704183467394 17.935075764548657 
51.95452146217937 12.31052589789823 
40.74351098273453 15.086317071239906 
44.469173511260294 13.976247801318237 
