14.147060575114867 27.157953632063727 
3.5734034929701157 37.7426767272696 
56.53884016087966 10.973977240825915 
3.2058673380433267 40.91001336725587 
9.24722961855234 30.872149974305536 
42.980081888774365 14.589137418740492 
24.823165389953814 21.2159737685191 
7.030990646877351 33.01658488066255 
27.758078678276696 19.720442600658295 
17.890404398158537 25.577407108424232 
23.27661065264902 21.886678807736843 
10.742592958747872 29.5141293815878 
33.21395306339192 18.279968600595556 
0.7984347513188779 44.10976506156392 
16.342896451722638 25.727663750779897 
20.59665506885749 23.181521871348053 
8.762778307194967 31.261953649984328 
32.95626572701387 18.351008595753044 
56.3211773496743 11.111407361622478 
35.321299168614615 17.58175327693515 
19.59757531991535 23.676485699833794 
18.96807637860904 23.952354590351703 
12.857358084943794 28.216814053577124 
54.27674588580595 11.561977666094506 
23.45939076433536 21.66591210333747 
59.906046436310376 10.6829985807096 
10.668713929882252 29.78088480959817 
122.62455894176472 4.532709079062333 
14.707187412455335 26.64791702945458 
36.43975041666466 16.753009902538388 
22.071532158789857 22.538759095201165 
53.7635238039408 11.627994886588805 
52.580638878644415 12.715078383453221 
85.95123992650828 6.522427071433903 
31.354662632474113 18.35942350580963 
49.01257237929874 12.832433048642148 
27.04687386355604 20.011762456115935 
42.271658808081995 15.032835295986487 
60.30909232406242 10.401103584741676 
57.59527333194231 10.809180429159028 
26.704236106421774 20.47620984286418 
18.629962348428425 24.606126262730626 
18.767966858120804 24.345946411159275 
25.758505744665108 20.576254732191167 
122.38024937510181 4.5775310761465375 
47.443219258767115 13.178055616727764 
48.415561084873374 13.023136757893568 
6.994292990166495 33.2788966435299 
42.414057134014406 14.914467317277147 
43.520036018182495 14.359265627044067 
2.4127398363474732 42.01524395912098 
49.11329287584573 12.727427671964973 
47.37680663287719 13.1966428299175 
24.37031859331526 21.62753546729357 
