7.920095527054701 35.14735948112215 
53.06601542230472 11.793210223567815 
77.5600616846879 7.158103466066878 
68.43156488487408 8.631365725066406 
88.9512089471869 6.082241423274719 
40.46513528329247 15.139482457465851 
76.6021823440048 7.291276963500039 
107.55670128387167 4.605711510249889 
44.44998206835713 14.07503087509934 
133.47127164636254 4.008907880466463 
16.433547461776705 25.5438561302286 
12.6183098123403 28.123952852065973 
16.367961707026566 25.64408693248654 
25.73357825412706 20.764042552631402 
8.084952990609871 34.88620660343494 
20.935821729589158 22.892953292644492 
87.19709025081633 6.2364063365048885 
20.6635358286836 23.028599699609373 
61.78401595100578 10.006951846048384 
49.74366141108253 12.625053809445445 
24.525057014385037 21.17557485203306 
35.24138960748091 16.88052844922211 
11.363101721082806 29.1073310906703 
12.65079190980741 28.027151333780566 
33.57311277389969 17.4247323470597 
32.46733965516719 17.853400467561293 
69.90816093563002 8.356109233027817 
43.98550709119083 14.45100153864839 
20.935821729589158 22.892953292644492 
94.45388977159186 5.394897410634214 
56.98131398067697 11.01215159422231 
12.283533827610754 28.342429246166056 
27.82139250377398 20.467381620143446 
55.07741671710082 11.715195209413263 
72.43977962131095 7.9280669235938745 
58.122607832806175 10.649907883758893 
103.1311713844994 4.821465097672313 
29.832132065452136 19.15606135593604 
35.32544902151102 16.867292950282447 
77.5600616846879 7.158103466066878 
100.02202085221388 5.021649580375607 
83.65805366420025 6.527505038624662 
87.51267504404409 6.084986775966008 
102.75582491107706 4.847036328971487 
70.95924258913126 8.332910322861348 
86.74765747510128 6.327496489999632 
90.24843278686923 5.738428557721944 
113.08224120822001 4.3757769440891625 
133.33522801913753 4.00935300686145 
65.73497121303303 9.142474146196006 
112.46674928366826 4.467017760187097 
111.75111223714148 4.590122841966182 
53.523921335010414 11.792518547972403 
101.76667330908359 4.893622253466649 
31.55179670490317 18.18007901001106 
42.37390167339849 14.715430751300385 
69.72847849579446 8.620273762419234 
25.47904332903306 20.89421424272829 
66.2444389329244 9.01149230716214 
61.69220552944883 10.282859309341214 
51.61201301439971 12.128299983407338 
77.39789333107527 7.283835997308884 
33.781583292327255 17.351499469763844 
21.859254551620033 22.407157843091987 
32.53582171467849 17.82955821957517 
80.23066386375191 7.150091599810421 
39.25567140997429 15.548401979163039 
37.89450356381942 15.946959630715188 
