48.22727165978208 13.004425417555144 
0.901071230402845 44.13173912509761 
18.05981497542249 25.206112284730494 
5.370729047030081 34.99101695964718 
3.982099269634456 37.0615372032067 
3.5846082263522296 37.50847250707483 
32.71984915855898 17.890124072876134 
24.985472015107533 22.773988203396478 
2.327483496128041 41.511118037864655 
18.077998336392863 24.624456990846213 
12.578677456346663 28.86994945785909 
4.863124702156874 35.65891663946469 
0.11649767782946183 47.91563326666838 
56.090690394083175 11.072752341027996 
5.166647525784059 35.2193385016612 
8.000202567617434 32.022729951740615 
27.482203870441488 20.291336485155153 
25.24028154716087 21.0317620083999 
21.111834790875395 22.822554362983055 
11.299244491103465 29.24750049076983 
6.187206740053834 34.8437822462357 
6.645454839868075 33.50378171456862 
2.525955175549404 39.6117217752143 
3.48756736046571 38.74859479368243 
7.308703224838215 32.720747965942984 
50.170912625938 12.459346332249936 
21.111834790875395 22.822554362983055 
46.72445443424328 13.37127901511467 
13.109438162931488 27.688555197035946 
4.2542870417553225 36.57474230070475 
4.077904283584216 36.89052588205021 
27.668453070657147 20.228838797744373 
15.052910115188869 26.36094409394696 
28.913616762062745 19.23442221119604 
33.91471393178591 17.444497802373974 
2.7026844138375625 39.10063618883893 
11.34657116718593 29.01807117230082 
3.948466395250012 37.347904748320175 
10.1070383024001 30.72553832508862 
0.901071230402845 44.13173912509761 
1.3028088865410212 42.45764403534932 
7.707559741311908 32.524254160188725 
4.611127221344754 36.09759411889054 
32.26323092207825 18.82285431977999 
36.905768792406214 16.667828591207794 
11.04796491306078 29.763358808092 
12.765330994569736 28.660672054543596 
57.27034800660171 10.806824216927925 
