65.90554293948512 9.072276772406695 
26.035585809822628 20.67802485730502 
24.582372942654587 21.18965488524257 
49.97469204164588 12.527842960040282 
42.699503460008856 15.072078706218887 
63.6781394943433 9.49393160649735 
28.104605870195865 19.540038343038177 
133.81828470109437 4.293465924854049 
72.05535400428087 7.990917104987026 
46.11917440354397 13.68048333069683 
84.34371177729173 6.416115745800667 
34.01991268802213 17.262689355646465 
12.849501623057117 29.27974498664259 
103.50067673181667 4.812811155870805 
2.912307282588905 38.660984569837325 
89.30655725379663 5.832270440819629 
15.40920360458909 26.105347066104937 
24.385280009260192 21.299879467547232 
39.89076235605817 15.326070609865146 
97.55114332757611 5.300251037857285 
65.50995523093789 9.145528288244133 
37.114921283688034 16.200379201804807 
47.377017102557346 13.471219895795091 
14.524007165260294 26.68386599863339 
4.512042203968692 36.815296075733656 
56.555146836936444 10.966613671740749 
7.75920699446622 32.59356847652262 
16.394511088264625 25.48252786415425 
58.84375260877551 10.503668344093914 
62.462503936878946 9.754731749990725 
61.24768529081591 10.004522805516515 
56.450671523833606 11.102241442643109 
17.063793687721514 25.058384542173208 
2.405913244619206 40.87815066429727 
5.470069695800138 36.09757933987537 
13.462476941968372 27.714626430240976 
7.001708105111723 33.93820239802678 
53.01086751986308 11.808088032544038 
58.29132797403388 10.619291571674133 
56.95698431612057 10.95056349072021 
26.75377506284848 20.145692773567887 
56.168916556359356 11.18169527805109 
52.094927008905714 12.06324864534427 
35.195340083621375 16.881450101968486 
37.00398118889237 16.418578874539435 
52.163228226711894 12.01363953087838 
20.254037036221355 23.278024411112476 
38.166882572059066 16.120781773862806 
49.890911943099454 12.717112389401304 
72.74086742676991 7.882745225859534 
79.62836529685197 7.073726046442884 
27.191933924569593 20.120984642940996 
66.61046026135799 8.959943314538677 
36.58013369269817 16.830310367520415 
68.230817605665 8.65459425329375 
9.466546199212054 30.664348782852272 
127.74569949830956 4.776733729098883 
53.418121932233134 11.770499115987093 
60.88800496110332 10.053954105072055 
64.28149053355764 9.381403460554356 
7.461630325436201 33.01002245473459 
15.40920360458909 26.105347066104937 
57.65576799343323 10.738825063600274 
60.7149222825541 10.14195058133433 
59.19674050726769 10.418389663102015 
52.8022005529055 11.89522129872618 
57.17794525897307 10.942376015989097 
65.79196712877123 9.123213587418924 
48.444514573025074 12.969015344409577 
45.30416579173337 14.10748671035281 
71.68942524212697 8.16358505790696 
1.4795893572486278 42.623518524166414 
65.03690794395577 9.240268619958687 
69.14328999780805 8.488646349194445 
60.74054324342292 10.116034803512417 
30.56828933979357 19.453669354444514 
89.30655725379663 5.832270440819629 
22.092615805249903 22.706037528398404 
14.992752907941314 26.40842284433148 
30.355090462778172 19.526107119464008 
54.91921895844023 11.40787242502008 
5.563167381634432 35.86712305774629 
55.53566673616972 11.347260117288732 
34.38415137050988 17.1525163786707 
30.754182354287963 18.55067075085536 
20.254037036221355 23.278024411112476 
43.7582451300694 14.655353957594533 
57.73189327310725 10.714079133781329 
