34.83197724240582 17.129945492512622 
28.054102725972143 19.853161250740364 
21.103109392229 22.84121686572507 
56.61309913106901 10.968474108647278 
38.68732093229199 15.719090835184703 
30.065059601361646 18.81683762279973 
18.007336272561716 24.5077385938566 
30.326198163931835 18.6423002697301 
57.45408811621762 10.95357327021151 
60.48189115091148 10.26019482815888 
51.781915829248334 12.068178010817219 
55.33253675914097 11.4402282212758 
15.156075911334714 26.41688270944687 
14.370893692565808 27.03996852738768 
64.50054583262528 9.335846511665393 
39.50994950907099 15.550819134929597 
4.287859323241166 36.484856666540196 
19.80603804621397 23.93087149958169 
8.411567581233932 32.0550167974229 
2.6636907237981013 39.36567557822313 
3.321178710473287 38.86938198656976 
59.08909933041534 10.466068660739333 
58.049200080520436 10.945831001985052 
35.27639791588426 16.829946652309665 
8.489513091877523 31.558634160396203 
44.43886271262231 14.317811141403716 
56.211541499759306 11.157802170515469 
11.258904797487146 29.362353794718047 
36.400807055108196 16.529795085491774 
46.6249198824849 13.441652069414177 
3.455708194010899 37.73293612623061 
6.828782138007189 33.744487391573024 
7.234771217821391 33.13804678267577 
17.555769756538854 24.85930361036613 
48.635859096078065 12.846470898996571 
32.59407972130986 17.78320860230152 
49.94875942602113 12.515996531583095 
74.18257774206455 7.663096116814391 
28.248127506906734 19.501696943557512 
35.63039563459323 16.699551077588687 
34.020885296542744 17.27252541253437 
27.23251661844953 20.009430764840573 
21.283591944695416 22.70754450235167 
10.195924884409337 30.03636467816409 
33.400189083601234 17.48791911640069 
28.054102725972143 19.853161250740364 
26.056656443130564 20.571041216503446 
62.79331325001152 9.730355359978763 
10.213081964182425 30.022970675516852 
13.03205204480064 27.809271491548166 
63.9067369993124 9.487513349569797 
31.69547252870354 18.157593550865016 
51.556130040123136 12.123428592882949 
37.738518484940585 16.281440513693592 
61.52293027118773 9.930401957941413 
6.220034325710073 35.76166527448365 
32.193087313844 18.00789392273201 
