15.5575773346788 26.778675030891698 
53.9932641834031 11.556904861653749 
49.97675280499443 12.665276507805164 
59.48726179054121 10.389347840740175 
15.858942114006595 25.938274330629476 
10.265404672872222 30.25167675005095 
23.239574775109737 21.723839276344414 
12.852491161627182 28.248368777598827 
36.54963895274071 16.389381019021656 
68.8786717305641 8.540625145721197 
54.79569878152579 11.356077648197033 
47.680107343769485 13.379903218527927 
24.67581778423201 21.07682725864533 
32.94839898213144 17.73532376101238 
42.77259426853833 14.59105394275879 
27.300239000940056 19.929705405968924 
35.23366959956818 16.847071250454952 
27.113442280932198 20.541659255767645 
57.66766007340017 10.721557491599093 
9.994614798585587 33.139259144212076 
28.33219458133391 19.58986681620854 
25.31787772362992 20.789296917998776 
15.584614472514811 26.12420004020128 
53.9932641834031 11.556904861653749 
34.57134996090399 17.125923580635963 
44.82862068050375 14.212728958108787 
45.902723534260595 13.718577456405548 
24.40706329741378 21.31505200003204 
39.848286825645985 15.643023189368078 
5.39625594469245 36.05703042289649 
55.15234526607293 11.29296604195872 
30.69359255042493 18.648555704920604 
27.236722146382746 19.959306174424686 
18.55140705348773 24.35963554860957 
37.6993492503006 16.047398200702283 
25.442174089390498 20.728872568886366 
20.564759871005116 23.214994735001607 
68.44306530247121 8.619743111345972 
24.679715864365452 21.075140781864604 
51.95864692224252 12.509351095282197 
79.45772215408037 7.03554111593154 
62.89702290361266 9.67100527732061 
19.88276418333218 23.50186862839355 
25.31787772362992 20.789296917998776 
59.692019313572246 10.342334669669409 
54.7635132578063 11.363849215068473 
60.50633177525334 10.152119686970934 
51.90592503695985 12.601243762628727 
62.89702290361266 9.67100527732061 
29.627702318556512 19.24768049382203 
17.37622289348198 25.932821634707437 
23.239574775109737 21.723839276344414 
40.63478311597274 15.208842112206455 
20.491979319927527 23.299806598095238 
53.9932641834031 11.556904861653749 
12.923944431427593 28.205531075740907 
