54.23224046839803 11.830793735028845 
74.89877811150544 7.641022416662936 
66.88403054670889 8.962759623070491 
7.1227265171283065 33.01855234588225 
53.3475874444629 12.09014369670793 
32.77534779577586 18.64378464085523 
71.21500777155262 8.329229379486364 
22.576945776232847 22.053309920335877 
44.17854607860492 14.32493207453205 
27.71570160027707 19.87662712128546 
75.21831954399926 7.556732557892058 
49.32867057882116 12.710754816064542 
60.1264298084304 10.28622121269601 
57.6833872032627 10.836062919623354 
11.336522365973584 29.7060854034026 
65.36167289692037 9.174547599866582 
76.66198056268776 7.302456673246333 
42.374018144698944 14.766156545270933 
18.268375826909626 27.067620051249506 
8.960602826913256 31.349282205307162 
76.6448515784299 7.329407590494848 
8.26550881785249 32.24817540471235 
91.08197154818664 5.9874806756973715 
35.07556408131229 17.22160750619379 
62.77762568409217 9.685728318688781 
77.44151343255797 7.179371829818178 
37.817354764467126 17.109872314307516 
55.552669715034995 11.775358624505305 
59.88576049345135 10.317757556692754 
41.77288580900236 15.039228267048687 
57.004007877189764 10.876437069148679 
90.64608501500092 6.058937062003477 
18.942490583183357 24.124673356885694 
10.42090171647102 31.01185087590205 
80.28227568145498 6.996318053544187 
53.3475874444629 12.09014369670793 
37.942712732457345 16.00988888948921 
37.86583266733215 17.06123850933289 
25.40159294043184 21.127152592118662 
60.398943727231476 10.24321676274133 
59.25340623691406 10.410698623876655 
67.41132539593221 8.813858744121227 
18.827385374990502 25.155914646826012 
49.65217182268614 12.612595571710887 
47.58936770403847 13.250192964962388 
11.791668426427098 28.66682242448531 
12.511391537229102 28.11741857539713 
74.3629537881999 7.913272191829817 
70.19563614967853 8.343953560219404 
87.3270552156856 6.177758939488342 
56.18590852650567 11.571796079071344 
60.335816171499005 10.258047593705246 
71.2642871885073 8.289002284853677 
33.31507388662325 17.971540515621484 
80.93318180185537 6.77995566400897 
86.59766228001595 6.433404334037796 
61.4366995295092 9.935787948242211 
