53.24401537792751 11.885513333818132 
14.993557586637783 27.616559817306012 
54.41308856120781 11.443383535748852 
7.6446322358479994 32.62542620076844 
9.485098084070849 30.699754908174324 
32.21776765885029 18.317858237125282 
65.25994109219621 9.256628360354535 
45.301356116828856 14.184755072600131 
61.32771063644572 10.916118533702157 
5.079320142222961 36.731088074205914 
41.37270742694723 14.876574789870467 
79.83362418604415 6.942742263299723 
123.2856851668646 4.1245396989300005 
32.227306662331 17.986646911600964 
15.708477111745598 26.640341790495988 
62.887819904607596 9.68273553336014 
49.922619838909156 12.868893363754719 
28.918422069616398 19.85985654282009 
68.93761061036005 8.535930306132135 
45.86798324386801 14.123924600286566 
18.103109983957122 24.753180874295843 
17.132262242103838 26.042734774259987 
30.406120824203406 18.64638752055104 
24.85974315343867 22.163424816566316 
34.22061904957843 17.345655407143305 
71.04464065608511 8.161422100951409 
77.5835635747284 7.2984480972093815 
26.625109074477386 20.40323610565106 
8.342233234761459 31.68847225582469 
87.05741241579135 6.173369564607034 
34.05353566027513 17.757813281712792 
39.90884956587308 15.587756474218235 
68.69788010516788 8.576211231085297 
61.450716654762815 10.12700387643583 
65.73426375885265 9.23400485535978 
55.85155789246602 11.132228262140947 
29.42372572615553 19.014546763088525 
73.48158545189028 7.760184681852857 
23.97131521683596 22.237141384455626 
48.17095670287019 13.233854161098204 
78.84901142688577 6.9913282077479035 
61.60847383433793 10.06053088872056 
3.4025973074232767 38.91986228512875 
90.33344795798091 6.1644854473821304 
10.992911180584969 29.68842649886976 
51.52439087643931 12.136117364239617 
54.68951719337969 11.390418041820496 
17.836769033333518 25.09404840689242 
39.76775266201913 16.754984211892456 
29.45941719980177 19.0120781812242 
51.40766864681744 12.769281552730822 
67.65003788599053 8.780872550574315 
100.60248823589822 5.009461589979377 
62.202901459810924 9.88106319488503 
12.754103547783357 28.16785986323596 
63.519901737975346 9.550399610511878 
