63.3988995147478 9.548592714147338 
6.973348644995111 35.75552344356268 
83.85488592612221 6.383336010582681 
39.72187364063255 15.42939737551237 
73.89257741045296 7.970774054500903 
66.0102738120257 9.063735732143172 
23.180275774312733 22.181110627115117 
30.83972607614092 18.801337621110005 
50.12294919672513 12.49606929194972 
21.585911548962137 24.613018574950623 
57.840349589194446 10.682632061869558 
52.93141944319795 11.997574655509794 
9.449139102081775 31.20685687241265 
68.23204340272662 8.65075798364056 
11.114815832314456 29.23217442834746 
47.34194768095688 13.251044156031401 
40.90567521803455 15.07097657706227 
51.617342705975986 12.30284298832121 
53.649366504409656 11.635020415539415 
36.78785041922562 16.570893804253604 
27.78147090782378 19.945641991057016 
49.30932816079739 12.801197307566095 
96.44374661545467 6.1170120804577985 
82.78972105767448 6.85965360139158 
45.23041048179124 13.776181710761866 
72.59844119565403 7.983764982801881 
79.86362560271905 6.909763004750802 
101.93263434291075 4.899978611567973 
51.14398347416322 12.407616950524904 
130.82658536359682 4.360071236980451 
63.923582850684355 9.476126191205086 
39.5415711172988 15.493014171474766 
77.78579882293907 7.2077877586369645 
22.666407429241517 23.86158533432537 
55.68846540241225 11.166887624475118 
35.19706510841037 16.84900902273071 
22.669914445674088 22.25251257810985 
15.733329946086474 27.822386911442617 
33.39137497492 18.52504144507406 
30.21852914728032 19.095295618507112 
54.13663806382176 11.539155743009433 
56.99509078928564 11.003999363845786 
60.878000535427546 10.31311590581401 
74.11127215315292 7.943137009902389 
30.437483459829316 19.00271564257445 
