86.89545350574001 6.440966944935738 
45.4414700437996 13.728286075898929 
15.233446685952256 26.519941169421244 
84.91341694803367 6.5502398183219785 
26.354059733911118 20.32604398655417 
106.56396043007192 4.784626241177519 
29.68203239927918 19.30944107939244 
25.025219707644553 21.19411192725886 
12.167812110146865 28.910023661976865 
8.168704154314465 31.932360914815597 
42.692314699268046 14.690049401385915 
21.985130836479915 22.345037588545974 
34.58069604087416 17.340644155581426 
25.987937061044242 20.601740894930582 
28.711842413891297 19.360317583461672 
17.268685802416776 24.984159054560926 
30.299676443655237 18.653954584606872 
32.53946913274714 17.818543884752632 
111.73697391418604 4.610699369784366 
94.55148175263807 5.4571669692340965 
10.6720085506674 30.7732744734084 
21.41391489445772 22.645303819277085 
9.369011157635622 31.65157398642915 
19.82897042611259 23.60704875984736 
36.849478655547564 16.295887705497478 
41.93470265777872 14.919272146353904 
20.942824080559518 22.876325804707673 
84.64170686577725 6.716243048830501 
67.75299870508638 8.73570123873268 
24.648670783882405 21.660320939640627 
93.06725587425818 5.677491333230588 
48.664577181512925 13.257481697955791 
26.284758699392512 20.559084727178252 
79.05454029210335 7.208244657882478 
16.65182227252049 25.30901913875683 
13.323468536875342 27.52584151551043 
32.50405574321497 17.851429307377423 
38.18243706628279 15.857999007283759 
40.88728483338406 15.3697547533396 
40.76614854794662 15.538811507029866 
82.82686363732662 6.818094192578669 
14.010810271060489 27.376938900426417 
30.73696475616785 18.500830261448677 
