4.101892789984295 37.468050449387846 
21.16173400764344 22.845529048840007 
14.0916707461258 27.061413099397626 
55.598712139209596 11.35224150026917 
131.194401672684 4.2074772412620325 
5.777821244268001 35.68827781292579 
21.90400277213012 22.598253873099694 
43.34716194314343 17.228435457356284 
15.125307395069974 26.386266504165942 
17.22994086165611 25.419308659430335 
20.78933841702041 23.08437201121842 
14.222998334816008 26.920517922615858 
9.124535302877378 31.12056186573115 
18.168187258898087 24.452442190483218 
43.6069369563191 17.05760386578579 
24.640581736304142 21.214033653658177 
3.94526004315078 37.890580284247164 
102.14569604771731 5.021609471730036 
5.285819928995549 36.422533168440516 
43.77767063123747 16.764203671770847 
35.8531676715688 17.461280788011326 
15.228836911063556 26.23820689261469 
9.154804864431961 30.90694745873701 
45.89351764015826 15.582875553555438 
14.080722263013339 27.0682654688706 
96.72770152562856 6.72747812680757 
10.523207780250772 29.732428040666772 
11.825454546905451 29.126264091543632 
32.089630179456094 18.842225150214976 
44.21350745383529 16.704536616436595 
6.908430312920657 33.720569639225076 
12.173524161346666 28.6053312897235 
9.99235508890472 30.15742976037604 
14.824212440148369 26.48778273888916 
83.77363226482845 8.331071613032915 
85.34235691581819 7.712223580487342 
86.23381183849641 7.6519470013497255 
16.509466747870036 25.474957043351615 
3.9404824818378446 37.90430660304207 
18.611368272682164 24.175384147172075 
57.47679676042839 11.007665463772938 
116.86899829377471 4.455761002340236 
29.15029457018477 19.14816669838659 
18.743442457321322 24.07793040998247 
1.2066018698843899 44.039607666150076 
12.738156249906968 27.947551086059402 
6.025884177307672 34.213445794396875 
16.381812938755004 25.68898261423546 
17.614578917848064 25.235620022121644 
27.856453875384577 21.18194308099148 
77.79606394440049 8.934516005021743 
15.582560371877502 25.986828608278934 
7.825117517213609 32.36753604479139 
86.23381183849641 7.6519470013497255 
8.120093469435275 31.96091570225228 
