57.025254064727264 12.152955906858756 
36.67387567484878 16.48931228812872 
5.281546907059955 35.07663932538051 
24.273253798345216 21.436712018099417 
4.9437294222579595 37.61818446974905 
48.928394660258576 12.897278576059426 
29.316786887878266 19.05426995374677 
70.4052914310885 11.061273664546475 
24.658471277523304 21.089492416432087 
16.069676182092824 25.985651302310288 
20.627016157109463 23.264433823954015 
11.311020922748408 29.08153935961747 
2.1177735391663437 40.88423341147276 
12.247248910066682 28.45034788021235 
5.876317283802663 34.7984307488522 
9.499750504612376 30.79653966339643 
16.640085197007178 25.339185920083978 
25.421023583509452 20.734924051065626 
76.71049522846796 10.595351460613337 
48.83361388653275 13.728722818200703 
11.787089919555081 28.670292254322746 
18.375130796763177 24.288374373092473 
22.67241757585805 22.500545226570072 
3.262747972300503 38.097925140942905 
17.65134870430141 25.023550865240786 
35.11890190434991 16.889365539436 
3.852809778044383 37.72332075351065 
24.109146930736195 21.61693567064012 
50.86824019676245 12.464184896433395 
42.079459013827076 15.225541836977126 
13.095997283475906 27.68995795117487 
60.06999592468349 12.0131189580539 
44.34296499572008 14.891649630165922 
6.1167714475932815 34.0565963892305 
29.440223123884927 19.031814046489252 
18.375130796763177 24.288374373092473 
36.13640250795482 16.7008728011324 
32.938745711524376 17.726293913852885 
45.83519932869335 14.043066057552522 
7.796674098468678 32.77553595810693 
10.276691506796057 29.901479339833074 
6.814928127555216 33.244588904071186 
88.73835895355782 6.940692208824723 
9.137534505392024 31.095253246278013 
16.890931149459274 25.175450901739644 
24.90349944034444 20.96144505073334 
38.19414544847428 16.05163655460919 
7.937478887848666 32.08124573760618 
8.244572112862883 31.830049504815875 
14.609436300116666 26.88552046882055 
45.05520267306979 14.211349343692167 
35.11890190434991 16.889365539436 
2.8700832231727076 39.91781576296081 
44.755314171627944 14.4470555851805 
14.957407960677227 26.479368464610403 
28.681753311198012 19.373250853357586 
30.979463861365147 18.515121194894437 
74.4123445097639 10.741141502128736 
12.720928531074327 28.122005010643566 
77.67681945219054 8.073978730084962 
