59.338008131774515 10.515044881458532 
51.22663820818391 12.210194825251893 
3.7888720781936307 37.337021181321035 
4.796118127602767 35.71436675669055 
48.849568745582914 12.79622262521805 
49.89006938106198 12.545088716554098 
36.646977208311256 17.0316426991277 
52.81574261168535 11.851405721559242 
60.17777804572518 10.191887279698335 
47.77175938309062 13.754995516742284 
50.79908026392411 12.302284081101813 
51.896074406536286 12.04699767592105 
63.1099149458434 9.734777428336555 
61.33773827735405 9.955085065698286 
54.9637938204761 11.665870765844623 
18.0951318630039 24.639214991637584 
55.7614109987109 11.351821914482587 
59.50605321066956 10.508315786462093 
50.229160502421664 12.447529880882733 
29.23024222707648 19.38429552439173 
69.46423298286356 8.436810140918883 
43.12450255048715 14.458608708792145 
65.51446859125092 9.149353383246183 
34.51507886148866 17.094787756538988 
66.40374252444059 9.030751824883266 
24.656732636660113 21.064740260516015 
50.73846988715062 12.365568752072694 
43.63019444676712 14.323129276606103 
55.083286104709686 11.373869734176445 
42.97094776838384 14.59963103861067 
30.273073958193756 18.92323512275673 
29.390493727532352 19.286746599772275 
24.8348120370971 20.973485496189493 
48.263376627261195 13.620892527210916 
36.77504630920078 16.96418064289133 
77.08766587235664 7.230944303977003 
31.171061644246414 18.741195960139304 
89.4507727564623 6.061642615684999 
52.72185322318198 11.887446939881261 
90.42971275812147 5.9144285833091095 
66.96824746965603 8.88756481963538 
63.762247867885414 9.497861018773179 
17.26186504426275 26.026023333344078 
57.68762814450157 10.74994715774891 
48.585629623881246 13.107787179608206 
36.77504630920078 16.96418064289133 
71.49922570737753 8.084577074503038 
29.515152097424945 19.280824245188242 
31.274843037719734 18.539449432969924 
49.52763049398024 12.61868506789038 
64.74275583359727 9.349422674622334 
41.57978669264176 15.284739450103507 
28.744250953676506 19.445953313477972 
31.33678889759857 18.371267112095982 
51.64573400430692 12.095231354124184 
85.29820493142837 6.757160586018125 
28.4981250956215 19.593539067958723 
40.93965155126105 15.65628087378158 
68.53162213833807 8.621072471279074 
65.41010825641723 9.230658992334009 
22.538907979047423 22.086831098374 
44.28038295419468 14.287402644117321 
64.33052379089119 9.368945500451527 
64.53655660227197 9.364446426097636 
24.8348120370971 20.973485496189493 
52.23074270177004 11.966972394556612 
42.6109620408828 14.709260927435885 
29.219027057382974 19.388050670307898 
44.71546372064489 13.97538030633957 
71.37013975538834 8.106364925682048 
51.896074406536286 12.04699767592105 
40.328214130102566 15.794210385699408 
29.23024222707648 19.38429552439173 
29.23024222707648 19.38429552439173 
46.32119048468215 13.779039013730706 
56.3032847174225 11.018631493642001 
63.19685515061465 9.59373764350854 
59.278153574738425 10.529858012013722 
38.17365740295796 16.435503712442106 
17.3159965048883 25.36493181106514 
9.281452147428991 31.423875774177603 
5.019107371560526 35.4216048645074 
38.37375704819363 16.396567440497055 
65.48521411654986 9.154987656076962 
