15.303633500226558 29.588384338646627 
126.95636182937446 4.069629772161835 
111.69972320037441 4.696727522491682 
15.541614664708202 26.016664268662645 
122.94197548527437 4.441634922152815 
15.507188667120273 29.504303253579092 
100.19777787362631 4.995243172016996 
94.42177348616944 5.490688369652922 
19.94272372386802 23.565730810728763 
88.99401456002798 6.0220042137136245 
125.01605540753428 4.082884835455907 
86.06921592023022 6.257490688974165 
90.53448917312181 5.737010876566763 
27.168080317177818 19.9384068105582 
25.639653763429347 20.62273896116192 
30.088720580606697 18.750058652214175 
31.077528007487444 18.350305332411807 
97.05698436358628 5.30471559631086 
100.18937390342671 4.99664754591721 
35.00395896077444 16.919314380506492 
21.832587429814325 22.470094432093973 
16.50520775217538 25.511157404086596 
21.627806679582918 22.70351152373761 
31.925948266493926 18.037788493699033 
36.06338795921099 16.658003187979958 
70.189388753955 8.3146513753682 
69.37591293500135 8.502677287548615 
23.778828103788026 21.537354252159247 
47.64613595367598 13.13286893382493 
84.57604613190378 6.300610760486386 
22.72722266448156 21.972199702245113 
97.0419713349383 5.305723811830341 
37.25250376419632 16.210406451170446 
19.319814104954425 24.010255024329055 
34.162544614926794 17.234499488914608 
17.56465875851927 25.017496899333267 
17.310750266805513 25.205964928082196 
32.75336034557587 17.831379696541894 
15.843998204276687 25.81736730682429 
83.61684485449939 6.510483596617309 
61.999652522847086 9.955947936383435 
18.195313082763306 24.631743785254343 
60.52752103893661 10.134619476779514 
42.448590992661046 14.5460075569203 
38.403235464326414 15.861529489057668 
28.482708605787405 19.391208730357263 
63.06860382818884 9.64765387814464 
18.814579503785406 24.086356914435292 
18.32787189766256 24.47936719861557 
49.80203348172196 12.555450416036384 
73.59373594461562 7.789212282114587 
71.81228246447853 8.038962347725228 
33.52345614074273 17.66860107343858 
71.48448533333577 8.10688941484671 
25.55569930982572 20.65480563881924 
80.23417692640741 6.805096142768669 
65.09961773019576 9.222645942083911 
90.26832727315491 5.780941816283681 
24.704670876098636 21.055040372531167 
30.19849620947133 18.70897699536127 
21.627806679582918 22.70351152373761 
68.06657560148118 8.678617805716936 
66.38409117755353 8.996091166439186 
51.57209075086219 12.18761142946059 
75.71696829201224 7.476201465413949 
33.67293215045564 17.39282224632943 
41.24324119492385 14.994031690586754 
55.39132627152543 11.328826488378462 
75.03317723521653 7.5833292003552515 
52.90854929870156 11.809929569706396 
45.63689156398216 13.6443322280475 
62.365431938014034 9.83907161969811 
79.27489315563616 6.927825876191427 
64.31728798891477 9.434167650129197 
28.482708605787405 19.391208730357263 
73.09428495143672 7.825733119476832 
65.70085123860588 9.112051062760024 
50.51621168321293 12.393424516337287 
56.2331641078609 11.081813676640396 
43.267111065448084 14.305354394193458 
63.979717615190935 9.506619001336805 
46.46383001587168 13.416552462357764 
76.73762443718077 7.3491685046296755 
45.36538516154971 13.719735450518126 
57.16646232580533 10.840056678925347 
28.202006239540793 19.56121911971071 
81.49256167197477 6.795602733340852 
58.82994464092246 10.498525351974816 
46.46383001587168 13.416552462357764 
36.57841069875431 16.39900544551039 
54.56202001761915 11.409527287413441 
44.868172028627654 13.953807183869042 
78.95968624172536 7.063598322972309 
39.018510308170136 15.658035336936566 
57.09567463944501 10.911832643758737 
41.55512577888622 14.85610371110808 
40.399759406220866 15.16575861022661 
55.82127112357959 11.12491510136652 
49.128242829744764 12.81905900689669 
58.02393771651605 10.643797032596574 
