35.3860431211675 16.792851586996395 
15.924399199498374 25.764005418721545 
52.930919037746484 12.000255061553267 
93.94727010061024 5.500255587781142 
9.195618728139717 30.86205784622867 
38.9709561581777 16.380734521077727 
8.387949721226146 34.257465336471384 
5.060014396330304 35.36049775524601 
60.29269953022671 10.984130511868882 
16.906173355329514 25.29965634914189 
44.3134342030965 15.955050686085428 
10.058801186332044 30.089029717267575 
61.09925631118796 10.207402173790268 
18.345479834324124 24.518375912356802 
14.775275128381562 26.72138696656247 
6.410682034884898 34.975523823139994 
28.28698452595294 19.710400332904086 
53.737032349213976 11.644273335996015 
33.35274572932485 17.59217800125433 
20.55934862033292 23.249777466895313 
24.411534516108443 21.23115012044107 
11.929474149017496 28.678065329167865 
47.5046769061022 13.148365767004554 
15.211407794324883 26.230399528740854 
11.039263535493332 29.338593179389484 
20.216432472281056 23.49142945566141 
13.175705517978827 27.919916645907687 
21.940850642271158 22.815054929378213 
121.57177477315486 4.232157024530832 
32.818724863623366 17.727675957486422 
4.785053592086827 35.902483944109335 
40.52198310833954 16.294285714742642 
12.588890079799413 28.316859164309758 
20.07875081356803 24.273101066298167 
17.305089780527332 24.911583449375716 
22.54003668231304 22.602711924668192 
17.304354271760097 25.243491372167412 
2.398100140187158 39.68848985363486 
34.02317541106005 17.385034987142475 
66.7823298146735 8.923206027395631 
50.748568143048395 12.385333349430555 
24.13495531805087 21.512795835664196 
