86.73779439228828 6.124236531986607 
27.754546489973734 19.686534134689047 
22.054329461771434 22.34486703312605 
44.87343264724676 13.853084998514774 
53.56992420070071 11.789525976078586 
18.339279871013684 24.32017737531565 
21.63197985698681 22.541459599609958 
29.71293008673089 18.884401523173544 
23.955588028122783 21.38298089318579 
16.06883298181436 26.004095757164862 
37.71419483308482 16.04529849162348 
68.07059863556049 8.678059015466797 
65.32472399786684 9.372284562514466 
33.789158454645374 17.5257390992882 
31.86355569043235 18.394310411453883 
41.12421370392108 14.935761596587072 
48.71049614440106 13.058083195964135 
26.960704188066643 20.033746819758036 
23.171641119403933 21.80583074653736 
22.56045511409766 22.17285493471067 
7.59613746927784 32.99455968005513 
42.08452533214068 14.674293655465402 
24.741516817016034 21.0377973213295 
15.028880628382081 26.669400926166993 
13.8070304360844 30.113080658229492 
22.54558356629422 22.192238814552695 
59.674705227009284 10.588052639073577 
27.65610556987265 19.77929182196702 
34.97542419791355 16.982412808647155 
16.14491882620952 25.823297646597904 
25.682150325245367 20.589771351659024 
29.164858341754517 19.10690535629609 
23.824091600325104 21.446897687470745 
77.83388691133264 7.143507204649004 
73.6186559241681 7.920435232114024 
13.885860668519303 27.22081918183295 
43.0650992148258 14.363248954801332 
22.153774812966812 22.256599023185682 
10.843835268378873 30.769971922526317 
10.186655893492308 32.161863950311364 
74.53277396968313 7.597651463127562 
32.816449088567914 17.799649019436742 
23.964431610367832 21.37888763303046 
36.80206796052201 16.973886675666577 
38.246916935772276 15.843105155279215 
11.367189661268617 30.18233113855021 
26.708839255146298 20.13368476582807 
33.810537375148975 17.518106414598385 
74.74543509813311 7.5655191588218855 
19.86582019471274 23.467275102582406 
27.20184858090726 20.026751147212394 
76.36877601593817 7.400474378122548 
34.43116273037332 17.344021223280322 
21.382947777544082 22.78066077403927 
31.644320492592257 18.4646804303368 
72.63013308533388 7.936440438061636 
23.452802582421846 21.630272731719835 
27.754546489973734 19.686534134689047 
24.682335995385536 21.06149398199235 
23.171641119403933 21.80583074653736 
18.08813018403982 24.5220648644694 
25.57189668871225 20.803733496143785 
23.964431610367832 21.37888763303046 
41.73576684862556 14.90910314502705 
63.811816697936564 9.486573873800076 
30.60813349815226 18.791686412786518 
