20.266919925290615 23.237007966305782 
79.50587799310765 7.299329757610611 
36.555824591776044 16.687045146677242 
43.814778307960566 14.241320215829447 
7.140707244134701 33.820347389199696 
40.861332586684405 15.017553063439902 
41.71474742508891 14.83264562617601 
35.86859077468904 16.837210547893886 
16.528382473002292 25.505929984085284 
21.448603841052943 22.628635418725253 
9.286500972060951 30.940167897902 
70.84415959423991 8.36757751764309 
99.30461085956759 5.692622223916292 
42.922455957221025 14.532956652464804 
55.571620092963414 11.612127090970215 
79.78703375823744 7.255895677742519 
74.12537677598182 8.15033679080322 
28.12826263615387 19.532890687936522 
90.66284059659515 5.936010156787085 
69.44357341455321 8.439244184314315 
50.135368775484544 12.477450214614827 
80.49789127274359 6.7720561608243965 
23.41538313374314 21.642379513797046 
41.208764496800896 14.910143540092406 
18.06029170897216 24.538168899950143 
26.629959541937538 20.24070342313309 
45.90302354706682 13.626755723119487 
39.22352481350146 15.524572272357336 
57.383780421166854 11.063408056577273 
15.940644018462336 26.120363812380855 
10.207609578105671 30.066227355880365 
21.204837239933138 22.893246059026175 
51.24528955113098 12.263747031399417 
25.97355984711949 20.67405810385324 
8.731687165117908 31.740748477677656 
83.6657495623677 6.403360999612394 
53.62009484180195 11.656342357008821 
25.037657616045973 21.241173886737513 
23.005351415234557 21.924023907935585 
78.94306268743851 7.359392716307058 
103.59743657292802 4.895276170693768 
34.5080515164227 17.500075163703414 
74.50682520921991 7.8912905270013045 
16.787993390626138 25.23472798857342 
21.930140164703296 22.421104924052983 
36.772734659963035 16.33642409319464 
15.103698973515407 26.30299046880859 
5.819115465852242 35.96141826249285 
34.56051414531994 17.09412231486894 
49.83333522065584 12.601633095649781 
93.73288008481973 5.704821481630169 
9.881520576506887 30.244162960775533 
8.09536506920913 32.19179049909745 
19.640193115320564 23.573503246639774 
14.262745130616016 27.559702220959146 
59.182073889501396 10.487157880288182 
10.567483956632199 29.946069177293175 
7.819795857681006 32.47651666148779 
51.805545446702084 12.05841034803213 
40.74134486371819 15.052110663736265 
33.11640103336154 17.747338269373635 
16.268229037656873 25.5491270328876 
