69.37692532148422 11.238626660885032 
28.228380164816617 19.5505903498243 
27.811795141525526 19.711107883684285 
17.390928571452264 24.893805201810274 
11.87157126616533 29.74508696330053 
19.067404315617324 23.941900009047302 
22.02503691742071 22.403822244528044 
53.28257290494885 11.820895671886042 
27.295273175866285 20.564923590907 
15.766337217097764 25.984656829312122 
22.06008648936464 22.38179198720878 
28.449376301126776 19.414999414435265 
30.959652717010698 18.3969129945069 
80.18394281484674 7.114917314678036 
42.52148419970213 14.716979387834831 
35.169222087483 17.16484261495607 
84.37473240922905 6.771158650999403 
47.40445257399191 13.846162201811786 
20.014078152332488 23.371501290193073 
28.313835294211138 19.45761473162652 
24.1939684367185 21.59721448962373 
22.888864210817534 21.8947284267866 
75.04500539901798 8.08407345325887 
6.561016181476886 33.653878211188605 
15.131476937575462 26.644071470927273 
16.653227946858138 25.335904614487937 
21.32461222064253 22.80019042725072 
17.94314123211113 24.539983898694366 
51.01013979118103 12.536266023364266 
23.33975797996991 21.711414245583452 
3.0324171274494995 40.78678729415877 
94.9300803132368 6.484253709329515 
45.833268513257735 13.920384349189698 
23.203633383604902 21.742058318930063 
37.16330042967595 16.407430980742674 
10.367106521779434 31.46159573644739 
13.335311367542666 27.731309331938206 
5.68476599350405 35.8017024801387 
28.614845149456052 19.409867829088086 
6.356349711882968 34.81241864224787 
16.44088804765554 25.573869285160747 
18.59550910601626 24.160232084240366 
29.261838895933174 19.075246170747846 
4.4172140770914465 36.300151237948455 
51.871651984472905 12.25816378741436 
33.85773251060743 17.325228288735577 
18.952323009919173 23.95497708637027 
105.43272752743331 6.03332625768784 
13.121635277337177 27.99597461998743 
18.449674407388905 24.242002595058906 
14.660280724504606 26.7327981553546 
106.90061784186378 5.8180842117131615 
36.33839272644981 16.53070591139985 
41.03838737933994 14.961773592658577 
25.411395130504207 20.77220495840598 
20.860936747419018 23.067173376765556 
