25.1870145139161 21.181590915522484 
14.43580671783155 26.755929446170754 
64.76705598238298 9.288579786125872 
76.04925149447962 7.484545417171164 
31.681297010487334 18.124981403969947 
37.85823350059189 16.233712648975562 
50.68956381859715 13.11484067389538 
5.544164036182264 36.69381660506486 
39.541136544791385 15.812652362019145 
33.43119135397694 17.56836516166912 
26.444820756476066 20.2577806390928 
22.352712854430358 22.161028491532186 
19.34951396648819 24.22124981038568 
54.78331391676542 11.73448039365043 
42.224183842345106 15.20242890876716 
50.83587039703036 12.504015615146322 
28.072673750184887 19.593581760672556 
47.11326454717618 14.0322270795079 
36.8203567100729 16.345284926379005 
30.638800472507164 18.531144618814753 
8.024236404391008 31.97999886329533 
40.4028865113689 15.221241005188755 
10.04134781668028 30.105411622557142 
11.584460602861602 29.36288348599583 
53.22424834242109 11.876272941562677 
26.992133162203437 20.041805209405027 
39.11853652394644 15.893662838859894 
42.92423867562266 14.427931573192403 
21.821798458382656 22.560485334678397 
16.335892053627205 25.526512572121064 
40.06985235104305 15.475739511931888 
27.28643833828393 19.89998802262049 
34.15543428642025 17.37506097417204 
44.18760859276971 14.12152086279442 
8.526598225603994 31.484030492785166 
3.6536524121239013 38.02686960367604 
63.56243713412965 9.562394996750303 
32.216414009909926 17.98584948133165 
28.917015438611774 19.240306769194348 
38.959450673228886 15.98241996617562 
20.72706054913004 22.99473322897822 
8.019868587031242 32.611446272850515 
17.952603903732278 24.548072872372664 
47.86160348864034 13.12859864237841 
10.680466989693937 29.592693913951678 
9.863631854221707 30.41651797959557 
29.413342214074834 19.020674049228084 
33.46210273280095 17.463463843015248 
53.21148064204146 12.12268040337338 
7.1052004205564145 34.33410641730069 
15.176743316938225 26.26414655683172 
64.3660430077254 9.365321253891414 
56.209883587476384 11.072456523288414 
64.65811741162707 9.331539077264566 
59.34758114721879 10.543744603420215 
19.527998921711806 23.95068181967875 
32.65304431166027 17.770224714408016 
