4.778200770366828 35.82619933046364 
16.543726767861468 25.57890884531996 
33.40874072118412 17.97963456067061 
27.426566701844976 19.83462240974332 
9.76656827399891 30.36057000686654 
51.50281504862714 13.053271611363815 
80.6998734853039 7.029864335421035 
15.503626575159641 26.452737602550364 
6.281636332906798 33.85193026251674 
101.55883852767735 4.919167543943305 
45.54652430812743 13.72541998992091 
56.14520860446868 11.486770129554216 
78.63144471171645 7.056707705289499 
25.663103505906626 20.62965879758491 
6.50707908880765 33.60190687393397 
70.60003786331346 8.237427548944009 
44.45017383115153 13.990721318588461 
40.741826158741134 15.060874708752602 
63.73939384199697 9.593497171454672 
83.42845605997991 6.524165591673746 
30.386699002442942 18.642565431290983 
18.275370461630246 24.680244654985668 
95.06288549846965 5.341752414596515 
68.12333129994444 8.912340620060306 
43.93492586589505 14.143719065130519 
54.03997985375286 11.543205693140717 
109.15359212096905 4.735913830399444 
8.554521185462832 31.46328995422794 
31.991169563659618 18.21551710290493 
20.950292763663498 22.887423958273928 
36.00997292292499 16.681528568378223 
11.424857221885112 28.98278815031616 
5.953073593338697 34.34243794359298 
86.35687227465388 6.110149191191295 
99.73298711097871 5.029887099962451 
84.51754328514784 6.335552802846566 
25.337089640465933 20.78689358998722 
77.57862276252592 7.154182260511216 
6.672636693496775 33.407905809456416 
55.45627448579809 11.541003208559037 
98.64351876490667 5.171892270220413 
18.275370461630246 24.680244654985668 
72.24882113766228 7.9881488969240735 
12.626210871266718 28.03066225924384 
70.09033756999389 8.611814186901633 
63.122534979439884 9.618946221893687 
75.92198643034162 7.420302818953896 
4.795070848113438 35.73126442412738 
22.404812920405327 22.136585975080948 
24.243827558702797 21.352383138525788 
82.65920138893149 6.682767994341738 
57.22995211906665 10.816632126040613 
2.637481012903401 39.29079207803362 
53.36851341812404 11.726031614850335 
18.44948565528904 24.240613265764864 
62.31642903724456 9.920933794394697 
43.93492586589505 14.143719065130519 
9.16875824213822 30.915132759516872 
39.1156753010403 15.58002107483561 
75.02784870974578 7.522158311890324 
2.4543511449002016 39.8459410011193 
59.57897390171929 10.330191784200052 
17.02722865839149 25.326120188597848 
7.192683716500083 33.168336405001014 
27.813282423152998 19.817443813404125 
70.59772496620512 8.570513426260646 
