134.17645025994506 4.002772658320767 
6.754150453422014 34.08052546137348 
11.716045121480962 30.79302552280687 
13.961704275002626 27.506492135003704 
130.67911982221267 4.2234152294985785 
116.72233378818348 4.260843738865219 
30.63060860745241 18.552512572229787 
14.466177148210427 27.053437691500672 
17.277758720048357 25.20014536486962 
99.94781907589731 5.00422763362425 
92.76623001653901 5.52267728804202 
106.9042901277185 4.626382116735044 
33.16350998220979 17.666453731214965 
37.480903405391814 16.123618399206176 
111.23896383099601 4.447115022021297 
88.46581560510114 5.90082431939817 
58.10778376874679 10.647509154742075 
76.70316182836225 7.321159457839958 
27.829737337988963 19.65522643426501 
26.184110979545927 20.52472778839502 
27.829737337988963 19.65522643426501 
116.53682042743552 4.275879751028523 
51.04596814274582 12.408121470061591 
101.98998649593906 4.882706310481597 
48.218145672264 12.962621695022818 
19.780228614923033 23.718606084379722 
22.630713075325637 22.07492287636864 
45.85027289797225 13.616046507171678 
90.4496788592928 5.724661082067297 
17.403771793641038 24.880696300199887 
73.37292249359696 7.776551364564403 
48.895167720033626 12.916808809558596 
109.67101428275998 4.504077905780593 
55.97466810278612 11.114121754159985 
60.7012923192658 10.231209297061868 
39.364347143778545 15.557325171851563 
81.5899234473791 6.707823026491722 
24.119633071130096 21.40048755495728 
85.29066710152375 6.219546406513569 
79.71756654983399 6.869891496238692 
55.058980848871016 11.651058466009221 
20.598343821825296 23.061374468311726 
36.00931173624316 16.617834231985682 
42.236595298276285 14.604517776732587 
56.93497063549501 10.893322950519357 
18.64413815550554 24.272364559874518 
43.979003646971925 14.1695642776728 
130.67911982221267 4.2234152294985785 
78.30853690594628 7.080345852111697 
61.15465601909288 9.996420964776224 
63.022852300069985 9.763304338498234 
24.64435642135362 21.06178408140007 
69.8215560299795 8.437302160986988 
85.04389778822207 6.2471348002346785 
21.870394119870074 22.45651796604509 
66.85308381120753 9.0316922750599 
64.83140109601827 9.353454734721673 
18.825082139975656 24.057261714500626 
68.50014444462914 8.612322938461288 
71.4789801145566 8.088679398644894 
92.63110697557902 5.543071380722127 
83.04403290037206 6.474209987267436 
52.92094295160712 11.79144659963954 
63.36611452692728 9.570370977381177 
34.40565394696121 17.555452329088876 
34.626895793920994 17.33077638922909 
21.216068547283903 22.880728691703826 
51.99698268004495 12.172888224757303 
54.125344955246746 11.782924924747041 
77.38429667337012 7.180943708152636 
101.9364040984394 4.910646201204231 
52.05478204979011 11.99676396219207 
44.70865495491685 13.915462129839874 
65.87046688323143 9.135557683227841 
83.0333554110137 6.477034189575342 
22.60675969564742 22.425952014514603 
67.63240519876068 8.780961065834092 
42.03176972611421 14.776832975736717 
40.9543607193023 14.991258221245406 
25.390009131353782 20.757571214323796 
40.37288116478237 15.29882530114652 
35.61824295060537 16.712479574674923 
65.27995887953841 9.253324013224514 
24.20594025069027 21.284186801449515 
40.8599594168588 15.020615807665928 
72.35066803911992 7.941918735983792 
45.42269940420306 13.740933710412273 
73.37085235866296 7.776896429372533 
70.55810734922534 8.245294560920554 
25.606464707356633 20.622862490458857 
34.84510439501631 16.99244086358538 
35.100108192676785 16.890427315693547 
72.32163169434838 7.947374196684125 
70.4181850007354 8.270021909736634 
60.870052713503284 10.107414991505973 
20.921059518433545 22.88856934292682 
44.31766334218926 14.078473045341406 
67.97136925200121 8.715948510469305 
39.78215326728049 15.476844414263162 
63.22865094004448 9.67567165129432 
