39.07399166347531 15.68428633948626 
52.80940155904578 11.827753979254986 
39.27194171718569 15.590098858142783 
37.9301819356345 16.016496094861292 
40.94234674367152 14.997024217664226 
32.85833869261545 17.687442537548385 
49.460004433871816 12.792749196087236 
55.440037751915945 11.237067573786156 
89.68279611349372 5.823649060439867 
29.175765559389596 19.232514248829865 
53.35500960747083 11.750152325782377 
56.7500953303566 11.078278906281437 
63.53102373323961 9.638992888934236 
36.497826455327655 16.42436488494858 
33.8957080791142 17.583958347728135 
62.02115745910378 9.840415405694484 
26.840309828649154 20.21506959357807 
64.27022274753753 9.379718588877463 
20.911257050419426 22.90099336828963 
47.56520833361216 13.333204485555328 
56.38682364956418 11.115178840915505 
52.89621445595981 11.80669197178396 
35.17906420660644 17.30565286467744 
33.090556324510985 17.607771270903484 
44.00074890677918 14.223582671528915 
63.88978206000222 9.504797479475943 
30.21073642812453 18.692398641807017 
62.582367911288685 9.787847150299442 
57.97653129321794 10.7119033306662 
40.79579235544735 15.039279482819897 
59.847172653817566 10.4092181986105 
72.62307043573075 7.967855489075449 
29.11785211672543 19.25317168663674 
17.749885439311434 24.86793846835839 
67.28377694953508 8.953350728860855 
30.40915743953672 18.61536041586227 
17.3065987851332 25.029197187254823 
17.91621050182249 24.61275798536758 
88.7552079929895 6.015339190542365 
44.491739245370624 13.96584780327014 
90.79163164355519 5.709280084272358 
70.26492008441829 8.31915041086059 
56.7500953303566 11.078278906281437 
2.6714588723923285 39.94378309614771 
127.80035248300908 4.288604379690527 
3.303945437512104 38.78704849487664 
9.260213343826836 31.470823601288444 
124.51553962336028 4.650928956541272 
99.36279696414503 5.10108994762564 
82.95338276674954 7.7508663223184815 
9.490489889739548 31.16554331596128 
13.18328164374882 27.869504288794772 
89.23066789829969 5.900878678797088 
73.24950537483082 7.8654630071929645 
22.117057855970984 22.275230779541555 
19.890821882544593 23.44916152268688 
23.479305551258268 21.611280479061513 
14.652840882249706 27.31558532711354 
17.181354532158053 26.084171055361068 
96.82196084342101 5.239554589342135 
93.19325702106063 5.5038508535534305 
32.542094675045114 18.20821891271371 
19.193917730025465 24.103640073814056 
15.626943448931446 26.467133362114474 
34.022831869173416 17.39244744746718 
94.73450291366711 5.4027421703411145 
17.2959364159001 25.034879096097438 
71.58124901364283 8.104064699973664 
35.58593181993018 16.715789997005167 
41.58895939060613 14.90089361563301 
66.55871352021109 9.003073224849986 
18.267456759522652 24.442215482310253 
40.55066015019818 15.112806033299329 
68.24640707543368 8.6708877489092 
30.86821535702083 18.43865375923947 
38.11535433962139 15.88272891999269 
13.65010699710976 27.55766586964895 
42.79465039692665 14.64213102999241 
24.38975299844202 21.189593515410138 
90.43501887861174 5.730540855096587 
37.58531292272882 16.046443863896222 
59.55971632890443 10.41311480737104 
42.99097894489144 14.38519176841648 
