119.95931633936993 4.25110433158776 
3.848661272775641 37.630305261386525 
5.132042421092612 35.265186195664526 
109.50977528709683 4.574738503488355 
6.749158909498288 33.35440965220904 
8.887969398348083 31.22128136613178 
91.44163275072628 5.743837856130089 
87.24462669076567 6.187172664179023 
6.2634792439731 33.87690041767226 
100.39605606665218 4.980008997720942 
53.844383334062634 11.604976628272066 
56.45395687314391 10.98765912151272 
106.57414352464859 4.646591641313541 
11.207163545376055 29.136859299051608 
18.349329162626788 24.32838901008869 
50.34122964642974 12.799990603562016 
16.826516534147657 25.279688898523744 
24.5371442450053 21.28619983584072 
77.80713766279479 7.195298336835654 
51.31597311873918 12.29307628546568 
52.54114676309527 11.99470019970025 
12.006976934864252 28.55547289543541 
94.3257739086201 5.414385313474078 
47.29686095868437 13.21014171857472 
84.04552910640471 6.396886593983126 
10.474404452307228 30.008166657096123 
15.778638261219603 26.308988747299697 
47.7457219036437 13.07664714112218 
45.30608462889603 13.735455022684926 
65.28277697145867 9.24064446142443 
61.48012120110469 10.262365865327045 
62.15215044547365 9.848195898969884 
103.74002345031025 4.842755997605083 
103.62503376497847 4.912994887633147 
22.39936137150209 22.14027420270216 
25.611877649912003 20.619240602245164 
97.14866189751356 5.203331669141622 
16.201921763451377 25.74277994851414 
63.58683413512243 9.548599543296202 
67.92803646799274 8.726583427323261 
79.79679662570143 6.9926128099506055 
75.8726419977583 7.3977246351876955 
40.21950661593605 15.54088781459916 
37.62457129627883 16.08084053548687 
66.2700818781718 9.054821619185237 
27.51139734913299 19.906370571131106 
44.43247094043873 13.974041134514101 
73.41007673346434 7.929722382407444 
19.215888328477526 24.094742569116924 
13.142386608561791 27.81117454711338 
24.002648855708948 21.71462798030033 
19.46293252965964 23.811648590455626 
38.84560942336854 15.679496652303104 
14.9600620337876 26.679887016046983 
12.628799996091193 28.1517848075731 
30.369363359456862 18.6731960410887 
29.14370248371968 19.1131212279183 
74.05477430169469 7.67109611034032 
28.370982329148827 19.4398068702922 
38.38014557249303 15.811295273242989 
69.33605264499464 8.520513533836532 
9.184781377717545 30.87891423154148 
13.658609157003141 27.42034028678173 
32.94160254866679 17.699753731429105 
63.110830684478984 9.613870928527112 
10.012369336944598 30.13930099525625 
70.43294489763844 8.297504197570643 
20.04353080945021 23.52676717094568 
43.54839676304064 14.226198601443713 
31.192973746635236 18.31040677107309 
14.09560624328564 27.152756886013083 
16.427809920629368 25.492278898880492 
59.65290105947358 10.301133897737056 
40.69872567454884 15.066043209699561 
29.684060735998408 19.02165056609629 
43.32711163062214 14.325607328725429 
33.811956886569995 17.34966060083677 
68.29567535492896 8.672767117484177 
58.70253735111171 10.564486934777428 
71.74318650816207 8.20566009501853 
41.47541219667041 14.875262897959434 
21.28908032795981 22.700697169067666 
26.589868696956593 20.322698059253202 
21.28908032795981 22.700697169067666 
28.425694982440653 19.416308754268485 
20.124095297199773 23.31699749182133 
30.061803085668526 18.746361261749232 
97.14866189751356 5.203331669141622 
14.444747411979678 26.815704448718776 
9.62051181737619 30.474365086489378 
59.64714043392631 10.372691868811044 
80.40771177479576 6.833362568357751 
9.565601932233278 30.547908663947247 
96.0377664958269 5.312221097917153 
57.650387116589044 10.72362017914492 
27.050409130498224 20.02078027551007 
83.5600802794576 6.480562972235335 
31.984896616938894 18.02679799602021 
26.421350539519167 20.408379174555748 
37.1602011350964 16.362070964806506 
