28.483229648533495 19.418739644777453 
54.249725867006006 11.941481859797571 
4.478524614102686 36.245213368919465 
22.959009668440714 21.904633320344075 
55.01160712597125 11.310975314643873 
16.600868341170862 25.567877760028644 
52.32755493957579 11.992038155015699 
29.75193295373611 19.044150760115464 
26.112249512362276 20.42225445688258 
14.721215759799954 26.76138999181505 
52.85154378816438 11.947127029646197 
103.32422439120256 5.568554680137941 
39.993867271745096 15.433426546708247 
63.54362521313248 9.535331760212657 
64.00510087893196 9.430916471142996 
5.453389661219824 34.955002138026025 
49.09292246313616 12.788432854705281 
39.537533818745395 15.55656364726092 
24.062006854296627 21.370716928121123 
109.01440037355803 5.360576977514134 
27.331625884359596 19.87899682360542 
15.770940360696663 25.95721302383607 
6.1984410436407575 34.189375282347385 
5.7537260456382455 34.579763409641856 
58.54015424214047 10.588947874627726 
32.7285847862421 17.776629059141413 
29.956618384646305 18.852421897095212 
32.11927080126635 17.9815381380096 
46.792552624377194 13.577966665957526 
36.3269491820738 16.509509437562137 
45.09852659372807 13.851152444541645 
28.292884430544643 19.672076718242025 
45.09182979849105 13.96711103562873 
29.13298148513944 19.117369629423216 
42.21098582506881 14.67677343406697 
9.165809247983079 31.427114702460827 
62.41392733786127 9.7550737648628 
61.24398806674363 10.181115753715979 
18.73710041226277 24.098778960422887 
35.4049918729332 16.80958955345801 
35.065716025699814 16.917987251341238 
7.159586332195155 32.941326484918136 
4.822637095478857 35.726511056437694 
39.47110599270292 16.02096161785036 
56.727550222241376 11.014623148979325 
47.729056113662146 13.17488619871309 
6.736458571161222 33.630616029216085 
12.722059933630991 28.015929431489496 
34.051706215544115 17.253478155926935 
8.067247125888112 32.245941487249205 
36.475340711875724 16.414616834398302 
26.73212193099376 20.123450023158064 
14.86119505146787 26.499964650357263 
11.55853275599947 28.920850757052328 
4.822637095478857 35.726511056437694 
111.2101920383384 4.930584707266189 
41.3945489667046 14.89897058164392 
63.80034857960078 9.471128848256779 
60.15679973426606 10.444878422342523 
42.21098582506881 14.67677343406697 
54.30761410152826 11.514138255969879 
42.529946634186786 14.539112961981019 
28.05036078313946 19.843992086895227 
57.08111059060184 10.941176604492393 
22.47530983152054 22.47331649168391 
48.44959882169144 13.118345962726483 
109.01440037355803 5.360576977514134 
39.537533818745395 15.55656364726092 
14.650663626954543 26.80207523557945 
44.5443700359138 14.169817009671064 
18.73710041226277 24.098778960422887 
28.67147255823042 19.3077274422191 
17.82697500145935 25.53494433656438 
10.220138543995377 29.967076813814256 
35.382886894286685 16.81775226546805 
21.724748105193783 22.715320750427917 
61.37122953323939 9.966322746255525 
27.210926342421516 19.944897911612927 
32.44915692044471 17.86051567687437 
54.83902164078283 11.422624837000955 
100.19542834363912 5.983636651413556 
5.954556363279103 34.30231160286621 
16.272011048376115 25.788710199324655 
14.023970434419336 27.352535154165558 
31.95543112637702 18.164284084280403 
52.28997694008473 12.000182723326134 
39.57106714967827 15.547407911811712 
37.73802443278729 16.27035470874815 
33.528504699906705 17.50463976391748 
43.38748041928881 14.2965968542029 
9.320831895265377 31.274262397123614 
41.80551401225862 14.782124673982036 
58.625334742022055 10.568999097483243 
36.3269491820738 16.509509437562137 
