113.04595524878923 5.182265932561331 
4.546089145202899 36.08490077411308 
5.77681959907412 34.47817281954883 
10.252645048663805 30.03180712016411 
97.40823892783314 5.403350884534655 
87.62711563207958 6.271430284841294 
93.64354110572795 5.79228032919756 
81.20136718213026 6.69200365390788 
36.08608188135425 16.62101112910034 
41.0982563924901 14.951918649232272 
16.229487380478986 25.69375322982909 
71.66387639564115 8.056250795070369 
38.785925068769394 15.83277021673861 
33.70168981351207 17.38334825081455 
14.575685866684124 26.918035082423653 
11.043710653172637 29.348974922748422 
18.20646132510165 24.408304973740638 
23.97819189053305 21.369739721081157 
74.17240635405321 7.679133475552888 
19.736589573616058 23.62375795554126 
23.159610780147194 21.761823413617044 
30.95593798995435 18.41135221050856 
66.14920136617263 9.419519157706045 
43.02079056755215 14.86573689437372 
61.2995363964748 9.993860594573473 
59.38603396904163 10.420668732765176 
70.10491490153845 8.487021175339146 
28.270153759329204 19.498204302125842 
78.80797035082739 7.033976449379191 
22.155592771412188 22.2713865711898 
63.59935633001247 9.511075134186875 
25.544457871438127 20.869455191597186 
51.60117522664309 12.212994099674763 
20.970490420522133 22.87108068038681 
37.4163098001864 16.25999987043751 
67.88832204866702 8.933854276835767 
30.482023634904067 18.58339791837591 
20.115812652357477 23.391013979202675 
76.265261591494 7.339247982228523 
69.0052513370384 8.525103020474816 
14.052439014884037 27.648143236577226 
79.13684461435571 6.945235126090709 
60.90295321397292 10.08077728430434 
55.1121514002633 11.382787414306712 
32.99002663503565 17.645156981080405 
10.707733275156903 29.641940082722066 
12.389577902505199 28.486066049636282 
43.78258164183919 14.360349467295395 
29.208595989992286 19.0912735043543 
12.903568140716798 27.845150102353074 
14.205849268606027 26.918398635494555 
50.47649661178481 12.540349289566556 
53.99706652331359 11.605511677169062 
81.19590966243982 6.697586867201533 
32.99002663503565 17.645156981080405 
44.79613540472974 13.907324666189606 
63.74090586125672 9.502927200298597 
12.546493351035718 28.099532465338783 
27.54203640603364 19.85734566656997 
46.06817714488214 13.676401676603751 
12.389577902505199 28.486066049636282 
47.75697595151233 13.277815053260534 
58.25053437952349 10.653080022364435 
75.38494237791497 7.554671755880625 
66.81369122578587 9.01488066743277 
29.18513442665754 19.10466355422293 
52.503945388434616 11.971262975920101 
55.98010830763088 11.1996491572419 
48.43688345760128 12.974927251095139 
53.37942199542715 11.74176960516088 
46.9133090723219 13.302104807640069 
21.68716088115492 22.528803387212527 
44.3496159951241 14.009046332509097 
21.434629966502733 22.640434900028243 
18.002199735257292 24.721894911890082 
17.894342402843172 24.86149763603337 
56.16818493936468 11.04916888347388 
44.267620725801805 14.321931706279234 
16.57719627238317 25.449589117064647 
16.888098475032052 25.370504313837095 
27.00708529642751 20.075416528549958 
52.754261163077175 11.875435070024679 
17.438397769178593 25.100282542866367 
58.15905404112961 10.806960538165047 
37.99287807618741 16.01895781011807 
57.33436741929374 10.839359022729123 
17.32585521180032 25.170314554840097 
26.484907654529987 20.26148451426934 
37.9544637967589 16.0331120848624 
75.82287442624627 7.434198417151026 
56.96213075591047 10.961003443713324 
27.208282179167007 19.98226837325423 
25.697989229974077 20.638343572455057 
49.80663255284499 12.578541546830003 
48.55763148071021 12.878808661280667 
49.20392937563633 12.75587810612911 
26.470237342354505 20.338732679900573 
30.8480770980894 18.451255451438705 
48.90488805757322 12.777080631079944 
26.204481168058223 20.494139545383845 
