58.473844170943806 10.556881310373566 
54.2883094765457 11.51609272512928 
54.763614131907545 11.450974563048309 
7.811173893349123 32.49970250540307 
31.72770937206785 18.26122199991749 
8.993111258637496 31.572145548670335 
2.660642428624021 39.401801586961994 
21.34938398638911 23.461784118150014 
9.428707662885241 30.96077078563846 
42.13914547749033 14.655096173791303 
43.55581308516358 14.244135534901153 
45.8910929478882 13.572876477641305 
69.21737789484831 8.476624284098353 
26.419041028951096 21.779193831935576 
49.38309213474456 12.655762136897133 
2.025215590636461 41.21101462197501 
8.15635373986477 31.989441441952984 
69.88382300240134 8.420270589758585 
92.72400741511657 5.655714508197333 
6.7585797932025145 35.58672915604305 
34.955730260666485 17.23813851046687 
17.015070234450594 25.1611473096797 
11.580248986197223 29.38416549055428 
10.86508992182659 29.73997902397437 
70.64397322105978 8.266169916485115 
31.949227627474052 18.216681363514773 
54.28968827625637 11.515514943702874 
21.354053546270485 23.113160208580112 
23.594312720939026 22.752857557029422 
4.875787319138689 37.17004820947291 
55.11022608334646 11.428264647179974 
52.00036532181245 12.29325470866615 
57.305493447238156 10.914169818328318 
31.238623570697456 18.32337889490372 
5.312117365787524 37.0046685989367 
34.080044152083396 17.494384777281986 
7.692421161899391 33.840775421802114 
28.71679856690656 19.292354676550325 
18.85246732679594 24.011196183057336 
41.89490274849226 14.753997274663021 
48.804613737770886 12.949726216196776 
27.212483202889196 20.152520045246217 
9.113109839356177 31.48450176643871 
33.759565303307625 17.65794181998754 
19.40601396677442 23.768508228520094 
39.392474630512226 15.508876819161689 
65.26570847198339 9.23534091069587 
85.33629748071712 6.5055589856918745 
53.717417043094315 12.264479322480828 
8.787524107180204 31.724876690128262 
55.436361751753985 11.258564068375131 
54.2883094765457 11.51609272512928 
57.20352573002438 10.942316642318175 
101.37259560868004 5.203269112256231 
26.58767310265579 20.215687649671448 
71.33459772348749 8.158889184842284 
103.377632541206 4.964752263186248 
9.471539991888065 30.6868144198665 
36.41385390732465 16.9088527957521 
69.21737789484831 8.476624284098353 
36.797847146661496 16.496687943157067 
35.338766557808256 17.099746916238725 
4.104604426799656 38.14080295367607 
58.201458549701876 10.778635505118476 
71.41839453602543 8.120317417630954 
63.741268013684866 9.481332307751762 
9.143844120168696 31.438496847905284 
17.562092868351588 24.892218207063635 
