0.688377728019019
0.697814849450597
0.6943697195968195
0.717671341032071
0.6877829787668668
0.7117974768061188
0.6915959110898209
0.6921919012009529
0.7062243635775685
0.7227734428189332
0.7141853454894785
0.7000504986261142
0.7126988773631826
0.7176790007029572
0.6760158721832348
0.6939139841155231
0.711918889537188
0.6865452537192173
0.7090537512643098
0.6480435972964433
0.7137783777701185
0.7097636210242052
0.6993851958589324
0.7161002112769254
0.7138980366945853
0.7182761873230076
0.698062932530292
0.6910591639516166
0.7126836538165076
0.7104830689863553
0.7048479072910014
0.6996723509973993
0.7068836197082642
0.7104615351175693
0.7146081623784122
0.7008791668316647
0.6905331672162295
0.7046278370508033
0.6930337108789661
0.7083695815715182
0.7110668573602554
0.7140396954393984
0.7125540898157011
0.7129166485535396
0.7093867744920878
0.7103185636520749
0.706556389927388
0.701379799820509
0.7057325759571494
0.7126279962542859
0.7103251779835386
0.7037662876227806
0.6856636356588353
0.7088431122469865
0.6953201774533738
0.6978080664317738
0.717011075972714
0.6923816414950204
0.7125574013562672
0.7086616897690422
0.6842149798078121
0.7094482922369272
0.7057251585806563
0.7036673273951252
0.7065108072970462
0.7110552090358792
0.6992935090658898
0.7028680304229891
0.6987661500925537
0.6902535743559379
0.6587453047840617
0.715636941561825
0.7130254808303352
0.6811599428091478
0.6930979401396322
0.719893196644352
0.7203119511570917
0.6955709889725409
0.7111984972523376
0.72139218004438
0.6979720745849963
0.7177349817284727
0.7102125891202064
0.710084200180838
0.6996622935264816
0.7046437638446915
0.7070972531536543
0.6744008239731142
0.7126433854752308
0.7099246025094563
0.7078096320021529
0.7144623906987596
0.7081661635087966
0.7147868645385436
0.7162244610593488
0.7095597282974397
0.7231169019167195
0.7010998463557314
0.6862450152513506
0.7225609433507767
