2.8099848303155572 2.8315389034720164 
2.6772864927523017 2.7844262939694207 
2.893680393673702 2.8352445149525214 
1.079254407199032 1.4501829456328958 
1.4527999686335786 1.6659066963016018 
0.7617102439421777 1.3719343327118318 
0.3347802179170094 0.7481820865888454 
2.081344969734863 2.246222697725062 
1.18526958069543 1.4632669990130522 
1.6863981769900667 2.9701949941848778 
3.5066103379306433 2.7522228524746777 
4.607069063460832 2.999976540286299 
2.586226646183003 2.999150827468247 
1.3286294656580468 1.6593104625610213 
3.0330110387817655 2.9195463078821957 
2.8057015376989103 2.998036843143357 
1.6405844391372693 1.548512757619065 
2.2678208333588543 1.6673132912740898 
1.8284545463132582 1.6417227877595253 
2.4644754842962957 2.7425269550955527 
1.667877979735934 1.6659066963016018 
1.2456521191640586 1.2220613543986438 
1.033044140547995 0.7563747065699531 
2.184800599575886 1.564914148078309 
1.8643175158093594 2.3438291367348736 
2.7045417333960504 2.9995460270443672 
1.7076176080697731 1.7301278092082948 
2.029753400639168 1.774015314823143 
1.7613791919956605 2.9632279565405275 
1.61294152549642 1.61664787684948 
3.6935826791350057 2.7131328485393498 
2.3284679083468074 2.7421150507974597 
1.607310667368581 2.9834096638508054 
2.401522904843799 1.6689327246447598 
1.7511719346388634 2.680563026562039 
1.0029443213703186 1.2427042962107353 
1.780258390802132 1.4221565866984278 
4.292553740231402 2.997980129134906 
3.1376289497743723 2.999512644315648 
4.616256831396174 2.9995342696936205 
1.6935240910507845 2.019685736698493 
3.5280192802894557 2.7953278172684777 
1.832502506827933 1.619783827377053 
2.9035435537239844 2.860166058360799 
0.9746971506622328 0.8355876085207632 
1.0123020160837073 0.7481820865888454 
1.785415095316504 1.7579175273802141 
1.607310667368581 2.9834096638508054 
2.6772864927523017 2.6661050606613905 
1.7036954606626264 1.6825262927207327 
1.8284545463132582 1.6165496573259712 
1.2663942436283464 1.230253974379751 
3.5280192802894557 2.783720000720721 
2.1949977214571437 2.9409512402207576 
1.8605333795240133 2.4122065029445827 
2.709386356281492 2.706371241361272 
1.438136103411797 1.1459166610203346 
2.800016610407157 2.975702256354781 
1.6863981769900667 1.507892294559142 
1.6935240910507845 1.782339234303456 
1.7475270168395483 1.6640634038096573 
1.6794583755170827 1.6689327246447598 
1.5988344774041487 1.4718868539958385 
0.9354811186567283 0.7481820865888454 
