3.670563748222681 2.9425063682547274 
1.8910245165859214 2.9967697983078008 
3.614031397848599 2.0947846899426943 
3.107963491371435 2.913792730008448 
1.8161894775026266 2.2063037475181115 
1.733812177136236 2.4206810547695534 
3.3960009418642114 2.1007439354726483 
1.5507517374394166 2.8232712732910494 
0.9139071681717247 1.4112598513673287 
3.7419801151035608 2.984376350348752 
3.4501396953720844 1.8893511229279545 
4.051166189066181 2.986944905818421 
0.43341837050294063 1.1331326284207592 
0.3164019546886935 1.1153406312041239 
3.462393447837604 2.0860914398513386 
4.424573444389861 2.988142861775798 
0.833659228882884 1.6692998731056883 
1.6568997551688702 1.1533454160385777 
3.1896099094736767 2.913792730008448 
1.5667529784556864 1.4275102949810745 
1.5268287309572341 1.8524082927238406 
1.2149146208502104 0.996768384946379 
1.4252711987159894 1.9240706270602104 
4.245924350481377 2.950377531923687 
3.6452815633775293 2.7330761265325276 
3.6493889738199097 2.8193447234708904 
1.2602670630186639 1.6890082709360856 
1.7922037833769218 2.0133066842997 
1.9972850667412616 1.071304184496218 
0.20462260505569518 1.072336894163585 
3.755378997336512 2.958372850024563 
3.1203872974503284 2.891270964886507 
3.004201551112141 2.1048036159011954 
1.038329412897744 0.8269578635836298 
2.5099202478760314 2.045378301669403 
4.338030770129585 2.9380938959580183 
4.308823038452063 2.9475139416422533 
3.462393447837604 2.0947846899426943 
1.8050761492890564 1.847828773056416 
1.7268053136823514 2.2063037475181115 
1.8957205645819717 2.61268117377377 
1.7686542548056319 2.4785731852445823 
1.5667529784556864 1.6790103550468074 
4.133036616015126 2.867949363146966 
2.6719552359317653 2.0007147113903736 
1.9034975377558234 2.9967697983078008 
1.6015824881625633 1.9159865861754897 
1.5507517374394166 1.0414311722219132 
1.9842006039802889 1.8508531968685975 
3.814626328114776 2.738616329198438 
