4.703266441508301 2.999995768640896 
0.7583742436942578 0.8826071030755906 
4.703266441508301 2.999995768640896 
2.419880123764815 2.6901537969065603 
0.8218786501292912 0.885281197976277 
1.0175537319848407 0.9176538462698499 
1.2082908386600715 0.8826071030755906 
2.724418776517811 2.5944257237118573 
3.5686137943605463 2.9952159340320543 
2.465172164274035 2.510856829946268 
1.1996403110085785 1.254726274900119 
1.398290184027494 1.4948313558668103 
1.3491584548057804 0.8618356349720369 
3.69506597340089 2.999199922180445 
1.0633819529420774 0.9176538462698499 
3.449514973837191 2.9967444056085384 
4.579134128583631 2.999996935349903 
4.011990509797551 2.9999090803341724 
1.6151360621089987 1.4888925215349298 
4.183073889778203 2.9998968583815335 
1.2082908386600715 1.3369965993414463 
1.1388659429695442 1.4868311766239803 
2.1990775199815102 2.3873201301785234 
1.5846976780603166 1.3909126490879062 
4.087439721644818 2.999997993238175 
3.917906555030246 2.9998968583815335 
2.21495012310217 2.096608517315415 
2.5183947878301116 2.4092175375406164 
3.521463542065427 2.986550319970674 
3.1465707599184816 2.999504507942071 
3.392037022924174 2.970579024671221 
4.4064475071947395 2.999092285788571 
2.5662210497011366 2.9999970678623384 
4.283977374876405 2.999995602519167 
4.225824161774515 2.999997993238175 
4.4347971595988485 2.9999568306839994 
1.5961313265701917 2.264743659655252 
1.2140415970225416 1.1624310171774528 
1.2292633477454549 1.4937356246523212 
3.2687950358475555 2.971878726317717 
2.7610184869858965 2.9999954080604625 
2.1868429446411426 2.055239198502387 
2.394008340639566 2.39504841369767 
3.3106442849502953 2.98667080077914 
2.1411069602782766 2.2207921528473373 
2.1787094143476655 2.4935163133999962 
1.1388659429695442 1.1624310171774528 
1.583913929062505 2.1014941777466136 
0.9653644309255797 1.2906197378852617 
2.59075722138538 2.8557234765004385 
1.5846976780603166 1.4568253690910271 
4.505206925906742 2.999474129675809 
1.34057698799021 1.254726274900119 
4.331990067201628 2.9999936266799185 
3.1686945219655933 2.8557234765004385 
2.3927927751544225 2.3287544231909743 
3.8589738830877405 2.9999349162420788 
2.7698985858796865 2.919229636279522 
1.8529543887943465 2.062304151936742 
4.058797025704822 2.999938960184846 
1.737541609677372 1.501917762261273 
1.3300614580396926 1.4305273408888877 
2.206422296771057 2.3394153221411385 
1.3234405278082901 1.4868311766239803 
3.1079264334324948 2.9698758246942307 
2.1267885850132653 1.66176915581093 
2.4593312717522657 2.3981271767235457 
1.800926972274901 2.01500468993763 
2.489314572709488 2.021934957482049 
2.707292931588862 2.9971523738437438 
2.92581988769691 2.8752040857606675 
1.8755240304923848 1.7398063287290162 
1.867353121143246 1.7561285007241971 
3.758516160927269 2.9998829714484 
2.9270354531820537 2.9056878746035357 
2.178173891589058 1.8717021995055438 
1.7183690316504197 1.4642738936199646 
3.8153268860161433 2.9999090803341724 
2.4533882861973826 2.401678907692174 
2.724418776517811 2.6459856739092356 
2.2764738985150657 2.483207145449323 
2.7509310377204694 2.8752040857606675 
1.7183690316504197 1.4642738936199646 
3.449514973837191 2.8851340023375056 
4.56038157551612 2.999995768640896 
1.6151360621089987 1.404589109993732 
1.6399011381872097 2.1023318391454144 
2.3724895395447057 2.079262982293654 
3.7500591156660894 2.9718165676227333 
2.6325098748964506 2.843638479128386 
3.0064839255320783 2.987237460925199 
1.969925950880224 1.582460431544674 
2.925612188669257 2.9967444056085384 
1.8395321446162005 1.4305273408888877 
2.794605245823434 2.8279754737194125 
2.2402302840322657 2.233221838037107 
3.8952446639217264 2.9981386288767604 
2.1526215934209376 2.026635355925192 
2.1526215934209376 1.975547443830769 
2.9635243865712284 2.9983427351457577 
