4.971837581067665 2.977615741040328 
0.369298801864146 0.24805130639325634 
4.016631258601646 2.989702303137824 
3.5828663803480247 2.911983405171542 
4.617064719463248 2.997559323827074 
0.7167679072847819 0.0835623005874736 
4.42586536388497 2.999651669484865 
4.156561409312885 2.9952099467616184 
0.7291763405611523 0.4593968270422447 
0.8091923959415288 0.7991461025594431 
0.7801773758406758 1.080606842738104 
0.9931688443996514 1.3516638907492502 
1.3912219911297479 1.499636634398411 
2.117372117331912 1.2852916639839975 
1.4775287013491334 1.6284938660648978 
1.3912219911297479 1.8428583433804289 
2.9540724344567906 2.677059440523724 
2.0330998887313676 1.746341676628969 
0.7167679072847819 0.4860092115373422 
2.519539414892971 1.6662709107901406 
2.9355277084640408 2.8628501274362987 
2.0269459100697924 1.9405887673956315 
2.176254026937559 2.2060891355567183 
2.1137498006958806 2.179492212167628 
1.3648468894579138 0.8078197558140543 
2.223959101554769 2.4095986692826417 
1.1588730486589265 0.8296937021301948 
0.8929634002710711 0.5198759723171911 
1.3912219911297479 1.3165577245350681 
1.3448943852232829 0.7884486821415201 
0.9931688443996514 1.4627932309472707 
1.9452911480195245 1.6999297976899144 
2.1483887142804496 2.849838498706271 
2.338144182401721 2.1463242237437514 
3.3991334571746568 2.918006938258514 
2.098386320476352 2.641244774893229 
3.21414228271787 2.910175876263735 
1.3912219911297479 1.1957437051906603 
3.4219545599316414 2.981448489865154 
2.9211196575552685 2.3799096426708135 
2.236256460272948 1.8442835793282524 
2.7124470416956936 2.341826993801406 
1.3912219911297479 1.3594487882234543 
3.21414228271787 2.9932197179234934 
3.2560658506865985 2.981580264406743 
2.479282670753869 2.6417837463104688 
1.3448943852232829 1.1596645005449493 
0.8929634002710711 0.5198759723171911 
2.526687008817495 2.9926004710955336 
0.7862925432746081 0.7607195506366108 
2.7057071448955896 2.2033016715298674 
1.4077287653401662 1.7639362128597476 
2.3984745399887704 2.1651879682764053 
2.545673150244697 2.9279680290320282 
2.9504228702148714 2.47246694937646 
2.121740299074255 2.704984493144819 
1.3912219911297479 1.4377430810945349 
2.8265460730000718 2.3404288611271493 
2.9359995573037767 2.2727724620796064 
1.9452911480195245 1.5335048610105178 
1.8235191054826454 1.896847374568887 
2.223959101554769 2.546070807241294 
2.7369931230462665 2.6417837463104688 
3.1212951564697993 2.95589807797164 
0.7357847502739381 0.7592533190117253 
1.4800500423600842 2.0822790077637325 
1.0913458512731515 0.8237807749302679 
1.3912219911297479 1.1786979809891012 
2.6333863183323727 2.704984493144819 
3.015294903360834 2.9179043151701696 
3.0758096527758507 2.7524426493900696 
2.635435444922825 2.9414431825089613 
1.3548546264072001 1.7774369093159135 
2.134181647562262 1.9346962358952429 
1.9839227558280799 2.033975045327713 
2.158773037010974 2.705272253874096 
3.1393306702459136 2.842041075201563 
1.3912219911297479 1.4578313199379453 
3.4584171167898003 2.911983405171542 
2.833913672399543 2.751901156997688 
2.887982061105736 2.980435320930117 
2.1289087724173 2.3971398647416033 
0.7357847502739381 0.7637997988938934 
3.0453257760933257 2.9992548162570505 
2.9358918028030114 2.2727724620796064 
1.8235191054826454 1.9263788699286346 
0.8770672047018115 1.0776131004292608 
1.527738179485194 1.9734278876696039 
1.4705541257072359 2.060560241544173 
2.0330998887313676 1.9456012464330759 
1.9680983361382336 2.038896268603003 
1.3591055001327244 0.7884486821415201 
2.124784065406113 2.4099966917638853 
1.1103424903683927 0.8344699142735607 
2.135026639494997 2.7524426493900696 
3.0067702833535392 2.9988363153681052 
3.4584171167898003 2.911983405171542 
2.941246964688698 2.962508477323987 
1.4782842125243225 2.0822790077637325 
1.4854124164077673 2.033975045327713 
