2.0813438952305283 2.189474714354201 
2.256575375875657 2.144155779022983 
2.581234403113704 2.480142683234337 
2.0650530502913442 2.439101628701801 
2.072456224824483 2.6934526017417175 
3.5730498742583285 2.6148438256619047 
2.324352863858137 2.326496243270016 
2.193259916047946 0.5851169008707906 
3.6063555790281163 2.5386626707313615 
2.1117028378209777 1.8323493044963497 
2.193259916047946 0.681753459472799 
2.63955893893546 2.8770778290308785 
2.4006112722376334 2.571813312637174 
3.5507818277311416 2.7772125746111955 
2.711530240267934 2.589244441132494 
2.1060195625070826 2.239142281240125 
2.6973798713493813 2.6370284768014463 
1.8712919228533524 1.4724524261197176 
4.029867796880137 2.7646061785353964 
0.3844827928189106 0.23893357785079017 
2.077129644225197 0.5149132615110011 
0.8771444211267899 0.45726634486637163 
0.8602310518925571 0.09628701739171952 
3.6063555790281163 2.5386626707313615 
0.5600156594076913 0.6725140567950577 
3.726322960650654 2.851961279659709 
0.8771444211267899 2.188050341230082 
3.7780817463732816 2.6890833188305727 
2.193259916047946 0.5851169008707906 
3.9620335719801796 2.7560554517204756 
3.092757978657655 2.8663966715895004 
0.4481025969616028 0.4163895530211159 
2.1102057176456226 1.315911557903421 
3.5612181943500127 2.7772125746111955 
0.5538649921557931 0.12103209466598375 
2.1451152836942287 1.5444542235295313 
2.01154491753603 1.563466628339437 
2.181250451524288 0.5779910516656352 
0.8990983857548163 2.2010134791191858 
2.367613561734559 1.4621348323390675 
2.335436455351096 1.817137191339376 
3.1135384680876483 2.6361170105411356 
3.59245597210688 2.693133985478945 
1.938751923106715 2.278876855406094 
2.2876524409911188 2.189474714354201 
3.59245597210688 2.615647866234994 
2.9099104090051897 2.5529675943962187 
2.9058634031787713 2.7646109718793017 
0.8771444211267899 0.4298617457927577 
2.581234403113704 2.480142683234337 
2.3751030341873034 1.4621348323390675 
2.1181848445139884 1.817137191339376 
3.557680214125967 2.6820710657348976 
2.9161361206845937 2.9391669958811133 
2.306610586560215 2.2458756378203364 
2.158141233307063 1.4621348323390675 
3.2104630770802087 2.723204077970027 
1.902655842929077 2.1846010920122962 
3.187855322816975 2.6157688102175265 
2.727531210289649 2.6908276653566454 
2.1453690167511867 2.154884905952958 
2.1203776803397414 1.8576195225540026 
2.214992461630236 1.7871557938259115 
2.304946766009986 2.326496243270016 
2.51418081531924 2.590671970296987 
3.1970628362708613 2.585223776305478 
2.915994625260206 2.974980704961109 
2.3165556822830924 2.552715616587877 
2.4546639373499817 2.3633924673359914 
2.7046790538521153 2.885807246229576 
2.260703949092756 2.157056511437633 
2.3539518114965055 2.3577192440491586 
2.111689288602188 2.146129242700792 
2.316580603274427 2.3549236458770917 
2.632231020277401 2.5463831864501913 
2.256575375875657 2.144155779022983 
2.5366864539539278 2.677727410446883 
2.323077327941618 2.596481148052292 
2.3901749056188284 2.4931609087633664 
2.3836483107578155 2.6347688789619625 
2.7313662033987542 2.8317615141773773 
2.522130484971801 2.6444322104698736 
2.0650530502913442 2.271042467602056 
2.8564398040126457 2.7572265583648203 
2.8173079363528366 2.6889955959562877 
2.1853457086005434 1.4621348323390675 
2.9524841190363107 2.5821271738829514 
2.0813438952305283 2.189474714354201 
2.251387827175291 1.7871557938259115 
1.7997591057037012 2.138165287663732 
2.225059362780889 2.227918759843661 
