1.210009117698498 1.2534630633658628 
0.7762841165024362 0.5181141853175394 
0.9074532624927512 1.2612430762228644 
2.9708145970844066 2.3770697140972703 
2.901929635304554 2.817065890252299 
1.460847117438303 1.4538967454879894 
1.0774249099171267 1.629787668422419 
1.136925023046948 0.4876926434239637 
2.212759577007235 2.134625657711306 
2.065818437852697 1.871695508556041 
1.0585198381196324 1.2750999538154253 
0.9086431192706095 1.1156661681194566 
0.6954481144153859 1.0676128158746154 
2.259476792838804 2.349897811566379 
0.9676388610156486 1.1191087804087627 
2.216641416239795 2.109078174214279 
0.47162560702683587 0.5991718173048043 
0.510955937853264 0.2997949692423928 
2.854875367170217 2.7990749384284723 
2.438314083880304 2.6011200387027777 
0.4170938416024389 0.591360568839027 
2.8460738303499014 2.667603982573157 
2.4810842003051983 2.4096040017195586 
2.3196623909153233 2.1499586324502893 
0.8917136777543906 0.9961075580726221 
0.7771000922840734 0.8005336931121186 
0.7922156629367555 0.962178860777651 
2.694378542795686 2.4333791604218296 
0.941110525466841 0.4564154172694924 
0.7922156629367555 0.962178860777651 
0.9674189611563753 1.3417872910483444 
1.0115288247708074 0.997286350295626 
0.8002092007448334 0.7134470521393627 
1.5673970443791923 1.624819313163922 
2.857255489377314 2.780080977462834 
1.1570630026560849 0.8005336931121186 
1.6632179046107793 1.6181538121400234 
2.587856106545507 2.82239720785027 
1.1283695442063082 1.6087466207261443 
1.5388103770513155 1.5065917840731524 
2.878992721145592 2.3490486565431223 
2.568957237623585 2.289335042949632 
2.661551263389311 2.780080977462834 
0.47162560702683587 0.6469848093598228 
2.2005658325018658 1.8031496735562524 
1.4448113318016744 1.233213564403759 
1.9648583277660938 2.0978427825750123 
1.8186474453061015 1.871695508556041 
0.4802192828950784 0.7739219112631388 
1.1505636361885636 1.2253202310013556 
1.3375689901998806 1.624819313163922 
2.583528178705223 2.700482961332306 
2.5959891241029798 2.577039095377462 
0.5329131647676026 0.6469848093598228 
2.5367678993993708 2.1499586324502893 
1.4431920227086263 1.624819313163922 
1.8690326745510728 1.9591970511140553 
0.6538095630702045 0.7084165903221513 
2.2265491984930343 1.8826695468864083 
1.150627181101787 1.3907089555342427 
0.9074532624927512 1.2918664270821139 
1.3057810036233042 1.4811355965042 
2.313065611285661 2.3515656527052955 
2.4893085871177902 2.2495603119715355 
2.4810842003051983 2.3209715845286203 
1.8303210575648123 2.073026950233745 
2.901929635304554 2.424040065463905 
0.8204230629502218 0.4876926434239637 
1.6447747446146623 1.9504657755923427 
2.4810842003051983 2.3209715845286203 
1.5330638690724463 1.5959015632752567 
1.4673814085097203 1.4177592843364388 
1.15941489380642 0.947672421645151 
1.7395964568663258 1.7879540636087325 
1.8535395013112776 1.8760428441307926 
2.2497770431583275 1.9234927860707167 
1.8535395013112776 1.9186152413328872 
1.2968185347584575 1.1762114578771727 
1.7531886600718407 1.7454168865908342 
2.0292448047626985 1.7556033586042807 
2.212759577007235 2.134625657711306 
1.274577079594861 1.5476170012441193 
1.8731725304135773 2.152471978918184 
1.7304769324072564 1.618434292255292 
0.9074532624927512 1.2918664270821139 
1.1597236663406956 0.9980254428989119 
1.0585198381196324 1.2750999538154253 
1.621015386925535 2.001077713118931 
2.857255489377314 2.780080977462834 
2.4810842003051983 2.2557974258794347 
1.9412984511347204 2.3636580269792633 
