1.9266443467505838 2.2339651515547425 
0.6932218431519294 1.3607677087857741 
2.2709236323416526 1.4755837979301898 
2.627847108493686 2.632508382207635 
2.4077611430999344 2.4267043566512663 
2.2214222145049307 1.7740423267438672 
3.5587221878807584 2.988346274866678 
4.112401437039215 2.981879304160657 
2.7110644270116158 2.654638412573334 
1.1787411263082408 1.6381812811167173 
2.5460521918828136 2.5346845081813374 
0.25826899280860405 1.093575006156898 
2.516858931825567 2.6546265421993316 
3.07552354300196 2.9726228277693654 
2.5159578870049426 2.5515357597286803 
3.461221208530921 2.897053087730434 
3.064225699181083 2.6491841529040756 
2.2338249315310823 1.6680637593408039 
0.3681250106909473 1.1432137859275988 
3.0601869904002554 2.973988532340184 
0.546904929469349 1.088460893956254 
2.363709910867884 2.587125960903733 
2.4461624792044403 1.11222110803552 
0.988483116968713 0.9007333132162479 
2.679656412190866 2.731692143707584 
3.799203334904278 2.9981738975639525 
1.2055662278356793 1.637687867552998 
1.2393700382416788 1.6576667669178031 
2.756352196443879 2.7085040450147595 
1.2842700548866688 1.7039237977735944 
2.9237442869628967 2.931443454884859 
1.6056320989306576 1.261572494642289 
2.218140705917113 2.1022362615839167 
2.3184038470343884 2.3912463281584566 
2.288046910331489 2.6844312273618622 
2.3207579520324266 2.2570033363223154 
2.3104930982516194 2.2605092920942673 
3.386134144274872 2.909791400147442 
3.1011023136658773 2.7304191355747323 
3.3331874486056416 2.9407843140997514 
2.546482458224091 2.4860097229234124 
2.049720296693959 1.285149595207383 
2.3723525920407424 2.4042803578642427 
3.0161459359739946 2.931443454884859 
3.4484811313661226 2.9470522670137225 
2.337863706913433 2.3921441499583 
