2.2396948107669545 2.03741934315686 
1.9760758213826022 1.6918976922089952 
4.041891847440099 2.889786915581785 
1.2486135474442803 0.7024575256846053 
2.8401396505684686 2.890710901938249 
0.845053154119654 1.4731086752531224 
4.788922932861874 2.986764247942185 
3.69891443775158 2.899173721987171 
1.1991013496644225 2.049200611339639 
1.7193840922365538 1.0416028670745061 
0.8022472977914181 1.0658172024011279 
2.05125573828329 2.141855008300658 
2.2396948107669545 2.127709452330356 
0.2862829492954617 0.6104811134870817 
2.238037527305578 2.103675311272335 
1.977512192735627 1.2248939212817325 
1.4344625146384744 0.7387746203318066 
0.4166302539966125 0.5778454159923422 
2.1678404273093315 2.881521226635594 
2.634179161187898 2.9152522400438547 
0.37836441833861856 0.7957989646622883 
1.326431160836586 1.3207244832308787 
2.0787759516238116 1.981957701989324 
2.064102919274033 1.188570237641359 
2.6267623658841135 2.6015608945157793 
1.5060627642130489 1.0658172024011279 
0.9845340784060131 0.9161586704201626 
2.3354150697746694 1.7938472978107842 
1.7533896845954529 1.2306832469165891 
1.3886254385619252 2.073360263270724 
1.4557033728551318 1.9855041904285868 
1.4507473874545438 0.6411007757381074 
2.9582819675096506 2.675530839178917 
1.83338695515836 1.9172249022797336 
2.133594816103597 2.8731570531685553 
1.5992985969740419 1.506904986563232 
3.7434473556034464 2.6025412743276357 
4.062681204856648 2.9893134248931057 
0.7498253387971063 0.9918486076256106 
3.7094404408085553 2.9122226534901863 
1.976912438092857 1.9359349154448264 
0.7896402892069564 0.7045678192389344 
0.7429210867845355 0.6054010666457609 
4.66655245993345 2.9659691228356113 
1.779355922253031 1.7911320841438636 
1.9626126248941338 1.2105055587929114 
2.4651739135801245 2.9890781315352717 
4.699620832506606 2.8909271373301606 
2.238037527305578 2.103675311272335 
2.6753208273859954 2.025356447042083 
1.4529295249536436 1.9539620045181751 
2.1350019976141352 1.8222439426688783 
1.259871012294556 0.7024575256846053 
0.8031448273209005 0.7045678192389344 
1.326431160836586 1.3207244832308787 
2.2396948107669545 2.03741934315686 
1.7718060511676041 1.0658172024011279 
2.05125573828329 2.29716430879523 
0.7498253387971063 0.8771235202763852 
2.9212780298973633 2.9979815950067277 
