1.6146589680357224 1.5683132334659646 
3.5141993073554683 2.7435146667111616 
2.375708577826271 1.869482522300406 
2.1881992744557284 2.483038161660341 
0.6054093261214829 1.1910736160619155 
2.2360507532772504 2.2837272550458696 
2.4095941587007816 2.15000996430884 
1.8914507295208534 2.321542985056984 
1.56323406326222 1.2993825001543091 
1.68533665316176 1.5880149009920386 
0.9352975855128202 1.2028481489985037 
3.1938968074679948 2.740449430623694 
4.1381923072562055 2.775160741841355 
2.482359346752493 2.137406386931552 
2.2775078302735343 2.9505699629535296 
3.519274908584645 2.7498113675970393 
3.407646509405537 2.6304542309136867 
1.8986762681542693 1.8512412289559252 
3.7845061173099857 2.8884638819261843 
2.913758709659697 2.978406207272702 
2.4497615931278816 2.5558776047977494 
3.3361873428073614 2.9990543229287887 
1.681216356532698 1.7399302704311759 
2.268826231448124 2.270378526962658 
1.6037238262969773 1.3939665764323124 
1.9361176911271867 1.7055609551079423 
2.273871335008917 2.511028681355805 
2.1848284823268282 2.243302410774975 
2.93871867091688 2.389535033954564 
1.620094870349566 1.166384848873907 
1.233541440010688 1.015026063853917 
1.4625550448544442 1.7782412802412666 
2.39314852581594 2.6616090098223926 
1.988788846495976 1.5931443392966869 
0.8058801495648424 1.2383371817953397 
3.4566865698790137 2.9946210692189394 
2.4997026555374267 2.67516547980674 
2.003922459821716 1.497901591905682 
1.8136399992653893 1.569091395321916 
3.4941226288440954 2.7435146667111616 
4.1381923072562055 2.9622159899976186 
1.764895474834439 2.3477982967057867 
3.3390559648075646 2.7344856127228025 
1.409819746310371 1.4864072895979403 
1.5602161499825078 1.7459268617297763 
2.073287780829237 2.212388176350375 
1.4061594428093311 1.3411339846476948 
1.1314296820333034 0.41790637836371736 
2.0073883251136135 2.147212297032491 
2.3706041535890057 2.6150659173624122 
3.8851884993284638 2.8876513546290123 
1.1246617527564342 1.097959965578685 
0.8223540835590767 1.1608509932614064 
1.5580806506220783 1.5755738525969583 
1.603721555234654 0.9968768509348318 
2.559648453989418 2.8711876052192986 
0.9526172471988397 1.316962933987648 
0.8037711824104136 1.1440720478828321 
2.5659950421442295 2.5233025592201095 
2.268826231448124 2.2444963237712043 
1.8463360416388135 2.2068401572578615 
1.4445450687640515 1.4072479538886102 
