3.7194362359491553 2.808853407200771 
2.4718581624445015 2.2913499810605957 
1.1581782021979594 1.5706638480087223 
3.628913197588211 2.838898244280433 
1.8958306739900967 1.730416420702264 
4.234809224040344 2.950827162593702 
1.6242697284602001 2.1868369735825355 
1.9871160998796322 1.519103200085596 
0.9514465584064944 1.4617463781494906 
0.9051096896990569 1.1058718226772455 
2.0745587556299694 2.5237441717131404 
1.6826365845149165 1.6324879275424842 
1.8255881426546028 2.304864842809109 
1.9600524921667453 1.6294718448663024 
1.774499193640314 2.0072651083608015 
1.3799229729066855 1.5533782666976415 
1.964912380465392 1.9271840721653017 
1.953215765166071 2.078416574677344 
4.391619441318598 2.9407349695576164 
3.8533485822985267 2.9647217645940156 
0.7265607184775753 1.4629120479482693 
1.682073484318321 1.5887440061154137 
0.7169399833672773 1.3521278969306985 
1.7142566435899975 1.4207627410780816 
2.105528034445043 2.1861201613938985 
2.0511724665484827 2.505267885260595 
1.6233810577666365 1.612556963776584 
3.666710405830415 2.777707960930966 
2.8932980851211685 2.9269567586327234 
1.4008389276692677 2.0493457479637294 
3.840568776005597 2.918363487527799 
2.1246077022350875 2.7662585575071565 
1.5922411897365674 2.00896930503042 
3.4422140493077453 2.813324992206591 
1.4528784416380485 1.4325152012992808 
1.3164275899556928 1.2640749719151478 
1.924838565875448 2.102619896967184 
2.220247041468862 2.1485139844598318 
1.9568745335773923 2.528332111923249 
2.5659586525334905 1.8993139104621883 
3.5803948049874226 2.8084673666878763 
1.0942446362392915 1.518331730494579 
2.0205819843972597 1.8977591083620688 
