2.472079206693008 1.5051863321073475 
1.0307133296909328 0.7256430986126579 
1.0752587248980738 1.1774722135824827 
2.5766251149982033 2.3641149355872857 
1.0477319835118402 1.4725709658206545 
1.242513521982491 0.6832262998516551 
1.7700112412924058 1.6270723210760811 
1.0482312006471808 1.1602879565460502 
1.7439264329390367 1.5686493633938643 
1.1595330507264061 1.0115148252354476 
0.8523142690440044 0.9396426539394597 
1.0358835746315507 1.449611111268046 
0.9875428962268293 1.083392009239994 
2.458934146239105 2.9589868587549173 
4.030964319644495 2.8841207249349416 
1.4404049397129421 1.6551664369480983 
0.7606223538733413 1.0471618649889212 
0.82965600474572 0.8914243858140106 
2.505056769074309 2.311623831992132 
1.5941252991682542 1.3928049103128115 
2.113739768427357 2.30437920559257 
3.9518504720573215 2.7654009698631503 
2.1146703191064193 2.135446817709922 
1.1123758968610655 0.9273160724551737 
1.1607460396703353 1.425558986440647 
1.242513521982491 1.6094578634411758 
1.6049552123072166 1.561413730145666 
1.0976427145245602 1.3537224889600992 
2.3055979374682334 2.3641149355872857 
1.1595330507264061 1.0185274260254689 
1.4353643174956079 1.2876689807487973 
1.2463108821926379 1.4232036400060508 
1.9979400531887737 1.815632209200091 
0.996377175318175 0.30979375196742365 
0.6765997122578385 0.8372124779200988 
1.436060549470048 1.387361053005904 
2.147024487908898 1.5253968202992323 
3.553408789723777 2.7309714897150252 
1.2668916852083127 1.2898923955164632 
1.0500970596917 1.1602879565460502 
3.9518504720573215 2.856695735826638 
1.3357430841952203 1.2677121711957178 
1.1438581583357235 0.9958374427680392 
2.9449676284609776 2.41359099231152 
0.6980488519722697 0.8293749753086801 
2.5031332908383703 2.779588175355357 
1.0444251684160202 0.7766101171479957 
1.1000307715382327 1.0185274260254689 
1.1701995297342942 1.2042868560642852 
1.242513521982491 0.6832262998516551 
1.2155997187763865 1.3537224889600992 
2.113739768427357 2.128568650357315 
2.1062773665523555 2.135446817709922 
1.056124936067444 1.4589287620547506 
2.472079206693008 1.5051863321073475 
2.458934146239105 2.9589868587549173 
2.5766251149982033 2.3641149355872857 
4.030964319644495 2.8800895777117215 
0.8523142690440044 0.8884496992435195 
1.1172417732291127 1.2782205540927438 
1.2391890333280227 1.0661847013627401 
0.808832375607269 0.8619908135716607 
2.135493949504953 2.1016651029318694 
1.1607460396703353 1.425558986440647 
0.9875428962268293 1.083392009239994 
1.370558514365944 1.8446055899904024 
1.0124978738555894 1.1892249012818499 
1.4388613127518193 1.2876689807487973 
2.610194289601522 1.4490625310687397 
1.2443471453196686 1.4984557149940865 
4.267498420912773 2.891368850202069 
1.4391532745594988 1.2636017058478044 
1.672468109606898 1.765012095231263 
1.0976427145245602 1.3319870005532173 
1.0645521753430904 0.4886659376652055 
1.6969781558394677 1.8060985744224718 
1.263129908013608 1.3039914669687636 
4.003960387665173 2.6697762939883454 
1.5050694608734774 1.3365845968361731 
