1.8784422217985948 0.5453101818424068 
4.771269419053661 2.995676649464517 
4.407426927687941 2.9153934000722512 
1.4256121788431262 1.3612617609083144 
4.717945211375346 2.911440683541232 
1.8919392094776908 0.5453101818424068 
4.008421876047582 2.9969982535913755 
3.857038163735568 2.954437336453376 
1.7285008443506757 1.4134941676731483 
3.710547658985857 2.9121022836434802 
4.717945211375346 2.9991676902674205 
3.5969725698441364 2.9290087592642027 
3.703884325924329 2.9857768157470406 
1.8658757543677535 1.819485572505872 
1.7332153599222089 1.8455020880473327 
1.8847863764121948 1.992425772881555 
1.9766095610129075 1.9652981059330978 
3.941515713005195 2.954437336453376 
4.008421876047582 2.9966477169463643 
2.0637950724199965 2.1193724635487157 
1.5569665802390347 1.7418386622969264 
1.557582804850553 1.3039316485451717 
1.462868956074046 1.8074750585417658 
2.041860359255489 1.952509498036956 
2.2677460056993217 1.968038374482957 
3.010552691471605 2.91271688984045 
3.069510621071866 2.8146194735483063 
1.6077235055807249 1.8330117717980514 
2.3530753297475617 2.5247911757118446 
3.487810440703866 2.9965296365450897 
1.6931612786556758 1.6777993177318518 
3.9410395657370474 2.954437336453376 
2.264460729086071 2.0458112199017924 
1.3401311878940285 1.7418386622969264 
1.9958391325844878 2.1347745338972213 
1.6650286114534982 1.272338167576157 
1.6650286114534982 1.2471436524084198 
2.1677126698500544 1.867983369135153 
1.4256121788431262 1.388751045581362 
3.512475068779103 2.9268976929216506 
2.584516159914719 2.9698803595181147 
1.6877767999984765 1.3039316485451717 
2.6851066047471575 2.8146194735483063 
2.2741403542167187 2.3324736649077775 
2.3196026961800715 2.054325241522322 
1.9259272849772286 1.84701955713173 
2.705572674928835 2.906377032961422 
1.6218403986358714 1.4398883975152343 
1.6650286114534982 1.3452314661265088 
2.456514637634039 2.5329911578053714 
3.155050828573862 2.9058713418300695 
3.0435006440143986 2.9479101828250416 
2.251740723668838 1.819485572505872 
3.066647076735987 2.909776115112736 
1.7404001470656678 1.8330117717980514 
3.326304241148765 2.9990405677345535 
2.8454213240495796 2.8598045249969233 
3.7034081786561814 2.975205821544323 
1.6901026389175795 1.8220100957317698 
1.9996723274038808 1.8843923782967757 
1.462868956074046 1.8074750585417658 
2.9139468785605036 2.9198557309048323 
2.8197380688607563 2.940255093934163 
2.397740505522182 2.6728006203033137 
3.2257223955927747 2.9195816651661364 
2.0887631031315843 2.0137779759968635 
2.4120548352075755 2.1196230256068453 
2.794179405992716 2.4577211019575733 
3.211084279895386 2.9064122309495017 
2.6360181121070103 2.505702663389889 
2.4182361217901884 2.3582529445046156 
2.629863232685879 2.945365403794661 
3.2901443246599027 2.9989454166118588 
2.6981785575368518 2.966336877173098 
1.9259272849772286 1.84701955713173 
3.0663553676139785 2.9784284442242566 
2.8409572520877977 2.8903589226013464 
2.5858122072152785 2.437750633231316 
2.7623035236617963 2.5353442113706866 
2.3151970219813487 2.3359453152355076 
2.6824941630729953 2.966336877173098 
2.414675150695165 2.4052653534658504 
3.274002190219829 2.9095215702467225 
2.414675150695165 2.347485933291765 
2.6165876071191585 2.72856828313344 
1.7665983014506772 1.9823299425667718 
3.4640294116424752 2.893724356822809 
2.625509825587105 2.795386255238475 
2.414675150695165 2.4052653534658504 
2.203129167806617 2.0714305551112018 
2.6034916518156654 2.619606119883469 
2.208281668620693 2.5180419137080943 
3.355530040102423 2.9121022836434802 
2.331479406895902 2.0781798171146946 
2.533275631910794 2.8029329696994574 
2.170196729738059 2.3830710436232883 
2.294335905402824 2.1990822187300365 
2.6360181121070103 2.6470221558458276 
2.629863232685879 2.316436937368071 
2.705524550717842 2.680694188935402 
