2.477719228121479 2.8135566826018303 
1.4087701422062298 1.7051933005307207 
1.487052632234509 1.7415445590242509 
0.9471412020971139 0.8024663607989792 
3.5450399103378945 2.670352471752918 
1.1147686011551161 0.8763200039705259 
1.4567457842803782 1.7565658489298146 
1.7956994962444397 1.6826649843279968 
0.8254210768218275 1.3124726729325884 
1.3636383725926076 1.374742174517784 
1.5819357367552702 1.6000616051787113 
0.7780759520382843 1.1191877932180185 
2.208525987192088 2.8104742486263405 
2.40494775058372 2.7056333608839447 
0.7831043228608824 0.5922265707160765 
1.6640016969598608 1.5091566948533988 
0.4782297766771937 0.7610177912027042 
1.7954366230810077 1.918456032942151 
1.112141325285748 1.4436445051397244 
2.251135004819218 2.4172986020526537 
1.765301586929853 1.9220159436161346 
1.9011758318624135 1.9218100732964727 
2.416641650304049 2.521686251377389 
0.3558386110753686 0.2779556361033172 
0.7287326917348989 0.9303048560917273 
3.1791317789751314 2.928376985058161 
2.278724712269617 2.193999086805713 
2.0227800928072766 2.365586070564206 
1.3797742038119218 1.2531897901403322 
1.9421320917403226 1.9640844914849667 
2.100328120531672 2.2165496052875495 
2.635844847592815 2.8281087268305107 
2.343385419625429 2.3634751335981576 
0.4751210032330311 0.6173295619810982 
2.3382790469162305 2.2652876850094037 
1.950305398374827 1.9740461110225669 
1.6288205087361176 1.7636801639794732 
1.6875257269113353 1.6824417304617933 
1.7674600280127282 1.4499636421721154 
2.045409377727225 2.0873939055366675 
1.481011242417936 0.799073302546569 
0.926045467546538 0.6333598963417896 
1.2370472654093652 1.1448702047720236 
1.6805588648197716 1.5627111187718534 
0.9471412020971139 0.8148926071415574 
1.7956994962444397 1.6653621436128514 
1.2692778204400685 1.2424892474718048 
3.6863670823513472 2.7625772471350896 
2.3657446796847688 2.6008141794480633 
1.4087701422062298 1.12003072283622 
0.6815467872360539 1.1714966236017548 
1.388574693150832 1.5494238547263854 
1.2887345526809575 1.4618188870450508 
2.464206007071331 2.6289256276005784 
0.7456955151767687 0.6927588245272875 
2.1112640207734907 1.7634569101132698 
2.4763412644719995 2.894009283906475 
1.5090131174460062 1.5423752950462282 
1.0744064866846732 1.0352541330704974 
0.4782297766771937 0.7652427297703797 
2.6660762392594073 2.762240083784118 
1.7349203854163622 1.9220137272247069 
0.5624840663772791 0.8472283996737822 
2.8092282400563704 2.937260047581809 
3.8958416815477697 2.684781819586644 
2.3631529525121886 2.324374288045657 
1.3473763519257944 1.5805500203122544 
1.5003637909594767 1.6275514213281266 
1.375996403411115 1.4313773030036825 
