1.7170542096147692 2.008931213526421 
1.467749656600194 1.3043661367564285 
0.5197484160915755 0.7021802742517435 
2.34655661315285 2.8330745613930546 
2.9117798691637296 2.8002294996744364 
2.6944493009920434 2.5873269445646665 
2.556849030496414 2.673900547147983 
3.256702556816827 2.9429057582972376 
2.39739575118764 2.2052202026165526 
2.9646859658691005 2.774074963740574 
4.106750907142381 2.804267655397702 
2.263124398616221 2.267685604806337 
2.6868193762944337 2.62592508224653 
1.470365134386092 1.3046519172267717 
1.7905012991368308 1.3596987759486598 
1.1323694136101805 0.9554076147867798 
2.2912465222937017 2.335594451423739 
1.5422992418915147 1.6464302877880361 
3.392841638587672 2.9429057582972376 
2.4891917963066374 2.480002962394556 
2.3788480239247276 1.8814967062130084 
3.1668640718537513 2.9027685521294 
2.2483052622757906 1.7831565895949264 
2.2312933822714336 1.9189619126897526 
1.5126467581212968 1.8609240086096457 
1.1531832911052868 0.9554076147867798 
1.321689152742994 1.1479320973952887 
1.1924808125323931 1.6228454161308057 
0.6922522384118219 0.44160401408905814 
1.467749656600194 1.3043661367564285 
3.3563951374093373 2.9429057582972376 
2.2912465222937017 1.7639672486572424 
4.077301609987766 2.8611835859427828 
3.718323112585364 2.752972793210004 
1.7212929490829303 1.9867877810478363 
2.4892555427536784 2.480002962394556 
1.6208657675629736 1.8406503852092468 
1.6172368489664664 1.2132977191796113 
1.5787457430533973 1.6464302877880361 
2.2544025659782396 2.537325117285768 
0.8145898863161967 0.5594851168373554 
0.5332777241222645 0.6323375721215797 
0.7785971448630028 1.1190286333237671 
1.467749656600194 1.3043661367564285 
1.9235639801974256 2.061954496125896 
1.7182207411316226 1.935241449018954 
1.7170542096147692 2.008931213526421 
0.573273743169758 1.1379228713218195 
1.6641139699433802 1.5995309595518874 
2.297703170595131 2.188031178726916 
1.6422713264823556 1.0433171761965148 
1.8973908107883646 2.0590337651973227 
2.565634550305705 2.1898844712997185 
2.2912465222937017 2.3922854615056997 
2.5826962870020673 2.673900547147983 
0.5167092060659759 0.9079999619179407 
2.385082160901827 2.983357258990188 
2.6944493009920434 2.8002294996744364 
0.7703728393687826 0.8075761734377661 
2.4389953828804996 2.9535427820639204 
1.4368421994833844 1.6228454161308057 
2.2109198037145408 2.006952512010342 
1.7385943196885154 1.9189140642749027 
1.565932918532556 2.188031178726916 
2.1851910491476634 2.6282666610116756 
2.1779348028873713 2.537325117285768 
1.7788479864935718 2.086151238749739 
1.060182154670552 1.1570565447286025 
2.3788480239247276 1.8814967062130084 
0.6922522384118219 0.44160401408905814 
0.5167092060659759 0.9079999619179407 
