2.6927600741353825 2.329798553749318 
0.3183024211932376 0.9477665831053416 
2.3417708652685514 2.576384690720594 
3.099150758897081 2.9728380339378973 
2.4961521903148323 2.9434218089178965 
2.343443425097652 2.4655528484748785 
1.7230911118457652 2.559381534265978 
2.4346835034779444 2.2396817532536435 
2.6969614638239143 2.936835974400084 
2.4964307713811658 2.947260358206145 
2.590580809558686 1.7778939424833233 
1.963240526283554 2.5622192676857036 
3.7687804285745625 2.9747495912493673 
2.3852133053393993 2.6750632865638977 
3.941492005361221 2.9506942462036174 
1.0718137351426067 1.4553914365707044 
3.4821724960920934 2.9267110490369737 
2.6281971123527015 2.378733491441429 
2.5888731028246452 2.30443362661128 
3.801684385650359 2.9723435081134104 
3.260773652792227 2.9977622279977614 
2.3411678034217105 2.354332157163188 
4.918926628029327 2.997869307516792 
2.9825457242846145 2.8677278280015557 
2.9885756789745948 2.950626100344768 
2.773384162862565 2.3208994256961937 
3.1360135958885738 2.8513158460126142 
2.5663696214509217 1.6493931856011952 
3.1729402911890974 2.908693870510997 
2.523606482572206 2.428753002937528 
3.0537227047829796 2.8571264570160375 
3.671891736812146 2.8482051879281007 
2.1444509220502055 1.5544365867857934 
2.1998738009379784 2.3638006839506116 
2.738211721883198 2.832605457579034 
3.2431075036189556 2.8913102957504346 
2.544170730685243 2.8485112004657984 
3.1820036907778935 2.9663004691351316 
4.7234918142116635 2.99902211829068 
1.5914879479340784 1.6900014875083968 
2.7362869297527492 2.9987551094163627 
1.2877073725943313 1.711016690951943 
1.8317001614215613 1.780410767234628 
2.6545325056907227 2.817626796934122 
2.5888731028246452 2.278373367958274 
3.1360135958885738 2.9326967705925235 
2.846983145365559 2.675031907016997 
2.4549826014992537 2.6643476524451843 
2.384779196161609 1.5391379045348916 
3.075766880874734 2.9728380339378973 
2.430909975978281 2.873090056738631 
2.5139929678843793 2.805044244272353 
2.9825457242846145 2.8677278280015557 
2.865703788415842 2.815976065915252 
3.1820036907778935 2.9663004691351316 
3.260773652792227 2.9977622279977614 
2.382243206098766 2.350854706821278 
3.695100501169733 2.8427999115560634 
2.1185250952868233 2.0026172211347486 
3.1879126665938937 2.789603713924911 
2.6653739119158155 2.2705322610095346 
4.068991346846716 2.9351162482456115 
2.3250680427304498 2.3066074348919607 
2.8862932432896353 2.982208620567533 
2.4346835034779444 2.4189099539957155 
2.935918879460179 2.9459985142148617 
2.773384162862565 2.937995998583328 
1.963240526283554 2.5622192676857036 
2.846983145365559 2.692442161333241 
1.963240526283554 2.5213857125136974 
2.8727483494226096 2.999234088494821 
2.2580501547330134 1.5544365867857934 
2.821220814641439 2.94464950572599 
3.142254015617253 2.8513158460126142 
2.4282556509472992 2.3253347927510104 
2.6545325056907227 2.6804654294233448 
4.340420464108725 2.8459335256930003 
3.4389090407686638 2.925561166483505 
2.7427078441949235 2.418549562733846 
2.656974420267615 2.679269003071013 
2.769732367766241 2.822354343547464 
3.041651753275202 2.870805245114135 
3.1820036907778935 2.9607484691708517 
1.7419672827462769 2.4248811101877243 
3.4586219780513505 2.8509166961431993 
1.5311733359284347 2.311374307873536 
3.240716928898052 2.9977622279977614 
0.3183024211932376 1.5645502255144612 
2.7356577485154756 2.7711290153673866 
2.673089476598789 2.534259857166745 
2.2187118987986967 1.834937164097155 
0.3463503484962347 1.2003721624619526 
