2.7094100602436733 2.9532165759548077 
2.35696445508887 2.4625901633712743 
2.860349847900105 2.517447139673825 
1.3360261296966707 0.7381119775178528 
2.0698062702932987 2.168784269975462 
2.7947684919653732 2.8212841213634237 
2.8757072275503615 2.857203735528909 
3.8672302630972153 2.9800427002117633 
3.105710095320593 2.8415573199306037 
3.4508285966485626 2.869983728775582 
1.6137583576017007 1.583115226267537 
2.807221317995194 2.826137571487001 
4.552135316411935 2.979378599749382 
3.7650243908801584 2.9887067055219227 
2.325969628860305 2.175950275526266 
3.3908945698727946 2.8369800701959655 
0.9791872657706222 1.9771125034543786 
2.9788768520451954 2.987459325373095 
2.9030314962073134 2.987377595046996 
1.3851706950850013 1.270403775465334 
2.1251378914508487 2.0913311343432923 
0.8950349068208523 0.5153754274520005 
2.7268481230925627 2.9491815692030663 
2.926903029710639 2.87914084276607 
2.8622794074292144 2.8347967258792988 
2.5141387598073357 2.2252863441370248 
3.614024619392724 2.983230103473865 
2.2601049200379526 2.2269708060017814 
1.9609210279460123 1.5189513647688444 
2.887730471807255 2.987390072251415 
2.7947684919653732 2.8064534405528665 
2.7327005725799607 2.982068365867205 
2.41514100807045 2.1180528476369687 
2.1124347562914054 2.989023397895265 
2.99409121779408 2.978594101805064 
2.7947684919653732 2.8284646209989885 
2.932540416506778 2.910937583160601 
0.9213704483111885 1.3914233382556964 
2.745622610225344 2.9001202042422545 
3.40507095417789 2.6839187361781875 
2.4950118456777988 2.0913311343432923 
1.43400195856927 1.3285573518496312 
2.3728707835001486 2.1804721539293928 
3.463557213931114 2.8369800701959655 
1.9606974089248936 2.14616426051377 
2.4996977944490437 2.966723303004466 
3.6408592106697317 2.939290761471499 
3.4180767429139873 2.9721840917545075 
2.0904028824121283 2.1460525685797642 
1.1961094113856872 0.49901477732418686 
2.712528701839017 2.8504915051518758 
3.4432795736411874 2.970054685219925 
0.820265715330545 0.5307277095891364 
0.9781018754306597 0.6535245737246261 
0.23603951581459282 0.4385980837422625 
2.161243713818086 1.8187411156969193 
1.4528537526400398 2.097480356044969 
2.8392585036882103 2.5837397296533924 
3.325843274613595 2.8610019651021896 
2.999093407689352 2.8228507934762415 
3.861440560396467 2.977802760875139 
2.8419202988918038 2.9401326956398353 
2.207925269415784 1.5189513647688444 
1.7618288164112128 1.4117350817168703 
2.9948999703261725 2.9115514902731254 
2.4822553008852273 2.4984920736717298 
3.942043740882845 2.979063218058759 
2.896982856436939 2.83687855613267 
2.696475838259869 2.6113672834684474 
1.0617624583805343 1.7904947424889919 
