2.7811536254574567 2.361395425608918 
1.7152642152968711 0.8979187426384723 
2.6069351604296562 2.6090537000256537 
1.1246935635052382 0.8038796223141178 
1.190815687300744 0.9763362739835947 
2.2691955264939634 1.7044628412647655 
2.9883888852832095 2.7174468059862424 
2.0297939992669902 2.684264396393718 
3.2338821855190236 2.2076987270219037 
1.0532459597784236 0.40062823635655953 
2.3329846890972012 2.213675517589433 
3.378309711040308 2.923256667280823 
4.674297193704309 2.9953909655743063 
2.123363353495028 1.8836546219031507 
1.6839309187747047 1.0447468299693368 
2.701999986337504 2.901921957941672 
2.775563092680393 2.185613066916864 
1.5169801050740594 2.2199947923843415 
2.876402793889644 2.993444440756144 
2.727822281571215 2.006484839496829 
1.272135087500764 1.7051245746685795 
1.7963888496696456 1.0276442289569514 
2.0314664462199725 1.8640478223300085 
1.2457337865708844 2.159417310608451 
2.2394171048381017 1.8815328306870285 
2.9960536092344174 2.9639201970725693 
3.3451104427398173 2.864633836907455 
1.6066638293585362 2.0186402869382922 
0.968120795849686 1.071587809436882 
3.635546013791089 2.9235523401429915 
1.715054790043143 2.360502273292456 
1.969379404985364 2.4695661867396397 
2.876572724435077 2.98325315508559 
2.5296415218739954 2.993926006851492 
3.0531321358465497 2.6668239725887886 
2.7027525556958216 2.580313565401734 
1.9700906445150272 1.8640478223300085 
3.06520613724273 2.9958150308692417 
2.0722298406634816 1.3033389013118546 
2.6965720448747152 2.184316456587219 
3.282129962908916 2.9899625019884377 
2.977628523373788 2.5565302336126043 
0.3329763333597058 0.8601023708130011 
3.8337918474357133 2.8080958067755963 
1.3644795634035525 0.9415005662240958 
2.591251624296389 2.483246411190632 
2.6658761189953966 2.562320006657046 
1.1965644513603308 1.7399499337837654 
2.714493267125075 1.6042021282361578 
1.9889729488299963 1.8463046630426279 
2.8981909219479185 2.1100726389494353 
2.996229534157341 2.8169341579349907 
4.032277072651088 2.9818389742484297 
2.6173973862010196 2.9495688308057506 
1.0802157880381458 1.4218508143328423 
2.7302527164154995 2.902704865982696 
