3.189941746663168 2.975874088646552 
0.441385005522991 0.9685076491197336 
2.97370030426151 2.930494958772088 
2.7329921033287725 2.930494958772088 
2.5293884215128535 2.763878529002062 
2.659525287563413 2.48564490097459 
2.7329921033287725 2.930494958772088 
3.1539929086803467 2.3110888962274525 
2.5057686550753786 2.8939421198366517 
2.552098437456692 2.9877923348468505 
0.9569837208052847 0.9885911608419231 
2.4181425282499895 2.5809525883169036 
2.5213627250823842 2.8277605299305906 
0.8142274108538556 0.7194702561967471 
2.4693318343175767 2.608041317009525 
1.7689711348927917 1.5868975164917978 
0.8664873443350393 0.9874073762920382 
1.6913198988943061 1.7898308886264804 
1.0951705954135023 1.0863726286841628 
1.7689711348927917 1.5075344592349929 
1.968312526601397 1.728523015731093 
1.9062274493644944 2.070514316707855 
0.948821033405788 0.833029852292473 
1.5091266778839094 1.5800166820857688 
0.8142274108538556 0.9150810990803162 
0.6848014320034986 0.9309633178446571 
1.8345517603452537 1.7302087994278883 
1.5980954294689604 1.9300290692289377 
1.4810471137866545 1.5447225293807503 
1.9121713843196706 1.7302087994278883 
1.7350415176251257 2.0046056151879768 
1.149840643452652 1.1159260940816926 
1.6066424271475088 1.8212274740071044 
1.8272843669088639 1.7898308886264804 
2.0827787010464305 2.1177155018038984 
1.4810471137866545 1.522381599574336 
0.7085926898567526 0.833029852292473 
1.4220276360952093 1.4677159923167888 
2.2479224887160734 2.329000433151996 
2.649659580573724 2.198623741307627 
2.5293884215128535 2.428933397719955 
2.5506600342289625 2.9877923348468505 
2.275750820258175 2.153800047052644 
2.4769627968137096 2.2886688302366553 
2.0286075476257803 2.122638743754328 
0.8364214958308771 0.9964141804275156 
2.681223797023341 2.418101033631676 
1.2743878353689675 1.0711265575051334 
2.1271846865366455 1.8029331131981032 
1.2012140181372328 1.4591054407509527 
1.1189595155667746 0.9504851370171475 
1.7350415176251257 2.0413213288712364 
1.0209706898680675 0.9794293338808132 
1.2849802225003657 1.24457773991637 
2.5296246164890874 2.1146995121763927 
1.6065977735851453 1.575713259302864 
1.2894006159536695 1.506590214116305 
2.6182000427817766 2.1015470783838093 
1.5187465762471708 1.4273874462122857 
1.4702373597715725 1.3725642179094215 
0.7085926898567526 0.9296334273202186 
2.4181425282499895 2.4782363429092222 
1.1966479486507162 1.3756069648641323 
1.1440381805988329 0.8848192663932146 
2.476866079892205 2.4561231940922084 
1.5187465762471708 1.4255437176399623 
1.2743878353689675 0.8353057482031309 
1.4135221435609724 1.279035897745266 
1.8345517603452537 1.9949673218260946 
1.4810471137866545 1.2358441529335806 
1.7463641160864845 1.4677159923167888 
1.2780593579307695 1.333003752487984 
2.2191644758468647 2.275962718524102 
2.1209594345608647 1.9063772285159817 
2.5293884215128535 2.608041317009525 
1.7812549132723465 2.0900132535076383 
2.4985165904271867 2.289091100242114 
2.3123117845794257 2.0453589738265707 
2.0363837417061035 2.0589939429683612 
2.240080732035993 2.153800047052644 
2.1510947219442293 2.075014924496627 
2.1270859658555326 1.7856538476718304 
1.7689711348927917 1.6328175842187878 
1.379794741188949 1.000236999989025 
0.710355032900112 0.9685076491197336 
2.4206458323842512 2.264383977731326 
1.5842593829900893 1.7965201477521977 
1.2849802225003657 1.5800166820857688 
2.476302999076779 2.0589939429683612 
1.149840643452652 1.117750984894596 
1.1491904266642827 1.164603920373601 
2.4181425282499895 2.409620076153719 
1.5824211544672493 1.222259410940651 
2.1345014830408733 2.5731855508221777 
1.9737945934251862 1.8252304799742403 
2.0402301708395125 2.0886213727776424 
2.1209594345608647 1.9063772285159817 
1.9965067140791832 2.070514316707855 
2.081574476502324 2.2660697614281142 
1.3757596739279716 1.3725642179094215 
