1.619069557971974 1.0116818800314265 
2.513121818516019 2.5170180769919557 
2.4003586798949184 2.223116716159164 
1.6082328690333954 1.2531753112164798 
1.9470357152910995 1.5521176971544741 
1.2943329316721637 1.5990983109128702 
0.8766869020539204 0.7316122639655177 
0.5333576896139633 0.7128618396004968 
2.1408846592832886 2.223116716159164 
2.528797046101967 2.2402368905850847 
1.9344665823877998 2.0647678898463138 
1.8442599748583566 1.5617802838623351 
1.4067390689124841 1.3981068919580406 
1.844100162739292 1.7979467445520279 
2.466037271740392 2.684583308857158 
1.8617512954760427 2.4098301662365578 
2.9938334886741402 2.5449498389079874 
1.5732047341034416 1.8856299746839853 
1.3093604173600417 1.6908470534259703 
1.8484576294264659 1.3500618077416588 
1.5007692021190162 0.8074530934964201 
2.4288783172067405 2.8260417256381047 
0.5426483177953981 0.5953459909814087 
1.3792262161660696 1.0116818800314265 
2.026273086785822 2.53137379171179 
2.593584184089096 2.95881156855127 
2.003263941234107 2.1435690288349196 
2.555868711310999 2.8557700073243413 
1.1784000063942166 1.377259213591608 
1.135050778448059 1.0148702256938935 
1.9377065158599405 2.050239910945355 
2.414661386626174 2.2217122391385984 
1.1957933211877727 1.0529218626691224 
1.2865737860901176 1.5675583484373394 
0.676279197429818 1.1142588587628397 
1.1405004028919588 0.9561910374206272 
1.749360369483413 1.3981068919580406 
2.977463857503911 2.9419494760578098 
1.897538983320864 2.3319129476102165 
2.771787244333408 2.8016512045157107 
0.8766869020539204 0.7316122639655177 
1.2894989206944167 1.1579629399308755 
2.975206480237559 2.530827652015125 
2.593584184089096 2.95881156855127 
0.9445738103109235 0.7316122639655177 
1.3138169688923957 1.6026581978987133 
1.749360369483413 1.5703138307443913 
0.8757383180999014 0.5534668520549095 
1.1281865065279744 0.6479443047975365 
3.3041134912163437 2.935282829926237 
2.867599942573322 2.985056815539615 
1.7933654294284471 1.5990983109128702 
2.6093919087202146 2.6734086346333186 
1.9344665823877998 2.0647678898463138 
2.3434947276957896 2.6065563930717834 
1.658713796798642 2.103816742779285 
1.9882197330295075 2.532144449852035 
1.8106722304712446 1.8646259294638212 
2.2509109230743896 2.223116716159164 
2.026273086785822 2.53137379171179 
1.4991767765333028 1.2531753112164798 
1.0343955679867263 1.0375394763667396 
2.3913864864689884 2.045900949484653 
0.8860169014905289 0.999009264617369 
1.1341514182061603 1.377259213591608 
0.8766869020539204 0.986423037754353 
2.977463857503911 2.9419494760578098 
2.32075396825708 2.507684267694125 
1.9345475960172371 2.197888156819728 
2.3842514068927803 2.684583308857158 
1.7400239453212878 1.377259213591608 
2.441140029040379 2.7332330817278945 
1.619069557971974 1.0116818800314265 
0.5982881682632146 1.1501833072886074 
1.5202817796638037 1.2531753112164798 
1.8617512954760427 2.4098301662365578 
