1.5279448742683828 2.1402362355664137 
1.807626044875858 2.64778520257975 
0.8461879604054618 1.9621946938571841 
2.194325622468399 2.55637926951377 
2.3044244548643267 2.616155623708973 
3.042851292921108 2.934422165603516 
2.6540541746257946 2.239396664162235 
2.9446303004690235 2.7694224663970557 
1.7693106143463795 1.6139947040372888 
1.5813484698055236 2.3949285991237526 
3.4985145399351802 2.87255248898344 
4.454768587474934 2.7166778843489516 
1.2843394420484426 1.9276801707949258 
2.361197517779989 2.9319954052441437 
1.8166904824468544 2.0883281426906493 
1.6076167982680984 2.1402362355664137 
1.643827622497093 1.452225576635857 
3.708781846846686 2.768743679202744 
3.026708181355138 2.732591779106781 
2.3485016102632637 2.463778150956783 
4.19153044953385 2.661169118308807 
2.172314703823787 2.3658367562057623 
2.1826284496309487 2.6977900250317033 
3.3404476930210834 2.9319954052441437 
2.236020648137155 2.5056752678382135 
0.35982972628640464 1.7598535555992179 
3.092654071546779 2.950876504346911 
1.2347060956729985 1.452225576635857 
2.538231166955869 2.68033577820476 
2.5039930989705024 2.616155623708973 
1.8040223922033238 2.298304078387501 
3.3763178580770448 2.909820133707438 
2.1612843272798465 2.6823253559192715 
1.7109245039656253 2.1549162767501033 
1.772732314855596 1.7454909089376596 
2.1017921645252313 2.503183815204004 
1.9694085540938584 2.3140800130938484 
2.1664270215626975 2.833367942942856 
1.773551430875634 1.7012230899525367 
1.2328965365661273 1.3180228618418754 
2.6558637337447437 2.3888659425876906 
2.0912453708140175 2.6823253559192715 
1.7456895701460513 1.846069664229174 
2.035610958456642 2.3636054327589378 
2.389923135514514 2.7085885441392357 
4.454768587474934 2.7517687074863875 
2.5197340720558663 2.95272934136971 
2.9596193958704227 2.770609980220949 
3.0486031229535238 2.596412256888513 
