0.6304617084432136 0.8572188342444677 
4.099782809731114 2.9988892280529953 
4.099782809731114 2.9988892280529953 
3.694848519876702 2.9468293632879368 
3.936614653928254 2.9532839100605486 
3.4255976051280026 2.895587641695092 
0.8633287506352423 1.142928302830953 
0.6716875273876568 1.0372598195148428 
2.874695704139528 2.313273174169371 
2.157077963378531 2.461342819433572 
2.528747224495945 2.215427834287636 
2.9681869148455826 2.8638126156016424 
3.121409435898034 2.976956525831822 
1.7906792264010423 2.2332418354165613 
1.4872917971686062 1.355437571691894 
2.521147996552413 2.815619111042798 
2.74851821010997 2.313273174169371 
3.2995608057971273 2.938307764961391 
2.225757969611817 2.272055504371746 
2.859463327963192 2.815619111042798 
1.0442498510498939 1.4499125660262222 
1.7885036637002467 2.374200025972608 
1.6011325000138041 0.9706748881162708 
2.719246023725116 2.8638126156016424 
1.3270709686592241 1.7158244460131178 
2.6294834793157316 2.313273174169371 
1.070619111274313 1.2290853985176184 
1.6011325000138041 1.3478996215554737 
3.0769883360860244 2.8475284479174654 
1.5590004475945272 1.202080201191312 
1.2298514033878185 1.1447084493413788 
2.5459865962493176 2.939558757262888 
2.126707078624314 2.2844510925718593 
1.9142261175692388 2.0187544163442146 
1.5224408317552771 1.9092879918769547 
2.1647158149351258 2.10933858090026 
1.657078853428724 1.7286799726938042 
2.8808334960302746 2.8471439556984155 
2.048924369772503 2.2602284676138904 
1.7885036637002467 2.376702178866421 
0.7995632346497551 0.8661808454371999 
2.566692815889534 2.292448828342298 
1.585938753449732 1.7356080738107067 
3.2773395841309725 2.729018672896657 
1.5511838792744919 1.7270984717868256 
0.6668003180047994 0.9035475978571705 
1.7292115265899937 2.005199536790629 
1.0874301114966067 1.0057391794703732 
3.2773395841309725 2.7651393754863696 
1.8417020192273612 2.1366123087041187 
1.5400002051024109 1.4274669743976478 
1.6460857977480305 2.0184650515830524 
0.556482203910107 1.0372598195148428 
2.9681869148455826 2.976956525831822 
3.107811439684939 2.434543110364647 
1.491581341018803 0.926087637866406 
1.5216847064829508 1.5760899029919915 
1.5224408317552771 1.1170152166541958 
1.3010086765880768 0.8772329680248891 
1.8591192414837385 1.6405533936393035 
2.4839745262158877 2.9497182911838413 
1.0157702317597446 1.2290853985176184 
1.5400002051024109 1.593775773198253 
3.3198686074702026 2.938307764961391 
1.8046226539350763 1.4107500168314133 
1.6393869087392399 1.538613204501587 
1.880894419135347 1.985118597154015 
1.2496128397899287 0.8772329680248891 
1.2335772127365345 0.9825053425614547 
2.685747389347653 2.2940303292493036 
1.689791174161011 1.9517859903806776 
2.576512018939943 2.444186164005569 
1.8524714048021251 1.7517610675366861 
2.859463327963192 2.8680084453794863 
1.5601878991011442 1.1308487775451914 
1.80804060433475 1.7095816593527777 
1.7765176726586687 2.070833209243403 
1.9080333102125195 1.6455704239443925 
2.1647158149351258 2.2974035503617483 
2.4839745262158877 2.876649551845071 
2.456465998526289 2.9483857351483627 
1.4872917971686062 1.1772092589392669 
1.9955697701996382 1.7709787500533052 
2.5298256409420246 2.2940303292493036 
2.5298256409420246 2.2940303292493036 
2.4190958120183743 2.9649178736131256 
2.7083653186560204 2.2940303292493036 
1.1572839681955247 1.563062538433766 
1.4730500165281002 1.7321337657965687 
2.5668339915951535 2.272055504371746 
2.174243443736341 2.272055504371746 
1.0933365465644649 1.0188602702980343 
1.8046226539350763 1.7807211891434545 
2.044117635070129 1.756679485846668 
1.8605319495259431 1.7095816593527777 
2.306767154720764 1.9953635237640748 
1.1572839681955247 1.5625818738746096 
1.491581341018803 0.926087637866406 
2.044117635070129 1.756679485846668 
2.126707078624314 2.1538495527303803 
