4.595656507161431 2.978215968164041 
0.47492551039260267 0.8582604952881357 
0.809754379846155 0.7920280611147069 
4.302054563664544 2.978215968164041 
0.975027512228417 0.8582604952881357 
1.1418043906548623 0.9582667076906615 
3.7664610301046255 2.9451960030505226 
3.6544419411078497 2.9079564597433896 
0.9106364440439658 0.8582604952881357 
4.013709885238226 2.998190616655984 
2.5038949418969283 2.681716978627431 
2.6269648878339558 2.68561812184337 
4.202232463215765 2.9974619607690958 
1.154559028163237 1.2119341305660039 
1.44470477114268 1.5811895569141208 
2.179089629821747 2.799442050982795 
1.3396001693224242 1.5530938541788926 
1.9189552860385324 1.5658533365025282 
3.3031321089070533 2.9225164989792507 
2.354170898658431 2.6994208007634803 
2.728039203681954 2.386019445425403 
1.1397202197489826 1.3049069140790823 
3.825308771376856 2.9913970449912393 
2.3691629655524418 2.4922443865571955 
3.4917008510468595 2.9697487172149457 
0.9538265309631853 1.3072169146348829 
1.1307775076070552 1.632789574193465 
2.4386109080431195 2.447367425435755 
2.4109641178725134 2.3481424955813948 
2.7314589710749533 2.9765460070690706 
3.0601428835314497 2.450623559963463 
2.909482608477456 2.659501562762397 
4.131009018333207 2.978215968164041 
4.143818498822244 2.955507856538903 
1.7055935751536908 1.6403630388636454 
1.8064081514685124 1.771964729554771 
3.914780991174548 2.9936023893491286 
1.2673125676238235 1.5634574816110467 
2.714542434394727 2.9202684646537134 
2.8305034123464434 2.995039156621049 
3.4042862673365057 2.8913723673109697 
3.160885732135535 2.996157854289653 
2.4971774724059763 1.954221411532509 
2.268082922508821 2.0644473063494626 
2.9959840685705146 2.7552858164652565 
1.995879957368361 1.7012679192468532 
2.354269681757448 2.35913797830211 
3.242439769009054 2.79983991108681 
1.3248810922948882 1.7460418590053577 
1.1307775076070552 1.4166647028956514 
1.466308267634878 1.9622951557278125 
1.4044606796513097 1.7009477745446189 
2.2947584657134987 2.1084321046404044 
1.154559028163237 1.5514538210767543 
1.3744602408880966 1.1260812782568732 
2.043018253028327 1.8488962268492242 
1.9160781223887122 1.9012023169124497 
3.090011205382868 2.9942485411254673 
1.9275168255090416 1.8377770456904596 
2.2597436320864874 2.1186304799015394 
3.0800924643679473 2.8012574983732654 
1.1075770852596458 1.034151026029145 
1.1653076263230646 1.434123573923841 
1.9275168255090416 2.1260478650647183 
2.754224796833013 2.8621588774262503 
1.1528054518068676 1.0835736820911226 
3.064079882726584 2.866993319957313 
1.4089256380415485 1.739485915100139 
2.354269681757448 2.3118203771741968 
2.0043686077799783 1.9444150587785933 
1.1657252941416318 1.4713891733392006 
1.35025150916819 1.5112158489594951 
2.710323451413845 2.750885685299289 
2.274604981576242 2.236258839317523 
2.0756267814251292 1.7643096803652019 
2.4192723466446324 2.2313447112483784 
2.0023881064516704 2.1079447556289024 
3.0211669993013848 2.8189481728234216 
2.838885858163068 2.572228882136982 
3.207131594442993 2.765882058759206 
2.3759694995069918 2.173389515613825 
1.6578647000814573 1.6042925912107715 
1.6580883404253373 1.9743885710732574 
1.6578647000814573 1.6042925912107715 
1.9275168255090416 1.8414946736251263 
1.6183087790689688 1.5530938541788926 
1.9275168255090416 1.9493921254577486 
3.914780991174548 2.9936023893491286 
1.4427242698143723 1.236823970613242 
1.1095026046943444 1.0835736820911226 
2.5869160040097405 2.866993319957313 
3.3724391780873986 2.9544173594467202 
1.0387432855229792 1.1456058963881277 
3.889229315215367 2.98049273738859 
2.690181951718149 2.678715708282085 
1.9170750381562116 1.757107162555237 
3.4917008510468595 2.949244858716047 
2.063467527608144 1.9334750882133074 
1.645168498090573 1.974527347941831 
2.3413261853477665 1.951471746548993 
