1.550790690922264 1.9917989393020412 
1.473236236837622 1.3119165543873024 
2.0961079056284877 2.0867288869397327 
1.4734222855016132 1.594897118942858 
1.010898374868207 0.796800129126742 
2.663922401260875 2.906399184954787 
2.8711433650762133 2.9671675823678556 
2.1158037464332904 2.2110010940636853 
3.8011085841440306 2.7819528105131597 
2.0599777075206673 1.9849099834028023 
1.2470456200506765 1.470405073836349 
0.28165943334253374 1.019279862425125 
2.807297788599877 2.5295194258868237 
2.4698757406131007 2.4663487504303983 
2.736991331213948 2.4948262941721815 
2.2500768635498694 2.2110010940636853 
1.8203207009150815 1.3284672503417732 
1.602281773240115 2.14590204851791 
1.9786277289295375 2.260761284146936 
1.705376900810529 1.7910700266977122 
2.3107230921161928 2.5160214578487086 
2.77365038004597 2.3686957606785883 
4.162031038523444 2.9336666417686565 
2.8319209088703774 2.893831054021271 
1.8915885579468061 2.388844946442271 
2.807297788599877 2.5113065377581987 
0.3750229922068765 1.042552499058372 
2.341251638753419 2.0083048180987983 
2.8319209088703774 2.9128856323628183 
1.8915885579468061 2.2694735552054084 
1.7066472185942072 2.2110010940636853 
2.6796734253856584 2.7872141141116287 
2.136939376976537 1.8059157324060617 
1.7108401276503304 2.394462837155577 
2.0641429224654733 1.9849099834028023 
1.6797205082097093 1.8042264979860478 
2.1745363442747845 2.2110010940636853 
0.2644346426423507 1.0698996535087077 
0.8692532535451145 1.3773484835142655 
2.1550262026391263 2.2110010940636853 
1.31821762948991 1.8522745073500964 
2.352144264752972 2.5004343257938557 
2.4973815335921663 2.9510358794439013 
4.162031038523444 2.9336666417686565 
2.7143401437941934 2.4192805913203475 
1.238797165776279 1.5573129228134872 
2.7304482413609317 2.513098559430782 
1.6224019399592762 1.9367381108573696 
2.1550262026391263 2.2110010940636853 
0.2644346426423507 1.0698996535087077 
2.736991331213948 2.4711142381672886 
2.323916852759796 2.1599655584830995 
2.394341351088902 2.580728698111379 
2.3428806727923797 2.4192568762747055 
3.796943369486859 2.9694122011013073 
2.525741155148647 2.501074053947767 
3.473407869677799 2.8327091721418736 
4.065656147594069 2.9669839459539853 
1.0304085164901704 0.5876631290533616 
2.4537403668826565 2.5968000811899006 
1.2622056644285302 1.7199102461087548 
1.974654243360522 2.5809302582603175 
3.9230311793005 2.955734248672607 
3.2385729631724307 2.8770833004982275 
2.3739905667973367 2.289057487260788 
2.714762482204865 2.462925120877785 
1.8169395077505872 2.202467673212783 
1.6056629664046094 1.3119165543873024 
0.7644729383896994 0.8155243619534738 
