2.148818166691669 2.1924992523188482 
0.5766569858772918 0.8791473426730592 
2.4525970616418653 1.743486224288541 
1.1716666058579532 1.6567604531170068 
2.7820023308967703 2.393879368649611 
3.9481522460817957 2.623857869328895 
1.5327079861939685 1.5951600824364893 
1.0954829147124605 0.6743402443524075 
2.3143674738701505 1.7245608914559607 
0.7646780776312027 0.4705097127085144 
2.225956057515266 1.741358391980235 
1.4364831907060958 1.3750729455690092 
1.1432834564438359 1.5801679896549123 
0.6889313840723954 0.46461716436812367 
0.7333893475497901 0.16483044231047053 
0.8449849418573738 1.2498066045843683 
2.4692903673546582 2.4780009894546615 
2.901424464904726 2.4780499410399095 
0.9717965328100768 1.6517253974243147 
1.526447214941043 1.9713555224857484 
0.9253852017125052 1.982525349703437 
2.404295195687485 2.091968805798567 
1.1525001810181528 1.2284532289467158 
2.660987796301591 2.3875801236481835 
1.4537936451789388 1.7408692488498918 
2.0500123476121614 1.8338131958392032 
1.7960443081570392 1.913981249698469 
1.8856586775364494 1.5064640879002327 
1.3248986950118113 0.5749202941986024 
0.33391932141346325 0.7390337830765816 
1.8899502400461818 1.7785263554466408 
3.1224727393084457 2.739464650858325 
1.9670199160033643 1.8644318712595154 
1.084391846574924 0.520759339749523 
1.9784765301725198 1.4711837441435391 
2.439742506661343 1.7474415498004618 
2.1569612045929634 1.4213587264438927 
1.6952463085625609 1.664946969568653 
0.4039005355725913 0.051490529125115425 
1.4878022095580627 0.751678863069153 
1.4560823947928747 1.7497995311719383 
