0.9210506735450034 1.599309127062547 
3.335879634384101 2.9730047840045 
1.5803695351741185 1.6188704292138305 
1.1738184104227594 1.6464961950566006 
1.6582745556997822 1.4631802519301118 
1.1836511782454262 1.48962885327725 
1.7817308073705758 1.4901217593070635 
1.4482030256778027 1.577850747627525 
3.049674018288906 2.891138757012631 
1.7241516836970474 2.5210364189787824 
1.802407292843887 2.50028123622502 
1.3031442566890368 0.802361767486 
2.0265755999159096 2.145396792115851 
0.4923917861761309 0.4865943599266309 
2.714713657018048 2.6332111706622383 
2.0434466986301953 2.382227911842561 
2.570478864061442 2.747328156598503 
0.7308191165136297 0.9492513876402565 
2.9627985813383617 2.596618571577757 
2.852013129680193 2.861632872974713 
0.7849769246164877 0.5073577255011529 
2.2816994517950415 2.421841043052665 
2.0807566075647506 1.8324982076381113 
2.4144950618734153 2.761571836356074 
3.069467108415516 2.846008053946251 
2.8307018353263556 2.751512018818987 
1.5985354849753621 1.6140424715566284 
1.7539722059878002 1.5715767809285432 
2.7807870304607922 2.995266225030399 
2.5543108400598658 2.3137525442421443 
1.78138622388108 1.5517341218781178 
1.721758918309968 2.1594007314623913 
2.146597249955242 1.8075786448829776 
3.1965442786073517 2.7937285337324385 
0.04773168085873192 0.4278907303513686 
1.6852151739378995 2.112057678953448 
1.7587693381597949 1.5720109971538407 
0.5909089841505998 0.3123135914157774 
2.1527616942428645 1.986386661775943 
2.7217959110876073 2.3181202662688065 
0.998319378969419 0.7326120894929059 
2.5353270873574623 2.861632872974713 
2.4649176390351997 2.3785001738780918 
2.2960780113202333 2.8021487982653372 
1.824792132938577 1.6211439297677586 
1.0859582964048704 1.537889987218312 
2.043598872851822 2.50028123622502 
0.6918801388785282 1.599309127062547 
2.4251120186884707 2.1825031645407025 
0.9191355859865331 0.8058144607260953 
3.7583913456797218 2.9978590157351217 
1.7631112296109364 2.057323727266502 
3.7042422957862158 2.9875867597540315 
1.337061211998941 0.6076041955861236 
3.049674018288906 2.998448487200126 
1.6684889458973848 1.7505810029674693 
1.3184301031466248 0.7309363466033982 
1.7876526689396532 1.9566402928652074 
2.2861941218550554 2.9350829477313582 
0.8106132736826813 1.599309127062547 
2.8735772018052725 2.663209648512717 
2.5451187887051967 2.4393237172800224 
2.8174984857145517 2.609753113906151 
2.7403311571571827 2.963130006995049 
0.3731625420280218 0.7362091011315528 
