0.8509376966579613 0.6858973895548448 
1.598751585055846 1.2569506996086948 
1.700452294181685 2.3368027677808567 
1.8093150631202997 1.8928868634514926 
1.147489484243079 1.0606177219202402 
2.0092865553407977 2.9729566597384993 
3.5025431633575366 2.811967240232957 
1.1305803540689192 1.6117365500550354 
0.9044526299659446 0.8673952521050514 
4.052310198423815 2.994744010373789 
2.2633194470007205 2.5028016617103743 
2.2890718340529044 2.965881368103391 
3.3080170754687748 2.9520982717951867 
1.868504965542884 1.7101067423462906 
0.9350910377217433 0.8673952521050514 
2.95145860190308 2.9897995897853558 
2.2846318556479166 2.4275503582720255 
2.2097688257134314 2.302689357379837 
2.9947036181147966 2.6394315107896604 
3.5025431633575366 2.9307516789745867 
1.8785621860930828 2.0168487458388924 
1.7204842888310088 1.2683755072111806 
3.843409137946182 2.998987758055908 
3.1724177097029203 2.6394315107896604 
2.425059808853889 2.2589414312804355 
2.538094015053269 2.658584911976481 
4.323714438482691 2.9315339815015906 
1.0590830698161917 1.0084509643975852 
2.19483840495172 1.7833891238492776 
1.5679473262163575 1.667067597047837 
1.9624692941797546 2.2696271720555474 
1.2507323432507105 1.136610272264801 
0.9531322458690992 0.7614507996050706 
3.549340229467748 2.99856665827947 
3.995591957404434 2.994744010373789 
3.5025431633575366 2.976840138486503 
1.6873919850465895 1.867345896966337 
3.22443591862337 2.9996114243886565 
0.9350910377217433 0.8909342986700349 
2.9124240508789567 2.319882490410092 
3.9830173739972348 2.965881368103391 
1.7204842888310088 1.2683755072111806 
3.0978941941867872 2.909511444562362 
1.2556383462485894 1.2569506996086948 
3.2372491215157817 2.653827899043902 
2.7375222839052524 2.878646468391376 
3.2049138089787315 2.9511055698844193 
0.8090782610550203 0.7376720677350769 
1.6432292796570243 1.703232445845014 
1.598440676256079 1.8724166988589126 
3.5123890473324026 2.885814187956711 
2.6983094020196723 2.650776188352933 
0.6495072801004476 0.4873505374187753 
2.4782837627342955 2.683325911233772 
1.509842943085993 1.5273328717197463 
2.570840415298651 2.9949769311929932 
2.425059808853889 2.2589414312804355 
1.129254715704183 1.0084509643975852 
2.284798122246552 2.1350916527958947 
3.126763862725189 2.996716523829423 
0.4082349232589261 0.6685297552516486 
2.663838264385724 2.792616904737253 
1.6361179979913079 1.2569506996086948 
0.7542669294877293 1.1087165229246714 
2.0270199834581897 1.686567695780223 
3.268460270739403 2.6394315107896604 
