2.012059098084528 1.4994571732111261 
1.3846491125145266 1.3006531108141868 
2.875998549891179 2.8143198710558086 
3.281305469163544 2.87147127648133 
1.958321233214615 2.0212130516505735 
2.4065201058631436 1.9165644667540975 
2.920955952636342 2.034799075439049 
1.1262320312911778 0.34299040910689227 
2.497995121340031 1.9092680560778394 
2.1789505713336137 1.8999926963488976 
1.776757864483995 1.8585845905186265 
1.6457985258612062 1.696916446346334 
1.8052529812180231 1.256359886905614 
2.285081777723991 2.911053030830102 
2.635983080503704 1.8993786246782074 
2.279724736323158 2.740770462087969 
1.958321233214615 1.7841374344727514 
1.951488531021985 2.8231203747066296 
2.04230487278903 2.243675552324892 
2.0037608543767256 1.909094695554478 
0.9807645375395908 1.021841486240652 
2.3662088932763825 2.1217391689889644 
1.1349696933950155 1.1055228397662775 
0.9246197337460548 1.4287034327259018 
2.7726685174965175 2.370310396907742 
1.7601536006521714 1.9104692074624117 
2.4679239926277092 1.9206731365849623 
2.3898601920574953 2.240452617513831 
1.7948419175788244 1.4946545104129023 
1.3716134489731129 1.484132595155461 
2.0061366458285814 2.448035711754306 
1.898896278331661 1.7932658778633885 
2.2406281000900306 1.8757516596532717 
2.210355296953045 2.482182831586756 
1.0285933800766276 1.0361685262849556 
0.8481629988887892 0.44049135104670456 
2.70180124735624 2.931020181321971 
1.8877005561412639 2.1191248459733196 
1.9814636774246268 1.8174310316212325 
2.4762240981270964 1.899520172086064 
1.6388475438786747 1.5798556469517542 
0.7202528217167156 1.2190992656740138 
1.4417336975767099 1.5522741127793305 
2.300004622266456 2.5836756007117114 
1.0935407005627622 1.2142015827844186 
0.9701253073502175 1.2348136910457677 
1.973072704492582 1.8601934459364802 
2.06288467389407 2.027321510124429 
2.2382205832578776 2.879798392455821 
0.5149336060224751 1.2292857627613663 
1.3281774484423159 1.4248264787979676 
2.8695350455793314 2.8030839042246622 
2.553971034513986 2.744030402844082 
2.756252105886551 2.927046921677669 
2.4931126954105283 2.93620237292792 
1.3249044510452126 1.7682273400297075 
1.9682993859201445 2.0710042504305606 
