0.7580539731160845 0.48212977830176285 
1.2546751240667746 1.4578690459223391 
1.3131299590340453 1.5190529410500273 
2.2382238856234826 1.3638370164410873 
1.080915313110391 1.4152293647858656 
3.927885540064766 2.7898406505310867 
1.0098762504836958 1.3638370164410873 
2.3761609176861755 2.36800757574925 
1.085241316025898 1.020460422660955 
1.5966399584975286 1.5305146987362224 
2.433663707181626 1.9885566008887205 
1.418752614503851 1.8849446796158982 
1.3920182678064248 1.0979796370316253 
4.370738396461756 2.8786871896185873 
1.10048359477286 0.9312692727047687 
1.077932575913969 1.081334820692263 
2.3442096245757327 2.2514363370711314 
1.7395242090774414 2.4762761676891687 
1.1074340180681177 1.2523587263946105 
1.1860807208018675 1.4082847879444425 
3.650883062512274 2.7988306392782647 
0.5610934098533428 0.9783740002832226 
0.6351981421453599 0.3382898080955971 
1.394145624970029 1.2119074066908402 
1.4606223703247085 1.2912346723290442 
0.62219029914589 0.6783024091265919 
4.272501965322858 2.7556334963818854 
1.1280196978531072 1.2217720249391677 
0.21589007242830027 0.348220449821301 
0.5832011692053513 1.0864498515335634 
2.045351046389846 1.4310009073457266 
2.4658997456766723 1.8751138856098746 
1.3041951126075517 0.606455711063933 
1.2555009420528185 1.3811402476919705 
1.7317443935689436 1.5265571013092414 
1.4126527148828043 1.8849446796158982 
1.2419372765198389 1.291412024302165 
1.3589482635469554 1.56793724858412 
1.2530480515556308 1.2717502347165295 
0.6834552041702883 1.0572857182099473 
2.6401306906695092 2.171320780862769 
2.581543327804286 2.697859822794574 
2.2620985080043323 2.271591513242081 
1.5747526921092818 1.5265571013092414 
0.62219029914589 0.7093851810748689 
1.1412335815849337 1.328213855796271 
4.4303349900621525 2.998128000828901 
1.3348956299317885 1.5126498272229858 
1.1860807208018675 1.8208100839686572 
1.3481490713348556 1.4123292752945509 
1.7301740013372404 2.0483132912694493 
1.6049354182980669 1.4854061039285509 
1.4917805481777102 1.4121072166740747 
2.4486317252498733 2.0583083383226746 
0.9263055081808368 0.5331860851671204 
0.7498603861559346 1.0882806180821287 
1.423444029363976 1.5265571013092414 
1.2859234280269096 1.4774693729403563 
1.2484378679676065 1.2147162466128338 
1.2758600001446085 1.0775331505930814 
0.9225190881211872 0.44475373165738463 
1.331883220581779 1.341910301775636 
1.7484189128813654 2.4796530499157736 
3.8757131395685027 2.3086271889794405 
1.3787871349760705 1.330201840912125 
3.880837024185935 2.425938234685119 
1.380414105513465 1.8247981082500777 
1.5320345946864455 1.4438788515068863 
3.2020771398098313 2.3278707821352147 
0.39587411773681747 0.6460609260575709 
1.4684499498171237 1.3164040793075251 
