0.9085816049198505 0.4471606698909717 
1.5058957983610797 1.7385946469460056 
1.2185248552374974 1.4276256034758854 
2.411139771923945 2.843603881529378 
4.908273995387373 2.950838322303524 
0.4690851196719481 1.1065326301421727 
1.455115635947248 1.832659046046036 
1.3654492414905537 2.9953862613524036 
1.2495860659795544 1.4899199684806008 
1.184744148100926 1.7040735074974434 
1.4622557104898801 1.7490405488137883 
1.2662949674979183 1.3972281986108956 
0.9126243385188992 1.2034328574799202 
1.5914436790183233 1.417516783405807 
1.389026775976995 2.9953862613524036 
1.5830013114917643 1.9116098665500212 
0.9085816049198505 0.4009918677342019 
4.106571452667544 2.944910001352385 
1.0701887894393778 0.41970339194145934 
1.4392831115968343 2.9787382870070176 
2.494151435724967 1.6560496772631206 
1.3194595285759345 1.4374407049391853 
1.0316427455949253 1.1065326301421727 
1.607616287280814 2.9814340983675987 
1.2185248552374974 1.4266666544507762 
4.218716780350261 2.5267279451096956 
1.212462413414356 1.077374977025236 
0.9496419839553107 1.433367970562962 
2.3755268759411092 1.5424913635237956 
1.4366479591016872 2.9982360656005356 
0.6701850542901063 1.1304687396104023 
1.0526546481508814 1.3911503269104353 
1.1528348137240232 1.0812310874609907 
1.3915884272984615 1.3302386098163317 
3.9497275250609185 2.3115061202565013 
3.9214134940802015 2.440923070766519 
3.9497275250609185 2.440923070766519 
1.326404205086264 1.5388367592753252 
0.9085816049198505 0.3994997968218881 
1.4588157613936068 1.5889300307062397 
2.4112374545260726 2.9249159181073434 
4.535209519555288 2.9409393375550565 
1.9921226586420917 1.8218180357738687 
1.5589767250449653 1.5018162953898209 
0.08333642543132136 0.5428678547007801 
1.2642213039174568 1.2594774937242774 
0.7897265240807803 0.9395760009122236 
1.2459455376643125 1.5947015243810165 
1.184744148100926 1.7320583226331112 
1.2588751365702116 2.3193419022152546 
3.780374734461163 2.271075263646675 
1.371657171098832 1.4192239773702124 
0.8421690856279526 1.1167052478232475 
3.9497275250609185 2.440923070766519 
0.9135166402392366 1.0933941262714173 
