2.626805992015942 2.8660349274412207 
2.855521340772697 2.507820188736313 
2.149155126610045 2.537936634760207 
2.560446473281197 2.7463710957790353 
1.647091846738857 1.8835569848832592 
2.522092335500292 2.3510312246137106 
2.560446473281197 2.691727218446739 
2.6284894897138464 2.4924409513983807 
2.070666829310408 1.4997420637193808 
1.8796243118850489 1.634858395545907 
1.6003359917500757 1.2700591595408262 
1.24456121499679 1.0901186800664857 
1.2017779329069296 1.1377099968729354 
1.274978790750105 1.963153360587992 
1.0926493543000952 0.8735533439756338 
0.9025020416320986 1.3368573745241055 
1.0735232140496056 1.0185712905146802 
1.277586241170263 1.1753783482760138 
2.028304033548038 1.6098626470519375 
1.2523248325479417 1.3159832097312951 
1.243001146290975 0.9191987260613932 
1.5921355941144293 2.1688798305434336 
2.0925164905790763 1.8149806196512797 
2.0266341064951825 2.4077263377341107 
2.856114424803177 2.6598159937947203 
2.2003804801113067 2.211025152446836 
2.219012970543145 1.9340319072540426 
1.3356913868938367 1.3776154315890823 
2.6559129818226346 2.346614389903622 
2.2422263898034065 1.5470127295350542 
2.5016035538239674 2.1015261589032694 
2.548457604585903 2.494181402985739 
2.0638827338175068 2.3862600962576277 
2.753142683731338 2.344618488467392 
2.2829530241506673 2.34633837165841 
1.1525746501345437 0.9683821630990893 
2.5341583847997367 2.1510184779040964 
1.989670922930196 2.7442766192804315 
2.547696068488208 2.467849916044411 
1.8994974388698993 2.021264022728237 
2.762554072180666 2.21021206638884 
1.1917897822874257 2.128813385202823 
1.7112824039695664 1.2700591595408262 
1.8331173546066912 1.2260858721999552 
1.2511995172056467 1.366988396001242 
2.6575554182423087 2.60872826725181 
2.4830521104784724 2.326004266166409 
1.647091846738857 1.8188342762249547 
2.223890621175672 2.4284782336688764 
2.6069325135082018 2.6813321082545176 
1.3304983636964738 1.086089884043603 
1.7681414779307731 2.26446659240516 
1.2728592436657433 1.2464282191733433 
2.7789276792342763 2.676225635335287 
1.3304983636964738 1.0438871838025792 
0.3614887744597225 1.094470751426235 
2.1987423443033163 2.0189695834103425 
