3.70111418955316 1.9094462773954426 
1.9835046466159703 1.7671458225220151 
1.9574209930618118 1.766763097107898 
1.5436297017550968 1.401762992350182 
0.7927659870605528 1.5295145982635274 
1.6305868970345747 1.4519082099511278 
1.7721743111610475 1.5380693873216658 
2.7475029356068634 2.4024718198282535 
2.1666968153792046 1.4591926549267527 
1.26816342368735 1.5275293238088818 
1.5427161175045225 1.7706068460087159 
1.8261513796104785 1.9435830864741646 
1.9504937556347737 1.983806262839804 
3.4961166188774326 2.7969902200259322 
2.5080058498406173 2.083333316368453 
2.334431618369225 1.828314672322243 
3.6670959240763565 2.7651565210544296 
2.805671133552517 1.9948239606161022 
1.5643288843017196 1.5988729404872855 
1.9112023820466257 1.8508820271460005 
1.9613519261989283 1.4837758357566613 
1.6723815234767203 1.7103672391150584 
3.4537706488515116 2.613947140798051 
0.7927695844683404 1.0058679989497212 
1.1330007065166026 1.5808790698300565 
1.5054456563119862 1.3772945809106734 
1.4854180359723805 1.7676782268186106 
1.4654294537776638 1.5291506871556775 
2.242330090739883 2.7792968017032162 
1.6259745861874686 1.786377938753434 
0.13733983321521803 0.8597918655551418 
4.111036531468384 2.6137901054295845 
2.6588911989671735 2.0949020789453 
1.681942262032575 1.7239427406645416 
2.363141905824647 1.9251975068429843 
0.6326258606859403 1.4803922287138067 
1.1122225729033053 1.4480292780914406 
1.0982671489225764 0.4636817529011552 
1.763251275003099 2.011133070824494 
0.5373335634640283 1.1403333151082586 
1.2878844200329715 1.5657508526423423 
1.547775869074271 1.501088650152099 
1.9561131775797742 1.8679081777437703 
0.6750581880148409 0.8053570401175999 
2.300413352896726 2.770561567973661 
2.0233280121632577 2.09059247172837 
1.5456125778096603 1.532697788801292 
4.419086978469661 2.6133985839473883 
1.0594098994817323 1.469033520452954 
1.5359529505267329 1.501088650152099 
1.2081690297529488 1.4850581728242063 
4.4358846472549835 2.654822377620295 
2.251042586514145 2.0043466405071158 
2.2567398465213113 2.2730424786963295 
1.6719394559391807 1.8861249264828266 
1.7619105121826757 1.4528955688262442 
