1.8792268810521373 2.1081977883555902 
1.81799347329459 1.612469792670362 
2.435027963211227 2.0893231835586947 
2.1272145714120465 1.8693579317944529 
2.2139571005621934 2.557290251492618 
1.4896606099623657 1.8210544873931476 
2.3786361335383175 2.792300760656792 
2.0267797603286057 1.9864491307663177 
2.4162277603772635 2.2638537907158347 
1.6672083303203018 0.6357496337495796 
1.5775558298850174 1.5306362433374852 
1.957443915880728 1.9448452593885683 
2.128712791977814 2.067856905461487 
2.745205159899132 2.397457019295393 
2.22706584948795 2.5970178278206997 
1.5385118284155885 1.5323618810667807 
1.454678328416483 1.224018057589946 
1.9445008741622707 2.521959890106723 
2.1320259437726676 1.9359514544664767 
1.9137763756646577 1.7142644129769082 
1.5988721542473576 1.298476673015628 
0.43973256995606824 0.9304923967962206 
1.1361609790124212 1.0085574193821025 
1.46684930006844 1.3319594122432736 
1.6934847125342616 2.054031526634067 
3.60463626964073 2.5453995789205015 
1.3199663225107983 1.2710011613995547 
2.181621877722053 1.7590615467012474 
1.1231522891333348 0.9767096174373309 
2.3764032489101643 2.003219577515186 
1.9603500368583535 2.089859471407823 
1.161726834445023 1.6692141493204882 
2.4547926476922015 1.9483029103664506 
2.557614993817745 2.970247171390777 
1.454500521710462 2.067453019517729 
1.1231522891333348 0.978067169273488 
1.3144636417017326 1.2929111326949432 
1.2774584222181118 1.5008901551580687 
2.0121220580269616 2.471788207811233 
2.4992984108252627 2.5226185302241246 
2.3070534605666757 2.974641596195851 
1.4504728248571306 1.6030298775614895 
2.025457672843377 2.2565864553571986 
0.8983230319153499 0.9145819466736999 
1.994121451683608 2.045817794108099 
2.3053381480796395 1.9366386000765825 
1.8792268810521373 1.9784581791182676 
2.2665401975701065 2.471788207811233 
2.1441173873204358 1.9612406282979908 
2.529758444711591 2.516569520769287 
2.557614993817745 2.997303939563384 
2.703068319863075 2.99566665507667 
1.8815621930122912 2.237927373455687 
2.3270274019676673 2.982575667316201 
2.4547926476922015 1.9459603468297624 
2.22706584948795 2.5993603909121914 
2.128712791977814 1.866663511607526 
1.6629793054601663 1.1831632405965204 
2.1927229144817124 1.6026584273405238 
1.484614289564084 1.2984277125674282 
1.3568472747961873 1.2710011613995547 
1.2699535138248732 0.884210874073133 
1.957443915880728 1.9448452593885683 
2.568712339120678 2.377321788872552 
1.7401095908352517 1.529744291125552 
2.2016451287827237 1.5811959041128842 
2.4038756086794506 2.99566665507667 
1.3995304159508153 1.3370114387740024 
1.8543593496522488 1.3278394352099134 
1.959485742589485 2.089859471407823 
2.3786361335383175 2.792300760656792 
0.8102041319301372 1.6094903203478181 
1.388028128434287 1.2869265964620213 
2.193069402687749 2.381148173092117 
2.203300062461194 2.338543502017161 
1.5988721542473576 1.2988639006365914 
0.8964598557360424 1.2621329640465504 
3.0514661482614245 2.4329372874673427 
2.262935740845032 2.8194578870717844 
2.0923735843390396 2.4983791117581857 
1.9603500368583535 2.1462760013071343 
2.0286201441860396 1.7058796049427287 
2.474792117070296 2.3161441864632786 
1.910451055147114 2.066160951934432 
1.459988800943048 2.1048305628699002 
1.9806174360886797 1.3953196111361352 
0.9348106363865604 0.9622433489937801 
0.39625320029159217 1.1546327122617106 
1.4665157924623777 1.082277721513465 
1.9603500368583535 2.307645694815765 
