2.8859544407101474 2.286772197496919 
3.2394125651285464 2.8689546459927957 
3.030971075130181 2.744853726230492 
0.8366319524760935 1.0395809758638892 
2.883077671039982 2.2415976454007978 
1.5457597746524514 2.4092454561564223 
3.216272796014868 2.7311794603253112 
1.7147934569037315 1.6442991954685018 
2.5918979050745183 2.0800725394373996 
1.6729466621952627 2.0322831656831184 
3.2174502174865753 2.9073345153242003 
2.3792261787614373 2.5829151041026375 
2.58508376798591 2.889454855955249 
2.858405991828111 2.500072396291121 
0.873914896517678 1.4388896222914016 
2.877456033961284 2.8391310284750673 
3.216272796014868 2.970031050727693 
2.075989340335621 2.5067454587547595 
0.7480811082475745 2.001866282300216 
0.8742366826766923 1.214850167465423 
3.2421760526807804 2.941004477730482 
0.7644464156544378 1.21737376432064 
3.8242481713428815 2.8540530497920473 
1.814678828467094 2.3400495229463343 
2.7313458917983535 2.8695219184350726 
3.2273518347830374 2.9907488180490938 
2.611727882739084 1.6227187549418425 
2.212293760160983 2.9989871202643616 
2.597934299259122 2.8674339574078864 
2.530592119252014 2.0098071992681765 
2.7269565795898405 2.6104999104250357 
3.8210467936361563 2.839211625538519 
1.6894052057656852 1.3716897231253293 
0.7096306849270435 1.449706770394527 
3.4526801906803732 2.8547448960015824 
2.883077671039982 2.2415976454007978 
2.3059955719454255 2.041583357417087 
2.6078288734445434 1.6326930923054712 
1.4900413986158112 2.0322831656831184 
2.5791991649917354 2.9064527519149186 
2.633217955239712 2.807047338295474 
2.973431648658461 2.8304656118277216 
1.890195662736116 1.0648975069560451 
2.410586365212528 2.5694583731835365 
2.6121022891716894 2.2526126069330337 
1.208609011195454 1.2195004570166923 
1.2395667124287122 1.261476218462302 
3.335505449048797 2.732241176473219 
3.0669606412503274 2.8535349064696955 
3.6565464885059957 2.9088539979373103 
2.2505609200274104 2.996907185228097 
2.576137893002032 2.9064527519149186 
3.1985153237467556 2.754191627480559 
1.71352668882226 2.3221961067811727 
3.398126298497769 2.9472076801477183 
3.6988501950338852 2.822750928562734 
2.7855878439068715 2.7567508495066373 
