135.99999942348984 4.000000000000107 
9.84086203164908E-17 49.999999934804244 
135.99999942348984 4.000000000000107 
110.84216325369786 4.455101417549786 
99.95305487846608 5.008829053553222 
117.44778295887768 4.2404404692178295 
97.36717101624168 5.2234752738636505 
93.6953777522645 5.447914436332445 
105.4950585934616 4.698527266469859 
113.93608811300456 4.343437459807618 
130.50693484213804 4.022487083220163 
20.386936752774425 23.212886830539233 
104.37501460311024 4.755633344271437 
84.39942445542152 6.33663950557518 
120.95784464252804 4.161484010445667 
5.415390000238064 35.165761990303466 
4.567590116163592 36.03166472366279 
55.588859634577105 11.248728433009486 
68.74925140185348 8.573443135942139 
23.548978313882017 21.58567215641768 
132.9225098846387 4.009166719437334 
66.67358319879101 8.975863472310198 
29.986950359355784 18.917709439128508 
25.252856793796305 20.800433116969877 
72.01010372935211 7.998319591384291 
0.34843122660431547 46.729070408667795 
33.561693664121094 17.55005444845514 
86.76280762486101 6.074155508578119 
19.67437302828883 24.31042222833763 
2.2592467614583915 39.95565818864489 
70.40773708585803 8.269190517054298 
0.36444495995203674 45.90599500108014 
1.6513997430050131 41.50856020441891 
1.1876872656869695 43.56555062492856 
58.14450816671088 10.638412651177202 
22.832512033960555 21.9270512217617 
126.19746642732397 4.069711812081135 
47.9174101697173 13.032375637436154 
52.019981770720555 12.109458496703322 
40.774465514611045 15.074498548188544 
47.05315245289246 13.557944500474363 
79.09199774971152 6.95189547503032 
49.167693185261044 12.776810292483228 
39.00721293173115 15.60366591977344 
27.59139020718588 19.97500166537948 
13.536210094001497 27.556290329381973 
59.40312984213921 10.359239859060068 
62.812351558460755 9.74827418570382 
8.493214503709304 31.516604717080817 
34.556987247041505 17.078665638340212 
7.749870107667482 32.616652997784435 
13.89614298348804 27.11520920947816 
8.307957439683044 31.971966957181795 
0.15906113846441913 47.597972669509396 
30.84917985150459 18.470237668830315 
0.014115558420857755 49.19277039775832 
50.85245804097143 12.582668955351991 
11.364028484710072 29.136436572556853 
32.1069232203816 18.00938283223104 
10.772044165256734 29.494351129212685 
28.400858058509648 19.49598799389897 
54.00497873102318 11.628228155295385 
7.40520443890924 33.02569911912571 
43.29603240042795 14.364383051685742 
0.034589385064138195 48.71922197080837 
3.2177300710115793 38.123028307290426 
81.9568013959824 6.595679442875898 
89.48216608468954 5.833309962723526 
21.64262764431966 22.52137367748245 
41.865214554993365 14.83459613488042 
1.8168932275064842 40.92479828026788 
26.416249131628 20.400570182328664 
12.592089609407054 28.07482689289882 
6.598899065606786 33.48886776676822 
73.96824975286683 7.6988337561559 
81.9568013959824 6.595679442875898 
0.08957774992112102 47.96762960590087 
88.5545757392525 5.992487683004123 
63.90070379594184 9.56196983967477 
1.3473144334506615 42.51237032350501 
15.369965996522772 26.12070219180275 
38.52032198948486 15.743809810702986 
11.955246143331825 28.608453142645267 
21.377223374675225 22.65401627676562 
0.5153422234630726 45.11475305680875 
3.847047900057647 37.106482596657244 
1.2261768650539226 42.6379767738253 
126.19746642732397 4.069711812081135 
14.695384403225873 26.592675695660496 
37.268081664900265 16.158127569275607 
123.21677949642434 4.117661657325272 
91.19909061916246 5.6668904701013645 
5.870207238785172 34.461385958283444 
2.9448844207136062 38.65916442129655 
9.181006235379376 30.879706756028394 
2.544792622958112 39.4699317855666 
45.51399443956613 13.681757735226311 
17.368985435494004 24.872885071340836 
35.98002653507666 16.599828540974418 
61.10106841483464 10.00373394048836 
