135.9999999838605 4.0 
135.9999999838605 4.0 
2.0634025852734016E-17 49.999999976932905 
18.779025221998243 24.555195395419364 
78.39987282412136 7.047240796091993 
15.520579452255767 26.217481114955525 
0.22173431125319573 47.570648620331696 
8.550306725892627 31.630791672335256 
124.96931730678384 4.08062668263732 
1.1849012274746293 42.72936624310536 
122.23438551341543 4.127454482378109 
74.99650566925848 7.528539063600217 
129.01896815294486 4.031571219389996 
50.04771993992174 12.507387138321306 
118.48462598334237 4.210841874291903 
88.21965582166973 5.943083557112927 
65.95108373614875 9.118121977537054 
95.06031069823075 5.340640498770083 
21.362762377300495 22.856006309061982 
100.36403035154314 4.978414009672358 
83.95307977798828 6.369877181848065 
59.3016221887755 10.37284991627413 
81.75139043475215 6.627262669789946 
38.565961568884376 15.729331175180256 
23.360701635484247 21.76197385369403 
63.977866960857384 9.546590688286361 
14.270777100121094 26.917015432982478 
9.664608420672954 30.444525817476634 
22.55767835418218 22.148716204525073 
93.2478366683811 5.620897671863656 
112.39559513927117 4.400529440016704 
0.29686880198777654 46.240006004462316 
3.4680943234496198 37.70741656486892 
41.26144599323921 14.95058726504071 
7.747349719567829 32.25648741717663 
2.797940551562266 39.00244103283049 
0.03181852052033498 48.939362012611724 
1.585139031940984 41.49922511666407 
11.560740779330484 28.861439317608536 
36.35149125193641 16.454880794944152 
0.5716788284501341 44.87145389801118 
53.12979257129695 11.821124646587975 
33.28752747048382 17.57851289091439 
104.0559609069033 4.7668460040118585 
46.50505890255795 13.410693820083832 
2.7417287998452378 40.2468334002407 
133.0385093118423 4.0056677094229185 
61.38739400351125 9.951486539734942 
116.28816964126916 4.270209400587331 
0.39842031033793396 45.924763822994095 
103.37671875113446 4.953724841369042 
56.986242646972514 10.941385011461577 
13.510827632098273 27.457180793441992 
6.243883043287812 33.90349615569778 
131.60399665117393 4.0124533154639215 
43.13770624092598 14.44339360666142 
31.462697039824263 18.2876506612768 
0.8770967146215455 43.61187514316116 
58.08774796575994 10.752943478603026 
55.1460496832041 11.302289422537479 
31.951239783985795 18.030518673716067 
20.440435254783104 23.478169740306445 
40.625559764125484 15.293283373565234 
25.003374366102193 21.12608682240359 
45.74240784895224 13.762154670572748 
108.4117047230624 4.5554317727557 
6.776470904041316 33.28698964811076 
10.081870623370122 30.375921050734703 
36.22234632168082 16.4985505568633 
111.54962284944459 4.498897187964594 
2.093910292044684 40.87207986317914 
98.03420866225215 5.17214797415722 
4.027672589865658 36.83430940655937 
26.073006213641612 20.415766682839397 
4.270754621089965 36.457520316884754 
69.57318174317095 8.420112022570109 
67.82301377094663 8.747092790656879 
5.24556484910299 35.29229061374099 
5.599692027632777 34.66827462881484 
39.14840789728871 15.544561309613176 
3.162411634480389 38.24373668119037 
15.212778599907653 26.224778672055464 
30.28103012182747 18.830050694975967 
48.86021072096132 12.960039611076859 
27.248704142585325 19.914075796331538 
12.08877072534717 28.438190662665708 
0.030234631593055773 49.12813219360946 
73.64482894256187 7.761534292988098 
90.90330519767588 5.6839843835199 
10.83452715216563 29.593436730211234 
135.96956315073214 4.005075489308107 
106.86524661140106 4.627412070602643 
48.00935298943413 13.026393555753888 
0.6631924133609106 44.465953133158536 
12.984807222381718 27.878345922778166 
10.83452715216563 29.593436730211234 
55.40679871683512 11.259297504865241 
5.849244425036675 34.36098275699035 
29.303253747722138 19.069433211918795 
98.03420866225215 5.17214797415722 
