7.196488437645042E-19 49.99999999575829 
135.999999990458 4.0000000000001386 
7.196488437645042E-19 49.99999999575829 
70.42599911250613 8.269156837754299 
9.786875122611807 30.332805974078624 
7.661208175599415 32.41322660986638 
27.086407313850152 19.993201265383604 
6.060484518799088 34.12253288860269 
74.22753571190208 7.6437488408113605 
16.71969882962432 25.270051157455196 
8.220631346912349 31.874104999101483 
114.1990624017194 4.410060306438986 
107.0908693712508 4.671167970047201 
2.45770463820597 39.792231880053734 
25.496527036781757 20.980785412907665 
15.669619371231436 26.35590842694646 
80.7331202734911 6.794003935797536 
1.7884462245243447 41.047729863932446 
13.381684655280612 27.636389964042078 
14.482237880630827 26.90651274766587 
87.18514029799513 6.289507674079501 
68.30186581755771 8.645139902189339 
88.09009238211542 5.9917866825700825 
11.808999509645204 28.668737754266747 
0.19291958333561252 46.99532913071303 
91.16182479612792 5.65758050767681 
0.06723804545820948 48.537327682626696 
34.5861447974628 17.061624908737556 
30.281723919647515 18.676008911310078 
94.30088058466188 5.399799826818781 
55.12208127261888 11.64940131353347 
4.1803041784861135 36.653543160752946 
1.551828805527403 41.66762758638535 
100.34621503627567 4.983811478356531 
31.562613182984627 18.22313595718603 
37.333372338251024 16.39608484166911 
0.604229749410073 44.685317223232715 
40.028972689533006 15.269722935779285 
83.51773432914433 6.457210673114538 
12.342731667511067 28.329393143685433 
20.473572865632402 23.63495978966288 
61.593380706506814 9.914140311514478 
56.530102729536125 11.234796882454969 
0.8821981861007576 43.7491715059275 
4.568740378953553 36.04096441239925 
18.44458166282083 24.480532817894847 
0.01969079940083671 49.303303155495094 
5.654928525979919 34.633885137859124 
24.027391631576748 21.4093449969252 
103.57000623044055 4.795303649650954 
52.09677226471224 11.998480029988102 
18.44458166282083 24.480532817894847 
129.63585431656134 4.026414227714829 
48.55396426520143 12.980943914638736 
53.05007627024314 11.77006529324445 
0.4148869140655744 45.66151839533731 
3.5266686621622068 37.71674824785417 
1.2325831420205993 42.51943213755221 
110.43826773468255 4.470948892976626 
92.4309122744541 5.558214566055914 
3.079819082117856 38.968534368042484 
50.25613114647455 12.608208338220377 
3.7476380591251788 37.43775778443572 
98.55881577692699 5.113603068735752 
110.43869300527895 4.470878011397404 
10.547421741054277 29.679054408840035 
28.991216329353264 19.190053594164645 
59.33977609356138 10.366991277171099 
50.60214262670934 12.387338771114006 
20.473572865632402 23.63495978966288 
42.440007983000044 14.554197828618339 
22.808582070813603 22.04466072429134 
117.60765985477828 4.233438595815143 
96.78100309708933 5.217314344368221 
76.13616794572654 7.358586996391015 
59.33977609356138 10.366991277171099 
47.52509898824044 13.161200365897287 
28.991216329353264 19.190053594164645 
41.493039552895944 14.826846331766252 
102.65697754895983 4.847960680747673 
3.2615273995045455 38.636083002107824 
121.78176154546233 4.136892232995762 
66.54843322629776 8.96391190953975 
32.736089200829376 17.854710991071645 
22.097234371357814 22.4861641828373 
57.19800682167686 10.8382208869562 
78.31508461006464 7.058682028494712 
83.51773432914433 6.457210673114538 
46.11433501842325 13.752021726343596 
64.63616728780516 9.328240194568785 
0.1341690341509466 47.476390480259916 
10.547421741054277 29.679054408840035 
46.044203305328054 13.767151440267494 
33.349352354949815 17.61015269844438 
23.4627789573954 21.739751011195793 
0.5087863070707004 45.21193051373071 
21.60296708281274 22.762180392437152 
38.41433936050963 15.81346381010208 
5.136317797279535 35.26061453218907 
63.40439283601485 9.686279032706853 
