1.6330166918962341E-16 49.99999991145704 
135.999907753399 4.00000000000596 
135.999907753399 4.00000000000596 
73.50609601792513 7.783671740603279 
78.87097927702143 6.989568846413258 
108.82628534363278 4.537413622356167 
0.32094369547529333 46.571479955210066 
62.24361650869143 9.946300108553114 
37.169009488586 16.18468489923723 
48.97599142356308 12.79730084734729 
8.195982928503252 31.823481844366288 
50.641956708333446 12.414488413441084 
42.607699001380624 14.634271324827168 
114.0402789133129 4.339866571092412 
0.07664088797918359 48.131728111499754 
35.51597283446144 16.74104362787489 
45.75192880280437 13.626512148661819 
122.69576917949023 4.119306519267878 
53.17738926884512 11.784188362139272 
95.11650331494761 5.3376335867494555 
58.43900945655935 10.56530078617062 
65.27515616165522 9.265310941541895 
9.568323558834436 30.765583064764368 
0.40348617082816796 45.67003604216427 
60.90047411593795 10.24834620572001 
81.45529562641713 6.6598875159340825 
31.044780767254274 18.403202601302468 
27.11364337110038 20.13334147471384 
66.8361469180334 8.943883525663972 
33.7344376241835 17.36846053386318 
119.50380176906334 4.185743130123425 
3.309416648614164 38.1174364323422 
57.15988873179191 11.0707309292724 
46.60458656079014 13.499677287126653 
11.532044966620687 28.971936954075723 
0.5931352149917798 44.72067900141979 
16.81481470055342 25.302447846795513 
1.7821816203001841 41.027992935823036 
105.52416620383005 4.692589168551114 
128.60001624099073 4.035552946005906 
24.65010844072892 21.536257728824758 
85.27775681522715 6.22254338167821 
12.823258451176162 27.88484775396505 
41.612741055749524 14.878366798259673 
69.24818687322738 8.472476642501544 
102.93281538591835 4.832811774789189 
91.61225967747897 5.6162515865707565 
28.29309896749845 19.645333633536065 
18.248295551560254 24.665207874391694 
87.85862943506709 5.978307000178461 
125.82756483502709 4.0681887484063575 
18.406820057351133 24.296424792008388 
2.3880421678589623 39.890101991203124 
4.275227795305249 37.34926190201944 
21.398092478718457 22.71189910366205 
39.730778420587086 15.59852825839235 
39.49022764978881 15.624038124349326 
7.517808049024808 32.51777543459926 
5.2117290998667425 35.421249570934236 
101.52435956999878 4.907531763809656 
21.000676756999546 22.933278743168795 
7.193747495022489 32.88932853731394 
6.307029641786433 33.819467279830796 
107.13621628413478 4.617669794059381 
19.652944304647235 23.643839607010236 
83.28605413627358 6.5055758339534115 
26.02215836013039 20.69368631424505 
133.18597270219507 4.005647517603522 
54.43329402098237 11.440573407398386 
7.130915619553753 33.72679987673286 
79.04529464248006 6.961456642960206 
0.7426279016969517 44.09597747079168 
4.461271790355486 36.29475280999438 
19.771573903237133 23.504403165789235 
23.93399533952556 21.937775407767873 
32.4676213666723 17.85123869958504 
22.641390508066905 22.017995420832058 
90.29219322040464 5.765555191518795 
69.92132835447248 8.402847599329732 
29.013613408705087 19.229284388933504 
0.9862904435164931 43.31897773497808 
99.45080144395541 5.034695791250357 
3.604339520349318 37.48684802563602 
16.154600186067 25.639346638459877 
2.8611740041636757 38.975792784104065 
29.84929659928092 18.833346804391915 
118.01413666723053 4.29139646325814 
6.264420571926943 34.75163539122145 
131.62955657035596 4.018915364293896 
88.78275963108858 5.885621987490043 
6.2213194951809445 34.83967278544411 
2.8611740041636757 38.975792784104065 
0.03869731855061595 48.84544155235212 
1.4326971812075033 41.995975037324506 
25.301687306905563 20.80345193882204 
115.21078323897203 4.302477260302389 
126.9776989281049 4.054547111896813 
10.741097817907644 29.622156014373495 
84.22425531185542 6.345535863290387 
2.024322315532448 40.519264966350605 
