135.9999243834427 4.000000000003958 
2.1006439071509107E-21 49.999999999770836 
24.01048674937102 21.357946518711252 
5.9305029485488445 34.372643373558674 
31.58847108141076 18.319822043010625 
17.287298345432223 25.15539749652872 
20.991737469179714 22.851999731365876 
103.31025152457906 4.806216406343717 
34.112314855128375 17.23501766318765 
107.50259110831394 4.63718318798872 
117.53095842303264 4.235661460229792 
41.51182589386298 14.925697814830965 
19.084613721034152 23.93669583096853 
1.442530751632062 41.86798927988933 
43.56981482219474 14.24777474376814 
56.75646499216195 11.053604112502153 
8.307687348388786 31.73923110892511 
97.4219021804253 5.16942362233012 
25.38595505904025 20.759626574139595 
10.99806162469465 29.78412517513892 
11.724809865548018 28.88495872408977 
129.55711149447356 4.027757494223831 
44.97570793458472 13.857215019097099 
115.32962448870242 4.298831290483037 
3.0186148283389382 38.4860736669627 
2.460198835329045 39.625101068231345 
37.19272887619165 16.175194500915303 
51.47661648597388 12.165107419624004 
7.318588550510171 32.868766336571994 
13.629224575274606 27.304004303952144 
125.99344541794395 4.067821834061042 
63.34734192283433 9.687279579963288 
46.98842087899834 13.366017781205915 
39.06816528903134 15.578769003102845 
55.15250934361309 11.275117440520745 
77.18685912011136 7.294118367241051 
14.53268768790575 26.677401057663772 
121.88579816555594 4.134529014444712 
1.9939851561112392 40.67820976748267 
9.018814766115305 31.259185515991 
49.93819514929905 12.524828689586283 
85.35379051608808 6.219148803803944 
0.031614039262891455 48.84289060008484 
7.318588550510171 32.868766336571994 
71.18693219140062 8.201024362291687 
87.98431261447564 5.953731284178314 
36.268284859294866 16.50607099356239 
83.27621052068594 6.581447918716632 
40.03061148605496 15.399456592363737 
35.045142848120726 16.963742889567328 
29.245405568280557 19.07516070092958 
59.181275913067076 10.401982433992242 
28.19540157099283 19.503277898734474 
133.29830909220064 4.00508544170141 
124.44550557953036 4.0988917051169675 
61.48056195401327 10.077788410971031 
100.49755726675102 5.028122315647455 
4.6735609000312985 35.885831273158885 
26.73255221385746 20.130492906628767 
12.53986546639078 28.2456289991242 
13.079000350683138 28.01800146410251 
95.06399965031818 5.3492914754777905 
131.91731067410933 4.016386934946876 
0.1280062438266276 47.56118617381168 
1.2629787715449723 42.7617291260266 
72.6218542439141 7.902914225621133 
9.871520402251425 30.393382213405786 
0.7938839462364435 43.93209330811421 
53.14068224232634 11.739199559353683 
19.931596609392713 23.43515156114583 
0.02474630414258814 49.12856991646055 
86.90611386858271 6.193504070322666 
9.578167073455067 30.51218095695438 
5.6343146320778565 35.25379491581146 
53.466899336837706 11.663676460335141 
59.181275913067076 10.401982433992242 
112.3169880395724 4.399495501296751 
0.2421387118152235 46.742607138685706 
3.499374263149944 38.06819212548129 
0.2963901370813737 46.46494338027008 
69.56085672177043 8.455134569607262 
65.75512982588683 9.10213825590116 
1.2629787715449723 42.7617291260266 
0.6193211792677809 45.18343822460513 
65.75512982588683 9.10213825590116 
80.63827912606172 6.885398708827337 
4.41235515956038 36.34508776361686 
100.92192437562221 4.956564582789653 
47.839638868955014 13.074918564062152 
78.35344638167652 7.0847245767865275 
92.43348079412141 5.548021926430655 
109.796528403537 4.513525941869357 
112.30257505073907 4.414331253773768 
90.7797362915556 5.688294752003433 
5.1401437747342875 35.25885788381363 
90.16508121180087 5.751085745324753 
20.929029123480408 22.885242411097583 
3.610752288119885 37.472692448202835 
67.1502448569262 8.87877313889326 
4.051638359084534 36.788016613106024 
