3.029500094050451E-17 49.99999997247524 
135.9999982728968 4.000000000000002 
3.029500094050451E-17 49.99999997247524 
11.708969384024897 28.76146718557559 
13.942118052478634 27.123746115510613 
78.93653238949345 6.971344151684603 
74.38293317918615 7.642202118957769 
3.268062871826145 38.04473254033008 
51.05573193177585 12.406350975664928 
116.62675545161869 4.280739276595995 
0.21442486490752466 46.832827302124926 
105.22223908509743 4.7386480335806125 
36.841379488249565 16.42102416080013 
2.0486830827098212 40.542937209956264 
86.89319547959175 6.054119240717695 
47.44015726687652 13.15684006826396 
88.56343734890547 5.89243219710938 
17.25569072758779 25.025757324632764 
28.30358124311838 19.473679703346285 
53.43881314246627 11.715380381925396 
38.47933384858716 15.76984768309143 
65.00354227440276 9.48793291599199 
19.352431968628238 23.852376267983203 
20.721298140649246 23.035179260054257 
61.635953800544044 9.916452456895348 
5.620137149802018 34.87816724513243 
32.08069497544268 18.08381306286592 
1.6646022155189248 41.29963921795339 
93.28900609342529 5.47798713959849 
107.74166758732409 4.585244937582577 
0.4949661503789268 45.4448255170807 
24.232001998581815 21.297910858760854 
35.32486910339629 16.965514242344526 
27.001169553972176 20.010806016772136 
67.21491752842323 8.865110451559719 
6.033036728108348 34.250690448198995 
14.680455057304567 26.62852753331947 
22.832135175191752 21.920419292436495 
0.12118371164783909 47.643548970648155 
80.9551619231473 6.7877091141929995 
2.64947439311364 39.26146446729909 
3.8871798321811077 37.104435276010705 
16.201005385251413 26.031381390999247 
96.43854509735588 5.249534425914966 
11.029934184199128 29.58564576754859 
91.76070819453872 5.682898317433868 
8.566419785673315 31.58745228427521 
45.31069238665589 14.38479588135165 
2.543850144309073 39.366823173038284 
72.72510364923875 7.8878833458161 
126.6880050107715 4.101355808589518 
0.007037666870654607 49.40969188842436 
128.90921115105854 4.032631831819076 
134.0957364340852 4.002288226623049 
83.81613415649191 6.382457845288716 
110.67518544306054 4.461451031586438 
29.655814626240392 18.910044482926853 
120.02724105570711 4.183317208399599 
6.87101999460595 33.38839387171115 
122.93328972112262 4.1143108252705645 
9.501925780506784 30.70232218848892 
5.017667696290255 35.800858208539196 
45.4728876816358 13.716626509244982 
30.93255493680626 18.406146506319516 
21.42197639322982 22.643544491524136 
101.93176210228238 4.883756224895642 
69.27534808092355 8.490863443863459 
0.6453679639902199 45.20910161435195 
24.965938858259975 20.91066631480615 
17.999615474007104 24.63237396756709 
33.48429505092639 17.454503028477344 
18.601220221651264 24.23783818828245 
97.02161831955902 5.204661945652755 
41.760346735272066 14.746005458049275 
22.249051186064584 22.283146179164508 
7.50010087273413 32.51555384760577 
0.7272091266897577 44.26554171880367 
40.9342892548962 14.996515152405863 
113.4625221317832 4.359414192717627 
82.3652404121991 6.546605531984957 
59.18753575760219 10.448089414079364 
10.561693941883101 29.922864872137193 
6.600595411032796 33.522862138789684 
109.81141613338593 4.518761965160279 
4.33077729142067 36.39892457778235 
49.143895264166176 12.734639572403525 
99.48114244042688 5.061478630029676 
0.9088674745203005 43.49580115663689 
131.8804235663811 4.010902440553509 
113.4625221317832 4.359414192717627 
59.93775227897693 10.253123245654377 
9.241852545008491 30.97925748024656 
0.05738222047422215 48.565843815555745 
71.40670192115334 8.119289914798374 
56.20577862800836 11.044995181220708 
34.120216204080265 17.230618331011065 
26.16023228421131 20.447846123287825 
66.09428727192424 9.108256703894007 
39.67366301881229 15.403814926481585 
0.10088257361905026 48.437119756216944 
