135.99999995640465 4.000000000000188 
135.99999995640465 4.000000000000188 
5.189486394612061E-13 49.99999639794788 
65.20174088500812 9.273762592426408 
5.511726094374153 34.94041820717194 
81.84565320657842 6.607250069768707 
6.691483761019995 33.712740749495474 
69.31518439875047 8.532174672688006 
0.9976902330331816 43.27614265681933 
127.41517397577101 4.048310245672758 
1.5014696908496954 41.955756362000095 
42.29042911282228 14.604904830468328 
123.17116398853739 4.1101932494168025 
10.228376180605071 29.948391778647366 
62.530303703784256 9.73068497912308 
3.399087683800622 38.53151121765303 
108.59399132471799 4.547744382877908 
104.05817444356906 4.767119537979702 
9.260543655275468 30.963111080108384 
79.0283999404173 6.959490980430881 
17.247400614574893 24.950294178325137 
89.45895811260561 5.864212647719875 
15.895553648313635 25.821019495250294 
85.10903787460883 6.311345283130038 
93.4447493735394 5.472602402869966 
103.12361033554885 4.900745017283282 
14.390184067733603 27.02922676085175 
40.44847971707125 15.150414873144966 
56.66955776493235 10.94577966444091 
49.09352886195802 12.73514651256489 
0.2326669399398984 46.64748913476455 
37.56865387673247 16.089039843242137 
112.03227461831385 4.409824820055411 
99.10772541050659 5.059155609285518 
4.83488236321206 35.97710624257441 
22.96941792226074 21.856240038109096 
18.10922174655942 24.436781987224684 
120.66669895558036 4.160378655821972 
20.50771615665311 23.15551827832426 
2.0057517702294447 40.68241334493861 
2.5472845965340443 39.392788778465174 
2.3943953847786528 39.676031890552274 
1.8301662290889058 40.99617680431132 
30.536277992949877 18.582346513933484 
4.4348754702775945 36.22458695714212 
61.07504109742331 10.210199280102348 
34.78301020383704 16.99485930170875 
0.1165743872482862 48.115702352405975 
33.725684223413396 17.375132558927014 
117.98002103285748 4.250666621773624 
44.42455905924608 13.976389738026715 
44.286277651835675 14.046267903353053 
8.692696219979181 31.614652354808364 
3.9181054162601145 37.06936453207311 
3.6488516065440093 37.518793302314535 
11.12160236631141 29.203403579173134 
52.6807449579146 11.850636808739656 
21.880632502299733 22.402122912438692 
109.84873071080372 4.494604182322595 
46.54607169771112 13.44554900487396 
20.135586787790025 23.35990097414045 
130.51747416575833 4.022683796134625 
77.18043808779169 7.212355387438814 
70.9117206588117 8.184092878444655 
0.01215912666817382 49.24108805378827 
88.46251713637761 5.915302404914198 
96.48663762943349 5.2356727212618495 
0.9552116724116921 44.3436833703785 
115.11372410566534 4.305494326346941 
27.819078330652374 19.75911957684953 
50.66993687625714 12.333630536892361 
39.260901790422615 15.53993087653274 
51.07896042113926 12.233527951524383 
8.063500547721379 32.046748190679466 
32.89121940381693 17.728869552705213 
23.94668320793142 21.39108249262693 
31.572870003612575 18.228811350186895 
59.45226188925983 10.464645271030307 
0.4632458128008359 45.528704506002434 
0.5720538338264674 44.94319675047909 
7.405420455390667 32.899088553066 
15.17008972095184 26.328730119569954 
7.461134817810953 32.850679146442076 
12.804604824537112 28.004036260467657 
133.56146255311148 4.004458451622025 
131.10315290182734 4.015520421551836 
118.85382638365218 4.201686295044858 
72.58343061101631 7.912103495217819 
19.007790969427845 23.935897111027074 
114.46510214003027 4.326078764228408 
0.16858716315186778 47.18785239111706 
36.9350274035505 16.490018092868432 
32.136291151530756 17.99071342235502 
72.89071495664857 7.854917132999122 
47.83216773958016 13.141274825895026 
53.35813295973036 11.688367386283854 
22.131867793845323 22.39288737791161 
24.766255852682534 21.32589692039432 
35.73003823651784 16.66695618624461 
29.54788745754723 18.956670541296376 
