2.5080254442298373E-23 49.99999999996955 
135.99999986915438 4.0000000000000036 
0.12387657250599968 47.797638847289356 
1.0274640970169158 43.455398221249666 
66.48872495718567 8.964887282786416 
0.34468237902141285 45.948191091881064 
58.61275173023658 10.554799759614406 
61.799101217742205 10.04710616457363 
63.5538469679977 9.53412337405635 
12.604444091595465 28.176294023741356 
17.52866304312004 24.928332722174666 
15.537863196585725 26.462497630527096 
105.25197339253907 4.704108202819912 
3.2201546046098577 38.13599847259762 
11.0192560717017 29.302326878924248 
1.5732325880775777 41.526329141859435 
116.64535602293111 4.259964723010486 
109.16292752787555 4.6037916049755445 
4.727172837192132 36.095465447368476 
28.625398773766584 19.339553546304806 
98.98746842621665 5.211400944695734 
47.23263154866717 13.212476311437019 
13.567005198165038 27.568677486755064 
30.827264337305444 18.625417395552063 
76.99794664403422 7.237842226412697 
126.1181988657176 4.0642470589014685 
113.04181260887663 4.373937150689096 
121.48632759410981 4.142179368785432 
41.187567590928836 15.17986461782969 
2.579540994666936 39.436237870768764 
88.03160503726873 5.941436367082621 
18.532626910105016 24.272338706541298 
51.853588747247386 12.045424280211634 
134.60558869343623 4.001407885738475 
39.076517434739124 15.626893840870764 
42.34741876375692 14.80747894229221 
49.33075717941056 12.674262104283253 
53.70729147567982 11.608782032120697 
10.377367497365128 29.8472170622532 
22.81372655241678 22.621503086833233 
4.4246937828592605 37.06198749873502 
56.37417964297652 11.017402177147382 
19.716589604450753 23.532956472400926 
111.33853596035438 4.435754251347907 
5.838070268391995 34.395181371489294 
101.3806509002251 4.950510857090987 
91.94541874984685 5.588046945466318 
0.5268143934508965 45.01570967848619 
3.922757775519683 37.38843071609862 
69.15990782367564 8.498446108009675 
14.486503124857638 26.71534703871038 
95.82982153420507 5.283266194411241 
74.17029187156598 7.651528410430681 
119.57893757552382 4.211599784143433 
35.81686494508004 16.921580364675123 
85.58492739234516 6.188397777230319 
36.5145413340086 16.564598322589653 
78.34853810025186 7.057089835988576 
43.378030429927136 14.284048543825527 
5.270973898348037 35.09284255366288 
37.80555033571147 16.27464708668073 
8.630857404276995 31.38416662367565 
9.472611894975905 30.628304600410786 
130.94760205885456 4.016370517435044 
0.7901939319196564 44.421206728663336 
23.382898552315766 21.662254046552235 
44.08726278607374 14.094892463526062 
80.14317084211854 6.9830509909136955 
6.606287170721341 33.70655714372208 
95.1604056430123 5.365875169878151 
26.205482705601458 20.363505399733448 
45.85263441561534 13.612293097347798 
33.05898020430223 17.611560359576643 
50.65743190071267 12.33729135383711 
9.671457511534673 30.461513604605827 
45.38755501224446 13.731741289039316 
38.2154842653249 15.841487957640005 
127.05792146903434 4.052352724192602 
102.46335356962663 4.855633390536741 
8.222373184097213 31.900062392011655 
34.737454390532456 17.35391922626254 
18.485022495696754 24.88064772182898 
24.42305330890435 21.227180888587775 
1.958203907188409 40.75432523707744 
69.33184978492534 8.465835450966267 
89.90257893224071 5.797101821058112 
27.60665546753904 19.769504205812346 
6.84757854216085 33.53742590272763 
25.119439768954983 20.843101868531868 
27.60665546753904 19.769504205812346 
1.7053581200910155 41.29602509992513 
2.0462301514059487 40.43958687684783 
83.19210225651324 6.450155563828735 
71.00025315388774 8.169831800534118 
74.038682931206 7.671926814330076 
2.2695753460224606 39.960215360459124 
55.84682768127574 11.168733625177886 
80.97548328914563 6.724949089365096 
72.44642227316135 7.926185442598175 
