135.99999725896345 4.0000000000006795 
1.0908744542426591E-14 49.99999947658125 
19.51552020338996 23.65120043369687 
9.750558683146387 30.385100828431003 
90.1825658870954 5.830169821596816 
22.761258125522076 22.23454505562028 
0.22793700823673932 46.712435367775726 
5.99956830465017 34.18120946000635 
122.52891978641858 4.12465471247673 
21.570481196327336 22.605563107043658 
0.621556305568383 44.699975136062605 
46.964169076339466 13.284098324450417 
8.354585770380183 31.8946687052702 
94.44249567968501 5.390356493128015 
43.487666858801006 14.272904215872444 
16.38822169016372 25.518026271291326 
49.75661597790065 12.66924945182537 
25.116166925074065 20.955647319631115 
45.64893535390819 13.637311309930649 
17.68907377833684 24.80248179437352 
28.367311738100994 19.436838288118643 
76.94647787176471 7.26607935167265 
115.62161197798959 4.292108567672613 
78.31996280395522 7.0531848702914015 
41.18685663228656 14.964944869516753 
3.5084824383181594 37.8378960160495 
5.086184483601256 35.41137522387929 
10.736856674092527 29.646351061075016 
59.447343534045444 10.475690069479207 
15.249099775197994 26.60719995747658 
34.51953347010411 17.085820459352394 
29.63238071651653 18.99355891950816 
74.05111191483437 7.6699960230107465 
8.048993850042576 32.15299562386204 
1.0745514511236296 43.30991480151286 
64.58752940529061 9.39237238864782 
131.8803185890168 4.01105353272577 
6.992278972296845 33.13221190598158 
14.290708284628538 27.441632732719178 
2.698996955668548 39.14504819194683 
39.048788561844816 15.601642361488604 
60.91393279839271 10.06285561499121 
1.0159749545645305 44.59737553803837 
13.070616163629001 27.72480855073648 
126.56759172595777 4.058587661226012 
32.519744791301086 17.806806087892074 
42.003781385937174 14.673132548528153 
109.97393088205482 4.490641535479323 
87.50209415608983 5.993043776578142 
11.700418123771453 29.27876518769524 
50.667323554001 12.356299973450783 
27.169701268885774 20.225544648274038 
0.1757605657862594 47.208629169752555 
1.706956710624043 41.264086951542026 
135.50782585647795 4.000163671024063 
119.41199091179192 4.19969623700504 
33.48862120489784 17.467855395382273 
81.04828903861966 6.703580024958242 
6.755403459642709 33.329382139496325 
118.81714298250529 4.270277374385361 
30.884931786145106 18.57205987574369 
31.353217910619883 18.245036187251387 
56.05979001802372 11.075916673810717 
106.16019355778636 4.661406997479359 
54.29449494449659 11.493017534084348 
62.91218029559175 9.655089013558399 
12.752083371101559 28.44233970384684 
0.12377241413841 48.10029857852588 
112.72732839327938 4.385484353856816 
37.29192179255954 16.153474017040473 
67.89970658919947 8.71392304369559 
11.968048037838077 28.622110777360664 
14.886313395041821 26.746371743000488 
2.124726244186329 40.2574937586904 
3.817997314023042 37.13785530281903 
3.165224458753314 38.782557180595425 
26.62129975582532 20.42404936263874 
62.18906888647788 9.852897665481184 
86.45832519887958 6.170204168031123 
1.2035958124976878 42.729792542813016 
113.27482712092767 4.3690500455699155 
57.66550873613383 10.720260836841273 
69.63265668422207 8.403886685053903 
36.04857361189153 16.60358080678695 
4.214558980929789 36.93723162096852 
25.23702859077344 20.893109268335373 
108.30712712438537 4.56022281342597 
130.75470541008508 4.018004053856943 
100.9283697224605 4.943605752650733 
52.811983752793935 11.881392659261527 
100.57569978072294 4.966386110767002 
54.98207321075288 11.330529329606772 
73.64239077744072 7.856835345174163 
0.049831398228994954 48.80027657465429 
96.73509881363168 5.217919713558426 
52.12804810181122 12.040292489849648 
82.19226718979118 6.56576039704669 
95.5339726326938 5.308060939767941 
38.04359075484874 16.00714154119353 
84.22202617166813 6.334612410204116 
