135.9999970975772 4.000000000038579 
5.915370466502941E-16 49.999999855743454 
117.07193419022602 4.24822944046299 
123.30418434392269 4.10784250255554 
10.171695037262433 30.171899641944563 
16.61036603189551 25.41375262585172 
27.09634571989178 19.987283145506037 
48.49066715800623 12.93537771270605 
18.181118324644522 24.515357067293284 
1.124954073806653 42.862563912558656 
91.45234890018804 5.6309637095738685 
21.314416503662876 22.747849275445596 
71.65978921726497 8.084480513898713 
99.23515006423077 5.048878356746725 
0.8784456609000191 43.92646302505607 
0.4067160399309638 45.59607760920777 
7.381786279708088 32.94803013933814 
114.11180041667453 4.337644898476495 
3.7993189482500394 37.176183117497736 
94.97066854498108 5.34766058607661 
8.396233208397353 31.854388032712315 
22.588992386995542 22.371049281297573 
46.06841003396477 13.547447169699943 
19.622182164171186 23.583130341648054 
33.89793678128646 17.353455470011674 
0.5997050179494013 44.828642942574106 
85.27341906712459 6.261269241124138 
15.604336076822996 26.383921566552736 
127.91429609773428 4.042602163958513 
57.039702726612774 10.891938735056115 
126.4175259118464 4.090677831280175 
2.6235052902953053 39.485667685389366 
77.58827930579066 7.174448366411381 
1.461108238444545 41.82113656509409 
9.044181334003712 31.332338841900306 
59.64903723814741 10.303718676945705 
53.58630826224511 11.695727623295685 
0.21333686246314693 46.79227767574281 
38.941190755629236 15.610073311556214 
61.35320783845394 10.115647669261632 
74.37697563877131 7.623230648185023 
69.9657074057197 8.345700972536385 
74.77403425620706 7.592051000390294 
111.49068992532227 4.43081189522602 
44.3712711104442 13.992234772635683 
14.795898367967759 26.506376236041554 
87.78939090591365 6.0135756666457 
62.7498484471016 9.78555846564739 
23.5889798795777 21.61879419620405 
0.09839634103874641 48.07283921775915 
25.17894422340657 20.813142144579395 
42.88228010677402 14.417366855059615 
94.48046416270103 5.430098335921055 
58.49138269742686 10.721642934265809 
13.898462851755493 27.31616288494694 
6.455040898368878 33.6689076248433 
66.42225325892124 9.015465867323417 
3.108373716707436 38.33819413043413 
31.713670397891974 18.111845531462315 
3.207710408815804 38.256405955095246 
55.60799498873622 11.371219943502506 
5.819294609651089 34.49710574470568 
13.546449650657376 27.548751583956005 
78.56016066568247 7.02096573684874 
134.80850689731258 4.0014687761889745 
64.8044556342891 9.350985261117533 
37.02990020864782 16.22894528754536 
0.018235733359091517 49.27447938621313 
131.18399481642956 4.015206184069185 
28.656654117726077 19.312070819337254 
37.64594688809503 16.043791143441915 
104.84341564213797 4.727186301101417 
12.494219514960474 28.18096323255958 
52.00029803495832 12.155571475992097 
30.100155097674666 18.7420076059123 
4.456099244478011 36.26492334464867 
11.301887386607088 29.103613073654074 
89.22722477019659 5.902326476929124 
30.43528260946077 18.605851269321043 
5.550303011223716 34.75137296250125 
102.46259911986826 4.857353219087153 
2.144491052643704 40.23622565953208 
131.03816687419265 4.015968839329432 
63.918432736944254 9.480256313631756 
80.92669619858361 6.749607713342689 
35.68252526469104 16.686029653075174 
67.46508159272958 8.819398196822432 
35.68252526469104 16.686029653075174 
28.75153220643203 19.27267279103058 
11.772426301711134 28.81825877973553 
6.739800795679814 33.36879575898419 
0.19006335248886386 47.094888972187206 
45.367439616274446 13.728737619201883 
33.063923794307875 17.638019831669606 
54.616580167715206 11.467433924810994 
49.98164009569902 12.53526599394315 
5.139819639546834 35.43106556647976 
19.06758879377795 23.93221726755217 
51.326477060522095 12.177905002254608 
107.32346367800314 4.623167659018912 
