1.958393562252534E-17 49.99999997704492 
135.99978010719641 4.000000000030593 
65.27123934133736 9.198855469422524 
84.60498281186202 6.458570030926595 
78.68135795023571 7.063651775020304 
1.8366142210794707 40.8903619471085 
98.35511202716452 5.136999669258244 
125.61865840971764 4.071110740027705 
102.61559855552794 4.864906282073813 
33.14033077128832 17.726316897953676 
2.532504020405006 39.69374359667903 
0.23171457935480871 46.67691155458442 
0.08902062577561207 47.94356700799811 
88.69818160002538 5.878902031402951 
129.7954725152683 4.024847806229848 
39.76879946092937 15.518649894117123 
50.02313019441364 12.496093618999769 
36.51995626606575 16.415007150377303 
91.07829690249244 5.663426260001753 
123.20635046826916 4.115764791482408 
69.84881890715388 8.366082008772612 
115.33110877880016 4.3010998047652365 
30.757420059648524 18.479753828102737 
42.261588365727064 14.599151096143672 
13.407656529205093 27.461784798996845 
22.761675875396588 22.070193962373637 
93.51233550873519 5.52484269834405 
51.493597178340664 12.147104014985459 
45.77120340783446 13.823113583239248 
41.20084486528793 15.146402380968002 
0.605740201004501 44.67755663361945 
118.69333181980716 4.215693992748519 
34.81194006095312 17.0084724142563 
53.171521385578515 11.731951313916618 
110.90048381485488 4.452870226960779 
24.382359065112606 21.202027549982702 
4.283269976421861 36.72254183384892 
108.39106790062533 4.638734474184068 
120.07744676536232 4.175019228918142 
60.60597200053762 10.145364121907303 
104.44757714463971 4.759642004346787 
15.758323582007991 26.12201757031361 
29.519380243485813 19.03747481938805 
4.032615736036275 37.235104229715674 
132.11269481940033 4.009632615989905 
58.97069137040709 10.460989805144798 
3.4252346529738444 37.96810867847531 
2.7548787553188125 38.98937619081032 
19.908330764591945 23.502200736002468 
25.623778540405894 20.617722859436512 
13.062353315809922 28.421168256121668 
17.828124074884776 24.639164734972443 
46.769368652232394 13.348862910651004 
4.74734914190789 35.79870422776589 
95.52407752255681 5.306939535328688 
14.821966245126887 27.136933041282127 
48.23011889689915 13.056618081609916 
9.266375660651821 30.854033734212564 
15.067314844395867 26.635913589942213 
135.99975994498155 4.00000000003639 
27.090542377314364 20.066617043639376 
33.99968738686948 17.275857095281076 
1.7119177611346297 41.77760994045039 
11.275142811490543 29.09260377663754 
56.694565412347075 11.00148249066939 
6.51528644525492 33.590851119145626 
3.094244201388515 38.414165141887025 
0.03231843020978036 48.8500031652043 
71.54393404937763 8.0783494158157 
74.28999613603655 7.645075337392645 
0.4667600897226758 45.70618093270707 
1.4374369480075275 42.036064861334786 
66.45683833934821 9.016159353919349 
55.33631317283104 11.32646134724126 
16.70279450368755 25.32880486611058 
67.81675290890553 8.736297453020555 
54.830891905179726 11.563473164813885 
19.276092050600518 24.000753052546766 
96.72137171259769 5.219493211926294 
1.1238521001928103 42.80296000933626 
38.04818056285785 16.098576159853778 
60.60597200053762 10.145364121907303 
43.882668544397646 14.152372118279784 
9.692076074639367 30.41448655824362 
8.861005079112488 31.63953939585958 
5.576870028418979 35.066151279744446 
6.994717176719503 33.22959794955373 
0.3743581541486932 45.83098027801164 
26.495365922883096 20.230608038440135 
108.79823397951223 4.5736120059532555 
4.927025717274645 35.53621848467917 
6.018301194507837 34.15778241234534 
28.189043839329106 19.509323659795324 
16.334105279836507 25.509085328489405 
24.738697572056545 21.05672913359499 
20.886337931353534 23.084767556873246 
10.488359031229724 29.760614565612315 
30.580324651322307 18.764899735502574 
75.88980781711484 7.398568439428326 
113.22999393988715 4.3674915672710055 
