135.99999831594724 4.0000000000000036 
4.592285184681927E-22 49.999999999852875 
60.347515372739835 10.16491769258438 
55.91431912504002 11.130557862713555 
127.53336348917131 4.046950064635381 
133.87413449166363 4.003435975841529 
123.64374718331203 4.103532302312449 
118.16997388181306 4.220281765669087 
1.1538291757876222 42.699519724782796 
0.5548216649238041 44.94050593729186 
2.9448404971882898 38.62917794972603 
3.6220922266991 37.4556016804558 
11.936713275454556 28.67403088384336 
52.41399319187349 11.910871769050827 
16.836164382750937 25.369038185205092 
0.05680682513281619 48.68662088157461 
54.86078331067753 11.68113947388101 
29.02703738707291 19.21134358441838 
1.6465484163735125 41.33904888648926 
15.725147483151364 26.223319080317253 
0.15758428088545656 47.59768131491114 
114.84503283368261 4.313937084478675 
47.8759755322325 13.09176466501571 
12.600347138797478 28.07368764474333 
50.434768061870436 12.629944192409141 
64.05402946363813 9.429803965405416 
24.189452507137673 21.317373695248925 
91.1547072165222 5.667756493381245 
4.042607281649765 36.8343670332536 
43.64799334198872 14.307361827945492 
35.9100479846888 16.695968123217153 
14.788109470155515 26.554178249628208 
99.33235949543395 5.04264120506477 
0.8909607122936094 43.575397863363776 
8.640142793174073 31.386027868835413 
71.12294936062963 8.180310597279814 
9.50209449402147 30.579598940896176 
68.33133261099732 8.650331248393591 
10.734186243386759 29.58542864010547 
25.785398010906565 20.656982492051625 
42.942751507034885 14.747898651395243 
50.996345839735596 12.461120015759574 
77.93003640770117 7.151247172305589 
13.50853695772928 27.41378403135893 
125.25037115602157 4.0876131131959985 
27.361783186194565 20.14934163231917 
4.985462287781255 36.092343908646015 
96.24926442485699 5.290409802188751 
0.005080619488659939 49.6275439231389 
31.495922637046156 18.206002394690813 
18.12619438385048 24.57042208785355 
32.96772231305969 17.656637971538597 
13.882012666295939 27.127757003800422 
92.66065333401367 5.558350517865421 
19.03327794365987 23.95344877121598 
80.24431129111662 6.8641110061490345 
76.32458683430222 7.41650018480609 
17.784465702061663 24.833523916955997 
94.18172016084387 5.413249905632946 
30.326514731019884 18.74637710686823 
109.10093867904587 4.624765628571306 
5.7885355553717 34.52178116938744 
41.27494800906648 14.894296474803491 
116.88498740827029 4.253248889363739 
86.79330230713839 6.212088166910281 
101.38834476720531 4.916655505289662 
25.336283551818426 20.862356154279986 
5.273848010146455 35.11082919267124 
27.80366440750415 19.84800834207693 
22.7029976446296 21.985673690025678 
66.29777411126582 9.027613574078874 
85.41702738405733 6.220365531955103 
2.385276837968485 39.68382886734362 
81.89642606237713 6.67053233738541 
1.847874194818493 40.98013094253771 
7.850243208730903 32.15200713406527 
46.69487027666391 13.417324949515164 
79.50396365370605 7.105809257054744 
72.18806948279939 7.980252608263207 
4.461244302709019 36.182686922602926 
104.38564763083929 4.7499153109367 
44.94867635909028 13.875180299474641 
21.54931695186919 22.56267395363297 
38.02020439844448 15.921923670775664 
45.24147174273916 13.79144071330924 
40.63060582570254 15.550290064835096 
88.14111420835343 5.931597003906109 
69.58919895380369 8.556984304128543 
8.35007663335643 31.657200553042223 
34.45511536085835 17.20478064489551 
111.90603100725431 4.415961152551889 
20.062711398867773 23.36026606446479 
23.206272218756517 21.740632753659234 
7.54534156706781 32.47731902771084 
0.3908677340505108 45.68524202383965 
88.91992087049843 5.858185917515623 
19.414583183540945 23.75767020918638 
1.0517081742095589 43.4444853138328 
30.739734999977884 18.564824237192457 
7.011458859653588 33.15390972154388 
