135.99999995451032 4.0 
1.433848159840787E-17 49.99999998069002 
18.622442626032093 24.180540585885737 
1.6909457209915173 41.23080265892032 
3.0963163164370853 39.40339076236205 
21.520466057400892 23.24458191906256 
127.45424474899437 4.0479002395907875 
53.12713247038889 11.903631694280332 
11.621868470978374 28.97311454730565 
2.046222724721698 40.487318721996886 
98.5013753239493 5.154061659078046 
30.183017097931494 18.721648068707225 
80.0520503294155 6.854701682237085 
17.09406231649133 25.393293554429412 
4.1359572214346985 36.672054801662 
55.32329436077028 11.236489943570529 
28.37833405511126 19.48161302146852 
5.190214371543126 35.21849773344752 
10.423430150549885 29.82727513929495 
89.72504138937094 5.782622136218862 
107.9980987077322 4.573677983044842 
3.5296874715424873 37.73347626394887 
13.15709879198202 27.6432532783389 
12.40990889183886 28.19326093931916 
132.1608947575092 4.009392889382385 
50.13682138442486 12.542390440243025 
84.61664511425447 6.315954937167969 
44.45761484536041 13.969626504975855 
120.44387990180522 4.164404882821899 
0.4560175796142428 45.693308850355514 
5.871680031100231 34.3337611777241 
26.52855580722406 20.273437707633047 
41.0197669219658 14.967491246361558 
1.175524850165643 42.76046611505649 
22.169239168375398 22.25361343864821 
77.36946662086473 7.199923774008965 
7.968621745998845 32.06372054716281 
49.82483025639621 12.857101250349126 
14.174447980952984 26.922511041427526 
59.51924684688649 10.406287620244395 
105.33217310003619 4.709621864590266 
100.53392644030711 4.96783463121123 
15.370515541673726 26.80705461031644 
7.264754305330638 32.7672979730114 
117.07638807742322 4.249530830689339 
6.847390577254625 33.2092904192651 
69.45421993988052 8.43457916625288 
86.58579573338586 6.084642324979671 
32.06815246568963 17.978655659326694 
47.17345791179972 13.259768121570207 
6.22278887466002 33.92857557517273 
46.299004551909285 13.798465154265322 
33.84726960738938 17.572100043983795 
75.77991467335372 7.421590197791701 
27.46628128236099 19.812413181796884 
54.63709714900618 11.717979246033781 
94.92692655854515 5.350518269066236 
31.5416439322129 18.276433734202833 
39.62352758204546 15.41638199364413 
25.53137961904862 20.79423871391087 
57.849536978501256 10.766795908196162 
102.32853121940934 4.90660267001209 
73.71155010822238 7.7293143784442115 
23.474425260856773 21.76556946342586 
71.8430500769947 8.02670066623843 
8.455938572628634 31.584808365109133 
121.80600054450929 4.135735934154662 
0.2380775145744455 46.93188283246671 
65.10801841612115 9.247706081347596 
69.4791202311495 8.429572849952272 
103.96786863659592 4.779958480878827 
42.138929447496295 14.64012575455676 
82.14693602505146 6.571302016094544 
21.603632668871747 22.746664784943395 
63.688216697387716 9.537651531555863 
124.06274000494619 4.094999243536379 
3.133809678265835 38.352333371009756 
125.19024485390858 4.077458935444302 
34.90071644132755 16.984166674182823 
0.8998792939077123 43.57106939737578 
15.943254267672565 25.989775296571892 
115.24889415242318 4.312436463110809 
92.45137923030357 5.545864468972323 
0.49538643477812283 45.36944001703587 
111.32331499489578 4.437372779738298 
133.0498254005588 4.005521457538333 
82.67899902205214 6.531637267795016 
92.45137923030357 5.545864468972323 
66.6967721626212 8.988970888470021 
94.92674946015062 5.350547793716009 
4.654305756072045 35.91001322197265 
0.11668363966563278 47.80419793294624 
38.446616216475206 15.787868947663947 
1.175524850165643 42.76046611505649 
9.906247718120792 30.34916639028902 
0.8425171149879465 43.8152521214019 
110.5020514239903 4.539331191438794 
42.96822289490815 14.392291787509402 
0.2380775145744455 46.93188283246671 
