135.99999964651187 4.000000000004656 
1.8134950786802823E-25 49.99999999999744 
49.03238641578044 12.796657289375919 
13.232819912056698 27.62199551810773 
38.91721203286028 15.642628889513926 
44.176435401833615 14.252826905248742 
121.46684883842069 4.142583287346362 
11.481124252079148 28.913604147734247 
19.933206140211258 23.518109398497003 
8.153047736307913 31.886401179184137 
14.370417957964884 26.79097590349965 
77.23301838003637 7.201785873082293 
0.051859940061965926 48.64371480597313 
28.565457020917812 19.352553281471106 
0.15494393193294753 47.26036288863571 
133.3967162250831 4.0043034827297355 
7.858053256655188 32.54801159973519 
71.20410290032106 8.134498845727457 
54.26378645245494 11.523566879962699 
74.45028526359695 7.608424557103094 
79.14483961796125 6.943870663331672 
55.51964259234179 11.215751639070834 
83.44953329798938 6.420631606720731 
95.21891714705342 5.328344266176082 
1.5132148061191422 42.187046202042474 
81.63648151869373 6.646951710378361 
125.11669229477337 4.07864594550945 
34.80611182712467 17.00797713977514 
6.473654158060047 33.64689103597131 
107.61606471775927 4.693445524246397 
21.569371295821526 22.63885539268805 
9.346080804572136 30.733454550869723 
5.407393674919646 34.97401917027444 
96.32281341166801 5.328135413421533 
1.3685979884040047 43.49046761470207 
3.215453934428502 38.19554032355384 
68.58998425584133 8.59859698426839 
17.13983609489377 25.031878716054045 
41.881735279263296 14.712311624628512 
54.26378645245494 11.523566879962699 
63.326969244747296 9.63333261849514 
24.547703474937457 21.103120225598513 
91.36479371054898 5.641546028763662 
129.86027725311254 4.024323806045973 
46.123711150936096 13.51595765030584 
4.683718274277665 36.011824800829984 
6.739198109950957 33.50355397493378 
2.2317767093221033 40.10176928746972 
113.09778273806366 4.464371669092382 
99.81161177574835 5.011819564240269 
30.55693851201727 18.758784755600736 
40.53697792281433 15.177125990872462 
25.743413693406346 20.64138749177866 
23.62643994109114 21.611636552523294 
88.28349260661645 5.917262813466867 
102.86723110803112 4.830619105682762 
57.903946588975295 10.715981680358976 
0.3050806164929082 46.60693235368808 
19.08442179882762 24.236339601130382 
86.09395155673039 6.134953049318998 
91.19747326940694 5.651869168098966 
33.13873868725481 17.616612686704112 
10.54987567344141 29.816653334139144 
61.85104798562738 10.04079368471535 
5.2499648179071325 35.11545418546866 
1.7669823025953115 41.35351299526181 
15.428543233965291 26.08842971437818 
2.6656308572533933 39.1432943276953 
64.74507283309184 9.324984486297453 
11.035801693140975 29.35451551242249 
101.4467661390538 4.912995923005729 
127.01758412968343 4.052847914446896 
118.18138957854754 4.223255066689052 
0.8165462024641373 43.817568887140524 
4.253451408351573 36.48009115703604 
22.99596361589979 22.025981527336295 
0.463162657041308 45.97996104957184 
2.7902593798755233 38.89027742906984 
36.060280988251144 16.676987348928755 
60.98753013131633 10.149622888018062 
0.49018973131014976 45.17864900254163 
2.2973778554452173 39.98256492172774 
110.16693509216076 4.488048286757377 
19.08442179882762 24.236339601130382 
36.43217548429923 16.436344354477853 
27.669561338737488 19.904926421961946 
3.710142779670048 37.37596958844498 
3.710142779670048 37.37596958844498 
105.01905954916151 4.715925053240163 
128.56251822718033 4.035932594819789 
30.596504002585544 18.544092377408504 
66.30610286249338 9.051033545074034 
31.635374495332773 18.137575037325842 
41.17369320243502 14.937795451572729 
36.43217548429923 16.436344354477853 
1.6957858251787066 41.613301436378364 
72.67846499645219 7.8951784862866585 
58.06204354915937 10.678889781426301 
72.98923390164742 7.84218211743006 
