135.99999929524046 4.000000034510331 
8.295141168518206E-22 49.99999999985561 
79.13207262349425 6.953472666017976 
33.55071803355409 17.447289950786505 
72.55224671291712 7.9088348995840825 
29.846868121793506 18.83447387249565 
36.99384357968399 16.368550523666304 
44.68429834833378 13.927692871126474 
9.615510692379512 30.479536818260833 
49.55954679807285 12.658197865123363 
46.891340292133904 13.309704405050173 
57.61488813765854 10.788156912763538 
83.00599730103073 6.471455843423984 
104.80999282441616 4.776473808386303 
52.170760164896635 11.991379574140769 
113.67286407853118 4.352193813423436 
8.491128708620627 31.58065429449695 
100.86195892407869 4.947028498319091 
4.802798005283043 35.704251516979184 
70.16081917532038 8.314829247554789 
24.673036473935827 21.06180757685639 
15.020364482142815 26.35373412998766 
76.00659982230549 7.4512584271209015 
68.85654345697318 8.549905414694543 
106.28210467604077 4.653314747465876 
0.8833022666748072 43.83996301975114 
2.6393144820112537 40.5632059129434 
0.019505128536939267 49.26077535925927 
0.2946911769751239 46.494617935739285 
12.824463523103507 28.504249593790107 
3.3058671350913365 37.97323765291776 
16.21527331339854 25.587024618318136 
27.529759682978444 19.795174712285124 
28.83215359128584 19.35633283234776 
2.731174519949258 39.20714988133041 
109.47381183520864 4.5162056102060015 
4.289291228400952 36.683821016457685 
10.29723979766691 29.884769526675697 
132.93434240130318 4.007528925872342 
60.43466395999204 10.213259629653933 
121.61510957842526 4.145105531692058 
22.516248131726734 22.2526872831113 
8.057996993376102 31.98189136021344 
62.71351102051686 9.68478560755874 
76.38358501414669 7.340736003928603 
48.32837392244157 12.936108093638264 
1.1290045161227662 42.83021985860911 
125.57413988372954 4.085746629305298 
59.68086262496844 10.308905619276867 
1.3666356340109 42.075402524778966 
92.0199199039919 5.596495380716331 
0.5059657388806724 45.15176310134206 
0.10255194056758342 47.930348794375746 
95.01864077371908 5.347557116924101 
55.696838761104885 11.152997604639584 
43.102303313304844 14.447529912431719 
11.068919151538255 29.27997414768782 
123.9536299021837 4.098272508069512 
21.717449945088816 22.70254077916443 
0.19386483770441687 47.820896264320446 
117.32763640430979 4.2411178342405025 
32.50746872314191 17.81098172501099 
11.59229606571597 28.914315392256462 
25.976327952774007 20.587334127715987 
42.39322905665127 14.563028858197764 
99.713007113289 5.023772404908625 
86.47544578601534 6.096119212120501 
0.35414052368151727 46.08154455014737 
19.44266622319133 23.80558169553008 
26.480747011623635 20.305534457791424 
13.145284311365753 27.674627170257622 
32.50746872314191 17.81098172501099 
66.64651398444161 8.96783050185839 
5.822691023637635 34.48059336834753 
17.716974581122447 24.670441222665374 
20.3477194890456 23.350064799089736 
83.85344905352625 6.3755199023879765 
39.949880180513176 15.340356355590295 
85.69790088395524 6.202996700358431 
41.022232102276085 15.105364393743855 
91.36551446487684 5.681712942110471 
21.074782573038462 23.16180357303721 
7.281889121412931 32.7546013952455 
5.352785283974984 35.11150368797355 
88.73384090911034 5.887361676536797 
37.979188396122964 16.294706512396047 
1.0119015889627185 43.49792947258264 
6.288960559804951 33.859513436878984 
13.558965334985327 27.478203777710952 
3.870923274001658 37.50691272511395 
66.49699217313537 9.004732676342051 
24.1806605363197 21.859738149633387 
135.96297389035735 4.006174904078145 
54.671665598471336 11.539536134855359 
64.54726519082641 9.334504533463594 
2.8609825707652794 38.912063429170864 
19.11752921321089 24.268957947858173 
0.4834313961093521 45.21726714283755 
63.42300532841868 9.659745309383368 
88.73384090911034 5.887361676536797 
