5.714327960881714E-21 49.99999999955034 
135.99999985744682 4.000000001601707 
117.3975687934302 4.276133062474342 
3.7756380682247674 37.61955705131153 
11.320115103505529 29.040854675883892 
4.652201031833875 36.01644455967428 
12.63130896232412 28.04330321535882 
0.32352946291338947 46.1016994930236 
0.6094497737480957 44.655136499669446 
85.6620877968426 6.179855506819899 
98.29829080766925 5.110119872257689 
101.8048564765344 4.904944575882291 
30.418072887509645 18.62595716440144 
121.92545289963547 4.135063739862032 
103.95611557625583 4.772507186602243 
112.38389936879742 4.397033533352977 
87.82244490605527 5.961708790955421 
52.68256698768445 11.892943493469133 
0.06534438827889028 48.32650084702749 
9.91447454864446 30.230577261506916 
6.94512089198939 33.1043439110918 
38.51992238872916 15.801888330768762 
35.609017101347675 16.80337705965432 
28.832611751796478 19.244845615067216 
8.195044406618932 31.83506660759 
43.555047863512655 14.247165946953785 
48.24456383679642 12.964334986791808 
61.18330844823345 10.204507363724838 
7.458037974522219 32.55643671289977 
58.38542776423061 10.615731979624567 
34.193822127063946 17.201469850201292 
54.56704386910937 11.752998017987206 
45.79292266563273 13.670620108321504 
6.414087573630146 34.126433430723665 
28.18960316243937 19.745045396971314 
109.69055475917813 4.50126362237392 
15.47230407773531 26.24785871450365 
0.0061542064032939865 49.477340868778576 
16.597236224454086 25.60670685456551 
0.23255859457906317 47.20473602335534 
33.068430245705606 17.61815862478442 
76.59110989229643 7.600773156158855 
107.022571263084 4.6196434783835105 
1.7391308108545471 41.19342783798021 
69.90029425785102 8.400496602648083 
13.86266518960407 27.145325518112408 
73.54071871517806 7.779222051180268 
2.109788910884249 40.428256846431296 
82.38005584682166 6.543561832853237 
40.01658389199561 15.37664301168224 
26.714406206807098 20.139367894550116 
93.52420208071433 5.459637700029435 
55.54005181282374 11.209481827170315 
13.858624863863852 27.148066584621915 
50.549870560879306 12.380470557195327 
93.10508012629587 5.65378922644361 
80.22173889272658 6.805721752701897 
65.65156831095908 9.461662906062685 
5.101624783481785 35.30417434050399 
50.549870560879306 12.380470557195327 
47.69362231973736 13.171684858414775 
56.374562206076476 11.027153849546366 
66.42698973809527 9.026489829439475 
5.876525618873197 34.3686788966367 
8.837301730515353 31.190786099117155 
74.91725183736727 7.650035055485921 
31.889237064047002 18.051800912266337 
129.13108531633384 4.030595960453776 
5.353631443743852 34.982719162441484 
124.47167343495039 4.088227765985676 
0.8257323421968246 43.79419097968814 
21.39790742428073 22.68396120129008 
0.12842178161286139 47.55120906035451 
61.47122946489026 9.96252996584284 
2.884983162999566 38.76138974423281 
46.62037135566277 13.654197026931463 
90.24863408335094 5.735322545189292 
67.92845620557519 8.705659352130686 
63.27070131173242 9.621473561212984 
42.173152399371986 14.706682555714258 
82.38005584682166 6.543561832853237 
57.75043402350693 10.71936829699603 
77.78712349085296 7.146435554519103 
71.90274272026946 8.032901559178807 
36.97549772676312 16.259316107937806 
132.87057463499323 4.006232042542439 
20.311597781246796 23.224095104148432 
90.45356694144758 5.7179051965914525 
9.114298530925925 30.931123582505975 
71.34298023548669 8.110245345472201 
95.9938360061138 5.271969506867478 
15.517528380014625 26.165395258815277 
107.7466550200052 4.584965276147125 
111.89898295098865 4.414734913365374 
1.1527179039348314 42.71075798791706 
2.241902594091954 39.97441417355969 
2.884983162999566 38.76138974423281 
23.488761644588386 21.602286464257702 
68.51168096037536 8.604546861667266 
9.69465503285166 30.435791141852704 
