135.9999991605789 4.000000000150891 
5.2630074673957E-18 49.99999998558546 
5.2630074673957E-18 49.99999998558546 
135.9999991605789 4.000000000150891 
0.08928116566525977 48.48551644228468 
0.27773507320616125 46.40442707540771 
72.47370767664032 7.921694060270475 
16.442605750505063 25.43888317826854 
5.626384514595096 34.640999666775386 
6.787533279142714 33.627766720606026 
97.78302704068716 5.207421497111596 
50.01008704749317 12.51539673001879 
68.81168431717654 8.549545601721448 
7.189194127164633 32.849559257490796 
110.61195255112241 4.464240998209119 
21.960195954441925 22.458070268142325 
52.82871234712298 11.844944721516448 
30.535711171969133 18.55985062274149 
26.9193305062793 20.122407578984166 
60.67721765326985 10.110661440126982 
129.20062146779279 4.031423035542046 
121.47900796961964 4.143637161634022 
54.71433914780637 11.388337528413574 
0.6223452234878257 44.87263714677334 
57.69761468781929 10.715498752057913 
85.31500049571696 6.218414775627936 
18.84229902128274 24.018655498823843 
10.859467899556304 29.530766986932115 
91.54631307139721 5.622712064002196 
1.240531222180465 42.55042689607965 
24.647132953238668 21.061279247364133 
81.18772971250978 6.696855230100196 
25.595525155668298 20.701123975455843 
12.120469566032458 28.571248415847784 
57.187116596554866 11.190987124092292 
66.83265376381807 8.94412912314245 
124.16571857555 4.0932425560474055 
14.730654323242799 26.61266792657205 
0.5433014405150871 45.51260393358663 
35.03262173611862 16.97090589871468 
13.072118768131997 27.788409334398448 
43.80393061623074 14.153232719212665 
2.8228985827912245 38.8576250773071 
77.84848122782915 7.126424858641162 
29.33583255883982 19.48692262996744 
0.004734944667548877 49.631701234269045 
65.24403245549712 9.269103911957366 
3.919364606280094 37.10703000741519 
41.6863557447819 14.806938643808737 
40.57660988580614 15.302216587799608 
75.07261190840248 7.518487102691955 
63.19919919676313 9.597640258661706 
24.30977346609946 21.999787524629923 
20.612411611194037 23.066880801470056 
11.447255575382826 28.938055525398404 
113.5666995882989 4.3568887788803305 
0.8240566584131159 43.80850689382652 
42.82264909657629 14.599638370258639 
7.965928453374194 32.039017883780005 
33.81148741355903 17.60012928689082 
119.05460131661783 4.196557712838005 
115.75690955648892 4.289213279533055 
79.84013644250697 6.878358873554346 
108.4029845520609 4.561931443731637 
74.82880104498585 7.550863014527437 
23.38410434860834 22.07292120377114 
13.949937809340495 27.568283344865648 
17.749497360804288 24.653341766259896 
107.35465609503656 4.659148566109747 
101.4172197245057 4.914974924988382 
2.252763087259736 39.96547593424927 
83.52742211495698 6.411940140966818 
28.02205839254176 19.65776524883627 
117.87672117223924 4.226302076765028 
20.612411611194037 23.066880801470056 
105.43255493708605 4.79373897413644 
48.60672128246071 13.192946093642865 
45.154006019964925 13.773237764497381 
48.97528194184575 12.759081649624306 
88.02827442055481 6.005070273666572 
1.0006222368174331 43.41872312564536 
5.264938249382273 35.4370746651762 
4.52174985576849 36.173158563111876 
1.4697702199439489 41.830876246229074 
53.43410889679724 11.752985055785562 
1.8006369167326663 41.64185401574862 
8.61745890797719 31.584181917954993 
68.3279782722158 8.632114390405327 
103.09115925734181 4.9140045759180335 
126.26453166826226 4.0623089479012435 
15.193721562743782 26.33466675711101 
2.079080458724035 40.770228879427776 
133.97343365651832 4.005396665532895 
131.55826062864395 4.0126456566024 
18.735938973066347 24.213970966888283 
5.0935256877960935 35.58917016104158 
46.98882411519579 13.28743854158939 
9.385432270995775 30.72835993570527 
3.1229382369768395 38.29263425068238 
2.032606283155353 40.93491957618593 
