135.99999938769048 4.000000000002512 
135.99999938769048 4.000000000002512 
5.360498452857926E-14 49.999998391407075 
7.324480473434457 32.69581700383593 
1.1617562216257977 42.76277572790403 
81.88419238302995 6.603929491461782 
0.5841703642097618 44.84054076269739 
5.4726293538661 34.85590755395057 
0.044214886918873625 48.52645054801812 
38.963914365506035 15.616195041966062 
47.92730585047681 13.030723003280851 
2.6074414194173556 39.42079238732616 
90.33681407999526 5.730403315146289 
45.33536510655235 13.731868687700821 
15.363562246131417 26.235516036560252 
3.5303012384282306 37.80206550623977 
40.877679015164574 15.019736821182871 
17.285240653556254 24.95032775503475 
133.80673895022161 4.003331177127664 
11.542950735778412 29.11974584766736 
4.107451798793225 36.76871629664366 
79.47517030936103 6.913029933670846 
86.01306495659259 6.145716954394201 
68.12348374294447 8.701957166613685 
1.408317844310775 41.9910779266162 
9.343974079586596 30.914385071181503 
36.83829354954132 16.361094877579216 
105.63325571414015 4.778537556656063 
0.18681837491819214 47.255733750326016 
86.26283476026849 6.130813757128538 
93.87701058151585 5.435562727482843 
102.66463565988369 4.851692883578374 
1.766384982956367 41.04418922654977 
8.15822982330556 31.882999877030386 
122.96272380706962 4.114167524581627 
117.08112848737727 4.267108927063857 
10.279344821961288 29.904775587712535 
12.87013298105354 28.1188604290303 
129.86850501634294 4.02452815072101 
55.791255940334274 11.161400239984157 
77.67066304875061 7.141525890271699 
21.723710064889573 22.530095532875812 
91.82528622641449 5.598313576005465 
99.16639494938191 5.057502609785901 
6.211718243005683E-14 49.999998285977355 
23.108092817239402 21.96475853550298 
4.5748291907156915 36.17510211361154 
129.22958486876985 4.030075734762217 
23.522376673030156 21.652515859250627 
2.9306944743604415 38.70414683631393 
58.30178692858428 10.583956555153653 
125.71453337230203 4.069922673415807 
100.87768718928595 4.9762428703970105 
63.95324775531438 9.464761866426768 
27.138731646531102 20.044784656389204 
44.005213133557746 14.102861107782454 
13.945994326200296 27.1792200311779 
76.26208861365993 7.339345979796974 
30.18164399466784 18.831162540962875 
96.2713517521596 5.2789103690323875 
110.16876409236163 4.485781105410091 
50.24506763269379 12.473871819463191 
25.89026216817912 20.515144507999743 
72.35710927415457 7.940874377610959 
27.639679223483906 19.73689990808301 
60.43830436024423 10.181644914521353 
28.70369212381118 19.29227989924624 
1.766384982956367 41.04418922654977 
74.79170688196116 7.5627512978742875 
10.536393105368802 29.695013076167996 
0.3128320814709076 46.73892167544625 
97.1056867945534 5.192186448565559 
34.74319483066709 17.101006606999604 
120.23000815246911 4.205894419254201 
52.05604524281536 12.007747747699938 
32.54656719874268 17.902200965047754 
65.66235078068209 9.143907238966834 
59.76906007298991 10.318839811297567 
70.22172144158827 8.304317173829517 
21.11087852133825 22.789301434912197 
62.336268501959935 9.923132781555248 
69.97183737128034 8.350026939157996 
49.7870668706537 12.59803182631823 
72.2675418636604 8.00368097490472 
0.3573012361091339 46.11078334901965 
4.8950573691546175 35.57964764414726 
12.397307182390897 28.241526827417413 
66.28223848847345 9.045866031267732 
120.2986975539645 4.194358567361442 
31.205116022565203 18.344185217394145 
107.7681848959615 4.584399911543536 
35.96926477710618 16.694328109103896 
18.42138166357769 24.26275074641981 
29.87580465163348 19.232956401272606 
25.541625992100535 20.802764199136828 
53.219442210336744 11.813470711370291 
20.352650425884633 23.18872842458221 
19.153449123807647 23.86571839516011 
107.52851809133566 4.5957760315852205 
43.1240289431397 14.346830147677966 
