1.870615218633924E-15 49.9999997795133 
135.99999991622306 4.000000000004103 
5.922964756410121 34.76418833686205 
115.51025839233733 4.322079998800579 
11.130176313410464 29.292055986005593 
101.7100088809749 4.899072637642268 
6.799603260794686 33.36368205475179 
38.81039857972915 15.686427029281607 
68.23427972639843 8.68404469354839 
79.06292736132124 6.963026533256413 
52.80222173254048 11.878069860070847 
73.98663794941815 7.692260055337298 
12.252795569190168 28.4540553616934 
8.451591748665763 31.55770894547557 
4.876678360817983 35.622259342142286 
71.42885931907418 8.095723833773143 
0.2262009082899815 46.70649578831332 
0.5385229314869244 45.755661187129135 
109.47505947278088 4.519002246768254 
4.434242616818471 36.35491792515437 
88.38004017781236 5.91307217999938 
22.601522497145403 22.03631521638983 
85.00801925064785 6.252806468148659 
104.73959881411692 4.730230254197789 
98.68853492971147 5.084094603799849 
106.46268724655476 4.644648305737486 
17.88810908115476 24.566200502311318 
118.66538071358636 4.2168847430427885 
130.45359969053987 4.027097498361897 
28.805687015606253 19.27727338484785 
50.559613295985926 12.49026887000267 
27.348614742527456 19.86161768296578 
7.884447234511535 32.37552566801455 
82.50123761116711 6.546525612154653 
69.87212332860537 8.380031372168439 
2.0829571592065643 40.33443320670186 
124.83519557081519 4.083005005262654 
36.152933852193414 16.810605548871184 
18.778648899167646 24.115762128446484 
132.87046646918628 4.006416966633258 
13.638981303883131 27.460654831754304 
3.9150571860683083 37.208562835813424 
65.53133999942193 9.185077402803309 
0.12849305649885964 47.62954423176813 
0.5680206149708085 44.82366202359907 
47.5763943653169 13.17716671288747 
33.99858792706284 17.32695198261563 
21.24830588022279 22.750326391870267 
0.1053218020805131 48.1831418415359 
13.559035121560937 27.974527839988006 
2.678685903686345 39.39274611276683 
17.228896149042786 25.376069096078233 
54.190450490964984 11.49458470374651 
111.98203046569819 4.439101273172693 
46.44628069487291 13.75431701005357 
122.55110212916094 4.122949940096115 
32.19231657380594 17.932897297601137 
40.84378351800746 15.190102596479274 
37.09836156836585 16.255266075245874 
7.419083976172001 32.92070412651416 
42.59272320193077 14.568929294323418 
9.33484930751625 30.746594807203156 
10.113045052402406 30.16098492923018 
63.36036310315606 9.555578907359774 
26.725063604913668 20.302139636694903 
97.12899656611475 5.202524895471681 
15.99736138937024 26.002881541777093 
1.005734049033332 43.72684792883457 
92.19131738989977 5.573332645741755 
34.40417730061293 17.200144941687178 
0.8703267994778425 44.3723295053565 
41.10298579253604 15.087052495909994 
3.1388444574026617 38.34975845859715 
2.788580129019983 39.11433925318136 
94.3740503263563 5.392062297797949 
49.825390674321 12.605795239514714 
43.096995347245205 14.407492863112264 
59.70373884803695 10.433732523614516 
24.723384993408587 21.096706970938925 
89.79294948724439 5.781021228086941 
95.56076237382632 5.302387033689462 
1.5078558545713787 41.69893529215376 
127.83195274700762 4.046979779760349 
65.31255726283854 9.213548485680146 
76.02264338423852 7.4762370671353455 
3.5497935297514402 37.59643896580829 
135.01691528406226 4.000808422662729 
127.24902264535575 4.053646214988448 
16.560153054999383 25.570729050840498 
14.736661255350466 26.80750822532491 
1.789425219760982 40.993879109339275 
62.91215556419256 9.695096842912434 
58.665934817092776 10.633264540676954 
30.086945997528183 18.808938713089233 
15.372349763930018 26.440850916424207 
84.13490703996561 6.357254454483247 
61.45387070464302 9.943151580828626 
1.0063592390405889 43.15833497952073 
0.025611722697218956 49.05900658236642 
55.51392145302728 11.205556466446884 
