3.8058960532062286E-19 49.99999999686376 
135.99999989504738 4.000000000000023 
0.4902895995901773 46.00302200741092 
0.8320887193095545 44.117868624308635 
6.912810613314718 33.34894750298707 
56.14511737200765 11.177513237414665 
23.652377010561935 21.593476091253763 
0.06147549340613577 48.26526093704178 
29.01901606999099 19.390322712810374 
0.21749466122316016 46.76490044209804 
69.21737045257889 8.47962665365166 
39.178989014753704 15.550289496510693 
30.896372971243068 18.45649448495012 
21.55576028402319 22.5783274121682 
7.901667091985624 32.42994842842704 
58.42718090351582 10.574705960053468 
5.891217136308317 34.310231586674064 
24.60764423589915 21.083150821860166 
54.16768977934656 11.677619603939318 
16.039633778325495 25.69689909566693 
34.746398995002146 17.13917024670893 
2.6350192103922234 39.21333724275907 
0.02163842342262799 49.21682010008524 
31.72006537102103 18.108383247304314 
9.988754842552325 30.156202781632345 
40.543785459384516 15.11383977007235 
37.0628397915341 16.36453672479163 
3.273030988156318 38.363280728763954 
17.830117479801505 24.837989276165462 
94.89779483859654 5.364704621015237 
8.282063234900802 31.728289244835793 
13.747593653661534 27.47257706623132 
1.1251098058135636 42.91736652599054 
65.96145293828303 9.120340457739154 
49.8894160146798 12.541744993619185 
37.205058631687095 16.302715835012226 
2.4466851317791436 39.92438189939831 
63.88497845958138 9.561101269118144 
62.17335527810949 9.911478400755978 
45.031713131214005 13.941676336086616 
33.27329448844945 17.530323578895377 
16.844122266736964 25.190457483081556 
107.47844797481217 4.617865006478988 
121.20068369043855 4.168519048193881 
5.200648690555195 35.60546045693677 
125.10375732264089 4.099839869616454 
100.89201194462436 4.946997173708074 
14.372487672489324 26.808975998215516 
27.611406066316498 19.777390970860978 
72.32922114061199 7.971412040438667 
9.045441036739867 31.04221497451451 
3.4037154430093146 37.80706029532519 
112.96861090323824 4.3774809416735625 
74.46375364295025 7.6098096238819135 
48.2821339803914 12.978276071613719 
76.09134529786158 7.396498078087248 
91.12801316441666 5.660266131843549 
65.96145293828303 9.120340457739154 
1.3771335602552153 42.1582230278974 
1.0365611138236521 43.58759293719951 
59.784801863671106 10.302444589852692 
115.8588727683211 4.327462301582955 
94.93637624626838 5.349713197552841 
98.69891778380864 5.088826005866573 
129.0544019582739 4.03136495195663 
112.01640476055607 4.410589185591866 
51.89048184786134 12.468995185681674 
90.28041016737575 5.734787972947855 
85.01299800547562 6.48727362232371 
134.88006526632932 4.005935973924512 
43.50346677025125 14.3612282499648 
1.792264028043185 41.249592849229586 
27.02562828428541 20.13908923804607 
4.468492019941653 36.4170588195372 
5.468588195516439 34.86296582674892 
81.27600206062296 6.678487968064399 
132.5066118432677 4.0125931401211945 
46.32070294402304 13.479832909245072 
15.003250958988222 26.422457293659072 
18.66739364522465 24.147268730861704 
73.28727828424422 7.817696471202877 
118.74980727069095 4.250219811502787 
82.43284927284118 6.553767240182674 
1.5679708442325864 41.7298160779638 
52.62576006922188 11.860563370494706 
103.14765448469038 4.847681989253077 
20.10515189924746 23.774575945421418 
13.084479764266419 28.075804608381596 
77.25056106017584 7.199342727654566 
26.360452304045168 20.529919863796295 
48.62514457980867 12.896783792446543 
109.59502890334883 4.5052971461954545 
20.167046317617803 23.50914956901132 
20.787728082095484 23.036152028628003 
105.03033489175866 4.716358477632545 
8.927821362476655 31.212614653454473 
46.32070294402304 13.479832909245072 
43.84305306548481 14.150846198114888 
2.02118140037356 40.53418055429766 
87.02736508931363 6.042109465529113 
