135.99999984686883 4.000000000001924 
1.3274313832059904E-17 49.99999998176181 
41.63171912348464 14.785263064067738 
128.4385583244998 4.037163842753537 
10.465843713639554 30.454076243586584 
15.992082874790693 25.880169824782875 
122.2192785902089 4.132822966344152 
39.983281618487744 15.322315427761087 
38.163628290280215 16.180777122866523 
72.95464749805973 7.853994707989589 
26.954731213247026 20.056203205359836 
88.32902574196342 5.959121285348525 
2.505154665224814 39.454789913939734 
0.8260287754864808 43.93244453883936 
17.63288688221024 24.721283828799294 
31.615700643619075 18.14718638585248 
60.871335575411294 10.186225586398917 
96.05408060620167 5.344473565187657 
3.254934234320318 38.14732159633155 
7.680887580459791 32.67654494240591 
92.81964136505468 5.55341382376451 
58.58495850163275 10.644563392853936 
12.252514988303817 28.363586256207732 
3.726315139697771 37.36882707240635 
0.5417577964699626 45.196091795433375 
29.332087233725495 19.05706615299771 
114.91134568611133 4.3122763624763465 
23.51255480478081 21.59982908589071 
4.889857482964244 35.59473450528685 
1.6109270609630666 41.79453842444558 
104.87469226718976 4.725359755728149 
8.421703635858965 31.651164163392004 
29.332087233725495 19.05706615299771 
111.57763749013999 4.426908737810523 
65.36210422572992 9.189941577059948 
6.684631324093556 33.44970453298435 
117.55909393873944 4.23569319377862 
19.96593044215303 23.4227096610744 
67.0117704388061 9.11857311976074 
99.3308313565945 5.043492615644523 
45.88546442011088 13.57459565290335 
1.7903041833295434 40.99677960614231 
82.7699335610082 6.510479102740479 
110.50670871152388 4.516128180485136 
45.88546442011088 13.57459565290335 
0.5100836538444079 45.62171953522599 
63.406806702415096 9.588669234983271 
68.99666944095567 8.515026328819715 
8.421703635858965 31.651164163392004 
103.29748482668751 4.829803172268185 
4.389186259251851 36.28844909195299 
35.3997516587689 16.94708751692093 
32.32983067211412 18.02936907904293 
14.767285571520521 26.551368372492718 
50.77573865121312 12.314602274179787 
5.739532816792032 34.506186719722024 
97.63905133777325 5.234407780616059 
0.17318287811702204 47.77364580933876 
10.670974217905796 29.569273933289672 
85.09229173609788 6.242260563297064 
132.39374066149267 4.00827814243595 
5.739532816792032 34.506186719722024 
33.64235614896427 17.39946765609408 
90.3753616513784 5.724053593357928 
13.92966220845596 27.09471272891027 
21.31595627597852 22.695887799544334 
82.1931213594998 6.7514431529553995 
68.39103569114627 8.63035600670399 
76.49216710814517 7.306313822962133 
0.24111394338689032 46.73419121966789 
79.94957131108956 6.840156400324535 
0.9987442833376647 43.240458199555206 
24.55224250843638 21.113229027277754 
0.37434253527269234 46.60652712662993 
2.117330954362703 40.43590373602875 
78.21058616403532 7.082694743713789 
120.85789844587936 4.15530113705317 
2.2603374844311355 39.95799495074938 
56.43112563951583 11.275924759595078 
107.67650641657525 4.588967464336143 
57.48059694497709 10.939277128963344 
22.541304083192017 22.18259632858007 
85.09229173609788 6.242260563297064 
36.160883982418284 16.531926480518443 
47.51615753026114 13.256917438786324 
62.11595482649721 9.864933055792637 
53.80839055806938 11.717820324946459 
34.00523755935007 17.267725201637383 
13.15249825985276 27.736392427448592 
107.67650641657525 4.588967464336143 
134.43146754027748 4.001549862877186 
11.371582162204627 29.01389883510723 
91.45494590318347 5.697520940928121 
52.48853559235961 11.970211427740196 
25.03664087491496 20.900656649178003 
54.50564461969647 11.445804290007043 
25.77596251892193 20.54482838578166 
116.30852929820134 4.275481120625057 
0.07730413067419517 48.31301897323493 
3.465088837870977 37.838695977279926 
