1.4508479568093767E-21 49.999999999808885 
1.4508479568093767E-21 49.999999999808885 
135.9999811405965 4.000000000000275 
1.2193371273344071 42.520186395273726 
2.5232529799586354 39.66396306767148 
16.114438690347967 25.796203118522577 
0.26314830233805847 46.46956494237536 
0.7055387705822893 44.33408711794371 
53.78881426677292 11.739296455413236 
18.864055254720434 24.04439129858581 
13.58209262724789 27.41971853753166 
131.98345198831504 4.010290634312556 
0.06804873716703329 48.346492433650454 
2.836076606330024 38.80210822260858 
100.84983516589767 4.947935616886261 
17.267654063651566 24.96586886984551 
27.707802325482525 20.022550688334924 
80.56710738034738 6.766344627214548 
0.20284060560672038 46.954776545294195 
73.60912832495144 7.747694493526387 
39.77599289245326 15.378711614068633 
104.58712284963642 4.7818649031464995 
76.79988053272672 7.281889884623181 
62.707118892150746 9.82093200410305 
71.48380737249462 8.08675871741925 
28.259839207961033 19.47620716832825 
84.41866385752613 6.3174551596562045 
118.08996470617359 4.220734945086913 
83.65851661591483 6.401380288952479 
68.87045658786207 8.543104205315407 
5.503992895207365 34.947961108244186 
125.09164768396285 4.07872592208802 
56.513544289434066 11.151704076280087 
87.81454076174154 5.9971581272323835 
60.65056461949334 10.289048663407646 
65.1508436899807 9.29110458738128 
20.07993371817978 23.347982511931598 
41.121818210045404 15.012755555003263 
1.054723943340375 43.745951307239 
7.038009975305648 33.01890807728455 
4.702375765133626 35.885254734912536 
20.74925175038062 23.017496514457058 
112.51516310062712 4.39265106158372 
93.45793419685401 5.4654021476968175 
9.107057032675003 30.939204488932017 
99.06180818861013 5.142253665841538 
11.462335825123777 28.936592004166037 
6.3134386164070335 33.90603527341227 
23.160873761410315 21.79685133955303 
49.79966524968795 12.674256321156815 
89.29397699035911 5.825421253188265 
3.737125038983308 37.27248221608221 
33.176437307020564 17.808406206366232 
31.347605975488698 18.308919154581588 
38.42606144895746 15.977457050186311 
135.31708760738275 4.000292480383348 
95.96876076122014 5.287190908922583 
25.102285158583975 21.117002191750572 
8.734782711261861 31.691667370063353 
67.63773818237212 8.790055618402594 
23.981268873073677 21.487497086780643 
3.467985283434648 37.69888334494 
107.88336557591037 4.620167438024469 
110.22666541075398 4.479217086642113 
51.68420693886276 12.108116459205725 
91.59445435465733 5.624650382744419 
121.10402795144017 4.157127217645304 
105.63245930741068 4.69496499881937 
128.30689197964873 4.038485105797379 
29.732957691092267 18.895707762113076 
48.968890769362645 12.8346504799476 
5.282474010544352 35.29442590314066 
37.717258153192795 16.053646440666885 
51.323676990128604 12.2014504927414 
21.97529211492679 22.44222667561752 
79.50192563456494 6.958597914274213 
36.40508483315772 16.500316391620483 
32.104727770493746 17.99952919635739 
42.320336107291716 14.60387640495297 
114.30427844977564 4.340690641214019 
7.765924964651024 32.32987399229004 
59.59674275340112 10.458857894428062 
25.772338563127523 20.734381941480663 
63.93510641449467 9.543240247256612 
57.48685855399931 10.97385763613664 
116.2634021019374 4.284559371717437 
6.5923937155552075 33.55279077986714 
11.236411029485073 29.643188711550486 
47.62466552727055 13.16338023489438 
10.243003639473454 29.93937444016896 
34.02387234145266 17.26050403428571 
45.83533259798078 13.589312863175639 
30.184088832597922 18.722181331017623 
25.772338563127523 20.734381941480663 
109.03757293470215 4.52858591097368 
122.37224228368447 4.125108453112243 
78.30241965398996 7.142251447110249 
127.29606924686405 4.057022810242464 
12.083820297326689 28.470777025030223 
