1.5752090462286925E-16 49.999999937246244 
135.99999964839657 4.0000000000065015 
122.40727406322844 4.124061990986133 
14.420949091408833 26.994399352203637 
68.52152790657726 8.687516740993797 
1.9003909662549119 40.795358856914156 
78.3541222079057 7.284704734801428 
39.195555035390086 15.80984500550025 
0.6009333636239382 44.66897956945324 
114.23217880075292 4.334853161113721 
129.02749104387323 4.033099605072943 
20.53871425374617 23.24167530604079 
116.89434036666708 4.25294456735794 
65.26023130791324 9.219375278653024 
9.696399087940158 30.43634570888358 
81.2854180837812 6.674133950822179 
0.8427867664203024 43.81083831467477 
75.96257785930645 7.384577343706267 
10.872889169440086 29.411842881511802 
73.5336947917377 7.758563421802773 
16.81760818426405 25.27410507809049 
120.51798521788089 4.1635877231501555 
1.4176354133303373 42.21383393037838 
88.43480240224315 5.986853405549173 
92.03809390309269 5.584209402369333 
53.02235176411723 11.791514384641548 
70.85046499521559 8.194698470357679 
107.01515685746013 4.6185436183551 
21.396519929417487 22.67303792792967 
9.016614124636902 31.03191440663401 
54.608351784993104 11.398988945881229 
104.09889784435076 4.766208388961235 
18.742254881472235 24.079363072899945 
64.22311975504147 9.488039248470033 
3.627027704242698 37.45019731213989 
0.3599887928583825 46.09943752427374 
0.08652360487684213 48.55088608769434 
35.098144855429986 17.15432618184687 
12.97843331769413 27.934957884075608 
2.6861103270119866 39.392115825197465 
6.243489992274352 33.92565456888169 
90.16165289350494 5.743112747151724 
40.86043062618269 15.049316571419023 
37.057490685261655 16.21997521541032 
5.1018295524754524 35.316934401223385 
17.886532606176814 24.566474587758695 
62.15135808468264 9.869616101859666 
110.46790468345671 4.4724234336533275 
56.031662824666356 11.079906350207402 
133.75003067731626 4.003200079025916 
15.753592905150057 25.874923612512156 
1.138484799433003 42.74002813981983 
94.92255328223636 5.491445060607814 
83.36901293137419 6.429678157962297 
4.42989880498332 36.22753283864149 
131.65661681026558 4.012053836052956 
0.2617946212459016 47.22007071332932 
31.539777266144092 18.269386396368134 
0.11490448771661219 47.691552356565424 
58.80735883324197 10.512822058054727 
3.1228015784553484 38.293097465403235 
8.303426246721141 31.701790254055762 
71.78596401122368 8.035741660385805 
7.691720602942212 32.36368292773717 
26.36174204596319 20.34903684994938 
44.520176174038625 14.09134483912791 
59.83992494124932 10.294976263850128 
42.63040179942348 14.543506525846734 
25.290997095123913 20.788493687077285 
61.13579756913557 10.002421259717215 
108.60871605806123 4.546804923315442 
23.45523941652098 21.62505104846815 
33.14080152662938 17.580807559008175 
45.04876616569285 13.810118724315082 
22.402937245526537 22.13224751356739 
85.87201497485009 6.190222928234295 
29.118862027471494 19.137757490587674 
57.852826390410996 11.006213197321806 
48.33746701683279 12.922762552002311 
85.92342532825074 6.176049165314841 
2.5496514295571493 39.77390187753067 
100.35947742219332 4.980205115220819 
49.800898440668966 12.567632509327527 
15.753592905150057 25.874923612512156 
30.353142061631416 18.90275852977375 
7.031421179448735 33.026385706512954 
28.489699318249034 19.38583900523013 
51.48180248815852 12.161707038097019 
98.97814966197927 5.065150557006015 
6.866292494679095 33.2033117776528 
12.096106137604021 28.46499745363606 
5.378558930795231 34.96305712873116 
24.232388663948278 21.29332387864317 
95.48727635232898 5.316981741769806 
0.3052232369240766 46.33962224695585 
102.59250717888074 4.848651851849699 
82.61582183502517 6.517656062545109 
28.3260249502705 19.90041202200058 
47.95103519343627 13.023863319940151 
4.221204424863135 36.57254633413083 
