2.9228344546291605E-14 49.999998803275865 
135.99999948924295 4.000000000000016 
2.9228344546291605E-14 49.999998803275865 
1.2343347893843257 42.55432230893692 
3.433014566638859 38.15959815100314 
2.27080458074449 40.235230127952065 
5.9816635225608685 34.44131986653322 
76.21275803480071 7.461116275464253 
4.232019147555608 36.97399432727446 
28.261815339601238 19.480697128436333 
73.19688961457085 7.805084329374569 
13.000637511661951 27.77506872421209 
14.572692598216541 26.650277550264185 
8.668755111204096 31.53451698719331 
82.49437522780997 6.634220200429803 
2.6536841325240275 39.35061806670756 
18.75054108939462 24.314455664790597 
9.93623136246987 30.33959031253423 
41.48476083141063 14.828611958064442 
21.949046179595534 22.36159144716582 
17.3325504841562 24.92552945058964 
6.585255623514996 33.50629894830395 
43.709558814500916 14.330161131016949 
84.93246845563105 6.328694452762981 
4.913012892930481 35.71097877791754 
107.43341993380517 4.599972453690453 
95.83699864059216 5.28243022529459 
102.43902986839035 4.85649366433228 
0.46072066072217766 45.46929338306002 
70.9187116102677 8.201240852403334 
34.72212317322324 17.316210531791082 
93.87791066859 5.435866812515297 
7.952792268128798 32.04748516139656 
0.6112855353074647 44.62432552749153 
20.80299579908415 22.954944799747338 
25.373507154979094 20.730501299943423 
29.985839550538348 18.79957675124588 
0.802215346948397 43.87739136200605 
92.00819238803975 5.7343495959960915 
32.351831881695986 17.995988203205137 
23.363099038666626 21.695004859445028 
30.52463998361704 18.57694954360386 
79.64713750725144 6.891720004218554 
48.402573355534 13.055663057665488 
50.50065998479087 12.408510262221618 
36.33918757022066 16.46092244099934 
4.776370196935432 35.93858840323969 
122.58546017384438 4.121829280919775 
64.48853536548368 9.344534628792932 
1.0695269708844282 43.13370102307961 
44.6921736923986 13.956826362434832 
62.54066920616128 9.718186281140067 
12.388942257620602 28.438580966251735 
113.9830009056927 4.3418421635049365 
46.842030773509755 13.466239166218292 
35.34184783783082 16.81012926824939 
88.30847768227699 6.102728050252804 
86.72509879774586 6.11873517908586 
49.32877555980177 12.726361821142008 
133.71027300036937 4.003314841373737 
98.7354812039741 5.25104388183776 
130.46922829602744 4.019666108619603 
26.62374809667139 20.200283268012157 
113.34407236136744 4.370596205649614 
56.9648383769873 10.873272954490417 
127.81236390263516 4.043712131655503 
45.9455931513947 13.629668962287024 
19.798262733871198 23.486859276136855 
117.20115060272238 4.256128401713305 
110.26180211020525 4.479116331474738 
105.4821661763566 4.716497322831479 
117.28485905005579 4.2421566950321745 
52.16033639081543 12.105001103086291 
110.53890085994328 4.4697114159048175 
0.12215654842937 48.24805335209655 
55.383821240617166 11.485583303489975 
40.091832210862464 15.283808488108768 
124.73845390163298 4.084424397235781 
120.44863808335771 4.166682754579349 
132.10725982419845 4.0107947471127785 
39.06389436925036 15.589072797102716 
7.267410613112384 32.78036526588803 
0.4530821350771618 46.364435592508826 
78.90467977802078 7.01849824931869 
11.329821934336264 29.669258564808153 
60.36388060519295 10.246444113058045 
68.96838634916132 8.518860073362799 
2.362653857954047 40.08870591993297 
37.59255769718537 16.048050109377662 
69.69368570046399 8.39936011360325 
16.400860067126196 25.576317995337824 
38.00008778310361 16.040570715026647 
15.494588883171375 26.060669769400526 
26.56471475058993 20.204991445420085 
0.19118029486891147 46.986513853529694 
32.800666821619984 17.711298637637967 
128.3489034725177 4.038057438145724 
52.48683281374083 11.910900454986663 
89.9776743670595 5.843830322619153 
