2.7396170759222775E-11 49.999973353455175 
135.99999970174196 4.00000000000008 
44.72957403664022 13.982994671475364 
125.16252865115183 4.0916727419737375 
38.6265633817371 15.844659897733528 
47.923466907285885 13.046523633305164 
0.7638774802353336 44.01533331352195 
24.77018626320288 21.084480484439922 
18.157024306693323 24.630801612351192 
101.42131017919135 4.913607075958179 
41.144457483446715 14.9323416778264 
131.61568360274086 4.019208984353377 
119.40881121473726 4.208422409145477 
28.159205404887352 19.529567335605634 
3.2070543586029334 38.29648407552615 
1.2883668538385882 42.73682478037429 
7.217988922424867 32.81428300402196 
106.62592021493606 4.703528543408722 
8.716505835977287 31.366783715345946 
109.72705536320345 4.513975113107035 
82.07946623322698 6.585059346017966 
4.076579448638898 36.845970996428285 
92.82153160556598 5.515796739521648 
65.13541565584336 9.223637939517333 
63.626601341659125 9.818897635577809 
23.407490860433832 22.161101999734015 
19.02095295587568 23.947860207771228 
115.1574286442966 4.305575756209743 
95.98111969339448 5.2716880191347695 
0.19717354994805286 47.05101901216146 
11.750887740739762 29.057195073372284 
71.01817042769113 8.232830010682763 
33.86266727215762 17.931739167177955 
111.95027095247204 4.412841418704641 
34.27534058654982 17.17410571099697 
0.08841326814112144 47.92959272933809 
12.439368010836574 28.219577532105475 
98.00441036125198 5.137030874360402 
1.664406221142157 41.31372551108656 
13.250098561543517 27.880705820006312 
51.731460255046514 12.083125754034423 
26.86347969041126 20.207246530000464 
15.713457188805538 26.28235152387508 
0.04080034919179372 48.706738562232104 
10.967527122643887 29.49387157346141 
1.4301548549950742 42.011799986492605 
52.63752437355273 11.867890113049267 
88.58752705460802 5.8965912241621545 
49.887021286332995 12.528285771631579 
20.9853285628123 22.887369479447532 
73.29131736766686 7.810109407159511 
42.56884816939015 14.508148038901147 
79.40300809728653 6.914999288224529 
86.7881265062502 6.073604201090728 
1.9810944503761618 40.543865576504516 
133.7462117963558 4.003211013621057 
16.355219590073432 25.512021713165648 
77.15919285287414 7.21603001145743 
121.61160535802007 4.1398616595698625 
0.55741814087261 45.052697251172305 
6.063436028821865 34.126449067928846 
36.80627181369536 16.302812962702966 
5.544840802755307 34.73624488441952 
57.50744470919476 10.856558407927645 
9.589060271734843 30.65190416016404 
2.232171813916926 40.07547633131756 
2.9731608847717648 38.71067370496428 
14.728525402051456 26.545915035742503 
123.13502606655317 4.117292755245318 
29.761629024693217 18.87588526889179 
5.482317523855768 35.229536408646084 
30.66078860138134 18.696680097401444 
114.43781521318658 4.363990602660997 
10.210933967375821 30.094627453766357 
74.8072862850226 7.554331121534724 
90.40673399255213 5.764212371765433 
4.570501217732183 36.07195992341569 
4.921608072756438 35.74160496499249 
35.5861374422103 16.80125903664561 
25.929266484324966 20.47595379171038 
69.8989367468649 8.410176004793499 
31.874501683540004 18.109021833175916 
16.355219590073432 25.512021713165648 
60.34023882880463 10.212278441091183 
83.88488998188001 6.37417647658253 
59.40182981222211 10.517334563215158 
85.29013029251317 6.219067540274114 
8.837919437725219 31.262718746329625 
31.491850772223096 18.2292334884633 
104.1466096597816 4.761176945131655 
61.80321023173616 9.963392342010154 
104.1466096597816 4.761176945131655 
68.86022843404928 8.613491603090306 
55.715282662826624 11.38355934622107 
21.832095607875022 22.428274083192623 
20.3056490077499 23.50005104034544 
67.89358661293566 8.710528241290769 
4.227312362069286 36.67434426109299 
66.7397343978336 8.918791799039164 
