135.99999999980983 4.000000000000037 
1.5343791125678811E-16 49.99999993805716 
99.02098705965321 5.06236815450154 
104.09665721769335 4.763816519721576 
33.54446289909502 17.44786875222382 
8.339937971869059 32.22375362267526 
113.41792362701369 4.3612913178671535 
24.991858090432096 21.246853597034274 
0.6636888481838109 44.4585741555327 
22.682146203861535 22.000626805990233 
37.337019438457666 16.128964650480924 
0.4827840221467223 46.03361260588798 
11.167237438175082 29.177924832872428 
92.55197132411857 5.619764280851449 
13.02771695687602 28.071381190173582 
86.07380946607472 6.23657984147446 
31.239330416857513 18.31919225380781 
118.2492052990186 4.216852926604943 
131.53973150777742 4.012888740649442 
61.101794954641555 10.214195860890936 
28.497928349884976 19.37668367699022 
2.421524928643324 39.998203660712356 
57.77292052017145 10.763102390177938 
89.30901864725753 5.882243932446928 
43.187104966110475 14.401715924926421 
72.1846949898754 8.027760181439595 
30.32985206391437 18.6406899739379 
69.11642271562084 8.4957556031522 
21.43029559544585 22.63127324672709 
48.19275568488408 13.000533793341132 
129.02365950694184 4.031779726119083 
26.228382010097175 20.56025151597378 
41.6277110559803 14.78474246331827 
54.305829087261294 11.468037861017802 
40.01363225894531 15.287253401406236 
35.63636264917935 16.87474525607368 
125.8972273193157 4.067239907569318 
16.885408430233074 25.18744334179918 
16.14013409503315 25.8350488572889 
17.79012964363347 24.627174653638768 
52.790167276996016 12.163801727725954 
1.9568745547142279 40.613993599710525 
15.799743724282116 26.57311603647674 
46.48876053112269 13.439132836922967 
56.18303970990505 11.052812245511294 
10.531045965982457 29.76563481793782 
50.221291112076415 12.531822823417022 
20.47091040449949 23.22836191961995 
4.186884399126482 36.57832286497308 
110.66511585969948 4.461796016929345 
96.19448016038174 5.256070476816191 
6.564212105248083 33.524617613184745 
3.195130666123193 38.19038062767436 
82.67003572714495 6.509848523969802 
2.9268684973262076 38.873144391908156 
3.637026546190449 37.62896896678956 
90.74357967435077 5.756474540207385 
1.27339522561808 42.42566878244222 
135.4788571697618 4.00030909481667 
67.49864390914587 8.809425956116304 
36.14959020516993 16.539558716288564 
96.19448016038174 5.256070476816191 
75.18061269068716 7.533235549268895 
6.2380767477012276 34.25075845967149 
4.943953514628511 35.89298042564823 
0.9832428577624184 43.33614768844306 
27.050159024259745 20.016840976590267 
0.20365804421927902 46.86111678969779 
0.9054313170179582 43.55931041682261 
8.644086653444633 31.39871416719756 
45.040694121022185 13.937374976167778 
53.66774762232109 12.041177354935899 
109.02355453921408 4.529146698455538 
49.89798913762934 12.628070566203693 
0.08662041261526066 47.94120515486111 
1.3656192355758385 42.1201349373294 
27.604903865080438 19.792284958812516 
18.97612106546089 24.157590241558495 
0.04080518438901059 48.76595384529273 
122.3509211402945 4.125413412241669 
73.56233848098276 8.00758885245069 
121.03270165287366 4.156449685237222 
0.033689713935832005 49.09068453102727 
79.59545783860398 6.886003482636439 
4.945120706848368 35.565771527603985 
74.28485216325484 7.693467586540214 
61.58205314280539 9.926872914438075 
65.664787489526 9.126347589155575 
40.1296724031214 15.252992462737925 
5.503905379997147 34.91988754702683 
13.839216013196346 27.1568244065718 
106.5307306008401 4.641560774727311 
6.564212105248083 33.524617613184745 
9.909151478798595 30.219476082868322 
80.96091526860971 6.73330413864159 
106.5307306008401 4.641560774727311 
18.999988242896844 23.952027087342966 
1.5343815551303428E-16 49.999999937986445 
1.687520029286599 41.343231612839546 
1.659777705116626 41.42134485885022 
