1.6394817615266557E-27 49.999999999999744 
135.999998122443 4.00000017464615 
7.6370594387253625 32.41441962794427 
8.795088739178475 31.40702554471041 
6.4614808746161 33.667630576853156 
5.5588476505845055 35.34273529374878 
79.41506821900703 6.958819105021998 
53.11814892419615 11.745158546939626 
96.64634248202634 5.223705018330479 
2.547681757266841 39.35306786469933 
92.70768863274884 5.538638502454781 
2.260244133491053 40.177516123324835 
1.710861832214321 41.18355867271537 
108.41223519867701 4.555730834444195 
130.3424986389494 4.021371779181782 
113.29591511034769 4.3660934016313115 
54.824426467614174 11.351638265199487 
5.877654257248128 34.327253530257614 
89.45393176435623 5.807385663829461 
111.5225312692722 4.4919389905506915 
0.024613533947530436 48.90069371240071 
133.99657645959337 4.002534299928127 
42.05726911188202 14.764685589700594 
1.4380450971641445 41.95687403463224 
86.97908170291271 6.050005272889412 
84.64686518281712 6.289318422309507 
29.42052325540198 19.010801761317424 
38.76197583157666 15.718376428996342 
77.17977131094331 7.254051223807995 
36.91380977380577 16.27862186381821 
3.6985470444843913 37.4539002994062 
60.51908661506414 10.150749393512495 
25.414353778996514 21.33994373963109 
40.80512541604577 15.064149071090073 
15.67071279984565 25.93359111349 
27.211913895236105 19.939747299120985 
103.77548635217545 4.780937737975566 
21.709942391395977 22.55063393331922 
51.19377213218341 12.311596359745232 
4.35856646070322 36.95190933403927 
11.304504606258359 29.615993034152247 
63.972310146436875 9.479851819600228 
30.677934890121414 18.553537256577684 
99.98954456127626 5.000655179277022 
33.92317359609592 17.29634688056388 
3.2644967367444013 38.37376731612376 
121.96341547264926 4.148355827551436 
70.5784729620624 8.24287027637249 
91.55819000295382 5.62086457721009 
0.2648397941208697 46.63398258444124 
25.846867573366005 20.514211826289596 
39.510767592791304 15.487710268852396 
59.40355820577362 10.431271937945462 
9.824500765711875 30.37987914038993 
118.82590361539582 4.207188688631554 
35.904283364897495 16.761809038867554 
56.63077722505042 10.95126656423601 
0.36115389989365776 45.86147751560546 
81.82937739952065 6.60941286313332 
116.73865494510395 4.257624406804854 
10.669748559456517 29.69820626328149 
16.594327981735645 25.385609728126276 
0.17457561515331624 47.16247590316621 
17.658079601028803 24.707818310517236 
44.19691439895721 14.444241863073398 
68.41554531204173 8.616525911437014 
72.54361477001605 7.910286821730937 
62.205066159174336 9.786552442102854 
34.3442572920099 17.15316445299392 
19.944469051026296 23.42690044842348 
31.398053251245592 18.237064570930748 
58.02252497880933 10.648369755358617 
28.698434226166132 19.566173317950145 
81.80898156227386 6.612815284172367 
32.33530090927318 17.884350197499057 
124.24435257851827 4.107960315346162 
12.86593016544991 27.871151449674922 
76.00266656238868 7.441693788054885 
74.71725924132676 7.568135593979523 
14.018655555015457 27.08642251439727 
120.337445913382 4.166651118205964 
49.855980340431856 12.733558428893579 
12.058549660486484 28.482044540919297 
0.6546735483526669 44.529301133805376 
67.0647959263791 8.870031192567357 
4.470143296775708 36.23325209616573 
73.73075054725874 7.815776270013847 
3.311790589570848 38.20450276500857 
1.1537839178099878 42.73200865780695 
20.97284387868328 23.088786904011915 
106.08289674753138 4.663307316867863 
23.45676978789541 21.61755917678245 
11.86493151242411 28.632885366833364 
0.48345403478458515 45.41709331818356 
16.992950502182982 25.127143306952817 
9.824500765711875 30.37987914038993 
85.57975280033762 6.188937475744684 
48.312644957232656 13.131426030034515 
126.05600302607812 4.065080495448947 
71.10340957026713 8.150668994754785 
