4.560534023346414E-16 49.99999989237442 
4.560534023346414E-16 49.99999989237442 
135.99999978834526 4.000000000000288 
135.99999978834526 4.000000000000288 
4.258014302347657 36.581375820881576 
0.05862489185781976 48.32473838764098 
105.19020456488147 4.707446355337536 
52.32534060535251 12.869221703699827 
56.472084688310886 11.035327992665266 
128.41808511288806 4.04745598919304 
14.838053699628665 26.569049940542513 
109.15502476921003 4.530748974524515 
17.810364185628593 24.634498331077197 
7.147412300627511 33.078372196526146 
37.651868198195274 16.038645662514014 
40.37930416485871 15.341658217255034 
92.73733498172692 5.609246892129899 
10.709800424977365 29.65528173699812 
8.89765972258547 31.13948567353295 
9.796694702255971 30.51956143483978 
69.58973441340923 8.411101318801993 
54.668148584584316 11.409222939350478 
11.543191353342523 28.991277593294186 
95.05559875787296 5.342482693723301 
29.21385881661221 19.086760904091133 
25.58396701043491 20.643451119446848 
27.806281347179038 19.695052613350583 
82.83313194812195 6.493959978742192 
89.99410732966447 5.76270891983097 
59.299061553320854 10.442717954387437 
5.179151878149513 35.20292054997874 
0.30656207604305796 46.33755438981638 
100.69746462482226 5.145419080564448 
45.48627790417654 13.705033065818093 
48.19402549028597 12.960838765877895 
34.7981365263796 17.087203491087656 
120.08138868674507 4.173157328921974 
12.391531604849526 28.23759509057021 
33.009558705840675 17.672794654494453 
21.801848609462034 22.671042542661052 
20.395918388732937 23.47478467791034 
6.407663715032605 33.73410628434115 
123.9862806252522 4.097757150153789 
135.45525807614843 4.000192971756473 
80.17478438913865 6.8124969860482825 
67.53407358214827 8.779377126465437 
131.57620118331823 4.013287660397485 
30.6050955507604 18.540034762113436 
12.874044912363708 27.84922859999341 
3.453326905134582 37.79194683893101 
15.215502274301631 26.289152215199444 
72.37923915857188 7.937511757354386 
65.868302876648 9.136775101918978 
62.41328504283764 9.772419156459705 
7.976387436290237 32.02622941438256 
0.8877025103701965 43.61537395739979 
76.05480696606506 7.490238194104283 
2.2103783136065736 40.25182365947512 
31.373998915722595 18.32367491657754 
114.22106713801247 4.340219151987292 
86.24332927270584 6.123356428371505 
0.6470518194141798 44.48251825530268 
24.575491952849166 21.232298932021074 
16.13104395299647 25.63329784996965 
1.056280503302312 43.120997993995466 
52.84945224493478 11.985031845249356 
102.33976987922404 4.861013321742947 
32.57701602789196 17.918903426636362 
2.9132420133244175 38.69068445418455 
7.989424767571483 32.01815063311095 
1.4274263968018173 42.161911291773336 
88.75560619279412 6.108641997244353 
52.86276681790855 11.809145015293009 
97.59465812321973 5.165863630466782 
77.30748362438547 7.349994807572789 
3.453326905134582 37.79194683893101 
43.23773817691877 14.32170004473949 
37.38583107327921 16.513133988469857 
24.23133186904323 21.78385980416749 
44.16562423885286 14.0583849667841 
111.19954819941604 4.441070775258758 
84.24764110409777 6.335012519401609 
131.07737838368712 4.015549345780206 
0.17692608563521472 47.32397910194028 
5.717863845453246 34.53001252913185 
28.21685956569486 19.658143571000426 
12.874044912363708 27.84922859999341 
47.786665448047025 13.464623601054996 
97.27764145782491 5.179576351571555 
6.367994163721161 34.375286241024796 
19.896523570206877 23.600316852405115 
19.286409520364984 24.124606322186168 
122.65424798065658 4.121095541671824 
64.23856783311761 9.451854291276963 
71.52628090889289 8.079375019270874 
0.42098609886448307 45.52869868395442 
35.42540186466759 16.775489932713008 
40.99000551046109 14.985363327607988 
22.568229009849553 22.050812329074912 
