135.9999994437845 4.000000000000021 
4.8073036818783756E-21 49.99999999957073 
38.02118905482057 15.945934338601056 
35.00885122760596 16.9144884374549 
62.19999713424669 9.94833661881367 
20.737950206733995 23.08335525139057 
30.872099098030898 18.520919797137406 
3.851402866546187 37.08687416844158 
100.47267636424635 4.970730117440772 
32.56251535082332 17.790588355417036 
4.956840280724975 36.113377729485734 
15.06813327567226 26.379120934502378 
16.580163890820074 25.353933196883183 
39.52774739272144 15.493402511731862 
41.745296559870944 15.05124565749285 
0.08411733060783463 48.14859198375896 
78.7783036448952 6.9922492943120425 
133.34714220168598 4.004457869144853 
64.80235649516851 9.286165643820228 
6.152015124657705 34.29425801616736 
29.290443858911168 19.063524597761926 
73.15146028352751 7.812352627229969 
8.648041135471791 31.660624654485144 
120.45607115689478 4.164025635553392 
22.593087062085836 22.08226798756047 
104.24690555731468 4.755927296239018 
118.15046678282266 4.245119998137636 
92.52781351767905 5.625101704758685 
24.007759114163246 21.36144329183117 
0.6417116876710016 44.49921331227628 
2.1524647553335816 40.2169966598442 
50.33700028683289 12.56143462998298 
0.15876627322108433 47.22286528840603 
34.13442856960371 17.392273439851067 
60.21364878199076 10.316145794850776 
56.24240536492211 11.044658166640652 
123.38304062780514 4.106311982652059 
75.60861597065347 7.434492798727641 
2.7293890210634832 39.094115327005284 
22.52327300930203 22.76354992232455 
44.67909710813281 13.908481912265028 
129.8565015959323 4.024347728539593 
19.08162831709688 24.043645209362733 
86.09829453249617 6.134523521822212 
108.83860593283049 4.5639725479306055 
0.010263767575143783 49.28668166965052 
58.092960411175724 10.660652518776057 
6.823001926465604 33.450140522504164 
17.974087136383083 24.534290052726924 
1.778771458662212 41.123862404398906 
7.444711358060175 32.5685892758426 
3.2011929876789207 38.168545561074836 
115.36681473758901 4.298610487644104 
105.20008313530619 4.706730582033149 
0.9016503812544169 43.5651855050219 
48.18684631106973 13.04248339735609 
80.04908319960607 6.827802959502272 
112.29114065702086 4.41767903441006 
13.81466200611533 27.31731496943185 
90.98449732989394 5.822328139260337 
14.359495008767581 26.794925247435888 
5.356359413893497 35.028753527351505 
46.034532760334166 13.549090495752463 
2.4495430960240063 39.5496811942663 
8.061758357938839 32.09386484909524 
3.351500547824921 37.89376570608799 
17.27423973525295 24.94241604249098 
1.6254358332324228 41.45801848112153 
128.0102882932242 4.041575343352688 
5.163716920327614 35.309487084955165 
75.30545936015513 7.485288402405946 
52.95621852505019 11.795645036644217 
25.516787995428636 21.239600071732777 
12.693862291810756 28.010435617261734 
0.48169165971897776 45.22429401999737 
108.06576325600116 4.643376451393242 
98.0361236868148 5.2950083038919775 
0.4107591516061796 45.584112723730655 
11.28428228332578 29.292265911284773 
12.314991043402294 28.65420938136048 
10.340982964370788 30.043778988122483 
43.48113287937579 14.308199790146894 
6.966220977676009 33.139887145947505 
83.9600682263465 6.363533497324809 
13.059329787420344 27.731176948393617 
54.561074705831324 11.445136826781534 
52.3907756206888 11.916993634915322 
58.89508213795965 10.510958022830783 
46.984952738857174 13.362626932264696 
9.557078729554497 30.64382816976481 
42.74605600174665 14.455773619579912 
71.46817839278945 8.19089931375006 
125.13861349382503 4.078030323988169 
81.97853641786119 6.691930740028216 
0.280391717993815 46.476117934701904 
12.13672051964685 28.938293490342204 
1.3798921107683164 42.275683736822415 
0.3098780119795386 46.28372973286457 
0.9909441102888905 43.21391546283572 
89.0994515541786 5.840178105113453 
