135.99999967897787 4.000000000000043 
1.023447009829393E-18 49.999999994927265 
135.99999967897787 4.000000000000043 
128.50751236787113 4.04505439526426 
133.4377952748519 4.013110067820017 
12.795821378590775 27.95205599555024 
32.79310657977278 17.736802214027698 
11.488226370300836 28.985198304363728 
117.75793713210885 4.229518057715536 
16.071806438255884 25.694989665681987 
0.4627283170778248 45.30711755156904 
30.41259267217845 18.70075562814765 
72.80778318466045 7.872466219078339 
55.78981608153182 11.239108363589217 
17.454260058710346 24.830452783945596 
111.5303083501997 4.428496185115894 
69.20788944725032 8.48208979335195 
125.96377697542366 4.066325907114524 
0.06832951906282697 48.211922211795354 
76.47098895320005 7.314328699061621 
2.0344061377868945 40.44729829694873 
18.447756522326287 24.294109578296315 
19.748447399602377 23.714977499293603 
34.247534119352565 17.545623412345392 
2.7438185127732773 39.21613501418997 
4.224977667732414 36.58725712592071 
6.170881214662529 34.23454701757132 
41.60477759486854 14.887477859007081 
114.0455195673779 4.341055425777394 
25.50056559063905 20.675977395931483 
62.39545822228939 9.80925871312516 
28.762592315531847 19.306112959177838 
37.55670693282975 16.133140734654877 
23.700966021007062 21.601161901558257 
0.827667425048289 43.88867809712272 
108.3612930046952 4.557653560913131 
122.69282561457037 4.126835358409827 
47.80839305659356 13.38428704845963 
50.51730452424525 12.381570559363876 
97.04186947905639 5.358467766226667 
4.683227329372112 35.91813642395505 
87.23420681696402 6.020940713318679 
15.103994242873526 26.33831232936086 
79.02934271092955 7.045197007601324 
6.957339883038051 33.211224761532705 
61.03732516063094 10.215842356089482 
0.3081646638131691 46.16158448711572 
66.43048275522978 8.9833315788232 
7.73198205115947 32.31689895284963 
1.2190506396581546 42.54505605233285 
51.6843096193933 12.11306655344804 
0.8176654915150066 44.10195762909869 
24.457204823676015 21.209894091360695 
21.189444642583748 22.74808124194723 
35.59379933375506 16.819658798423212 
45.18089572650322 13.96802810262098 
84.34870922670137 6.331669754161059 
9.247153624904612 30.83568348716726 
20.509758240624308 23.111038848326615 
0.20754895178995963 46.85670408553284 
13.792543328539058 27.231924568250996 
70.43612467223551 8.278808886840999 
89.72950984887706 5.942415785406795 
116.23335794893023 4.2718997237918925 
35.93264673264226 16.6009594807418 
40.57967033074848 15.127217297550466 
39.38905911994366 15.47846563808878 
93.51475222281131 5.459481452023308 
107.16632413627512 4.635925512526795 
81.99666190090258 6.632449930738154 
38.592952155617056 15.793660548473582 
9.577876032552105 30.52951839895169 
26.580932233523956 20.190200993054876 
80.89783124952426 6.724147190401708 
8.413531088442564 31.593586392636805 
27.387106713145496 19.847483468806125 
43.33758972858916 14.284646720861389 
103.44659911235794 4.809895366609548 
0.014884851810766701 49.24202732662461 
71.95307049669282 8.007887661478994 
53.25429662642934 11.762580058391954 
59.752549788795676 10.523025293821773 
48.82295921750541 12.797780986481456 
122.73566309806326 4.119687513323353 
30.14849540474361 19.072295553486924 
7.104853461870693 32.93437936402193 
105.0371423342014 4.716538807335322 
10.310428842872085 29.9349004351007 
101.05803483910725 4.949431976697888 
64.09285925417711 9.44646463823771 
65.97670995541434 9.059298457681901 
1.5041638712781085 41.70393391321859 
10.771039910743962 29.63721791628527 
100.02927086252896 5.052036237632613 
53.25429662642934 11.762580058391954 
3.2813005370885966 38.06904848048601 
0.029259052817703968 48.7985201861216 
22.306550091463684 22.186871808348045 
77.43923878286635 7.173205730954195 
14.534004346941494 26.80993962692984 
