135.99999917444478 4.0 
3.85483070701952E-11 49.999965541996374 
8.565073762247259 31.487728640619615 
17.308139986842257 25.038140602586708 
47.65522163713888 13.119492062569794 
83.29004054042083 6.701698927836135 
6.816900490312391 33.30088177855292 
93.19125139041458 5.50640087001328 
11.896232578318507 28.841136391982303 
31.961102278424047 18.127336365384387 
18.941746159564808 24.14586749280845 
33.951783224189604 17.294332346166605 
5.171814866840929 35.330369738378224 
15.177303583040167 26.371851229186014 
23.25262341711438 21.7983601464585 
20.68278810585732 23.098415799504963 
69.03427213625659 8.510354714480826 
21.31823803266342 22.7152183975526 
9.110537295461622 30.98457475218973 
55.271040755703 11.248971675965713 
95.61711838652816 5.307718723980259 
45.239033426515675 13.829474592374863 
107.70002199012652 4.587072745055831 
37.672411422181646 16.05586137117191 
3.888698143019622 37.93273052036072 
0.8833304889958492 43.58772847553667 
104.79017011763361 4.727639776498505 
26.505210412710742 20.222179086396274 
4.032854866388754 37.04750661935001 
86.00147442543172 6.163228239500569 
36.50510857980595 16.853349775984228 
0.20714133528014927 47.357735562129896 
73.42429803475963 7.858129064336875 
2.022052589980708 40.54966389000379 
57.679675435675755 10.71743379075909 
30.597809970694797 18.53734635015108 
89.63107426765187 5.791154416274765 
10.700151704807903 29.959797618853784 
25.399143252959963 20.72139148555938 
5.971696174747024 34.26537483925365 
10.612968754792078 30.018737836586652 
41.644509638045314 15.001947676327305 
64.77138604657578 9.290999119784965 
12.508779300642026 28.193593681520582 
123.80935788000443 4.099015713835091 
79.05400628063664 7.306947569126284 
54.16965234142954 11.670974394360673 
98.94423433190562 5.067357340086684 
42.46787287603131 14.585023993275753 
132.13539908165336 4.00985103231472 
1.7325978142773009 41.19107907015673 
2.61463156854134 39.597844061937636 
0.7508210782618753 44.65081831525313 
122.8365192088634 4.116072591708779 
133.273759308725 4.0047096628738235 
43.48297648328595 14.249903644064483 
4.806576998570598 36.171535713468806 
103.09928675640995 4.819218279696709 
0.03263540707395222 48.7680641161828 
35.103556881364284 16.883239886161462 
110.13061377667012 4.4830993766885605 
30.098438608317004 19.157435230755894 
49.963756620924784 12.731243424900327 
13.580954558310538 27.34874345835702 
113.4914841650579 4.3582472881702445 
0.4190168537176906 45.54932660774213 
13.147072856199788 27.771896706708482 
114.18611196930863 4.335072471922545 
1.50327183801976 41.72202367940581 
75.09278264208996 7.511592255727473 
3.0102401149984277 38.593836030867074 
80.26239388814713 6.8037268319804465 
2.4204162145555315 39.73951806956157 
40.04677533849332 15.315566831825913 
89.2414551413258 5.827003514331157 
66.50936709182331 9.009644284324507 
4.3456583175585966 36.365514053321206 
129.34986582301684 4.028607522029724 
127.02068423504275 4.052798601158445 
1.0762547529271753 42.97123648411283 
27.642626745469357 19.756185313060378 
0.09926644548121646 47.952986356338855 
24.495995503598593 21.127088306427225 
6.112704479651853 34.08007736452464 
71.69880519340788 8.050330721084107 
24.007748497378415 21.360515551804475 
63.622447977936 9.533988124723923 
67.39119647786825 8.814992079070834 
62.88868630342142 9.73806168606039 
117.26933465681962 4.242580570921183 
0.2936769685886807 46.33099627531094 
117.26933465681962 4.242580570921183 
71.69880519340788 8.050330721084107 
120.11164643806204 4.208943505979739 
59.559623465905425 10.442200265558798 
6.773640986393493 33.431285107911314 
76.22918830032252 7.34407952639959 
97.9809319505969 5.131253353631905 
60.65338307327732 10.1070806146944 
1.3059307013929726 42.246001032950446 
