1.346557696058581E-14 49.999999395966725 
135.99999999931208 4.000000000000064 
77.98929474875273 7.127856426076855 
3.3890530761436017 37.985774243736785 
81.06988215399832 6.70312266161272 
73.28939222102767 7.863299284973201 
1.08891753716691 43.110526320213324 
41.236335681174666 15.020286843195164 
1.5971547544134657 41.46708700554294 
35.84764978581305 16.832786857818725 
84.48226415840176 6.342953983964248 
7.187451175548308 33.56366230880877 
107.68452352038798 4.594709086868912 
119.51297355038824 4.185526913746473 
92.38463799274317 5.556404270491395 
48.50333106297494 12.880391438267388 
9.16444039448461 30.88666587175164 
8.119250843232633 31.908707048788116 
33.226224294270466 17.775834024410365 
36.70299299070393 16.460665526395957 
0.19740423470076057 46.973485296822815 
42.422708668612856 14.54997755167442 
5.141143091156328 35.66119165380287 
0.3369154299247271 46.08021717086155 
0.969616851043074 43.88999674403762 
126.8088804158275 4.055381778674863 
89.66001280790397 5.789126739242545 
5.831891823001896 34.463960663114364 
10.20106121662733 30.035048571601088 
47.644565726219625 13.56801511596916 
2.463998518415532 39.72794044660742 
53.297324680058765 11.717677014075917 
133.92821430406494 4.002738895980071 
15.680761237276954 25.932289580523726 
56.62804729173873 11.27561667876402 
12.14647614834197 28.534482399148928 
86.63571574284462 6.156624596513124 
111.99742980489208 4.429764635744588 
61.292829537994606 9.964308309151235 
24.504788680716192 21.305829859409197 
115.8923782291306 4.301496973410289 
18.288316829939184 24.376988154388467 
31.333160687404877 18.27193314682319 
69.34843437507638 8.452494958956173 
16.98960143065949 25.198611919176788 
38.58735694165199 15.791799062716038 
66.86330772415272 8.981630227737096 
25.540106258924723 20.66455614207677 
0.5829527954038172 44.76756614254171 
65.31162042251236 9.254029029963057 
130.13419519485234 4.022186815792417 
0.04793642386390943 48.559089906331565 
13.158149506591034 27.65694949937761 
115.13848223426814 4.324195131113133 
100.13219741401153 4.996613747719122 
38.58735694165199 15.791799062716038 
22.740444116013183 21.99607518191125 
19.498172470551523 23.692436077527802 
0.47944498993649676 45.22372487888791 
88.21664456421773 5.9298937153255835 
63.71407079767289 9.563223069041307 
68.12580309559976 8.68371900260394 
52.203207257778644 12.028276381628473 
26.223057386454485 20.366095635038043 
130.96476553412515 4.0162853345365965 
23.591204414993577 21.639071040525263 
10.88137010615122 29.696498566802873 
3.9325900301552106 36.9619035846835 
8.394108758384432 31.626592217586122 
4.577159851836788 36.03048671636372 
3.8614267928031323 37.07046907626127 
98.49947221980636 5.145298383353723 
30.37259842254045 18.628978988710216 
112.06648423909422 4.418212094201759 
27.710798412654402 20.048490973583675 
32.633367527172574 17.805174762485528 
57.20873835859018 10.831987416991534 
103.15963266010561 4.830465435411377 
71.16774890304842 8.140725917487568 
95.03395998677235 5.341717434420501 
44.09942930656953 14.077970325406772 
45.62818801914625 13.674222491750271 
124.98481658599965 4.090449570494191 
6.877004882451647 33.91665024609026 
101.91402808495121 4.890388418267893 
13.411388094750976 27.546850656187353 
123.8753853383758 4.097910870471324 
14.88959692798758 27.137305831546914 
105.55934348900135 4.7055196003754425 
60.17143600385192 10.433197007325992 
21.878263756531865 22.468201389981 
20.10087774801014 23.362673324723552 
29.75436466743979 18.909104389951747 
122.15822949482978 4.128828685496365 
15.42141242389533 26.440400559869765 
14.80673950212758 27.217428519485026 
6.039066249947274 34.184850228028736 
2.0834225073951136 40.908956437811256 
