135.99999970117904 4.0 
1.045189597904344E-12 49.99999488821145 
135.99999970117904 4.0 
25.09982639353632 21.026322986155503 
22.999277159807406 21.905935695020744 
2.322135393400167 39.81115017633301 
8.434463525148656 31.64882587470911 
31.360175853622323 18.242282056467324 
131.7943028822092 4.011295751649925 
6.070223334090436 34.254928325305734 
50.78747119281407 12.517494390445567 
19.325116304056607 23.89701665045356 
33.696881952962286 17.377397346801637 
5.20992068789184 35.20838456485226 
109.35902772586414 4.528356730794713 
4.6668428460307165 35.89377864264253 
9.580293897075473 30.81431215035392 
30.029749824538946 18.768499666747857 
26.502544850710038 20.286219690607474 
27.776919344614797 19.80457919495012 
42.2639534959911 14.61393730786087 
1.077636907837666 42.9317159016268 
55.47532526879375 11.239722602368392 
101.71314115956775 4.896506600130627 
127.32101635307625 4.049238937616327 
112.07473564458104 4.408267826056987 
40.5871737109203 15.099906077498092 
90.12285242592006 5.746624226948556 
122.97303044989377 4.113647121299779 
21.886036114242135 22.39335440244268 
51.566445721946735 12.115181849669714 
0.8115870910263312 43.844920806144614 
84.1011705789619 6.347852538975915 
4.3315045596270805 36.99392250602553 
93.71818818717762 5.44629689773753 
61.522075067643954 9.920005772148183 
59.98352074192016 10.325327842022284 
63.09003072873428 9.62191939771001 
43.739419578936705 14.230970614152344 
1.9185095929722216 40.99302606287223 
13.977442813014985 27.100980927375865 
10.549987790596266 29.779371072680302 
37.54079323278394 16.519965356759936 
121.24493885888906 4.147141834300294 
1.3636500206679685 42.11255674176199 
0.04032070624254276 48.63452458861074 
17.964289671320685 24.64876420173428 
6.9005929953912135 33.42456764697365 
79.82822955969294 6.909701816754353 
47.87244929411486 13.072562088655214 
97.8926942376088 5.155266279449201 
126.43869392384013 4.060043905949951 
82.27220807625304 6.666479023240218 
11.559019968932748 28.969859679821674 
86.88299877590424 6.054707204266194 
72.31742265435503 7.957842862779321 
77.4951320982151 7.207220635730793 
39.46005894935528 15.51595386818192 
94.65638699559513 5.380178908239338 
134.1989292690456 4.002045875550118 
0.14637773758399467 47.61082539188304 
13.387153955305536 27.577920501057005 
20.519624358120875 23.09996637949182 
89.38454049647679 5.825920331795086 
2.467469725278925E-4 49.9215156666507 
10.092872587964573 30.145095927447308 
53.854962276404414 11.74356708334841 
15.774761211954933 26.234142131294853 
58.742759274876974 10.707441569924535 
97.8610663740032 5.160573782851547 
74.47857463261076 7.628386769341544 
116.59127664719597 4.271208968569021 
70.41055159817446 8.271210742273123 
86.00740586161393 6.144006226791472 
0.4259439064289905 45.73832256446427 
16.511988430693467 25.588189548146943 
20.82235118983131 22.9878500814484 
2.812347593544358 38.87048292816886 
67.70317274596798 8.74631013698513 
16.511988430693467 25.588189548146943 
3.5756734039231906 37.74579034717924 
106.59363890953179 4.640413267166108 
57.96142293186562 10.965994865701006 
64.76110945622466 9.288730464786724 
0.19543122444113678 46.932052194664124 
69.82034141874907 8.371532981590573 
45.216795691364155 13.895794753799926 
76.4214706272394 7.551764790477053 
81.1617205176579 6.842581712493164 
118.44189719926837 4.211714074655555 
0.7486238940223711 44.63061205323399 
38.39325081956997 15.799444380920807 
73.37726443673046 7.826086874136227 
0.06203898771251249 48.31885049219464 
7.22021362799207 33.03890738254972 
0.27969669663848395 46.55917723600238 
104.14546573639763 4.762034367461636 
114.31772533549187 4.351700116995653 
37.81816018628653 16.021679868445126 
3.7080631999139837 37.34533208161909 
