0.7229736224293694
0.723854297855078
0.7229911063314467
0.7234335618131827
0.725235203135456
0.7238233320406672
0.7238990742686249
0.7246643341866352
0.7235597433080286
0.7246976292370146
0.7239947994426631
0.7242032740676749
0.7240503747733957
0.7238523736666744
0.723598179732126
0.7239399468475001
0.7246264541305212
0.7238803798819022
0.7233427206640677
0.7237881134620747
0.7239408183226654
0.722990811594773
0.7247849965658654
0.7243055362930129
0.7244929553054611
0.7241674359098386
0.7241040800397589
0.7225765290870713
0.7243007573887953
0.7237338291373624
0.7246521830374726
0.7244732909002995
0.72495329333017
0.7244486208981352
0.7247648700238026
0.7234109469333425
0.7244817320369642
0.724293608899228
0.7234665401339553
0.7242271248520437
0.7234362713932875
0.7232042444253768
0.7246624491391629
0.7226492380916554
0.7239913645406026
0.7247769449113795
0.7231939064981594
0.7245880207351624
0.7236134028533314
0.7237634101493015
0.724540483888661
0.7235400982417337
0.7235253174022089
0.7244678489820511
0.7241894273490318
0.7228375133768398
0.7240877711957696
0.724295828209687
0.722981752071567
0.7242652514132121
0.7244101827440032
0.7234010260335688
0.7223909637137121
0.7235714701602355
0.723989173451058
0.7233446215901184
0.7242326976630843
0.7242851750857644
0.7245518142462049
0.7223479047702347
0.723934071822473
0.7232559515951886
0.7239769769776507
0.7240176442909196
0.7242174273801708
0.7241965941355034
0.7246545479878163
0.7239047982720043
0.7235441660315276
0.7237047485031799
0.7243348472883462
0.7245568493284271
0.7244312569162967
0.7250143256997637
0.7250565279315948
0.7246391684710484
0.7231830813171399
0.7227631011779719
0.7239671668265149
0.7239132777350553
0.7236829228638598
0.7239555742376957
0.723824881700524
0.7242988906418857
0.7235274600788788
0.7253265455751686
0.7234321407238236
0.7236177215002794
0.7232440398101923
0.7227718965187651
