0.5847655299355814
0.5826722021962515
0.6030372784982245
0.5855106001174202
0.597875579010796
0.6087811185218911
0.6094985541106102
0.622264705583131
0.5811834780832357
0.5443032932034222
0.5488178767712601
0.5503790540017811
0.5868943171679959
0.5672680868033464
0.6239938966840193
0.5594376001287328
0.5557563660109087
0.6051563339906023
0.5751039170024855
0.6138184143999118
0.5709880786925885
0.5693593871296977
0.594049833888564
0.5774856942328274
0.5631208348859974
0.5516621059451984
0.6270976060580378
0.6233016607182102
0.5872092194740881
0.5851400799168421
0.6351368037787716
0.5635917656542835
0.5634510531219755
0.5722170813906863
0.5922456107249228
0.5511040197769081
0.5942501944585953
0.5921739921609647
0.535966763697583
0.5694462831836755
0.5368822409955502
0.6098371760826531
0.6205538797781537
0.5610463770783011
0.5751546908260323
0.5660797580747349
0.5778945797352013
0.5952128274380913
0.5725607166523492
0.6215206343125658
0.6048675161649524
0.585133749360392
0.6135637710846207
0.5844642467638373
0.5807165228527855
0.5833472796976745
0.5771080530079085
0.5938973589274668
0.5877442598634182
0.6074214414570708
0.5977553735616472
0.6269146883998185
0.6151777226681744
0.577102399878348
0.5480689165290161
0.5984281178194915
0.6251196965548796
0.5455000004820385
0.5463183704249658
0.5912831954706659
0.5748988341532252
0.5658590398727956
0.5936759202095463
0.5643988333255691
0.5768851806474065
0.6147330473881298
0.5583505000312211
0.5772302732118235
0.5738569993415046
0.5870647739486062
0.5938382928847168
0.5819964598611868
0.6095617533580149
0.5934886406585528
0.5785339312189965
0.6209859215600871
0.5704370121612952
0.579386086910939
0.5680150445805459
0.5870368372994793
0.6079748394650691
0.5893452759435722
0.585818509372644
0.626530469060549
0.6245471219280184
0.6023188189496077
0.6214381950993751
0.5826175021597593
0.5738588454880981
0.5849386656491782
