4.999999991163495 2.999999999998836 
4.9182879990894435E-14 2.071676163950542E-13 
2.3592152386521565 2.5869286928047623 
1.2161261788974878 1.352494767093156 
2.129738686086869 2.2789287257832456 
2.559778220420063 2.1193499741009028 
4.622416363403007 2.9999965288228743 
1.2161261788974878 1.1795415126310658 
1.7017313042964268 1.4447879093591545 
1.0699407508303125 0.9452453246589719 
1.318081256754596 1.3620816018445612 
3.2106498560267958 2.999997016165884 
0.026090615252086002 0.11083440265215083 
1.915832604095334 1.863048493280501 
0.13057606140756356 0.14726124802718832 
4.934490556228476 2.999997001125628 
1.1702124223701647 0.7714377490726961 
2.966689399272009 2.999963288663272 
2.4928025385212216 2.711435434793882 
3.1004154401522293 2.999999235727385 
3.284264593037096 2.999969331078768 
2.5546508774032564 2.711765023498205 
3.444220994249121 2.9999541775285405 
3.847878656846998 2.9997598452117296 
0.2632409620302516 0.5558847879184797 
3.3894161737720534 2.986800693157454 
4.7201327827734145 2.999919930044975 
2.1545597922802857 2.014795289420317 
0.8565318982362465 0.9406203521181241 
4.2555803166097785 2.9654767489095635 
1.7568132178823683 1.5185355252443649 
1.1192555439120861 1.041051021115245 
0.8919734857667325 0.7458094390788147 
3.9099235173933002 2.9653332765562466 
0.11082800033487261 0.5743401879050208 
0.5632804034993961 0.6975519125059316 
2.8656867693425063 2.9892031386266877 
1.406772505522575 1.5185355252443649 
2.31441163434723 2.261400585171501 
2.4928025385212216 2.711435434793882 
2.667730380814538 2.9521105884546306 
1.7583302945542725 1.7450502697593127 
3.7220820641506975 2.9978831757366606 
4.844077549597588 2.999997001125628 
2.357499222233262 2.4439977915095565 
0.653223958978868 0.862686517795074 
0.7825492777493777 1.035575277506018 
0.5979293498345465 0.44768813915153294 
4.409812589116237 2.971194812426116 
3.9941091067475467 2.999999231222135 
2.145004727414461 1.7430402598258972 
2.128415633634563 2.3672962153485493 
1.9114493552491516 1.6679972379081414 
1.8285115203795321 1.6009858228954172 
3.6153917027399567 2.999969331078768 
4.088620491360571 2.999998375771931 
2.575536972012798 2.800463524675687 
0.08377678394648835 0.2631569960970266 
1.7604537418218107 1.2930228430358417 
3.5388571102354396 2.9999963737509203 
3.714750885133507 2.99999902979177 
1.946156029422776 2.120651169088183 
1.011578818166158 1.270502740255963 
2.5421998150032654 2.999997016165884 
0.8294880866027068 0.7902156152981056 
0.3344830701336814 0.5743401879050208 
1.4169889190577871 1.3598816903535274 
0.6114898150618227 0.5408215235999824 
2.742465290185409 2.9436630820121414 
1.0699407508303125 1.270502740255963 
4.04521483365657 2.999654727519202 
4.7701602078928795 2.9999946039045167 
4.533652475275714 2.998556757519069 
0.32921064038757475 0.3094461259599759 
0.7277878250731754 0.7305393444320096 
1.8633284822684968 1.5089724553953685 
0.08377678394648835 0.32980617752235997 
0.5744794036775543 0.6062493379123497 
1.9548795640301573 2.2789287257832456 
2.570008402921459 2.939717561559643 
0.23421851248445003 0.26017133054414154 
0.6114898150618227 0.44768813915153294 
4.3074853728916205 2.9978831757366606 
1.7604537418218107 1.2930228430358417 
2.0907237293413004 2.176446222318395 
2.0347127257993987 1.6665336654728442 
0.6093471715684382 0.7458094390788147 
0.6093471715684382 0.7458094390788147 
4.153889503734987 2.9999944796700344 
4.810472695071901 2.999997001125628 
1.915832604095334 1.9946707582284544 
2.752552200889047 2.999997016165884 
1.9824561004222807 1.9946707582284544 
2.3300646675242196 2.205498117379383 
2.0907237293413004 2.176446222318395 
0.30672431408661094 0.5743401879050208 
3.0615602147680328 2.965883561514606 
2.583198585910667 2.800463524675687 
3.0615602147680328 2.978952421030147 
