4.999999996247012 3.0 
4.999999996247012 3.0 
2.6922908347160046E-13 3.630429290524262E-14 
1.4195921350708205 0.894249323511261 
0.9578255653057908 1.151755962324735 
4.74011638207651 3.0 
2.292896808531818 2.133297482464788 
4.157605485483861 3.0 
3.4769199065610388 2.9994655026742394 
1.6753517066931483 1.9446323362685622 
1.3539929695945712 1.2695138044286793 
0.8189777192563444 1.1148350642892941 
2.005054966197519 2.2276675551794067 
3.5922334499489996 2.996902515992051 
1.7983259337336501 1.7167387630874744 
2.810520544028792 2.7064233867998837 
3.914447688351466 2.9883878831419546 
0.01137002341067446 0.06366342654123387 
4.854285736884311 2.9996938280234215 
3.3782988252893746 2.9994575929048044 
4.0472199080379685 2.999947395792027 
2.9534274887907386 2.970857827056406 
2.0021005789463375 1.7349854190055138 
0.6601959744003896 0.7091863409189546 
0.8189777192563444 1.2369966348682016 
4.34377537035933 2.9999340590051338 
2.5943038443237914 2.642847704668335 
3.2117172690466353 2.7694107453027277 
4.0462095334653245 2.9569121642828247 
0.6897279849154119 0.7475876413642306 
0.49958566767889145 0.4688043967783715 
2.730106214525489 2.648311188842878 
4.279271914822537 2.970857827056406 
3.669778490814735 2.988447082020886 
1.3066810302250655 1.1942954797158485 
3.2117172690466353 2.978176606147307 
0.8179460961606543 0.8458720524911566 
2.8580217917808834 2.7811177922279877 
0.5593862854383482 0.523595194440121 
2.3368780559891187 2.326258443959146 
1.3780982397363295 1.4390771594362242 
1.4367082948760488 1.8824942700072431 
3.8408419789448836 2.9998745016384216 
4.649384861412797 2.99844514502413 
1.0890682442033208 1.2881925856824454 
0.5207287516991629 0.7357608335823647 
2.8644567823749956 2.958902660137012 
2.328024806748163 2.2711773850834387 
1.3044659832151106 1.5839726826914702 
2.3911997448918916 2.1362006492680417 
4.956800936974917 3.0 
2.605182697155649 2.5127455761559094 
0.4447631989198876 0.33187793989630765 
2.8335253956831883 2.724854756003371 
0.16295884528431004 0.28552566537020263 
2.51632499816151 2.653214425929649 
4.888157214824709 2.9996938280234215 
0.11483126856882817 0.09019944636025723 
0.8082150055353701 0.7357608335823647 
1.9897001746834937 1.9112425243106959 
1.0890682442033208 1.3775141699655724 
2.5653215892833203 2.4013673039584256 
4.436723838374458 2.997061406268812 
4.616433411983317 2.9779686328325794 
1.789223687461121 1.4733929081406054 
0.2745087228059383 0.08595210791927232 
0.19241622910880715 0.3625420797567561 
0.8096374048686095 0.7568546769045765 
2.389313711257547 2.429594341340008 
0.16295884528431004 0.4945172735566232 
3.725569642609853 2.9999340590051338 
1.4858003765038035 1.7207532913954238 
2.179302509565512 1.897642019194133 
4.290917722435513 2.9998745016384216 
1.6253965147107041 2.160945823302866 
2.1962396582992967 2.2711773850834387 
1.274639865334655 1.694032627311282 
2.7774735135967408 2.262381162304 
1.6476268319455896 1.7706792374374736 
1.9954725587314512 1.9890852457845343 
0.7243782771591074 0.4922196000970581 
2.9611458771344177 2.8313026851401135 
0.8109605995973509 0.9151615715590407 
0.1404372125967723 0.3625420797567561 
1.3539929695945712 1.3623000379018189 
2.523659502280057 2.3376199550602927 
4.444237840582646 3.0 
1.6853601407181542 1.7268156918262072 
1.931866561061986 2.0690469235746582 
4.535368529919315 2.9806947196732554 
1.6657637971495887 1.4895571527237408 
0.4447631989198876 0.3620511297078637 
1.4341161079216995 1.677154254690823 
0.2745087228059383 0.3536032468393281 
0.5193352494876431 0.3835288088919 
2.390724695470746 2.351835969688744 
0.891585011730808 0.9498960944347621 
3.788569298007909 2.984450320862078 
3.325065115281502 2.992533384503494 
4.535368529919315 2.978752023663407 
