4.999999997825508 2.9999999999999756 
4.999999997825508 2.9999999999999756 
7.236111015940239E-12 1.0042522369246853E-12 
2.091480814120449 1.772046832454858 
1.7506692372066426 1.8552436794637188 
3.583491383216267 2.990685174047777 
3.872671616567586 2.8800372647431516 
1.0305590836941116 0.934821309594371 
1.355780158120673 1.3890316458062064 
0.9954307021048471 1.1662322665234897 
1.6700445870170535 1.2657085204493794 
0.6939007722890512 0.8773526775802021 
4.123614588131895 2.9967904868178286 
4.663393145130184 2.9996642451270055 
3.1385887726258273 2.975315148917923 
2.551393369678723 2.686653598414596 
0.027637905923162065 0.12034849998970498 
0.9448148615203555 0.7180384660645323 
4.727618273118101 2.9999999999999782 
2.5970795464135104 2.9261053062287483 
0.6321779263084851 0.8113911932234439 
2.7697237105407106 2.9940707748649666 
3.261592441747072 2.9631345742274666 
4.426513799479254 2.999878495211635 
0.32452465445075607 0.38419946290920937 
2.735155723843828 2.6629695785982874 
2.9022086545896237 2.9999930080061277 
4.379232298681314 2.98323275972287 
2.8445792941912056 2.834495179651953 
0.12197197336216459 0.19692756049453242 
1.1468916201979122 1.1635256503715419 
4.562290290090929 2.999987638800638 
0.013272846222384338 0.19692756049453242 
2.483035843832272 2.625899049615992 
2.999972167246427 2.839122422570413 
4.164705699636113 2.9998639220759737 
0.7130100657109887 1.0559721628092353 
1.2692177528267696 1.331368791449818 
1.050357640506829 1.1662322665234897 
0.42279252366713316 0.6938602279240699 
1.7508619405287305 1.5395564053759219 
3.9940650850092507 2.990685174047777 
2.0621214361760334 1.9654659506016423 
2.1720259826316166 1.943247953974395 
0.1899105139116095 0.3639325436617913 
3.496763924409626 2.999073975355235 
4.286165128748623 2.9998639220759737 
4.977175460675275 2.9999992578091406 
3.3233102767337948 2.9993003858391147 
2.2223132543040696 2.6175605857804176 
2.149815563508412 1.3459050559103654 
2.257785329503313 2.68061900436972 
0.4897145787425975 0.6903809249293344 
1.8533957210050769 1.5395564053759219 
0.17444290276789554 0.2664071850110148 
4.021388054782523 2.9515236174336117 
0.630154660490681 0.3971426715236788 
0.6321779263084851 0.7156084452921347 
2.094499720128002 1.8745511756701232 
1.5932794020375545 1.5603602472342868 
3.88139707100804 2.999993545600584 
4.509936638633974 2.999999999999976 
2.129702402606275 1.3459050559103654 
3.4604345323585575 2.998375332161257 
3.0149730883728365 2.978335356023698 
1.3487742395513422 1.0322149757835337 
1.5043938830150037 1.556323658691067 
1.9865467538821049 2.548950207688638 
0.208182879959372 0.37761545195664964 
1.367591384821818 1.8452438098137192 
4.817687580416446 2.9959148514858027 
2.347874588956512 2.686653598414596 
1.3543172431112875 1.6278412028962204 
4.251841626204491 2.9955650649229915 
1.9942316308637846 2.4545780480906365 
4.894672095857282 2.9999957026200774 
2.5947346647552094 2.3613728601609485 
2.257988776529617 2.530382678625366 
1.9457964882218186 2.415203481070432 
0.8061046221004554 1.0937878819248081 
1.3158917689140954 1.1213724839507364 
0.5417701460913735 0.7180633774153057 
0.2113076947480993 0.17693570586461416 
2.870735703016302 2.6937508256701266 
4.894672095857282 2.9999957026200774 
4.817687580416446 2.9978482481920903 
2.04442861286501 2.470504214207621 
0.8220692595400851 0.5617883000003061 
0.822003630211344 0.9962540094714966 
1.3464216300402225 1.1730434220158292 
2.73954618573963 2.628095018911767 
3.8154521131140724 2.9961724276958526 
1.9796690759490354 2.343266585204627 
1.3098272471986734 1.3673471412498346 
2.684399016039663 2.6081846674056273 
1.9519693771515312 2.2926263915468788 
3.3926513956057787 2.99977115595932 
2.263205306072388 2.3931469461935446 
2.096787841608702 2.1850653961050264 
2.684399016039663 2.6317189299408303 
