4.999998334503394 2.9999999999961178 
9.439637405073142E-9 9.691596691840942E-10 
1.9602583829001052 1.912665205068906 
2.142487412921131 2.040022339081756 
2.362852322878524 2.704417020254751 
2.1702677259927468 2.3238814711201057 
0.6475309812174683 0.8159569784350187 
4.00906101362916 2.9988855315842593 
2.074645790508583 2.2877319463191617 
0.8141962695517123 1.3100251732336226 
0.1676979942955914 0.2476007385008333 
2.6605828971606864 2.6620359130966333 
1.7571553789047412 1.8704698760594538 
3.5416993427303893 2.996911902627289 
2.446415167867902 2.153355212535353 
2.0480635487364376 2.2302805625639794 
4.573440058817243 2.9994797747358297 
3.7367136361739104 2.997613699210178 
0.5753798576048429 0.280568504340281 
0.7712166486612 0.42339805345483017 
0.6339224498307863 0.6595487182914032 
2.2291708512467427 2.437823242266696 
4.638305221851964 2.9999926143685824 
3.82904585615679 2.997613699210178 
0.5780652223525163 0.5310382076545296 
2.9198772007995943 2.9878677278017385 
3.044551003125786 2.9271241270915658 
0.49176712247476767 0.4910831530663988 
2.7311931685606328 2.801801001597486 
1.022852296392641 1.2855802148276627 
3.6502572506890534 2.970922128123438 
1.3646830714389986 1.4348117314455584 
3.914639324846652 2.9931035996056155 
2.3106085601564983 2.4470426301651154 
2.6038920124681244 2.8545997060218733 
2.552927214650582 2.6656614921500013 
4.79466908937073 2.9998325659763965 
4.489959171165314 2.9988470187362517 
2.6398798754139507 2.7546156157546413 
4.288544720450115 2.998852564079651 
0.2629334473816983 0.2717133937958106 
2.481648926464387 2.437823242266696 
0.7156278667152902 0.838930681607194 
1.2301686199565904 1.1571267780859844 
3.1235228624152116 2.9284614926484935 
3.0399511813910136 2.5608245280363353 
1.0920535668246354 0.8579901175326193 
1.4773711722546248 1.421977014867641 
3.6858983406377286 2.9892540133385883 
1.758482565535285 1.9794642897301467 
4.449523287505032 2.999511563718033 
0.3297923172272412 0.3291685088667601 
1.585353610234243 1.421977014867641 
0.7556346418208019 0.8924149284277212 
2.1402972941169853 2.7107012906059698 
0.30001031857427396 0.2717133937958106 
1.0686257942974053 1.0233345099632873 
4.122847882478817 2.998840137970661 
0.5161023465840374 0.280568504340281 
4.884275097416527 2.9999999999991775 
2.500926625909784 2.6656614921500013 
0.06391493389020486 0.25139788901338034 
0.8511321942570785 0.8838229203600396 
1.881855497982895 1.912665205068906 
3.468060641331465 2.9924409384560895 
1.6147390087206215 1.8297044833810405 
1.6352653369454373 1.6742563849032064 
3.3854479952091223 2.9042477671014737 
2.362852322878524 2.4470426301651154 
4.37526240778463 2.973380545834079 
4.748168331717629 2.999377635286318 
3.218228827377258 2.999243125548045 
0.8141962695517123 1.0532231263730187 
2.0480635487364376 2.141169639410276 
1.1267467805657412 1.5033513613752505 
1.2087914402723208 1.2439337361858467 
3.3854479952091223 2.924412007181106 
1.022852296392641 1.2855802148276627 
1.7908406109003923 1.7307398952989836 
2.883586566841154 2.9420270445225416 
3.899415801585449 2.974646334967996 
4.961353548197684 2.9999999999991775 
0.06233818676707947 0.09086985505703626 
1.5863729084302354 1.4885078899373565 
4.871511003557716 2.998852596316626 
3.0399511813910136 2.6860716626772394 
1.644333340353947 1.912665205068906 
0.7712166486612 0.8402409846221087 
0.06902653446759044 0.15771000559813175 
4.384017587904843 2.999377635286318 
1.2141688732013345 1.3228695031073265 
0.49176712247476767 0.24517071111334743 
1.5038331938366898 1.2397480710951725 
1.0947159429545341 0.9154716211840568 
4.7103297136359235 2.9988399116961033 
2.481648926464387 2.437823242266696 
1.4316097064357198 1.6659898195014498 
1.5863729084302354 1.5702256029728325 
1.4756220658952879 1.198524514084823 
1.7571553789047412 2.097642333708987 
