4.304731493487424E-8 2.9544482416099527E-9 
4.999999999355538 2.999999999999985 
4.589579785513487 2.9999999848339507 
0.36433733933946605 0.24497129546494434 
0.5920150480732751 0.48693993745842457 
1.4487000995879549 1.2973976942802108 
2.1187582184789964 2.206338440844491 
3.7975640847177417 2.996716093546971 
4.757264127950874 2.999999990591001 
0.9645974906221065 1.0897906868119749 
0.6807573064806219 0.7773265403836679 
2.4153662862708916 2.0522440185541586 
0.8014592018718762 0.3820794422144753 
0.3986415000373179 0.5270711986334512 
3.923920392103991 2.9983130200549732 
1.152769472611964 1.0314081773254244 
2.957393404606928 2.913907674754345 
3.5793783424788446 2.949008130233628 
4.866116185975226 2.999999999999973 
2.3727769935213807 2.2690357723992687 
1.7995891258121655 1.796622404939097 
0.32465038653547806 0.10299959572734196 
3.2006968624857923 2.9861223006821285 
4.241702217325779 2.9983130200549732 
0.9489532365090003 0.9007486064604536 
2.368417345276698 2.3811873513994337 
2.5152981763242463 2.6059829687170053 
3.311598002028264 2.999999999999973 
4.943961844274789 2.998774584640046 
3.4748774050272018 2.9633645007008087 
2.1187582184789964 1.6940847643049681 
1.045895983188756 1.5130838038484131 
4.467328604875707 2.9983130200549732 
2.796251154300187 2.8975691947352953 
1.8040118096304114 1.9100490266940167 
0.7613738425034855 0.797431368642721 
1.5652639312299543 1.4686217034450477 
4.547620123888468 2.9999999886019415 
1.439437364845927 1.7079439400640426 
0.9489532365090003 0.8103785917461865 
0.39216726201244634 0.9476366548756389 
4.414010331755512 2.99999749521858 
3.2337602797757086 2.8452965294823 
2.517304287803449 2.5043265171534768 
4.086561126603199 2.9904832170781352 
2.358218464728243 2.222992856112537 
1.2041380545083706 1.0897906868119749 
1.5361779833199387 1.9569655595787236 
2.9791226613242667 2.9987653897862465 
1.2864055271953303 1.0885185442048815 
2.1076767690417233 1.9351747107458388 
0.38324847516812377 0.31135273589637724 
1.7506190453214918 1.914595815063501 
3.3994324495563504 2.9861223006821285 
2.3116400030966116 1.9333361484069767 
0.8732984648849873 1.0916950548340254 
2.563861209166846 2.790000062142956 
3.7240601687794186 2.9984941294268395 
1.2337958980095707 1.7146713603573505 
4.793394177097425 2.9999770878807785 
3.644793102987565 2.9567344469710104 
0.019419133403962063 0.07521292363840859 
0.8732984648849873 1.0595055593396296 
0.5883056846941999 0.17042412431237963 
4.318952920485825 2.986534681371935 
1.8040118096304114 2.0651154690401214 
1.1841648348251976 1.062717348831765 
1.3074745117495117 1.112470350244056 
2.9547848637987117 2.9983130200549732 
0.12286225919999208 0.0559932756024738 
0.21071532009307803 0.12443051883486111 
0.12286225919999208 0.08695749367371508 
4.165016077787525 2.9984941294268395 
2.0827396313265183 2.0488647106474067 
2.9485986285139543 2.5075110633462625 
2.3614473521434567 2.5274800387034944 
4.154480730250097 2.9982761403262748 
0.6579269169657906 0.635231606600055 
0.3378717462770302 0.5221877895208842 
2.9485986285139543 2.8341800455487 
2.9485986285139543 2.8341800455487 
2.326170183909308 2.5043265171534768 
4.365118299648511 2.982050286571347 
4.093752074431461 2.94255578114297 
2.644995330607247 2.6637718485876243 
1.398572110366307 1.4867321872620705 
2.2942353897784677 1.8063134061925545 
3.2016874134629565 2.9567255001520394 
0.12286225919999208 0.16954232733591001 
1.045895983188756 1.5130838038484131 
2.5294099905158944 2.2690357723992687 
2.646257116713311 2.8716310109697045 
3.1181669636409612 2.986110653956137 
0.14224869655639774 0.2801186559624521 
2.866486690719933 2.772835775554314 
1.9992009046658308 2.2025697071093084 
3.3576565173969852 2.9758677462988685 
1.647275044976647 1.7511234857846483 
1.4689374443170446 1.7486585875460285 
4.025991707569341 2.9686127533911333 
