1.2481682354348322E-13 2.3420931860584915E-11 
4.9999999936273625 2.9999999999993 
4.9999999936273625 2.9999999999993 
1.2481682354348322E-13 2.3420931860584915E-11 
1.1704283174483094 1.2808038949007765 
1.8938225860895024 2.0309229131786015 
2.241697531441091 1.92857390209129 
4.098092473516432 2.9964518798661315 
2.7777745487353886 2.910424144140161 
2.7650685445215117 2.9998492470126963 
0.24409738070997825 0.42649242002544463 
2.7874113877722304 2.781821209914704 
4.712083438163084 2.999955726466859 
0.8885816442327829 0.5113310397315177 
0.8650901193813095 0.8179916336837713 
0.3982217065190544 0.5149003656852295 
2.6781717923972694 2.5530387141909725 
0.15353783560797396 0.15155135803887942 
0.5986754311671576 0.5904774188222548 
1.5469300432176052 0.7673002634076201 
3.741366002888216 2.9966813070278198 
1.4685038929653198 1.4850960352655103 
4.607380566842253 2.999880613151955 
1.2028369383388426 1.036132903255008 
4.280689873078897 2.9999623263451283 
1.4302354985271086 1.4172990551800622 
2.9426939888651975 2.934569153044684 
0.577909913770205 0.49333177164814557 
1.8072888184076692 1.8785771827389124 
2.465803510713047 2.51752595607819 
0.19679350577793442 0.3672598195280844 
3.436827134692136 2.9966894206095644 
2.6493737925283 2.7993373112875686 
2.4494087995228706 2.659807811224095 
3.070715257657338 2.9999983257764598 
4.392635174617469 2.9999337882065618 
0.27414472437608034 0.5113310397315177 
4.901150381281136 2.999880613151955 
3.099923590066345 2.9321432808433685 
0.6521476424846765 0.9075805791422636 
1.614362585666771 1.4860414036552267 
0.7460537591488619 0.778731182040457 
2.241697531441091 2.246791777325825 
0.12202403789201122 0.012499085159443646 
3.9716500953806837 2.993147049478908 
3.1862889905483924 2.984906235716514 
1.527731669833633 1.2551848674026438 
2.9118068660793623 2.4431268581450842 
1.3582917794253717 1.2821543916864329 
1.8764283813172427 1.6820166973477293 
1.8745523716082695 1.6820166973477293 
2.6655808653897752 2.461323062881328 
2.74951112590675 2.7514718039704116 
1.5469300432176052 1.1618236334053447 
0.6204319535522632 0.6626303754195635 
3.8666667750227535 2.995258683971468 
4.570318360745774 2.999508363588815 
2.9758110146078325 2.956841896689454 
3.5665768906619406 2.966700242571423 
0.019064991918121277 0.004306292680634094 
3.602155183133543 2.9999646951976695 
3.707660511528698 2.995333054490944 
2.241697531441091 2.1849159173679094 
3.9121709532517692 2.992857115208116 
1.8138630863030023 1.4998010648060367 
1.8737284103731386 1.4982324830341223 
4.154504224480682 2.9997604953166057 
0.1550440410114442 0.02489935185101322 
2.3796767762883992 2.189795229012006 
1.9837114712863513 1.8725340959831853 
0.8090985781910885 0.5104586911089455 
1.4126703234795057 1.7612462233343287 
4.196926395379046 2.9964518798661315 
2.1217855966035675 2.246791777325825 
1.1101340892863776 0.9454377914475778 
1.5007924399625712 1.9266455482370075 
4.5037091628735695 2.999993408634984 
1.5007924399625712 1.7557480722624281 
2.4113601351005114 2.3653651844697148 
4.251362573964588 2.996780553562294 
0.2610797649304014 0.2308375322944316 
0.12621888599368303 0.26712901985385373 
1.9180419512758542 2.283542245248987 
2.4304180049543653 2.8692606218417525 
2.4905206785549945 2.438850265555021 
2.466528742384554 2.3964444515720364 
0.8508480125700717 1.0212296094713418 
1.9338698143575948 2.3317605841370317 
1.754798428745655 2.020388287769646 
4.781223501190643 2.999880613151955 
0.7223808835570575 0.36828631088453945 
4.977165705696203 2.999851686820517 
1.1688631325878978 0.7939666402539953 
1.2028369383388426 0.9454377914475778 
0.9516391438705673 0.8721988517565585 
0.8262469205523 1.249446627687138 
1.1703219979005868 0.7939666402539953 
0.7486130610072295 1.0098556657375042 
4.848907193490708 2.9999410126388577 
3.1946030165461554 2.999998590898744 
