8.43769498715119E-15 6.275366615238198E-9 
4.999999991210889 2.9999999999983746 
4.64777565248262 2.9999999999994778 
1.15088416775854 1.510199624306317 
3.0842227050846853 2.7600638184803667 
0.4264933915994058 0.5414804968655509 
3.4149386800817556 2.815443901635744 
1.9507466316598445 2.4481577436748827 
0.27657529386004465 0.27155008328522845 
4.422719092720861 2.9996000611865896 
4.822802426680316 2.9995748889092204 
1.750951601691161 1.438348724048414 
4.4970640524311145 2.999999999999768 
2.9427414997128136 2.766826755119715 
1.0411076538763324 1.157667752433814 
3.3647220570124974 2.999999999999815 
0.3743333061346563 0.26565253155837465 
3.164288277817862 2.9963184342941727 
1.1991249326495046 1.1315130084353173 
3.0884936925449065 2.973992335068259 
1.3475410316851035 1.5454886651124489 
4.596856626327313 2.9997342318046933 
0.5144160194891779 0.2996414728062422 
3.658375781272557 2.9538089382286046 
3.744534096577644 2.9979973107627402 
2.4930987280882446 2.6533086275505315 
2.9946517599294653 2.9571400179151563 
4.21352455960276 2.999999999998233 
1.7062443107831307 1.5613648946593397 
1.09455118368879 1.0276727287637315 
2.6038183630789016 2.6214915369578033 
4.12677148155383 2.999080125658815 
1.4997639196692467 1.5608561450775649 
2.660706527685722 2.9960675413433115 
0.6989234098518846 0.6467325515401935 
0.12750588410885633 0.27155008328522845 
0.14707447507712035 6.275366615238198E-9 
1.8429697505576643 2.3190512526433986 
1.1210590112052583 1.409906033329534 
0.6970155687240529 0.43092560693150017 
0.8275947584254523 0.9359270344932372 
3.679730047622972 2.999999999999479 
2.3459372433848626 2.170641865127802 
2.1638798386135645 2.140559906976945 
0.8302147580365896 0.7656375406529581 
1.4997639196692467 1.490751936709304 
2.9301831503400804 2.636639191591019 
4.315387266141722 2.9990680075793623 
2.6692569137604605 2.623544021835458 
4.943430759030837 2.9999999999994778 
1.3857784828112054 1.4205689785663307 
0.3743333061346563 0.38012599986918605 
3.885087994803107 2.938831331192021 
3.44125750748831 2.999999999999815 
0.758338502987754 0.7296556832726805 
4.89021003665157 2.9999999999997735 
0.030537573944223628 0.25400022025399205 
1.8429697505576643 2.1185860414591247 
0.09026718697895408 0.1434501895574195 
2.6104773031801245 2.808424461845452 
0.602027741380867 0.6467325515401935 
1.0055946895401724 1.03181194122228 
2.9946517599294653 2.9964231743125462 
0.9068659790911131 1.049058743208725 
1.9198674904865856 1.7042723756675566 
2.5347571816640424 2.1691127387741322 
2.8298613055552013 2.636639191591019 
2.1937847299428945 2.417624662458019 
1.845023368832952 1.7084021898374173 
2.8071613745701036 2.720991438686564 
4.260537409121755 2.999999999998231 
1.6776827846950189 1.7461930958711902 
2.0571559848874994 2.0132832973774177 
2.3296183630119995 2.4155889186988135 
1.6776827846950189 1.6691658950864057 
3.548547083646791 2.979230997901032 
1.8538498947975064 1.9603459068305134 
2.9686163691320737 2.3770829708960206 
2.4630859835998975 2.453074436620691 
3.5456571344333323 2.984823582241452 
0.6970155687240529 0.38933552926180837 
4.0119633479008145 2.9990030761319364 
2.560686485503208 2.4275727245807635 
1.3857784828112054 1.4205689785663307 
2.1638798386135645 1.7046728599498464 
0.8946477703243305 0.9784991885105924 
1.8538498947975064 1.9198086876357063 
2.61779992177357 2.453074436620691 
3.96793868628211 2.9999999995667705 
0.963537170195452 0.8877889644062457 
1.2923602556561669 1.163542652420328 
0.7812737757778067 0.856884484618958 
1.6512045980914807 1.8252727306429088 
3.8595928081421245 2.9958909264891194 
0.24380693040874513 0.12986142581877214 
4.080944418155112 2.9990030761319364 
3.4149386800817556 2.998691259539363 
1.5680758436477142 2.1500335779089905 
2.4630859835998975 2.433303564241994 
0.6669093484729701 0.7813661287355258 
