2.211075544877872E-9 8.443246102274315E-11 
4.999994502676945 2.9999999999999067 
2.8062732980233944 2.905622138567787 
3.570441969124149 2.8988255980797417 
3.3205352740084715 2.940133497245391 
0.4525099538414342 0.504369206974703 
3.9578880182368876 2.987289815516401 
4.733358671763462 2.999996714476709 
4.086483367227762 2.992415968453055 
1.8547111573317454 2.201165422155095 
0.4151063741415729 0.6788318667006492 
0.18870107099681932 0.14940063802860926 
0.12196818616466798 0.08590062867991077 
3.630205496452297 2.9993588404080422 
4.8424049324880585 2.999997099770664 
2.4147503595816397 2.0276046375298824 
2.478832490162037 2.5221364027983273 
2.075996832101011 2.1955013595129023 
3.7112559561540936 2.9993588404080422 
4.670356481094953 2.9982258014635352 
2.9398708542743788 2.9697414175272074 
4.453881099628083 2.9992866393653976 
1.995055258319718 1.925904860361221 
2.3197393496671865 2.276885249861623 
1.309000393412697 1.2800125399177453 
1.820333397556262 1.541689103091289 
3.815611337706491 2.969712780177484 
2.5980161846259824 2.4746133433339885 
2.609706655862231 2.152262071009706 
2.4877762460055157 2.0276046375298824 
0.30213970831229053 0.24524813335087636 
4.548786763857787 2.9969771323625407 
2.0111623577216173 2.1582889023765808 
2.5888476768659476 2.5672452263818535 
4.32731703417271 2.9999080385025843 
1.8070734053719142 1.6822828162576307 
0.5734477766225806 0.8613797894030741 
4.273416850972167 2.97248639912506 
4.585167396957541 2.999266849284703 
2.8578283702653717 2.6427845175573386 
4.140401736596656 2.9948234915846577 
1.2031326619887879 1.578623670530051 
2.037862626209172 1.7963743979391684 
0.5159251810262652 0.8613797894030741 
4.9018541088984655 2.999999999987552 
2.785383786188359 2.6427845175573386 
0.5308754912538908 0.7579445072229241 
0.5383490592887932 0.6315852905131456 
1.4647906198498204 1.6826975756647315 
1.8207203987450928 1.7581017788214037 
0.9427529041917918 1.541689103091289 
1.415047186588228 1.5667394417866474 
2.3585129367235895 2.47583498851712 
0.7315642793614985 0.8072490264096103 
3.858237022127079 2.999170962403972 
1.625118043907964 1.0317378080919952 
2.288671768908091 2.6114193953533964 
1.1549401950541536 0.9913158230408858 
1.5643869629224847 1.1487045491931904 
4.999993998620993 2.9999999999999067 
1.9694214052977146 1.701180449771207 
2.098648354505186 2.0237581206384436 
0.5965839769496152 0.2684529730337112 
1.140882458264183 1.231735734359327 
2.7950794834434105 2.5221364027983273 
0.9333605170126833 0.8704365322041271 
0.5480136869090708 0.6879259039369398 
0.0841135752718759 0.03169406896293936 
3.0150599464887837 2.965703463164087 
3.1230009521344417 2.9697414175272074 
0.12196818616466798 0.3190827228076911 
0.4967038107878722 0.33562562677883756 
2.764723015062229 2.9950820080295415 
2.781632417668063 2.4691292769285873 
1.5288959097401302 1.3557934662410003 
2.97243394169562 2.849355135724963 
2.8444982194793385 2.3699267616687663 
1.7282556929067476 1.3535713031035885 
3.896567267864425 2.9995177037578875 
0.3478197028099729 0.39998059876122083 
2.3809098587746735 1.9604370393113948 
2.8578283702653717 2.6427845175573386 
2.4147503595816397 2.267079142200323 
1.076536108649314 1.1243171373923082 
0.8069166299069823 1.2506545574848715 
0.6414907996951444 0.9913158230408858 
0.7957668464001619 1.0561412880624528 
0.25014633798272556 0.17611458806982838 
1.7922365121408994 1.8470868320871645 
4.2743050918243695 2.9882895570681107 
0.7866306044055762 0.7829231900583729 
0.8642427564240344 0.8704365322041271 
1.9067068979165307 1.8470868320871645 
1.4059961823271074 1.4514479168198648 
1.8424545179538945 1.67034000798802 
1.4369740276234686 1.776707664973045 
1.076536108649314 1.2096114105701976 
1.7357560717230947 2.152262071009706 
3.1673967652675463 2.989991586217492 
4.394092653267494 2.9999080385025843 
