4.999999999504323 3.0 
1.5059953284435323E-10 2.741251670101974E-12 
4.999999999504323 3.0 
4.008652455223028 2.999768710333735 
1.156315622834735 0.5429380740135616 
3.6704759283049038 2.9914251705186925 
3.7498727964252754 2.999999157423073 
1.6164218370127683 1.609492475825342 
2.3691034781170432 2.2806217078486104 
3.544874098734578 2.9960014880683596 
3.3726881303878056 2.9980033253896727 
2.0532645187247955 1.4446509416283122 
4.806012248323329 2.9999974004543875 
3.512800044337515 2.9664789140755223 
2.7031590704718385 2.6012808715118756 
4.890010790900307 2.9999999404366444 
1.6164218370127683 1.7819915962181365 
1.2629747378726213 1.680967002344919 
2.117593316779246 2.656828003648159 
1.1743595650575511 0.9320313758199482 
0.43200804082670297 0.7866246377567216 
4.729749129157675 2.999598213124993 
0.6671512471226948 0.9244079881791342 
0.9527254313798137 0.9599404221805025 
0.5303188650883499 0.3766437476925163 
4.14115978633898 2.9998597522197086 
0.1484475682093317 0.11627646693888921 
1.9824528163380928 2.19548263367873 
0.6958644372845281 0.37157436450988734 
3.874149640437107 2.9973988917524954 
3.134404130831588 2.970511994312068 
0.14134969292331823 1.8989254613188677E-11 
1.0922379337513008 1.1502038678582482 
1.1228596482700848 1.2429319698390824 
1.4579698285592837 1.6382133092039388 
4.078765586603463 2.9998597522197086 
0.6696654227359173 0.6425161260316178 
4.517873188851276 2.999918026645629 
1.6354588827039098 1.4341052074746328 
1.156315622834735 1.4224716918256692 
2.566165950692864 2.844187600715276 
0.30566694859087695 0.3550108286163307 
4.440044369375334 2.9991713793340145 
2.8644088592333863 2.8138660720829343 
1.032107312869849 0.8085460299409806 
3.8662307319651825 2.9973988917524954 
1.2984225418181987 1.1880172998118392 
1.726368040220246 1.8730472696233655 
2.8202714052045854 2.9216121626155704 
0.712925940619959 0.6702466850450884 
0.022823825046306367 0.063662577288781 
0.3996961817642727 0.3607185600109235 
0.7537421839614408 0.697422455948042 
0.2816253765714424 0.8374232937696909 
4.225260217364035 2.9996391711530053 
2.2149729200360726 2.1994214579769573 
2.6207613163136303 2.844187600715276 
2.1177656397044196 1.5879018367331448 
2.565661757418505 2.2539860661497038 
1.0888887725523444 1.1832595025328565 
4.313827294194496 3.0 
1.0981293113297639 0.9599404221805025 
2.282385636380592 2.1997170707422025 
0.32637347593778393 0.23010155010023736 
2.386423721851247 2.6311840398397814 
3.0740646511791105 2.9437196161898536 
2.577883382131769 2.57963367717681 
3.2095298695151193 2.9915707762393713 
1.7549357463507922 1.8851272647894821 
0.2674494838169832 0.20961809394380715 
2.282385636380592 1.991898303902231 
2.6612947451298945 2.9497446824456466 
2.9959788594929297 2.883343756942627 
2.8006629361797457 3.0 
2.7031590704718385 2.53183794735443 
2.2692462406763068 2.667778978843896 
1.2629747378726213 1.6105678478992067 
1.4766260809151008 1.1893751346631467 
2.3092434520263714 2.270604829452667 
3.310463034404768 2.971330132417299 
4.960536003349039 2.997788002090279 
4.3853559865993725 3.0 
1.4250538757423845 1.3610284938386492 
0.2318463628797891 0.37157436450988734 
4.602098932499486 2.9999950601561647 
4.660156227855471 2.9995821750665197 
1.8512102379702378 1.9099602435944782 
0.5079838105469102 0.3766437476925163 
0.1484475682093317 0.25287184838801635 
3.218581371824435 2.9889233324299296 
1.595145772403134 1.7275349344633195 
2.144005831904492 1.968416884478428 
2.577883382131769 2.314480173644982 
1.4899845970782564 1.146179093881777 
2.838302362329224 2.997788002090279 
1.595145772403134 1.7275349344633195 
2.0532645187247955 1.9364429879006768 
2.5412139474932105 2.667935062745169 
2.1094244110062816 1.9363412065581342 
2.935797620850522 2.9973127518090914 
