3.180834484695083E-10 2.365751106125913E-8 
4.999998370250097 2.999999999999802 
4.576045043497511 2.999999999999292 
1.8991287537266035 1.9109360517242902 
1.698246289232168 1.8530449085643017 
4.441256213203489 2.9984741304257705 
1.7323629329928605 1.8530449085643017 
0.38913127155434857 0.2581326313960246 
0.6844176945015354 0.8025951368558644 
0.46505700737261535 0.32632574224781574 
2.6848791607203886 2.6200113971398795 
3.073245930501416 2.8102147378392033 
2.635411025391586 2.999959318256505 
2.4416965210852744 2.1329345944590345 
1.355749685877744 1.5579593475293125 
3.881617547748575 2.998622304607493 
3.3762873132925924 2.993745223706386 
2.8811542389617197 2.902850928752557 
3.801545893602498 2.9740564891439565 
0.6720170605769126 0.7421092518272489 
0.3348753820733106 0.12837737380771774 
2.224931388873371 2.2270566130878993 
1.0570701061957548 1.7379783567539453 
3.476828598360595 2.9953474083812512 
2.4129872284768616 2.482419073238037 
2.178053914059326 2.0793414100214545 
0.2851827888043399 0.2581326313960246 
1.6954552548358282 1.6217649881130507 
1.9781009811133239 2.1706702621293363 
2.8272460680333644 2.67902976545973 
2.7362604725378663 2.9662013298103536 
3.9567619879188913 2.999989971786192 
2.6595695135613884 2.3222759063063103 
0.403811890288565 0.4797318634505441 
1.6954552548358282 1.6217649881130507 
0.6720170605769126 0.6147463495568333 
2.462294835997369 2.6511379902439423 
2.393430469877484 2.258118813346794 
2.3674591146017296 1.9951080906112564 
4.847982278328663 2.999956307181395 
4.242123199929264 2.965418369162317 
3.7091350194067685 2.9999281468019166 
1.1444560337048335 0.9504501516640779 
3.100983635042725 2.9866603147940682 
0.19073830835957672 2.365751106125913E-8 
0.10450028922869292 0.04925402600415474 
0.1378844509073615 0.20265143710931377 
4.131932384231897 2.9753010653965144 
2.515723200532397 2.5276315028308067 
2.7412625517036617 2.664737721186128 
3.5496357720623757 2.999959318256505 
2.491131023712237 2.3306318682197937 
0.12055156149908608 0.19019087384419353 
3.289436033032692 2.993745223706386 
1.6352900816110318 1.4697431077276528 
0.5926187374401378 0.5477153142884957 
3.2411709156642026 2.9267392533131575 
0.9452572580411336 0.7018644312698996 
4.786380416315093 2.999956307181395 
4.684977527540578 2.9986732245138787 
2.5679136520185306 2.1515526843944692 
1.2761784013698816 1.2798251439698296 
4.352865895190702 2.999989971786192 
4.16367673318047 2.982772098101049 
1.9394300514680745 2.102493791355132 
1.7910552601287986 2.1706702621293363 
2.654675342533213 2.547215297761783 
2.9977362614911605 2.988136405006127 
3.705554005725937 2.9359573582386185 
0.4266701882362788 0.6380041799153107 
2.059691906569021 2.1413582645139844 
1.1046389074941816 0.883142687231495 
3.0587790166519513 2.9254076119220036 
0.8547277230985908 0.8665456337829007 
4.950758262315504 2.999999999999328 
4.027105669520651 2.999989971786192 
0.9578148347724171 0.8285362960711148 
1.3221487540784675 1.4187049853570324 
2.515723200532397 2.2497316538222023 
1.304335545647872 1.168479116526414 
1.1444560337048335 0.8784757327630623 
0.4728362526793414 0.7330385719549405 
1.3026214858734766 1.349679678144204 
1.775484284106201 1.454703712079797 
3.291250291311367 2.9999657467450467 
1.4119190526661822 1.182957961650711 
1.9655086849345733 1.8926334564316467 
1.4556433779440603 1.5579593475293125 
0.48025232172186505 0.4797318634505441 
2.3409167588818374 2.062522674824826 
1.3617348337683968 1.3335508761373716 
3.1170906986177087 2.999729792723319 
3.532166161385403 2.9905926652166186 
2.6157923430853387 2.8169451173558704 
1.304335545647872 0.9888240328667063 
1.6787970708846036 1.468630742098302 
0.9865441873746608 0.9224790641752125 
4.058937504780186 2.9546636381154396 
1.9394398676345495 2.0960072785006276 
1.2272368908461169 1.1682145960420798 
