4.69790872870135E-13 6.381735223603968E-8 
4.999999999999762 2.9999999999983533 
1.2332320907340195 1.413393924160069 
0.8135797744128205 0.8624593043179073 
4.061433507753992 2.999975951898967 
2.4552360642962796 2.4319116220489274 
2.630834800573548 2.3851472292511913 
0.8740710797580847 1.0458467162307699 
4.771696602549575 2.9928399105394483 
2.630834800573548 2.4872190724148906 
0.11119055178447707 0.05426627646147647 
2.2514472969560884 2.356731810845278 
1.037395027880434 1.4579784015814148 
1.6437350110281148 1.7600487826347895 
1.6560038613968513 1.8530067873047167 
1.0336031290229086 0.9931798137411372 
2.9850794383832726 2.984969943640306 
0.2618494904484495 0.3726628472201622 
3.7676863439989754 2.9978514733791974 
1.1428561592883868 1.1072250696280346 
3.8778104921384715 2.979821190099532 
2.1769439176800054 2.5657475300373425 
3.524703572677718 2.784183263865926 
0.07211011978453474 0.18805221077659684 
0.18478994441343138 0.1724147594917257 
3.6982224058240307 2.997906444040505 
2.7553050373081156 2.9341052508000227 
2.5930903096830584 2.9982199742897784 
0.6045989196250551 0.54579149296619 
4.665581066233499 2.9999999999948486 
0.592792343458032 0.4231651774242433 
3.9830549987479467 2.9866954685724196 
0.9193522502632763 1.4368071419945414 
1.9630143689204538 1.931718008451716 
4.275221769673568 2.9999997642182556 
2.589465900633464 2.6231373249064025 
4.192408067134748 2.999985712055051 
2.0656402969415777 2.705229038757591 
2.4073663579834887 2.0765546716997703 
3.5049781729647225 2.9833387212176588 
3.6526027732060835 2.9222999836515147 
1.4551515779856805 1.3245136307004288 
4.58177831438766 2.999985712055051 
0.3011013711030933 0.23966152940866664 
2.129454653168144 1.9916023960446854 
1.6560038613968513 1.6611329915386408 
1.5886424651972137 1.461892743464254 
2.154420083460407 2.258335218699484 
3.6180683531930775 2.997906444040505 
2.5633976185523055 2.9112510317190528 
1.5732936365607135 1.3684584806931268 
2.0678352664046162 1.985128622183073 
4.3232214763553305 2.999512529651084 
3.9975794118283225 2.9222999836515147 
2.3366202075322624 2.219488057211816 
2.570228768653074 2.963877863010229 
1.6647024668196166 1.2368425409964168 
1.4551515779856805 1.3355024612901505 
3.218664049877934 2.9934926412263483 
3.0897324602583223 2.9953378515615623 
1.60499074711476 1.6611329915386408 
1.9866709402351903 1.8301606135861501 
4.422909067787417 2.999999999990986 
4.385296053680606 2.999999999993634 
0.2510237372985167 0.19655716924647254 
1.9253928275378969 2.258647967243577 
2.9791514075028886 2.893780770927077 
2.815968748316921 2.974527905544823 
4.979097681910945 2.999999999990486 
2.045931229603863 1.6891729795250152 
4.485802401300029 2.999999999989943 
0.7165977326132357 0.6798221245589066 
2.097274208007687 2.258335218699484 
2.5633976185523055 2.7754083354986894 
1.0383883899015982 1.1286674238775702 
4.633686148470465 2.9989903922698455 
0.3941868840239251 0.34841308427796597 
4.192408067134748 2.999988134014392 
3.0897324602583223 2.9538795621729204 
1.750635814648616 1.908679504406714 
0.3512566486373525 0.47099562205954015 
2.1791913667933387 2.1310363890712667 
4.8430338447176675 2.999968143577667 
3.1730494225342 2.9953862115308736 
1.646587656100699 1.502133183983188 
2.725615905616318 2.5351872713810835 
2.8899659272543 2.9744916622877713 
0.5774056415934792 0.6100685403519686 
0.6352760746395375 0.6935408621201588 
2.5956408509372566 2.8161448796701034 
0.2510237372985167 0.2334536675822682 
4.909024110386564 2.9999999999961746 
3.5049781729647225 2.9186080200423357 
2.725615905616318 2.571645436080699 
0.34625994767677 0.6331859975585558 
2.2995594992144945 1.931718008451716 
1.646587656100699 1.502133183983188 
0.7695874439079343 0.7222574542838412 
1.0416208990665987 1.1286674238775702 
