7.004726397877303E-9 6.3584016524176334E-12 
4.99999999871906 2.9999999995203805 
2.548329367637727 2.343068507758644 
2.4558447110179302 2.3610004679426035 
2.6942030539575637 2.4306941311751538 
1.5648992109896405 2.343068507758644 
2.4282037157481993 2.1792830148109847 
3.641925983603723 2.9724100360661363 
2.214348989367138 1.8833749917972535 
2.5837734454246237 2.8412431192546683 
4.133875252503332 2.972065778244641 
3.1780656596062657 2.968778071581277 
4.229885705980983 2.988604161982036 
4.5185669362045635 2.9999919303873575 
0.294452247578854 0.17389468084250292 
1.5494431159533566 1.4550090692404714 
0.880995956202056 1.0147638166346364 
0.48466587174427733 0.38049483050860466 
3.940667664440304 2.952921946666629 
1.2903988164862659 1.4406941801734572 
0.8556875627956461 0.9431425569852485 
0.5974678999035978 0.48067192189941366 
2.589589486704614 2.965875188950575 
3.7891352544702164 2.9999999287930965 
0.14585491347203794 0.20752297260003122 
3.7137343722266345 2.9991796270717437 
1.99627234317578 2.3736435099978626 
1.7420490358345604 1.822028634574691 
0.1900242356041899 0.45346366227469603 
0.6445177026936559 0.6555491535645945 
0.5423803048267453 0.47166372971064563 
0.730958054439385 0.6663380999307085 
2.4541645809718515 2.032530022729735 
0.5974678999035978 0.593296838664221 
1.2858590778934536 1.3717578948634825 
0.13966276097541847 0.13439522064807852 
3.0516281356383996 2.90709277008631 
1.0831152194505362 0.9000428090823693 
4.588431426593924 2.9999710532556745 
4.904774146109494 2.9999999994999307 
0.5597890957865668 0.35514031017422365 
1.2496998111297914 0.9431425569852485 
4.398409007829638 2.997282139139175 
3.940667664440304 2.999958276120333 
1.8099982003078159 1.8077823160335367 
1.5154955224924949 1.3936566437676636 
2.1163322902984683 2.102032942049583 
1.21109385393396 1.3717578948634825 
1.9094277610804573 2.3610004679426035 
2.883262725082303 2.785262819595374 
4.835805956489336 2.9999993536772522 
3.5780330938366047 2.9280458249454826 
3.1148375279615474 2.768246726549369 
0.0862048131897701 0.0021239373049247723 
3.0516281356383996 2.9986500789365125 
1.8078412111229083 1.2878287697329573 
0.33525962855591884 0.39104250854752465 
0.6679353775597306 0.7914183638451379 
2.725135398607932 2.44298113001409 
1.603540878576045 1.8191451541378194 
0.9940740375224295 1.0898316128312486 
3.274267161559348 2.9724100360661363 
4.432382828836593 2.9999501978604783 
1.8281688248623726 1.953442848903273 
4.26760527532778 2.9997145074537883 
1.7273855853492912 1.5649880393915239 
1.0352900215060248 1.2878287697329573 
1.6273910897224881 1.834902574500331 
1.7136194446918775 2.150848145750045 
2.725135398607932 2.5092092560830657 
4.803873213711712 2.999999999686775 
4.698986347198308 2.9997145074537883 
1.2858590778934536 1.2445732148280382 
0.6445177026936559 0.5900961479714177 
2.214348989367138 2.123154617986924 
4.013165039901731 2.996298392025847 
4.950827279092937 2.9999999994999307 
1.2967625420411895 0.9431425569852485 
4.3141085156037375 2.9993089526869183 
2.759519128756885 2.8412431192546683 
1.1181458827229407 0.5950724273686688 
1.7552384247888013 1.3327718999472506 
4.05013821290235 2.9992706074554456 
1.7414059317261437 1.602185630436776 
1.6551312073810465 2.046661656565573 
2.024612125736657 2.12705966863665 
3.021132103886738 2.9969470619688536 
1.6432233231038271 2.046661656565573 
2.9283762529887807 2.7854241537335045 
1.8596872255896046 1.953442848903273 
3.7938158334701892 2.959028758376768 
0.33525962855591884 0.39104250854752465 
2.454275738352344 2.8412431192546683 
1.758351297703135 1.4648478488784484 
2.58916539056933 2.7781177587151173 
1.7552384247888013 1.45188727295717 
0.3833106196049445 0.17389468084250292 
2.934455765856786 2.8412431192546683 
3.321217571237645 2.9997177983368735 
