4.999999985587261 2.9999999999999734 
1.9656251903921174E-9 4.553951327146422E-9 
4.999999985587261 2.9999999999999734 
4.325623313614928 2.99992062597254 
4.00029864197026 2.99764482463607 
4.512958005166554 2.9991925218836055 
3.932929342160398 2.9789024058592792 
3.7989271912759137 2.9986658088974547 
4.169878913553484 2.99764482463607 
4.414097339532595 2.999961117311757 
4.861232140847829 2.9991925218836055 
1.5110191253025858 1.6773656104628514 
4.136167206014543 2.99764482463607 
3.491621859568669 2.984699801259351 
4.610176763789352 2.9976209512292824 
0.9570134515298865 0.6617950994457193 
0.7677968321126326 0.743226448425178 
2.770081992962896 2.494766654600583 
2.862194449568518 2.9991925218836055 
1.7612046730897253 1.668952569115557 
4.922953553288629 2.9991925218836055 
2.770052692712065 2.9992005400266906 
1.7630741568764832 2.0948286581945608 
1.8365738460394014 1.7147042621085182 
3.001220094068683 2.9992005400266906 
0.29184889652708923 0.04395484327123954 
1.8827313977564548 2.2013054990010583 
3.5663497362075454 2.995304903556168 
1.8726749596999954 1.1881421431734622 
0.4985124074447458 0.5624029427272244 
2.9721988570736704 2.9610755183673505 
0.1672126774157381 0.2512989464750489 
0.35461079554439745 0.5358181775888373 
0.1489985382047439 0.5241385809445741 
2.770081992962896 2.619689446087156 
1.6549784513274446 1.723129227345399 
4.749734437213144 2.9982310422618417 
2.459994036818974 2.434703653680343 
2.7078980255432428 2.381655669054439 
2.1695197600266236 2.3423920230197983 
2.141462094090298 2.6790722671845772 
3.283434835280654 2.998675560959102 
2.3469317055928194 2.604579594790384 
2.1503407118322313 2.2644730194837033 
1.6444434965604646 2.0478410920812347 
1.4474105819987195 1.135365637413121 
2.770081992962896 2.6790722671845772 
2.6422061128040077 2.953275257587129 
1.0381907180983376 1.0224791727863134 
2.1156938592024312 2.040364258139585 
1.154452717278856 0.7776287356343877 
1.3249078178125473 1.3109748358268378 
1.1724781078625872 0.8380241324113098 
0.051543444677856876 0.19263581683281406 
1.8827313977564548 2.0414743316481285 
0.051543444677856876 0.029532404506831922 
2.778373940038037 2.2346706154510496 
1.3106753223379712 1.0597817325240952 
1.901393504608542 2.100341292677894 
1.1925054742293522 1.1273605169807976 
1.7580940596157164 2.0023285924571277 
2.7472663601983642 2.4400352925476767 
0.7421762846688431 1.1403839143913168 
2.4485286576262935 2.197433847215831 
0.051543444677856876 0.07739909286790936 
0.6471555841749699 0.6209848368712785 
3.391259717176035 2.9980923734359353 
3.6692981442082084 2.9844250116366773 
1.6118133348837653 1.677114988475981 
2.1156938592024312 2.447476891184361 
0.4671545945310316 0.48578790812984274 
1.651117883190746 1.9692313268670874 
1.3021197438770304 1.2051998070682637 
0.8901384986108876 0.9259472013524591 
3.120219395441456 2.9591034727646246 
3.391259717176035 2.9980923734359353 
0.1280773902900313 0.07739909286790936 
3.6692981442082084 2.9453174809726916 
2.6432810066062613 2.9980396043248074 
0.5151540868857604 0.2672917416000049 
1.384769023909436 1.3874099068233587 
2.188987961423399 2.199639107243424 
1.3106753223379712 1.1273605169807976 
1.6118133348837653 1.6572156218065532 
0.21114126782006537 0.2902669820856371 
0.7237328383899975 0.6617950994457193 
0.46251561245613304 0.3043411317876846 
4.749734437213144 2.9982310422618417 
1.295333958770224 1.4127830817443732 
2.1156938592024312 2.200195425492515 
4.671008497042012 2.99764482463607 
3.72109801761917 2.992190200849755 
0.9539987570972579 0.746617828044027 
0.5449265478274556 0.662779120560729 
1.0381907180983376 1.1033637621833075 
0.6382214923435345 0.4784051446737584 
2.427282064446724 2.3423920230197983 
1.4695895725398365 1.4773465562134303 
2.1839889839260254 2.0555288253534494 
2.7469151359638757 2.7802381803581544 
