1.8256093622937009E-7 8.887224289821916E-12 
4.999999694754244 2.9999999999962177 
1.8256093622937009E-7 8.887224289821916E-12 
2.92964442690723 2.9883575297080265 
3.4720721027304724 2.999680076292898 
3.774315445899567 2.9987319708751174 
4.0540239670370655 2.9994433633343025 
2.103612157469681 1.6715526807258851 
1.0664569414382865 0.7809592541205318 
2.7136941939140025 2.74670304901905 
2.92964442690723 2.840693416603157 
0.9279056613629503 1.0795484797425356 
4.171617621048693 2.981311114153452 
4.897726517634892 2.996740744712598 
4.659756554662106 2.9985754338721278 
1.508074602027696 1.4688150786657403 
2.4302734932250276 2.5956501184063434 
0.509352816515198 0.46873716683891153 
1.9599791079748645 1.6703123701253348 
0.9844966933141417 0.7809592541205318 
1.9546079868377406 2.0686778117104896 
3.626014676149613 2.9952801544316876 
2.2122404602211945 2.6591771478049715 
1.508074602027696 1.5546631711054149 
2.100950479676256 2.1424475448619043 
0.5519284285664643 0.5252331757129154 
3.626014676149613 2.9952801544316876 
4.23991915712315 2.9914495202235765 
2.0640699695279006 1.8545279129821923 
2.399435989521616 2.034824571555018 
4.564264374052089 2.9996738520593005 
2.5198186181246838 2.4136679434549433 
3.379690120338841 2.9997856160258163 
4.450376596076508 2.9997536852648032 
2.554578410946026 2.212547047341305 
3.1480674451527375 2.99525515340943 
3.9517786111817146 2.996087350419609 
3.4720721027304724 2.852156792541665 
1.1623611357442662 1.2503702311154286 
0.32840804893090136 0.2831003401112181 
0.8430228756910985 0.653344491652277 
2.100950479676256 2.1424475448619043 
0.20233483153105947 0.16502980146705581 
1.065907116388939 1.0808353465710396 
0.3275662872405898 0.5481965558754827 
1.4829607852962392 1.6649315164952598 
2.399435989521616 2.034824571555018 
0.9616311740019846 0.6992662126621614 
3.1480674451527375 2.877098227613926 
0.11764568719445068 0.09264858559423672 
4.7268649037463435 2.9995308260390274 
1.0463620756373353 1.0229125663271867 
1.3696301705458858 1.5015268866346716 
1.7959444856242408 1.4038680509840393 
3.85216469985398 2.9817407809413785 
2.8290140666378547 2.2791462428426117 
2.5740438540794304 2.633535325915453 
1.708697459733374 1.5874953690619764 
2.2118060953525585 1.9225638409622858 
2.965452187545285 2.6162836934263747 
0.20947579198017025 0.07569620496955864 
4.832782170982314 2.9992702745754776 
1.8466637375350798 1.6283445554464366 
3.2499148398763293 2.992764154362729 
1.1623611357442662 1.4616913021870066 
2.4124100273654445 2.2171262398585942 
2.6533409288722845 2.6582230874946826 
2.3570714455201864 2.1749126240455703 
1.4376969215846387 1.3860167214927916 
0.043532075445950724 0.044620917814416794 
2.7088266125709404 2.999999999999398 
1.2622267975597072 1.435704372561759 
2.1342015280013458 1.9569334545277273 
3.1480674451527375 2.958430983309021 
2.488783097245345 2.183759296496038 
0.5519284285664643 0.6995132291555115 
1.8761241363914083 1.722378931102024 
4.374969218216085 2.991812666450354 
2.514856590657775 2.212547047341305 
1.7292366829999262 1.6731506197985682 
1.2318150123449867 1.256563265470543 
3.9234905896579226 2.960837741830468 
1.1060394938033005 1.107987022171009 
3.248437179131097 2.9997789501983414 
0.7153244219569007 0.6980247114997308 
0.5875690545665815 0.7334180521105694 
2.333138246965051 2.2324763478241993 
0.5097878146351216 0.6459588092789931 
0.32840804893090136 0.3637961850198841 
2.032286231532587 1.831601070851716 
1.2286558485082952 1.1116167342794114 
4.303014322653894 2.9991915635607636 
4.770800622973212 2.9995308260390274 
2.9069261810699305 2.6171236088138015 
0.2550477909310036 0.18461771098749824 
1.7292366829999262 1.6731506197985682 
2.92964442690723 2.720509281403677 
1.7945473062311639 1.7369993828156307 
4.293957624040324 2.9997271974394297 
2.6533409288722845 2.6582230874946826 
