1.3908994622724435E-8 7.765577070273366E-11 
4.999999997297923 2.999999999662767 
4.999999997297923 2.999999999662767 
0.11665573363325643 0.1287803818188722 
3.2034298264160768 2.999840015798062 
3.4837803204903643 2.8984862466332086 
0.20156494280278003 0.3653312495577504 
0.8184258817497521 0.9570698466894638 
1.7343406579210832 1.464917955714943 
0.5970685528652304 0.6753161510535959 
1.9764531783743808 1.8925924548734798 
1.0640305394932845 1.1557921784915228 
2.5008386340470308 2.660299522830693 
2.0757435787366907 2.999778572256103 
0.2462299838110117 0.11016722623018205 
4.697774225601323 2.99999999885897 
4.052884043577715 2.999808213906393 
2.702136955665029 2.562798182263052 
0.5340673993820194 0.8592473404863877 
4.1571410510898925 2.9543808542520598 
1.580919125833553 1.9066314340173038 
2.5008386340470308 2.484420927750259 
2.206995253355967 2.1633906576319033 
2.1472988872792147 1.9889743653625982 
2.0840638319750115 1.9691109243165839 
2.034520219972299 2.260580494463953 
2.837757948487898 2.7970614181447346 
4.528562787699599 2.9999993773834674 
2.837757948487898 2.8998659731394527 
2.702136955665029 2.8852613722194738 
3.852859641760794 2.99872577727431 
0.4161594773367977 0.4079956889342653 
0.44372385948323645 0.7398001737617113 
0.858590188926421 0.8106553760381497 
4.203182814733474 2.999974766055379 
3.662725551657349 2.995989582315655 
1.7752654872198255 1.8538225426511805 
1.1728669750548661 1.3259890338121347 
2.9804336006900383 2.43351952932309 
1.6050087662452914 1.464917955714943 
1.2133304799231903 1.2143316565984015 
1.5511771970484727 1.7273517475033584 
3.6555928411908276 2.92411688735256 
3.816983862681153 2.99999999927438 
1.6827966015233007 1.3032277866814201 
1.7892689041988534 1.5477660995103535 
0.5995634458121374 0.8592473404863877 
4.474420591496455 2.9998050085394232 
1.1529728716389185 1.1681976825431803 
1.7524776347618367 2.0365571643379896 
1.4259590607067665 1.4937082770697239 
2.1760252934943614 2.385816898470079 
1.4369992548508193 1.4187572700787883 
2.1760252934943614 2.4572094072236923 
3.5332463149965236 2.897874391506452 
1.7321889188615227 1.6815203912944516 
0.5340673993820194 0.464742046986679 
4.378852886434574 2.9999872612633207 
0.3856081592897781 0.3027303336753515 
3.9552628057650137 2.9997427419437446 
0.5122049906440389 0.5965101123727232 
3.733089788961319 2.997834666612382 
2.955980089849062 2.999859340981314 
1.1503917209846333 0.9757227194667141 
2.1760252934943614 2.6616513284256658 
4.417778004608286 2.999528416992457 
0.29583721797971074 0.30265396418113866 
3.956555166996285 2.999810694596745 
3.536805752840645 2.9847056938889382 
4.936892702470186 2.9999849667944507 
2.263956346146682 2.246659683313097 
0.2462299838110117 0.11016722623018205 
4.611756798672572 2.999528416992457 
1.8018987798596302 1.867122186642316 
0.9457584712981804 1.0066935055091806 
2.1472988872792147 1.826748860099178 
3.1555881824436827 2.995989582315655 
3.040708122511837 2.9809789827744257 
4.6081780116187785 2.999999999604228 
1.5902652374250843 1.1297587519059245 
4.773505520536469 2.9999888095586993 
2.330130667871858 2.43351952932309 
4.846340203560708 2.9999999997110636 
1.092417917918771 0.9512542779280329 
0.37516003043455504 0.5199777947816849 
1.324171091105511 1.464917955714943 
4.765229011703045 2.9999849667944507 
1.1744921383072944 0.7188909274016259 
0.2462299838110117 0.48227197368422026 
2.263956346146682 1.9486440800538194 
0.8232523056985172 1.1793839192576052 
2.1472988872792147 1.826748860099178 
4.866350669891231 2.9999999997525024 
2.6769678526097986 2.6713561111490454 
2.2085398483486545 2.660299522830693 
2.2910610931618356 2.4572094072236923 
3.7155746089927426 2.998211210584099 
1.6050087662452914 1.4512009791534282 
1.1728669750548661 0.9285342240743298 
1.1744921383072944 0.7188909274016259 
