4.999999998113721 2.9999999999999996 
4.999999998113721 2.9999999999999996 
1.850139624837155E-10 3.0487834479231424E-12 
1.9963457887937315 1.8314559715025913 
3.141075918268841 2.871175558562366 
1.6491207489876918 2.009351068823265 
4.886828318453123 2.999999999955201 
0.7358648700720376 0.7563449275803753 
0.8578423966159381 0.8052542019280536 
0.0783953246182243 0.08424271505365266 
0.16972772478648512 0.4210939090351551 
0.16972772478648512 0.2697440811532036 
1.3489133308524568 2.0395621910338617 
0.9801767618389533 1.0035957573724483 
2.874857224454238 2.997758018074592 
4.794129013464463 2.999938071388055 
1.3650860931881192 1.169381577541436 
3.4300047657123365 2.9680460886246145 
1.4340746459175782 1.5504273399443282 
1.4032623536893318 1.0147154252239317 
0.6976217999451952 0.7055845874807629 
1.4892785139601767 1.609623416971732 
1.7451324588731365 1.8063426874004054 
1.1679566624837239 1.6254950139540134 
4.172840338981233 2.9999791185120106 
2.0178204433598017 1.9637770887664971 
2.21623553893044 2.0216828806668157 
0.07254817131783087 0.27805159258083856 
0.10232556256668301 0.14655783943729273 
4.23203083217043 2.989000579249647 
2.376662973217146 2.420285217955666 
3.7603081973281958 2.9731222199782703 
1.5004012645300802 1.667067074180381 
1.0518712147315328 1.065262211667764 
3.141075918268841 2.9870465325289444 
0.5362947738249649 0.5757358548232729 
4.717588642833735 2.9997504874168017 
4.068880680307999 2.998228203652871 
1.9167141485088024E-10 4.393707619954057E-12 
0.36391919525340954 0.5369854522189332 
1.9975949329110727 2.506310113240054 
1.5692600110903747 1.6914498004889902 
2.0778921830182435 2.506861816696853 
0.7315224439738154 1.065262211667764 
3.908148877555421 2.989825957967941 
0.36391919525340954 0.4607094769389547 
3.6446525279403286 2.9755811367588594 
0.7304741850322614 0.4623996431737199 
4.9983280514267205 2.999583563834525 
0.33284737506185835 0.3493803028004098 
3.5292910703735756 2.9906531442768842 
2.615869387694735 2.839164608220721 
1.1953451075439037 1.5291055233226567 
2.4130218709154554 2.3371342067453935 
0.7948309357745301 0.9486336641937287 
2.7151717500710326 2.4509508881956283 
3.3727364654823067 2.9731222199782703 
2.8679294014458883 2.478655943985548 
0.4269732006509547 0.865702707857355 
2.7248621783728204 2.9999999976686205 
2.6034892504569402 2.967661129016484 
2.717299251223009 2.5098272613132124 
3.322580038970262 2.8747295180550974 
2.7101686299431393 2.56846647560811 
4.319180809988949 2.998228203652871 
3.8011443812770924 2.999056973755981 
1.7316099537945213 2.3929643702363883 
4.367214648149099 2.99933756320475 
1.0518712147315328 1.128269030647124 
2.1431764864283713 2.5271407529683176 
0.5842926633653668 0.4447593457592239 
1.2856918781683255 1.0573998766628199 
4.670498540108285 2.9995704189098022 
2.2846300725057826 2.162769170456961 
1.3110215716116924 1.5976849523245062 
1.2950671799223101 0.9682015787424602 
3.071731332159086 2.7499037147050993 
1.0838284021788231 0.8052542019280536 
2.199946998501722 2.125919857340687 
3.2968444752360124 2.978246230418417 
2.531738625437132 2.457301019409545 
4.539632430791108 2.999999998224234 
3.6249931397809916 2.9755811367588594 
2.21623553893044 2.0830767624594753 
3.53023439171757 2.9998475968368465 
0.8338667562229356 1.065262211667764 
2.4130218709154554 2.230689852454498 
2.571115586825866 2.3371342067453935 
0.33282141219338035 0.6481001109430166 
2.2301537081495297 2.162769170456961 
2.7151717500710326 2.392078252568358 
1.7451324588731365 1.8372360883019803 
1.5851403155336699 1.7491703745138776 
2.3804081579089424 2.56846647560811 
1.3110215716116924 1.5976849523245062 
1.9215667741462128 2.162769170456961 
2.8171953625746293 2.6565598320334978 
2.816102654901206 2.8386561779405346 
2.6163326272908103 2.4215419635133153 
4.630230291569573 2.999999997370529 
