4.858345825642374E-8 2.6753999016193575E-10 
4.9999999999902105 2.999999999189224 
4.858345825642374E-8 2.6753999016193575E-10 
1.5948514638551212 1.5682978373991452 
4.32346621019898 2.9975951854961265 
1.4037187654485659 1.5662682615785313 
1.672291362049522 1.6966469918090863 
2.6411545161925103 2.7326934123257893 
4.646677177056953 2.999989672813837 
0.6471258059908812 0.8386728016949205 
3.628779535787187 2.9991326160313214 
0.9646820772987126 0.6314391191423442 
3.5324072699897773 2.999991719150016 
4.539568409504587 2.9476663316714244 
0.9658727257570014 0.8386728016949205 
0.6514935119275141 0.6963294496333785 
4.748026092972835 2.9931882337956237 
0.8331373279550355 0.8889748196809958 
0.08724251546887118 0.3275962050921899 
4.5302872526481845 2.999957045294779 
1.8116653400469795 1.911283930018558 
0.2850349977979636 0.25860510715511653 
1.3988627734913768 1.0226063445669191 
0.39457537755412186 0.52900337976343 
1.0332522226967422 0.9133201786710113 
0.5224823239646922 0.6584597300652253 
3.0391252847509316 2.917350306490022 
0.591538804663142 0.6797195617839242 
1.486184263851486 1.3724715873811149 
2.43160720392116 1.9379862212117005 
2.7162894399648363 2.531208770208556 
2.7162894399648363 2.437520453166127 
4.048548779065822 2.99999986759566 
1.2355096594904866 1.4004075789829722 
3.2015427454928562 2.9703618028890535 
2.4841401797632923 2.605642571325975 
2.2703218239871137 2.3349212414188587 
3.7512314836226466 2.983549562666013 
3.2015427454928562 2.8702214958481527 
0.22363892329670276 0.06496507854862243 
2.437772673027771 2.246141278001205 
0.461359570493737 0.5691670920179891 
2.447528952972109 2.437520453166127 
2.6227730776706437 2.8628593519080274 
3.3920550399687412 2.9999998470771545 
4.210613672440501 2.9975951854961265 
2.0531772555693495 1.911283930018558 
3.4299479305494813 2.999991719150016 
3.845255899432476 2.9999174603862855 
4.909122025648914 2.999986341414605 
3.331348607240255 2.883306302844304 
1.2418185298455022 1.2735629261511199 
0.3714797132302906 0.2438449921094891 
3.7512314836226466 2.9999938120465823 
1.2702799486030254 1.2839914376705628 
2.1020022559507003 2.394570594491472 
4.821572435903384 2.999986341414605 
2.0549032457648777 1.8353433374422903 
4.048548779065822 2.930085433020145 
0.14678702751897155 0.18321843841278973 
3.290142274137029 2.9999998470771545 
2.2703218239871137 2.277360978394193 
4.114458757218713 2.99824762357539 
4.210613672440501 2.9975951854961265 
2.0549032457648777 1.9950165725432443 
4.9278248305157515 2.9999999998118514 
2.0424781655685456 2.088965297428885 
1.7494422402328778 1.839207308808711 
3.1855529836563763 2.897314198578027 
2.447528952972109 2.381857919951522 
2.7745978156846864 2.965839628200616 
1.1401829301694537 0.925279763354408 
0.461359570493737 0.3746152965773204 
2.814210167540673 2.8487289515507626 
2.5021064620047975 2.232572124934299 
1.8157421794806947 1.8105066516704824 
2.676682224949358 2.55521893177573 
1.673422055180977 1.839207308808711 
0.461359570493737 0.6352281984220945 
2.166604099135565 2.6138339804479616 
2.39202172294139 1.7826131224343975 
0.05169436968191021 0.12694781591792698 
3.8655662979390346 2.9999998470771545 
0.036777099098778576 0.06496507854862243 
4.811580151511228 2.9999860945372037 
1.2377416904117868 1.053311279010592 
2.722425157698323 2.232572124934299 
1.1320834623586635 1.1975810242293725 
1.1468470325113282 1.5718692192298092 
0.4229857259219081 0.25860510715511653 
3.0213326667499163 2.8029230924617186 
3.990929108118003 2.9547427974854 
2.5818737329970034 2.437520453166127 
1.9806385282744952 1.8255089152090345 
0.45837154085954257 0.254489882537576 
1.8357254847056312 1.9725591250089307 
2.0549032457648777 2.018569567225068 
1.4452255049591023 1.2592334938885312 
2.1874025458334767 2.246867717869823 
3.288371645184114 2.9999998470771545 
