1.9044883725616302E-11 6.628031457012185E-14 
1.9044883725616302E-11 6.628031457012185E-14 
4.999999528514898 2.9999999999999867 
0.41948605728801047 0.3589787313679764 
0.669697836171595 0.42698718156022253 
1.2645391028356416 1.5587015525708 
0.15611503707499974 0.2035071762459154 
0.23862428195053664 0.3456054755196496 
2.3870707762130943 2.783719934914905 
1.4552495384545996 1.6119127130548303 
1.4032197017010892 1.194360760226942 
4.89855723627681 2.999999999999811 
0.0444171451473504 0.12263482991677987 
0.6039045250650726 0.586786567832321 
4.0265207655164055 2.99993155194241 
1.3986522800693957 1.5364521845373424 
2.087373792934159 1.603066196369412 
3.3413256619561955 2.996217559831034 
0.11747291485659239 0.19212044575415677 
3.0935039795942383 2.971954779176909 
2.1455770570003034 2.3109516039041647 
4.152208404888662 2.9842831760375983 
3.219853245678941 2.971954779176909 
2.5960678310055556 2.989516940887908 
2.9791323385357913 2.999286974034649 
1.8933692363483217 1.865506027017879 
3.482004873677149 2.9967162067953836 
4.530175623145757 2.999999999999891 
3.4546086797072393 2.9967162067953836 
2.9791323385357913 2.8883186556292193 
0.9367192578712829 0.7060844536844827 
4.7194185998904095 2.9999999999998597 
2.4300397948158645 2.8676284047919784 
3.6159047056892404 2.9797430006310597 
2.512286679265809 2.97507256988076 
2.7004227301085493 2.9992379034028405 
1.5366680795973275 1.6305320121640072 
2.131795265883123 2.394974633867686 
0.16576624002099727 0.4860067278386122 
0.9785814861314213 0.8954779555227649 
0.706977512745615 0.8220564078914719 
1.6885766941406148 1.5284049481731952 
4.373720108227258 2.999893863130048 
3.7905910712300224 2.999317068921646 
1.079266968242289 1.0544890086813843 
3.9952140421574684 2.967105795973631 
1.2325098046146046 1.1603893905968863 
0.7919526793357506 0.9752797587331976 
1.7786411544837482 1.620695555596207 
2.6646162651756056 2.3129497339509117 
3.6516494895910827 2.9981578098490687 
0.6600954506818787 0.7060844536844827 
2.2463758368165023 1.8021944752223886 
2.08729220691118 1.865506027017879 
2.392452579413685 1.9704532517916202 
4.982897942146363 2.9999999999998703 
3.877010962252087 2.993488965886158 
1.5400450174923854 1.9758118922971568 
1.2296374573252309 0.8195653734499805 
3.006277249059972 2.8056606436590714 
1.8692120188306898 1.5815699943180879 
0.6580030783830482 0.658808219208818 
4.249095763066947 2.9859716325283654 
4.307744926604827 2.999999999999811 
2.4655475688734727 2.6157459586775236 
3.730905840980238 2.9964904796117535 
4.613900577845216 2.9979873991762576 
4.1748245031915765 2.9964904796117535 
4.803823788911572 2.999999999999908 
1.9882471390481204 1.865506027017879 
2.6058070653964944 2.3349501558428116 
0.6663573116258847 0.9362619483236577 
2.063731932452942 2.2738348773101893 
2.4472009168015516 2.6157459586775236 
1.7786411544837482 1.52651848082767 
3.3493266867709437 2.9423616626657583 
2.2463758368165023 2.0137196448503922 
2.0894158146873067 1.9132494599392977 
2.3730589177001646 2.224561844486831 
4.42647593657592 2.997061960547069 
0.8846492758695426 1.0765114490177288 
2.521468095260855 2.922564684131367 
1.9691841464541988 1.6016861234759228 
2.6545366947487974 2.989516940887908 
2.4300397948158645 2.909745905420454 
4.482247910691513 2.995881204685178 
0.9785814861314213 0.8309492787707446 
0.9074921043508527 1.4090993002312255 
2.553049563566586 2.32122905112574 
1.098530054692848 1.1636075922770923 
2.058628931738559 2.0659174733691867 
2.3672244688053086 2.4197275598266472 
2.0103625067913162 1.8720215809218694 
1.9691841464541988 1.6016861234759228 
4.273149180327776 2.99993155194241 
4.646902938436495 2.999892273344393 
3.329016158005472 2.914319188633252 
4.778712050971097 2.9979873991762576 
1.1666859500965026 1.2883318548336424 
