4.999999993189623 2.9999999999982205 
7.263495360732009E-13 5.694088706098555E-7 
2.086205180368965 2.2179395938395285 
0.08651225229582193 0.03468442794411519 
2.1319830915842406 2.5000641632934206 
4.27474449870217 2.9989280151085644 
2.3856489530343623 2.4509170330519625 
0.028691277640626955 0.269703119880074 
1.1601313787998542 0.995756241232606 
1.9945139171040318 2.098862536917697 
2.7727469396847217 2.9766283554610258 
2.086205180368965 2.2883485457012727 
1.0089408697335875 0.7651739899346648 
2.7773440851449496 2.6934984236445407 
2.7054188045636964 2.873270664434263 
3.093754730718288 2.9318374436155668 
2.4494943151789816 2.640824088218901 
0.8351838587588518 0.6978374939708737 
3.3490642071636687 2.9894100117841513 
4.129801464316766 2.999954888067488 
0.39408036465352236 0.5268345613636589 
1.4527230732228051 1.4004770866728777 
3.687177781660468 2.958465994015337 
3.304716771905324 2.9432710468390324 
1.7992285214957835 1.4475686500437348 
1.7221725257471774 1.4440842382745596 
0.820192689689219 0.8112359888517408 
0.5206964215905077 0.5113061467614635 
2.406334865190877 2.0870647465140655 
0.27519880327132396 0.11538795565510063 
3.427062745701018 2.984881543513112 
3.92350023222869 2.9989280151085644 
4.700532378107286 2.9994829473519946 
1.14187364918225 1.1351981199968006 
0.27519880327132396 0.5099039981506751 
0.5034419323199656 0.7651739899346648 
2.9038484602245807 2.9994293512506345 
4.9357212020334575 2.9968769537453803 
0.27519880327132396 0.3174985270479074 
4.3902318159209806 2.999764134228246 
0.5383676142379652 0.7912924772052603 
2.954345248809966 2.874748354403699 
0.15482497464422873 0.30454881132578326 
3.5288058196369128 2.938794160078266 
2.010462877899295 1.8966100990090626 
3.0794993360266965 2.99410244152017 
1.2334073396087184 1.1443141020929595 
3.5505299218025943 2.9982713707008095 
1.086608197557219 0.8360694615436397 
1.6718095101118204 1.3689856220116274 
0.3163251817064059 0.5246029436874542 
1.4217846719147154 1.6729332921975795 
2.62692148316708 2.6294230281822566 
1.0187830835320906 0.8142753682168258 
4.836011271139262 2.9996319277721275 
0.2772100755803798 0.25962329247418037 
0.5080085381599424 0.6718217061351752 
2.0755707238693497 1.528580530628589 
1.3540478958474276 1.4164311380121537 
1.5899364212806666 1.3568233661596478 
1.086608197557219 0.9505187581705874 
3.785221347407851 2.9993804846815015 
2.4760794909354527 2.6934984236445407 
2.467947827378379 2.5280564913553674 
3.704265259162266 2.991879259647817 
0.6147024218176662 0.8142753682168258 
1.086608197557219 0.9505187581705874 
4.759759309525845 2.999764134228246 
1.5834998006856995 1.9226222739235335 
0.5471380190408098 0.5313954961462015 
1.8414379854892877 2.1528251660368602 
1.572556043596294 1.7523895716140832 
1.604478905918223 1.9182357507879833 
4.475975816820945 2.9989828511218874 
4.358854569886061 2.9895243399181313 
3.747439884610691 2.999388651180708 
4.6230919682291844 2.999764134228246 
2.467947827378379 2.515950356532391 
1.2162960755135535 1.0880752196480572 
2.1905121097030484 1.8868985057324255 
1.692653191540515 1.7283550091149724 
4.539571938870511 2.999764134228246 
0.4707017234961318 0.6718217061351752 
1.2888122767623407 1.3206520542952114 
2.3418773851156125 2.56050532749371 
1.2139624130675004 1.7510595182478466 
1.355417331690911 1.3266337446688117 
0.5994855558381802 0.8142753682168258 
0.8215811990041384 0.7996508688105627 
2.500957077736239 2.8293297459388684 
4.836011271139262 2.995631650164848 
2.5157162897727403 2.6819632942655334 
0.3822516663826879 0.30454881132578326 
1.8414379854892877 2.1350994837568136 
3.5505299218025943 2.9801086643665453 
0.3822516663826879 0.30454881132578326 
1.495870940196128 1.2384446638038127 
1.0187830835320906 0.884060789838319 
1.5243612287291604 1.8247185676545818 
