4.6541248632792076E-10 5.682676551543864E-11 
4.999999999980095 2.999999999818718 
4.6541248632792076E-10 5.682676551543864E-11 
1.523579144614545 1.6465837621088832 
0.43119360195857637 0.7873251487719904 
1.523579144614545 1.4966984078569685 
1.7641924255959742 1.836351619964906 
1.5294241309583478 1.8594622653080912 
0.7851415804375886 0.6037527131924947 
3.846273419786069 2.998728095798659 
4.614964268634588 2.998521058771438 
0.2993939752680794 0.12810944639898625 
2.969695203376612 2.991205334883169 
3.9704527624011483 2.9999997610842515 
1.523579144614545 1.344340744887666 
3.462166593231604 2.9636173877777017 
1.0824222777103345 0.9925388530806426 
0.36067790375140985 0.34103565082989473 
2.6878354848458543 2.835057519360971 
2.128068165862674 2.073643543048896 
0.7043843713124686 0.916094031197734 
2.270369654823142 2.3437796734010616 
1.6316021686951696 1.661212817128778 
2.5730974894033043 2.571772245672502 
4.244133068267975 2.9998508150441907 
3.5593655010403777 2.9967289789326164 
1.236426076685738 1.3185339264873404 
0.13066466584339387 0.03630888441460278 
4.725114949145266 2.999442619476172 
1.3780791673525314 1.339308414732211 
0.36067790375140985 0.4256184573188889 
0.7906591509700925 0.9263629518874802 
2.9001140731688695 2.9843341012921143 
0.23378358913718159 0.35362704902076236 
4.152466685231446 2.999999841677181 
1.5771689351135671 1.333874511281501 
0.6089607998937816 0.9263629518874802 
0.5976783365171676 0.5126715939630431 
1.8999873426544296 1.8126414256277128 
3.6234957540477644 2.8842022181816374 
2.476113813410682 2.5681572679714906 
4.906481205863829 2.999988834370239 
0.2705951383410513 0.5991188703672944 
1.3940827927953912 1.0343550405236877 
3.0696702106291176 2.9999781165665658 
1.0910171246217513 1.1031149871967034 
2.4153506164942966 2.867081582179904 
0.6677026641058181 0.794670378788948 
0.938830322951212 1.006678092958543 
4.387435463718745 2.999922926413728 
2.6615069934013746 2.974181373322193 
2.2447574619179282 1.969506227062876 
3.7947509069843037 2.9817392719422964 
3.345365763017258 2.999999841677181 
1.0797567491783093 0.9216745416022647 
0.7721381613994236 1.0111926710875816 
0.5478688925406245 0.5120579492615246 
3.3239683574968537 2.9898369105601157 
4.0701401004108675 2.9998508150441907 
0.21022176702052064 0.03630888441460278 
2.1849106845854394 2.2519180583996095 
4.023387772392563 2.9908477659027644 
2.126287487143202 1.91084784917505 
0.4539338340019875 0.5263654849688215 
2.2447574619179282 2.0973973285373897 
2.6755171594274807 2.695076395645873 
4.3350308376461015 2.9991227024190277 
1.2006322686831867 1.4264870078958471 
4.296019016648087 2.999999841677181 
2.126287487143202 1.91084784917505 
0.2404503060035891 0.35362704902076236 
3.7520761374545755 2.9795885716542676 
3.253666074532174 2.9120970929745926 
2.2584058052499674 2.4353241653850564 
2.800523770729721 2.9898369105601157 
4.5429029140863575 2.999925242125667 
4.450472634541222 2.999442619476172 
1.2857726664103186 0.9324292448397525 
0.4288265562264273 0.5120579492615246 
4.787289944914579 2.999741682256971 
2.6751320490128068 2.526881235589036 
2.3201880969502993 2.6865336405209814 
0.9038398697173274 0.9548951728090476 
3.6596497147391194 2.999999841677181 
0.2587431820793312 0.09703259633739325 
2.7132788127076353 2.9912455448038924 
4.1145456334791115 2.999999841677181 
3.2607614523080395 2.9787225477527537 
1.3780791673525314 0.9657691937249808 
2.1487433951735646 2.304446295982466 
4.830137842659295 2.999993158815362 
4.474664407040104 2.998947945168907 
1.2708733828584247 1.026425456296049 
2.196510554682689 2.3344213286283053 
2.4384325756190943 2.9999958981141566 
2.126287487143202 1.7230430842908662 
2.6710370328036372 2.5682155023699242 
2.0770066779151266 1.91084784917505 
1.3940827927953912 1.3148122375229003 
