3.68656851465303E-11 4.0511703687712476E-10 
4.999999959385824 2.9999999999889915 
0.5727127447554822 0.49544090221855874 
3.5334020671805937 2.9950236662261123 
4.801135581408033 2.9999999999889915 
2.707541504842577 2.5558535064440657 
1.1122390772803885 0.9701050096058705 
1.230619596397549 1.0156041813443273 
4.42457914132931 2.9999926895612554 
1.5990452307786334 1.842986143655124 
2.873872596677215 2.972050673797067 
3.8504813652132257 2.97020700955023 
0.42919567472236686 0.4582091749058007 
2.6664244392133227 2.9968749871205995 
4.10104160338785 2.964602969965305 
2.3239932946205877 2.3620204464164285 
4.515828208264125 2.9957587913375043 
1.206627327834231 1.5188024176691417 
1.2299809127553758 1.2661763058596374 
1.7273282905124854 1.4321213751969155 
3.376185048230185 2.990706735673552 
4.336600509902658 2.9998741161903313 
0.8025066049153694 0.5608452657493175 
0.8823988513155888 0.4123793703548486 
4.271605842749584 2.9999999999889915 
2.513260724413631 2.5893709992029956 
0.20196416263613304 0.18380539507485583 
0.8025066049153694 0.6855002502378034 
3.9402473496755652 2.9998479135934852 
0.06409095165848111 0.1275693751760859 
3.2110369633431906 2.9941066100754608 
4.666257983349889 2.9957567994131087 
2.2399593505636854 2.3352236580064982 
1.862572331136282 2.0853817122745344 
1.7224359020704452 2.0853817122745344 
1.6955966241993465 1.6114911260420146 
2.287320838766557 2.471468178320139 
0.33315408406679536 0.34493403844884063 
1.3090338733642988 1.271674782987323 
4.884443464293378 2.999748890410302 
3.6934252811051804 2.998166896813145 
3.7667515034609096 2.997221101038638 
0.3395927430418807 0.49544090221855874 
1.1752990431555155 1.4727150321642353 
0.994582296660801 0.8871841900509636 
2.6578600630859084 2.663801441133599 
1.7040396027133244 1.4151758129564893 
4.984872573516798 2.9999999999986438 
0.262017766363431 0.3192206792961306 
1.0750993826873922 1.3133702845372754 
2.518922561310731 2.9707596653634827 
1.230619596397549 1.1228239146429577 
1.7401324075333255 1.8927867981085078 
0.8689198447908045 1.0371289886076018 
1.7401324075333255 1.6333615650849742 
4.172164411891925 2.9998809855071102 
0.766804756432101 0.8414155442659238 
0.8941586274855944 0.862490833970558 
0.773891140268675 0.39912615148775266 
1.9532497586782709 2.0853817122745344 
1.4240521620472604 1.4164999437309174 
1.500654545919503 1.437537528806615 
2.5887718609633708 2.999232703478615 
3.303047853186069 2.9724206991909004 
1.9634293726446204 2.489790539841409 
0.8941586274855944 0.6438932457027531 
4.187811143178016 2.9999543998215885 
3.11572342064658 2.982145376703445 
0.9142564141364807 1.2219854307430602 
2.570112279470684 2.4781671322914103 
1.7212791619869239 1.852848081844026 
0.10643568502720302 0.19699620350273514 
1.9932940147409233 2.109220935289753 
2.7960528556942124 2.605356453409769 
0.084468813383618 0.18892261699526622 
3.3120449842934754 2.997393225338541 
3.6325862745686197 2.9517927883640946 
1.937314919741539 1.7694879125717793 
4.8612726710632295 2.9999416642668297 
0.7704181208031023 0.3988003162989564 
2.4191385580884406 2.5086382029533425 
2.2385353086103317 2.0128369347783024 
0.2514763128791796 0.23889209380259502 
3.025687483091645 2.996861294766588 
1.4306583484438304 1.4164999437309174 
3.1601511321606033 2.97020700955023 
1.8819962615965982 1.850623379318503 
4.007372146136079 2.9968640575116323 
2.374108657167924 2.510090165372165 
1.8685753112226955 2.306746855835171 
1.7212791619869239 1.852848081844026 
0.040468848774964816 0.05451690113776707 
4.584545806213347 2.9999999548760496 
0.040468848774964816 0.05451690113776707 
2.780700262972053 2.616458236686948 
3.6325862745686197 2.999750441293307 
0.2514763128791796 0.23889209380259502 
4.658348816265756 2.9928428633555617 
0.9098125665330791 0.7639733788990704 
0.3322339498683715 0.3101341471100745 
