4.999999979037106 2.9999999999622773 
3.486670951957649E-10 1.092786861001116E-9 
3.486670951957649E-10 1.092786861001116E-9 
4.999999979037106 2.9999999999622773 
0.14933660982594527 0.004343775087217561 
0.21695788577761554 0.14954278351176775 
3.019677494977786 2.9999957909111745 
1.445835086693838 1.4213417392419345 
0.8140929977866147 0.8624666484007234 
0.7239865478910891 1.0829251120268761 
3.949780171379209 2.97405335492681 
2.432429361921918 2.5662831412635323 
2.902429687181861 2.962907860575408 
0.9806616820221338 0.9141122454079026 
4.318991978856072 2.9998827351010764 
1.5202770078027639 1.7829208642440517 
2.659716813974034 2.4765065225523957 
1.9559687490961601 1.9514389679289192 
1.709303536829647 1.9514389679289192 
2.8305001287517473 2.6753641685673006 
4.827270043164478 2.9996031899761375 
4.622985814423041 2.999625668654048 
2.6746579993288018 2.554366726525 
0.3536978537772062 0.1745970621326559 
2.661244693499185 2.709645798490506 
3.5123934674950523 2.998640067335078 
1.5519916100401119 1.5172003156095724 
1.276154804081623 1.0422551947140728 
3.7268138434437637 2.999572776940947 
0.32065169859121956 0.4553188923553271 
1.7271295348505018 1.7829208642440517 
3.3698502848773373 2.9901574349253877 
1.901575274726481 1.6682004566196422 
1.3624712841161808 1.0834156134498523 
2.34251698728069 2.9680622152239526 
2.7769696665350616 2.9994337652461454 
4.69485025597786 2.9999684528061494 
1.256700358105681 1.450299207318184 
0.11083967187011134 0.351482470784103 
1.9725628290859571 2.2061621244455405 
1.3788009210181882 1.169161114745267 
2.360328377792843 2.3194466156916587 
0.6362075399046017 0.5486024169344689 
3.246062906358072 2.9875066384735405 
1.5991217844123706 2.1855817665618806 
0.03430367927123856 0.00264457091854553 
2.7069850123650396 2.9972054078266517 
0.78736010256273 0.5999210118527528 
2.375883262676793 2.1855817665618806 
2.45441307062388 2.029780517741313 
3.135095718508181 2.989870868932685 
2.75360083546291 2.8666151185899977 
1.3357725992640654 2.0719929849254286 
1.5519916100401119 1.6566306000927336 
1.1897528004574491 1.2026230363872812 
4.403852943165392 2.999625668654048 
0.34608288350039795 0.2936678435772786 
2.501305114818087 2.1092972755704564 
0.9755102154861829 1.019736207470172 
2.275165596868678 1.810108659781216 
4.556725653124501 2.999983608507144 
4.466021106120407 2.9989803048385104 
3.3323326847807717 2.975834838926468 
4.2559669471080515 2.997914522320307 
3.115749297440559 2.999884427231344 
1.9559687490961601 1.4213417392419345 
1.5493959664909487 1.042524144255999 
1.5202770078027639 1.4581262495913538 
4.2371683250724415 2.980783220692498 
4.044369061823558 2.9995639387902457 
0.558459969104377 0.5013115146521894 
3.447108803676166 2.9998827351010764 
1.7424020866297232 1.9923728483001937 
4.524287821667201 2.9999999999622773 
1.5519916100401119 1.6566306000927336 
4.1909279809076985 2.9655119951058087 
2.1590664679186045 2.736806954778627 
2.3759411586289225 2.3755852154204624 
2.4663757330298615 2.4820981505538517 
3.6360684317654712 2.9641314013817417 
0.43325917190410923 0.24988407145179103 
0.9605352549304983 0.627380734786438 
0.8247941190826997 0.6709337710003244 
0.38759992478152716 0.4660567060941637 
2.7266794849718576 2.4338747318695173 
0.2640236147271495 0.6168069066163059 
1.1676181319079757 0.8894001489959548 
2.9173898857185634 2.927598132046299 
4.120846082703703 2.965032441138039 
4.750382396954155 2.9999999999622773 
1.256700358105681 1.4896760052518125 
0.3383087957147286 0.6366453278105941 
4.949507850327769 2.9992883245319 
4.887700573912999 2.99999137614286 
1.3788009210181882 1.6682004566196422 
0.9315350477129661 0.636886078377778 
2.37073560301347 2.4752411457074857 
1.1504299417083352 1.011369871496032 
0.6464426271487265 0.602367403707457 
0.32067787164969674 0.6366453278105941 
