2.1249668691325496E-13 7.46058770317859E-12 
4.999999999597184 2.9999999999999973 
2.1249668691325496E-13 7.46058770317859E-12 
4.2884594858603 2.997168547483266 
4.4419941366564055 2.997954308289401 
1.524922460412248 1.53761609115283 
1.3486993719780713 1.5628410710432645 
2.340393182409963 2.4092211582211718 
2.1014923432910653 2.2409093242135194 
4.054245135757709 2.993412321795574 
3.5359292798131516 2.99496271632547 
2.1014923432910653 2.486345142139898 
0.8575967740863963 1.1524188570726106 
3.862480936336313 2.9377485923446174 
3.715382013540669 2.95642718400294 
0.8143915039451438 1.0514385833144133 
3.9335348017152194 2.99980670715341 
0.8294971145784572 0.5626567872569773 
4.711608844518871 2.999876072521167 
1.5743950444628332 1.8873009967951129 
1.61397176094652 1.53761609115283 
2.156076777369576 1.8630460909809878 
1.6001826560267522 1.6261874983701303 
2.3323769585729335 2.973790366813927 
1.4848822663449472 1.3476384949793718 
0.633733220616221 0.15066627635047192 
0.4423283291612443 0.4909616433086933 
3.974409252847251 2.9247631074819562 
2.511738038171363 2.735801526475809 
1.0886562415922172 1.078122126508669 
0.31908366904276997 0.24608619482339855 
0.4491457452817563 0.7220436409053227 
2.4932907790675376 2.9017616088022757 
0.10059513739195158 0.35885960056757277 
4.8996906770402235 2.999998789605109 
0.6369660375682029 0.6627912425728875 
4.810500283864128 2.999016458652691 
1.6062863004681769 2.0005502229250176 
2.041696391490089 2.1067317453084398 
2.719257046589661 2.9930033609070827 
0.31908366904276997 0.3583955933997094 
4.21358638867378 2.999880137035581 
0.7404672708434465 0.7351364413697477 
4.541419653367585 2.9975429030446494 
1.8249329732875548 1.8630460909809878 
2.1345369618013983 2.348705587115014 
0.49223560915176967 0.5494797998720533 
2.642519253946027 2.999880137035581 
2.9520576297848082 2.8788328962542495 
2.514840178441583 2.2879590669981815 
2.4895616986608293 2.3808564219645767 
2.2306143653581683 1.9906102884128363 
3.748944106066788 2.992174084381813 
1.343591650343384 1.4116982122890667 
1.489660165814026 1.8198697141781972 
3.193804720540807 2.8963102717228386 
2.5133647777570944 2.5135204817539933 
0.48297396843039897 0.607208689745846 
4.944031292012147 2.999997073155158 
3.059360457560443 2.8792285688423433 
3.50281575521508 2.992174084381813 
0.5224736894736485 0.7214734844183772 
1.9892973680287218 1.8499665784073887 
3.0423565041760705 2.999722619668116 
2.616372982886846 2.9643863000532704 
3.3638719415371194 2.791889436012858 
4.500633550575761 2.999931962984189 
1.3569249332232505 1.0626267260809255 
1.4742061345266597 1.1653000961533682 
3.051747514433853 2.8792285688423433 
1.5801874053641645 1.785240630761465 
3.5359292798131516 2.866438861011094 
4.614765260831165 2.9994480325726527 
2.442610704258466 2.73004910926804 
1.2038203125568039 1.048809546185724 
2.9520576297848082 2.880198363162282 
4.828259785966687 2.999098347615653 
0.16281524154461346 0.24608619482339855 
0.32419187520366044 0.2947679874639061 
0.9919069107857603 0.6627912425728875 
2.514840178441583 2.435236096511146 
0.41033606835916825 0.3583955933997094 
2.150317688575182 2.2866746986786115 
3.351334552815659 2.8981631082090615 
0.4593233427321872 0.4909616433086933 
3.5359292798131516 2.8844934911432265 
0.09027790065661956 0.0079336022701324 
0.8950816536006148 1.4579569150318812 
2.119564368089809 1.8022280875184744 
2.688317024415662 2.376291847422644 
3.363342752379661 2.9566397661614814 
0.8420253158772548 0.8883439582591044 
1.1309299340455192 1.4475366862789194 
4.671636843846477 2.9999999999999973 
0.09027790065661956 0.1511302834997681 
1.5712955967841693 1.9559511567305863 
2.119564368089809 1.8022280875184744 
0.1541055042080357 0.045947881912773436 
4.119491831545374 2.9998080079131344 
0.11978005111838863 0.025954414105968104 
