3.785083357854546E-12 2.9198548101675185E-7 
4.999999979414161 2.9999999999999867 
1.7508128883954317 1.4095307058132798 
1.6764330129954057 1.6815390474545078 
2.6971194776004572 2.8305628676444714 
1.4725835311497888 1.5686001821721067 
0.6257185619461465 0.7970935371225387 
2.7497083560415154 2.607947916163734 
0.6464890704287833 0.678166222836114 
0.524116012672599 0.4040913633283322 
4.6561347213535065 2.9999579436447537 
0.18336456888282665 0.02407179219466493 
1.810190588820364 1.6364784323601016 
4.450730623889966 2.9999957819889485 
4.240309194411276 2.9992103547845557 
0.7522887939212736 0.8081592496168348 
4.617605869356955 2.9916865989328345 
1.4270525862440788 1.3313355419574702 
4.153933954331732 2.9969023335708274 
0.0739211150730742 0.07111573161243225 
3.167067923546511 2.9979453659702977 
0.5020224070885345 0.536864022126133 
0.8562010172388964 0.3368354604846122 
4.343317176586324 2.9992849069834553 
4.779679880016601 2.9999579436447537 
2.178972893189904 2.203607384796261 
3.4243349029834715 2.932924530759118 
3.7889703281330087 2.997624292319533 
3.9954708213998806 2.9986791314579095 
0.32179402851352945 0.4458797577748953 
0.30036914324492603 0.511150185076073 
3.9119310615910763 2.99999367290917 
2.2213575072214495 2.2432732288204216 
0.18049809286073848 0.18326832731154563 
0.6468195884118968 1.059392554044512 
2.846996131257715 2.997814457215973 
1.5667919064044376 1.056382542699495 
0.6468195884118968 0.9753147067930664 
2.401954428442352 2.915965870424792 
1.4725835311497888 1.456645932423719 
1.855682172831835 1.9003550314547504 
1.8197200200251231 2.129055871380575 
3.702430871063443 2.979218867918515 
1.4725835311497888 1.4131478262808006 
0.3319757922231579 0.12085713725056624 
2.39738234254773 2.5889097356127775 
1.8864320233515666 1.6642671347389983 
2.846996131257715 2.326485431034465 
3.3435907378803824 2.916094234811699 
0.9063423907969402 0.8673301590139015 
0.0031193498181193435 0.019858724407395112 
1.9179748742629077 1.9303969335210724 
1.8864320233515666 1.6642671347389983 
0.9924607397218997 1.1088280261624235 
1.406762898362711 1.0169004610805663 
0.92574634159089 1.0536659953883265 
2.7141739418213158 2.510792583910741 
4.512839247855776 2.9998716793878155 
4.315428489347108 2.999999843930104 
0.2347934957393215 0.33752035479455467 
1.4139310812227548 1.05731253133413 
2.5557686757770552 2.1191962900083907 
0.32179402851352945 0.328731994129281 
0.8331512451154842 1.0856182148537084 
1.742723553888959 1.9665197721555414 
0.24277059541176638 0.2760522118576615 
4.86175710219731 2.9969771241997023 
0.5735454401686898 0.5275839182682179 
3.240254017556627 2.9979453659702977 
1.1395240173229142 1.1461850340210278 
2.6272484363262056 2.4516026762271608 
2.0008665768970855 1.8826668653520757 
1.0031684870107276 1.1088280261624235 
2.666154588329828 2.938201142322835 
2.3237501726688454 2.440728543349589 
3.4997723554220506 2.9846833645465454 
4.919687065296413 2.9999999999999583 
2.8677283812210628 2.8944840553587405 
2.1519059227233197 2.162118717632512 
2.382196791610042 2.489768675572222 
1.742723553888959 1.9665197721555414 
2.699452042532313 2.990786040724658 
3.565991502350629 2.999904361738631 
2.6272484363262056 2.4515663097471023 
3.6050550822726604 2.9997915876799923 
3.418174882372702 2.9906699364225577 
2.918273448631502 2.997814457215973 
3.9164022350546173 2.999992271493195 
0.9185781587308459 1.2878503881148422 
3.157291587908014 2.933136613988549 
3.7306440813034505 2.9972564931287615 
3.4997723554220506 2.9999912398349684 
2.4316071925959593 2.0905788706817345 
1.0152718660775983 1.5248635077534418 
0.5914458449668549 0.56272420790572 
2.9998856746138576 2.997814457215973 
2.8043878445316066 2.980120139330298 
2.9773712416432607 2.955845833610418 
1.4099614124325124 1.2993852679563622 
4.830996087749433 2.9960529961201234 
