4.999999985356394 2.999999999999984 
3.680711291309535E-11 2.497967280246094E-8 
4.999999985356394 2.999999999999984 
1.7154781424024796 1.6141372396526812 
2.0103986666280593 1.983121954266664 
2.7339073684033965 2.903336828426264 
1.616605219511838 1.878155274851138 
0.4843659303726807 0.3475454720637372 
1.225634614667391 0.7095914587567576 
2.902193583840512 2.8649501424131936 
4.209757263161871 2.999994560960518 
2.083622781599306 1.7504188243059846 
4.67575478703715 2.9999129207284216 
2.9886425077243066 2.555823673633654 
2.5248028941685248 2.2097218109329244 
3.228064661238459 2.9319050431554725 
3.7738846402111563 2.9999831090220197 
0.9051317963180298 0.8359835613626406 
0.6729794480694983 0.8919818006081428 
0.6295113223914556 0.3093389556441707 
4.110727280446669 2.99019692393513 
4.382482100264934 2.9999967887458414 
1.3198531622787235 1.5679271317262407 
0.9778070381433154 1.117634137163856 
0.6446435496872556 0.6769369427885613 
2.5322165794582334 2.0792285911965016 
1.616605219511838 1.3866315532422804 
3.5626212343673456 2.99817426275188 
0.7631452314525956 0.8920054024909727 
3.4281701921210415 2.998268145493845 
3.2281522568195795 2.8329889805965527 
1.616605219511838 1.616841815979813 
2.620724219040501 2.8286104719955514 
3.0136753607556774 2.8329889805965527 
0.5173931225198317 0.5126807969859741 
1.3128407651710907 1.4410142299228217 
0.4153105361166801 0.2737134274413656 
1.434676682992004 1.228202805338583 
1.3298042946969513 1.1867148294885932 
3.7004463396136877 2.9925801164532126 
2.6943968523495854 2.610274812591694 
3.860338433337499 2.999999752821764 
3.491934889989352 2.9994153596340922 
1.914552656982885 1.6491475428918325 
2.20032905409912 2.7794498272084094 
0.32529672470473014 0.29495646853110946 
3.93193640851077 2.999779664445419 
1.2695381150335907 1.3276934740538602 
3.343728414556505 2.9994153596340922 
0.08845714165145047 0.04236754356697836 
4.0336980574203425 2.9974868882779093 
2.0285071241908588 1.6132812839080035 
2.133562837277296 2.925925552026244 
0.11469749220986825 0.1284848144954448 
2.193209903001505 1.897322832125203 
2.915796768625019 2.99817426275188 
1.4222460801658467 1.4017137560560642 
2.3725186884739498 2.7394123088495372 
0.5534366665629302 0.8919818006081428 
3.236820292979706 2.999994560960518 
0.5285044079605973 0.6692987630494577 
1.174110991005327 1.0893337894272084 
1.388056542055586 1.0499672327243652 
4.9003187913440795 2.9989100902198045 
0.2053183569603887 0.10144110912892801 
0.15479048118110272 0.3436115316418066 
4.972536854144492 2.9999999999999805 
2.1308118780423966 2.233769837060127 
1.1841037363716214 1.1922063123860802 
2.519045055830934 2.6734536078431463 
2.585564518723025 2.6407444928080186 
4.7746039960737425 2.9984311247461357 
2.315352778194753 2.2097218109329244 
0.5285044079605973 0.731016884254473 
2.5358544148999385 2.3906141641145813 
0.5119056565481377 0.9460165621273946 
4.298034527941283 2.9974868882779093 
4.5839356595080805 2.999901737609141 
2.5322165794582334 2.2675058542083253 
0.9051317963180298 0.948040629608689 
1.1008718822412689 1.0221480824738138 
4.598494965059524 2.9999529418408257 
4.305620632625591 2.999743515245953 
0.027371426541239696 0.1306527358952727 
4.504768414348521 2.9999999999999805 
2.5339736389694605 2.832827551473496 
1.8009345911288395 2.4059996865615827 
3.7004463396136877 2.937258082468601 
0.20527098737789573 0.23027559925284025 
2.2121774618789907 2.2435128328753153 
1.5887116041968992 1.581223041871111 
1.4222460801658467 1.7173698776798376 
3.2108125242439445 2.756725646874437 
2.0169452491567044 2.2309508056336957 
4.464523878859233 2.9923818633626467 
2.6492728396947465 2.748602933082382 
0.6526800062343607 0.457413877445088 
1.9728722685986766 1.7504188243059846 
0.902711930301183 0.9543662019875999 
3.93193640851077 2.972463733773857 
