2.6166268302096896E-6 4.802833780681581E-8 
4.999999992543561 2.99999999999998 
2.2125296896362476 2.5074101941322215 
4.723729044144699 2.996166897936723 
2.3626346143847266 2.0185634803853483 
2.5100300951052215 2.383404214246409 
0.3205496944145634 0.29701391123912607 
1.8771921498929713 1.6336144582431085 
1.6780122005295275 1.3128332459026866 
4.044172046884057 2.9999999999999085 
2.242283089940854 2.293094179362674 
4.890262030455679 2.9982091611775052 
4.570318210214841 2.9940598292390423 
1.8269675369174574 1.924055864644163 
0.7248970801916691 0.5256308712207896 
0.5104318284417316 0.24809486486680388 
0.9234718101580713 0.9755496125003544 
4.218269803001673 2.977025348030856 
1.1223435301006621 0.9588907442641762 
4.296559965960873 2.9952189068085096 
3.398691706170837 2.9947890150580414 
0.6227791991728417 0.7945381874003027 
3.769175634801641 2.9997829813853434 
2.8055098581517495 2.900511739292601 
3.1022721099351 2.5065031600485974 
1.9816349495208885 1.387442122016556 
1.6102456973626023 1.470492105757167 
4.448823012049711 2.9995551284367292 
3.8724246537867084 2.999934536634677 
0.19652456159465959 0.10330287593789472 
0.9862715366526565 1.4017811495286088 
3.118161762529275 2.8340094970947267 
2.380723474735925 1.6726692903502205 
4.3574726319414285 2.9999999999999085 
2.0450684622550086 2.09440448130904 
0.09437091488317662 0.114880143886542 
1.1663605664219094 1.3226658806384575 
3.9394945602677134 2.996912611327546 
0.48541159867629236 0.4248260057436048 
1.0733012566896893 1.4698806253482672 
2.495662162093567 2.5893117688791536 
1.6650067131272879 1.9858556261329472 
1.151157624617893 1.6134436527147376 
0.09437091488317662 0.03597523762340793 
1.3029919177978015 1.0218091029221548 
0.48541159867629236 0.34916227404932315 
2.616032582681479 2.5131165153524124 
3.6298288670364522 2.995200186912533 
2.495662162093567 2.4986847929016003 
1.6915002171271394 1.544396048998415 
3.1089515787285866 2.942320414747134 
2.291657686271203 2.3217487140734363 
3.298786258551669 2.9947890150580414 
3.5682780511259695 2.9940646914212126 
0.5053486757230479 0.48979212788590454 
4.943334193546805 2.9999999999999836 
1.3757250759117992 1.4819532425234718 
3.213312128754898 2.9940646914212126 
4.626369431358839 2.999934536634677 
0.18367833996120253 0.3249873884433816 
0.9136356247481068 0.8253053691795559 
2.150039447995513 2.1398360510765744 
0.839691162447375 0.8253053691795559 
2.5105655469414647 2.8414647299956397 
1.2156453465127914 0.9588907442641762 
0.5897863029734356 0.4584703592427305 
0.7000455606326145 0.5032160909902521 
1.3682163210499365 1.3454053104271 
4.668494783687394 2.9981515924519035 
1.974569791684107 1.8818824070440445 
0.6227791991728417 0.9913250980589445 
1.7580702067925993 2.13878149850179 
4.435982277672266 2.988564042391299 
0.9986055477684253 1.2472050560393342 
3.1154418530691297 2.999307191902963 
3.7061850750046155 2.9775620376326444 
0.8126963035406143 0.6943702345611219 
0.8987134367667279 0.6501662685529342 
1.9697205553794737 2.2398069770112228 
1.796726478918706 1.8039098040183799 
3.078973725303974 2.8274820928882987 
2.1040779517268637 1.8818824070440445 
1.3757250759117992 1.4819532425234718 
2.866009582241655 2.6212685443693426 
3.461510156022367 2.99819444586638 
2.5045049740462137 2.9288073149378233 
3.5103465032855476 2.9999999999998703 
1.135785367045992 0.9588907442641762 
2.068315336979765 1.8960575834794824 
4.12754917101407 2.999998375967305 
2.606235006540002 2.9425060150523863 
4.12754917101407 2.999998375967305 
3.078973725303974 2.7811828252382274 
2.37846773840409 2.8760583935444686 
1.6915002171271394 1.6114747647504741 
1.7922182891558656 1.3654178320033383 
2.8960046444316445 2.93028219676267 
0.6129430137628772 0.8253053691795559 
2.8761024407493223 2.900511739292601 
