4.999999985149974 2.999999956857161 
4.999999985149974 2.999999956857161 
1.5656340792147283E-6 3.931067471540928E-9 
3.7386436172202213 2.9973766965780877 
2.0986811548475197 2.125597908107622 
2.037211383715262 2.334039196278809 
2.200350834545932 2.328874614936258 
0.16468050520742283 0.3386903526743661 
0.07677025159276674 0.2411212099562926 
4.79083534265008 2.999783888150891 
0.034168660912055115 0.14387406584570483 
3.189525450949361 2.8338651229475214 
0.5427034886591175 0.5000502404722892 
2.69755148222223 2.7221155532158696 
0.41841223667172545 0.5158889185641355 
3.383059795143984 2.993467620718827 
3.0439387497311317 2.8910751819919955 
0.537522838597903 0.31422703301506927 
1.0604649834660953 0.6534495704892986 
2.8768617750002505 2.9894297280833158 
1.944692258092097 1.911411923499235 
0.1895753352095757 0.20603477072598014 
0.45338466134606026 0.2941432953873533 
2.1199115708925502 2.326246785007468 
1.1419059593126204 1.710155966276345 
3.6019284324483194 2.999443440603343 
1.651940496295861 1.7463326298083812 
4.739508748292004 2.9974232956523874 
2.431817107542227 2.424884653906557 
0.47797770747995605 0.14387406584570483 
1.072500443606678 0.7426579250200115 
2.3464406488949683 2.3176336754560802 
3.5558601685858653 2.957932649768975 
0.7929879858884656 0.7093739703609606 
4.288666773960792 2.999062579704279 
1.7470684831802612 1.19550834511683 
1.9791778350676466 2.1247605987303384 
1.6531545128830207 1.6665025928812178 
3.972420322229948 2.9877782070262646 
0.9197959719511006 1.0295550169186931 
2.7717887608601943 2.814667798772352 
4.899780667825044 2.9993122192188 
2.7909040352970327 2.986230165452126 
3.146235174122786 2.9582925760223286 
2.7437236280612938 2.4753658585945804 
1.1004381764655697 0.9240489070562407 
2.4310234617452022 2.8910751819919955 
1.7047499319808561 1.5064109598784905 
0.5771631653412435 0.5547597011900365 
1.5913136374998105 1.8855290825702948 
0.7065981131330338 0.8816366770220456 
0.7287414394442161 0.640702919549147 
1.1004381764655697 0.7747384873488162 
2.100015326639134 2.045113317619799 
4.127827753648543 2.998683534463028 
1.4247992447691842 1.1629646724473852 
0.8571227299761892 0.7796960810551744 
1.9948136766775533 1.7463326298083812 
3.8300947915517307 2.997601530929254 
2.120778181873231 1.8788198218717571 
1.4053882363354941 1.347983323181113 
2.503124245586192 2.4473340853491314 
1.4053882363354941 1.6013418752279818 
0.007653672748846985 0.1038282474656852 
1.9211272533959656 1.7163174312561593 
1.4544473999410066 1.6665025928812178 
0.46463782534566256 0.2055942874978004 
2.824764030271796 2.9147662235706626 
3.9079793681709125 2.999701638014914 
2.7994318311389663 2.6925905761154887 
1.3764500284964831 1.0331638698563128 
4.032514644327759 2.9999999965357853 
3.256063900387163 2.93172672896097 
0.9714175839668212 1.3436764727216626 
1.9450703289399185 1.3008572311549176 
3.3656483084330078 2.9327869585979025 
2.737714775025334 2.432445267220557 
1.9896004200447468 1.7463326298083812 
1.449412663650648 1.3331606243271379 
2.542630835860059 2.1997327224071634 
4.203324132592332 2.9997838237363457 
4.66109286988163 2.999220224068404 
0.7197337677456356 0.5465204037427948 
4.516057063494607 2.999999989827609 
2.671376300577897 2.8525191094492843 
1.4065052252755308 1.0331638698563128 
3.2910587401801994 2.9560526954673016 
1.3179136482545872 1.3436764727216626 
2.3006562380444446 2.5884356295861273 
3.6019284324483194 2.9902926212862777 
0.7807069363390635 1.3331606243271379 
4.382750780854671 2.998477483838763 
1.033918508934486 1.153308726498298 
3.190277962281198 2.9582925760223286 
2.814817359174947 2.8410821577972687 
0.9669402527965758 1.3580284017388162 
4.35781216190558 2.9974444683485344 
1.0549533722076072 1.0331638698563128 
2.7055415935760116 2.96549941034517 
4.652404395212071 2.999776480232338 
