4.999999986094616 2.9999999999999947 
9.621414776006532E-12 3.330546949342761E-11 
2.2733798108997316 2.082556481610677 
2.0810026337557654 2.1027698031888935 
2.5652869180245688 2.9948793484502314 
1.4784191859524825 1.7316940440768103 
1.8257665068489493 2.0939439908880826 
0.6855196122819923 0.7020780425375043 
4.01474415834191 2.999999739020172 
2.0175413567189793 2.0174626915099 
0.9745300762795809 0.5380531577899699 
1.2784434476251754 1.4603477908163933 
1.4253860925828146 1.4537246849993688 
2.342363581696277 2.0964898519485726 
2.531262889300235 2.0072449589472536 
0.05179350072832123 0.135450234160979 
3.2705177624377195 2.9997148992534566 
4.933232769651784 2.9999999984758796 
2.7991855773856535 2.8922567706115365 
1.0222965339622025 0.7020780425375043 
1.8692363783635115 1.956672258333075 
3.0504874572973213 2.9970637870678694 
1.1989603684239187 0.8511781945143618 
4.594999215367053 2.999999999999978 
1.7645808860759287 1.5920194917201704 
4.13059583106492 2.9999840782440454 
4.536899527244791 2.992350142512012 
3.7913223093786117 2.959362858087496 
1.7645808860759287 1.6994687625950358 
0.27354317733905265 0.2925782836250941 
0.5684422684302115 0.4636696844687075 
2.310300854716107 2.6919806894564173 
0.1377577406120013 0.14392488737792242 
1.8692363783635115 2.2448969918914745 
2.546376403919005 2.9273502361456867 
2.5910050698973888 2.710589247561599 
4.673944817600553 2.9999999998293694 
3.1468239522601555 2.999942167133417 
0.6532751840258727 0.505548008800186 
1.3045923913635353 1.9821344416365607 
2.3345558731526537 2.391573363324164 
4.843979066235649 2.999998700808699 
1.3786396403912593 1.6940365465998894 
3.5390209328861375 2.9999840782440454 
4.273641157439332 2.9909267360883693 
0.0344731463240342 0.03711528090029326 
2.5999940030972084 2.786264755304579 
0.772398863258954 1.0531621326522695 
1.444370755139547 1.5515524179973377 
0.5378170840364973 0.3942659619901675 
0.9735168372357333 0.9557420191315116 
0.6668889610235575 0.5962863075609317 
4.454595367970672 2.9997139517046425 
4.15933026474295 2.9999987554363896 
0.3755523397072603 0.29047036932190995 
2.590994362495633 2.3094284555455014 
3.318731884786468 2.9997148992534566 
4.371018290118956 2.9944923228655598 
1.1687570220323937 1.4448780311773044 
3.76580382749123 2.9265757918300848 
1.3360443637163262 1.3434504867592747 
0.882429065249469 0.7486045673627183 
2.3345558731526537 2.461398396280454 
0.5684422684302115 0.5378281895437584 
1.1207661237113316 0.8713913503276158 
0.6392905437240743 0.6551203993627489 
1.4253860925828146 1.5122282965494112 
0.39266772327098143 0.5021663244476771 
4.796099672995358 2.999999999999978 
0.882429065249469 0.715715149263205 
3.1468239522601555 2.9872836915031282 
2.5132948580178462 2.631046101443987 
1.4366357830014314 2.0773239097110068 
1.1966080570386524 1.3196949385304433 
0.26157731459265876 0.22803557490057924 
4.261746752474299 2.9755596837864053 
3.98801805979053 2.933384201990642 
0.20857814029395338 0.24327956612313495 
1.339301105036768 1.0135793609178994 
1.0021865281847568 1.4402673097642524 
1.2765007852884789 0.9776458900085419 
2.4508745939684498 2.2053337490012557 
0.8544363157841334 1.0057304940630163 
3.4627384930010074 2.999909862925174 
1.226709625710082 1.326655924136065 
2.5132948580178462 2.7062183269497835 
2.5453692825986773 2.5727007444270105 
2.5910050698973888 2.830276181268524 
2.56300162431627 2.2753595009286895 
1.1989603684239187 0.9755837828384629 
2.3042151468175422 2.3188588912681327 
3.158210558550558 2.809403969894172 
4.720662530473467 2.999999774473342 
3.455379698244194 2.924890638199514 
0.23220837263393368 0.12718962684572177 
0.94874612833628 1.460842535620671 
0.30496096360732317 0.501967965479643 
0.2421617242254448 0.13721225278758553 
0.33822126788869666 0.3651607885849535 
3.6434687393229477 2.999999739020172 
