3.028688411177427E-12 0.0 
3.028688411177427E-12 0.0 
4.9999999278225555 2.9999999999997167 
4.9999999278225555 2.9999999999997167 
3.629473697810511 2.9711258778938303 
2.0074737688715443 1.969780951831882 
0.04048852989574803 0.20122120427511925 
0.559547236325503 0.75458295298613 
2.1713088702291286 1.9133799242521747 
2.3548381139546892 2.282311475058094 
3.298980478595692 2.996732376991865 
4.753405928117763 2.9984216384842326 
1.9539613432149712 1.905259823769677 
1.0886754054986578 1.5304019627255832 
3.7410579543235993 2.9999597787590524 
1.2849050102221344 1.5773537679346903 
3.218542354447397 2.9999641861848385 
3.8598716050787476 2.9996249832518065 
1.2946099548979388 0.9353301424369347 
2.0256478593290757 1.611434797319649 
1.088169877193978 0.9804249804172293 
1.584499670981033 1.4524276420011897 
3.4619105591477557 2.9299312666755895 
2.2675531744478956 1.9055770126465756 
4.48683721582785 2.9986009974979186 
2.8126369983818167 2.5019106146449843 
2.511760824472003 2.5380249177885057 
4.403211054827536 2.9984216384842326 
1.004428323897113 0.849996981480694 
1.040943363750011 1.1398742508110207 
1.1314320996602492 1.3779647952852567 
2.014725950044892 1.6994188302216724 
2.306589657531547 2.8737546894489174 
0.025667066419030188 0.07224877950046293 
4.626902930701435 2.999914826748045 
2.178372662522669 2.176926466733029 
1.713962054827992 1.6675111847572945 
2.152490802861177 1.634379824533709 
0.3665113432251754 0.24368868858916737 
4.890730087484845 2.9999999999993587 
2.4929983946446983 2.606634540529211 
4.049814394370929 2.9834392823606954 
1.8250830846476527 1.7172780954095854 
1.0771754052469384 0.9218598697166905 
2.497250417736868 2.7462644572881176 
1.020324993258383 0.9019885316845185 
0.7874164985173359 0.6500013355901116 
0.8378976682553734 0.7223888083505193 
0.09720635098955133 0.2537385255418343 
1.564735152695358 1.1839409832559173 
2.178187585560384 2.332256687548443 
1.2083462938450258 1.157767333584376 
4.987343823840458 2.9999999999993587 
1.5697982579839695 1.6994188302216724 
4.868839469944675 2.998786063778387 
3.0751526716036475 2.317397520545709 
0.3666444528575561 0.4064177493098363 
3.51930703571505 2.9258194107082183 
2.511760824472003 2.3735990619186698 
2.512653864668339 2.429860404387731 
1.669672960043655 1.519615273048538 
1.6960765419625505 1.7664030019524577 
3.934150537597076 2.9989102103077605 
4.265998208593588 2.999914826748045 
2.5499695442694774 2.2724971083972263 
2.657049683384352 2.999081257222105 
1.3401473384041473 1.7884870231332224 
3.5202019844267713 2.990537235378342 
1.7320800261580003 1.5819965847422446 
0.5087829158786004 0.38896410846387885 
0.9939783737748311 0.7596637551952438 
2.178187585560384 2.09077645705473 
0.13424127573455946 0.3933860264523321 
3.7870991688541085 2.9843933758127807 
2.5799080992823216 2.997717061328884 
3.181716890958627 2.734439096345425 
0.7058210332737381 0.9652792723595721 
1.004428323897113 0.6203198702799959 
0.559547236325503 0.44387898258855685 
3.0155990773563834 2.408716305820815 
0.6891139614563981 0.49600862730559825 
2.539724128667957 2.9565887500504147 
3.1714324584519167 2.8046928414117662 
1.2796634085430036 1.4219886435200617 
1.3110885976120519 1.647459612113682 
4.5595697927119705 2.999914826748045 
4.787746564313491 2.9993477763425416 
4.081576704973 2.991228642688456 
2.25842418384164 2.176926466733029 
2.833791832498794 2.999081257222105 
2.2675531744478956 1.980390617161582 
2.7564813037233926 2.999519255940224 
4.141691288586185 2.9999999999993587 
0.559547236325503 0.920343755589758 
4.363216327030644 2.981411245253817 
3.067460749429125 2.9990770413444223 
3.1337718808659636 2.995145413825295 
2.7564813037233926 2.999519255940224 
0.7905095224072892 0.4285248884336206 
1.2995300051035352 1.1347163285818667 
