4.999999992529476 3.0 
6.308564781676296E-12 5.111725730477801E-7 
4.999999992529476 3.0 
1.5854772504063215 1.9393861108165362 
1.5854772504063215 1.7989111090867893 
0.5206404851836094 0.5562978820180943 
1.111309502935355 0.9346694977224507 
1.971818919034261 1.9879572716595644 
4.893728528382723 2.999999468507515 
0.9805287584425347 0.7457339923791527 
2.7402911943965718 2.2776461463792232 
1.6994156375423373 1.394010605013722 
2.054794544295385 2.0498877698485085 
0.8654526400601075 0.7439569206519622 
4.285650212626405 2.9954898074407272 
0.7777611634228008 0.7495320434637138 
1.2612840231741558 0.8967921092173391 
1.9811676475180362 1.8927261314206518 
1.9239059626467 1.7100356895603037 
1.7029345080539768 2.0110305560663813 
2.3609799470427255 2.2342251595709652 
0.35687191748665004 0.376897415046612 
2.730742636858866 2.5321682346241388 
4.053194225092233 2.999983643883898 
4.7781015150652735 3.0 
4.3610416085088275 3.0 
2.233862917248933 2.270825817774265 
3.678424482546103 2.9999844054070426 
4.662976643710324 2.9999844054070426 
1.6724477045221975 1.6353677580895882 
2.5526494508436985 2.5249935072379985 
0.33761529899001963 0.2981822976711771 
3.4677911703502904 2.9999528402261655 
0.9170306859753231 0.4918646774128007 
3.799746794868237 2.9985782200374507 
2.7487742714297014 2.797277028046579 
2.894048204304676 2.5730070300410994 
2.8710308264964484 2.7440280019509076 
2.215630715702297 2.454757712355886 
0.3525733959825864 0.5960867375544953 
1.3948628159512755 1.2444751616365126 
1.0310417438018984 1.254770843694978 
1.8285734460996226 2.4579498490439824 
4.616409288042197 3.0 
0.4459381612938884 0.376897415046612 
0.051179332265220534 0.08637622652976829 
1.3538120856317355 1.6304187359778535 
1.074076188225094 0.7559818719623215 
3.355114130136454 2.949621427180434 
2.5291521515163113 2.3604028719710386 
3.9393466344793087 2.992444093515991 
4.7549631722500445 2.999999785250964 
3.4698484282974102 2.920308871284894 
1.0756867578871825 1.3163027733539685 
3.56667821087437 2.9999260380966164 
3.0625298529005094 2.949621427180434 
3.267034811701864 2.949621427180434 
2.341587521863124 2.093318565052566 
3.8329019766252173 2.9954898074407272 
4.9547686441711285 3.0 
0.06140248900436429 0.18117441524693156 
1.17308374012459 1.403803058652348 
1.6141638790979433 1.5888300919058964 
3.6587570724543896 2.9932644067780214 
0.007854090836670768 5.111725730477801E-7 
1.0206300288744345 1.217182193079949 
2.37522579770687 2.7967915508683996 
1.6141638790979433 1.156790938071445 
2.941227701553628 2.456597123325843 
3.9393466344793087 2.9911226465856164 
3.14950426170068 2.949621427180434 
4.490585285894781 2.997075733428216 
2.9387625737194547 2.9943801420075946 
3.5358584857645847 2.9999260380966164 
0.1439712220153211 0.2928451191989765 
1.2605661760113445 1.593414579941298 
1.6994156375423373 1.5223581340586052 
0.6305809032932308 0.5526794937284923 
2.8812979266424135 2.936650378308273 
1.2605661760113445 1.593414579941298 
0.7789629733546811 0.5358498270254755 
4.201503789188883 2.999295856832801 
2.3880603593427434 2.9643757273837963 
2.8710308264964484 2.819123863430496 
0.16778640991558813 0.14389415122902816 
2.973601181213828 2.9347540560958416 
2.5526494508436985 2.1881909660604126 
3.3615265169756885 2.7938337696575912 
3.457245703898372 2.8875391377937594 
4.539876022516154 3.0 
0.14980362041897366 0.40585077160818706 
2.247425468134127 2.1324613642630417 
3.152473226228204 2.899349697276435 
0.1084601059702952 0.06120581950305426 
0.7896260583848698 1.08698854405996 
0.23994795876925745 0.1111267350464672 
4.127726521849578 2.9997066848141993 
4.429248290513324 2.9935248311744074 
2.0656398714334276 2.2776461463792232 
0.6305809032932308 0.7275874685427101 
