4.999999984692638 2.999999999999372 
4.999999984692638 2.999999999999372 
9.565117520260458E-8 6.520811923760306E-8 
0.9440964554118539 0.9694338560404147 
0.4360089977962648 0.3167573349539774 
3.3882968208478377 2.998415039581733 
0.21379284788152808 0.3167573349539774 
0.8750360349064198 0.7761889435451756 
0.07832215164412781 0.07013816572703233 
2.1514852964898306 2.260993058451214 
2.427885231622717 2.4672251143111184 
0.4586555937395961 0.6644512030132217 
3.68696498090352 2.998415039581733 
2.4253882797458712 2.3348089791478555 
1.5039761395528117 1.2565613129444484 
0.5376712336344507 0.7703797467022777 
2.3066910398558584 2.2132772534049687 
1.5319412541165036 1.405156986718928 
4.9449094055547755 2.9999259504879987 
1.0127634927706448 1.3638356908570795 
0.78498097484681 0.6408336904586541 
3.3084933391776032 2.987082925189338 
3.5373398888936616 2.998415039581733 
3.0153396425370347 2.8175517343752086 
0.4537413066077147 0.3823588468384347 
1.215245219189904 0.9269156256816105 
2.0207423032979044 2.264105547682707 
4.195569274685853 2.967408362502045 
0.20182615647060076 0.07727092786975329 
3.5519958087712005 2.991493684522658 
3.805626215798038 2.9977427759915742 
4.08511099357537 2.9963356095638853 
0.47433982058951896 0.4654008813294133 
0.9440964554118539 1.0715593024677463 
4.662760621230292 2.999890721488286 
4.506102498728781 2.994214820749265 
1.1076469627348928 1.158859099042886 
1.0707919024933186 1.43907537912999 
4.844333859848474 2.9999259504879987 
2.5504764281847665 2.7281649463251747 
3.2279949427311005 2.999619044460495 
1.7414879320172256 1.548595266317433 
3.7358782251499045 2.9999225729099113 
3.975262849862517 2.9981467628934406 
1.0619414669843508E-7 6.520811923760306E-8 
1.8647927301422 1.5164337367384868 
0.8566235859302942 0.640236932476444 
4.827841326754738 2.999890721488286 
1.6046625349552661 1.8181452959454254 
0.669420220568074 0.5334324576595443 
2.7041392916882248 2.695009726011017 
4.735916743162924 2.9999543238030464 
4.03603911800853 2.988278774683918 
2.90910329843694 2.7432517088032426 
1.9703783686413223 1.703611456883035 
2.3002908927108887 2.3895533248498095 
1.4296750335313533 1.2010528215058645 
3.172674393065956 2.9999432242958446 
1.7753287727790532 2.0960960729913554 
3.8912511800899177 2.9876415768108338 
4.307036008077709 2.9986049836903224 
2.5979944688827867 2.410745039988239 
1.735082099860155 1.8606600035443486 
3.0153396425370347 2.9995006515557336 
1.8780515652969392 1.8392504244818575 
2.6364238941349836 2.856369223418987 
1.8882262225566366 1.900138090614019 
0.47433982058951896 0.4654008813294133 
3.128794702165706 2.9847228400958943 
1.1076469627348928 1.1862615572825277 
0.06100712329296931 0.2729215111991785 
3.9087796332343765 2.999643891772903 
2.2194609254311843 1.9390182846355328 
4.595752263633106 2.9894084982532023 
2.496384070004675 2.6042422862957153 
2.1576512254234643 1.8657928580403271 
2.951221867897241 2.775946177723128 
2.622377621858788 2.839964898836203 
2.9938469613136967 2.9312643573430583 
1.613626324755738 1.6352154947864983 
2.566980679501178 2.9991127548922956 
2.9991411216051262 2.9151521187610827 
2.5979944688827867 2.3868790202517327 
3.1234573510134 2.8828630980876384 
0.2702759886349826 0.12757820736578107 
0.7882227262689642 0.7761889435451756 
1.312803156352994 1.172976840465037 
2.764190584401145 2.988278774683918 
4.595752263633106 2.992279318479863 
1.8807467240438855 2.06496265478083 
4.235903886687874 2.99986074455681 
1.9620641759742012 2.2677346325430636 
1.4856642006300285 1.548595266317433 
2.1937524698021797 1.6298470063613968 
1.613626324755738 1.9446379051330926 
2.4195785025083043 2.729560481613085 
1.6070775103449337 1.5828659078439613 
1.4856642006300285 1.606600187949152 
4.228949685413278 2.999685663711591 
2.3086087296628404 2.3348089791478555 
