30.3582330476953 -28.99831911864545 
166.1538168215779 -165.33256029210764 
78.19983341327767 -77.22738992367304 
51.86827123231305 -51.491762580051414 
44.21219198062621 -44.38848970671866 
10.82477705404254 2.4961806048007276 
134.90582369350093 -135.10183752281534 
21.575868496001192 -12.461532021028148 
139.35960444261127 -138.7577385601185 
98.68971452700573 -82.43100714194088 
189.76729869791282 -180.05528134096582 
56.60766414641563 -56.857662149213965 
58.725654795693785 -58.95720660100068 
166.1538168215779 -165.33256029210764 
118.57113945110657 -118.73535187268683 
108.48468276796912 -107.96407886606514 
79.61054884933225 -78.81651798125989 
127.51491871284678 -127.66014937332174 
77.26910268763035 -76.29665919802574 
39.647357463279995 -33.65933532196962 
42.523233753044785 -36.76099554404473 
14.89367268620733 -2.0514079497791613 
136.27716330542927 -135.54407145319425 
109.38646288700386 -109.51884672029146 
32.89019761789224 -32.36959371598826 
145.49862861096412 -141.68427686897752 
209.74851229770752 -189.4721548817393 
202.33897964422647 -187.08568503972987 
112.80268932822852 -112.94791998870349 
43.31356934048031 -41.785949793170104 
15.74700398082787 -11.96786420858297 
