117.28083403895444 -116.84472864062315 
182.10147617725374 -182.0112885953444 
34.932341112768356 -35.11008421265629 
91.30584187765916 -91.19362427129423 
72.35401381049265 -72.4414677968126 
121.96041498478512 -120.89405578565665 
87.85664464566686 -82.06406675365086 
26.072898208379506 -21.367706558527626 
193.63220669561161 -192.81902994390683 
121.21108087140291 -120.39790411969814 
47.89680806890533 -46.47726880044378 
68.84207725605417 -69.08761558498807 
126.01598947076116 -125.44263670181812 
113.86922692040073 -114.05086976833647 
199.26188669606285 -199.51129438712667 
55.93688438284477 -55.808955342941466 
147.09328062767872 -144.39500906817557 
113.84570998276311 -114.00076337532423 
182.10147617725374 -182.0112885953444 
106.08382216570875 -103.70275345477992 
182.15584078296393 -182.0729343449979 
175.10048317516214 -166.9001630402114 
44.86237950233987 -39.72174327812682 
147.09328062767872 -144.39500906817557 
24.524411398779243 -14.612828185842794 
65.30761794407115 -65.02496392880474 
144.31026433304987 -140.57028700200314 
34.73385594552378 -28.534097354367827 
195.42768515657093 -195.6696679020893 
124.45432683241744 -124.30399568471185 
99.97753469146616 -100.15917753940191 
120.27931457309349 -119.65187209417304 
52.78302305471601 -52.9265332939329 
