156.5293507970702 -154.77467109652505 
144.2350325141568 -144.40398266704966 
90.6166376391949 -88.28135257935537 
116.13388681096013 -116.24302541205417 
124.93198716976272 -124.92137072110162 
108.20957498387392 -108.21966160431734 
166.00211965242815 -160.88355983175882 
183.40202689252573 -180.44944655286625 
161.69303005290212 -156.36621367754788 
96.02961840647257 -89.41777706395331 
182.25041266824485 -175.89941170398052 
110.69436897734839 -110.76046129697846 
61.70063958029823 -59.685492987546645 
31.020990714044153 -30.0931567071344 
108.20957498387392 -108.21966160431734 
15.491219529719228 -10.274841179622879 
151.39997196290446 -150.6623004714137 
88.80767302764583 -84.85622430761347 
46.07927007634948 -41.33828542448164 
71.82801063554098 -65.46352006238749 
154.72029322904768 -153.1171537011252 
106.8698489265758 -106.99770728763997 
33.95236635816519 -33.929830207365875 
96.38804061059204 -95.99058383923058 
12.753369007119984 10.377889556270356 
78.64099016020428 -77.92851146700595 
112.22918737985265 -111.62447508817105 
98.3703834627933 -98.3597670141322 
22.875802383503782 -19.855033445509157 
51.58080870264288 -47.28849983530466 
98.91795954718532 -98.90345584563289 
19.793393917657838 -19.436525257322636 
102.41686179916711 -102.66213366633018 
140.6164065364046 -140.8572610188507 
123.62726321926063 -119.7556462879867 
114.7606049944231 -114.82751353869929 
119.02408131312481 -119.1184045794562 
61.70063958029823 -59.685492987546645 
83.88817287320278 -80.92124012358292 
98.71997828402782 -98.70936183536672 
135.44877712784296 -130.02269226318148 
