41.5579933224534 -40.93295879000068 
138.3529803971671 -138.30254136314363 
75.35153448555039 -75.1175155010406 
73.33005023143777 -73.40935769024333 
90.00081985108821 -86.10295146735703 
105.4733625076811 -101.94364463166764 
94.63103329643221 -88.17601901865848 
131.05580344155493 -131.24129067569353 
186.6285601868659 -186.80086485284457 
135.0354575141354 -135.1747859636258 
40.18780488202911 -28.173603080326895 
212.6340853337976 -202.57155777390471 
75.35153448555039 -75.1175155010406 
29.817753435511577 -17.80355163380936 
73.33005023143777 -73.40935769024333 
59.6207438689372 -59.57030483491371 
110.9935807038848 -110.03184842901298 
47.93602070484325 -43.78987560622185 
123.40163963926156 -122.00113781911676 
140.41518338608924 -140.12536396194014 
128.03211865166747 -124.87155825921187 
165.08725439863184 -165.03681536460834 
86.18179825494047 -80.29772417192844 
65.52633385585627 -64.90129932340355 
48.22377302804027 -46.32909134894873 
47.93602070484325 -43.78987560622185 
100.46722521718178 -88.54681947189859 
41.88528922131672 -41.724132178262245 
40.00242764716751 -21.956149483414034 
119.94935646117847 -111.16845188358603 
156.33866264377755 -148.44437874921016 
24.887896695282578 -12.72781567953726 
76.65223732266304 -76.02720279021032 
138.37164529435512 -138.33614381753165 
133.8235973154854 -134.06757991269632 
85.60642370345751 -77.54067337842055 
106.86855534186692 -104.28132833152598 
123.40163963926156 -122.00113781911676 
