171.99120244563272 -171.46612990004067 
132.25079315146874 -128.5658543629201 
64.59591233821885 -60.960554261669564 
125.11710936251524 -121.70262167926653 
20.808797402739366 -17.801309840266818 
92.75630042814888 -84.22199654493011 
233.09676009676448 -193.08332532957536 
31.473362501743807 -25.329287643504205 
87.92577249772107 -74.49011150680802 
179.17673629748916 -178.67133718081644 
71.56631556185306 -68.50977834357839 
20.808797402739366 -17.801309840266818 
96.23583379641363 -94.67365316743545 
109.66596466973041 -109.87879431521573 
43.89199783958206 -43.97058270780025 
173.1921809437863 -172.21527214473883 
183.41051079260626 -183.07679490102896 
38.154683065804555 -37.18509255699687 
59.17006103222096 -59.15187864801166 
43.088226763052724 -43.02641029169489 
42.73306925409685 -42.5100478870699 
41.32761366697372 -41.19304679731673 
29.756566303234198 -24.348493272250227 
42.4257299617301 -41.329151011112884 
32.39391235787404 -32.61302136297539 
92.75630042814888 -84.22199654493011 
144.66896489562748 -144.54011822605602 
169.20243399678742 -167.20104245125796 
67.98863287402158 -61.93320681991401 
21.595407983919195 -19.080934428616484 
