15.704132532055304 -10.998475035963157 
82.77996796039349 -74.53941353477462 
30.939027050853305 -26.233369554761154 
110.662538502759 -110.5511404482004 
57.881687055526015 -58.12768365136094 
93.31411664520849 -83.27610402455801 
36.82870035404379 -36.63604512874508 
145.92015883525818 -143.20170537468135 
112.5167901921758 -110.62691298965265 
185.39639220033226 -179.14139745190604 
74.5543680720042 -72.66449086948103 
195.3795766083764 -193.4396719909767 
30.863365893116647 -26.157708397024496 
225.91804617375666 -202.72527193813545 
41.998928439464855 -40.886506246127276 
174.65348808034997 -169.11780697481723 
142.66751790179515 -142.49960394757127 
50.12759931738726 -49.286089685432515 
167.30039021642332 -166.46139083981242 
14.117045560298262 -10.56722245559982 
129.43677672706656 -124.90115938052709 
155.91331999184658 -145.43724036652372 
26.00152122405892 -20.356384695777066 
94.6382373874818 -92.74017810179313 
85.43908376065906 -77.20582841248331 
92.72392822828176 -79.56505455894701 
127.83659703575802 -124.2296973276612 
160.5586003587849 -158.03057797079163 
113.06850108304852 -113.28876643864926 
