21.56115417137555 -20.62033534672136 
18.533585781555075 -3.2144117386046425 
214.70789739055374 -203.48598663048443 
59.317376499047256 -56.73633552291621 
50.97391974502999 -50.53255225285172 
25.731338844955737 -25.95369518469861 
64.37600528962753 -64.21403541127349 
18.533585781555075 -3.2144117386046425 
103.30237302157553 -102.2978784531166 
172.87517585057094 -156.28872173891978 
132.20645498096474 -126.56205498624018 
73.49928426423396 -70.82475255789932 
198.4438934754063 -185.60989961050217 
42.88406188930466 -42.95538444139906 
123.06579598890909 -102.87280581389726 
85.16362444543351 -84.31264795812368 
30.29814049745222 -30.079474837095376 
27.001587722533827 -27.251098965430167 
81.07615867443114 -80.96009344403848 
65.90894607627139 -65.05796958896156 
49.51495813548716 -46.93391715935611 
95.41709964337525 -93.12768989357 
35.61190511222184 -35.836106658836556 
28.42459923782196 -28.282328712095328 
150.75733576526758 -145.79085069408572 
24.608041465422435 -23.667222640768244 
125.52075376517345 -125.35878388681942 
40.47166952520999 -38.06278450847911 
198.5886726184208 -185.6901181854739 
27.29090856276614 -27.540881022521923 
220.14927519825994 -204.3745398687749 
195.6263921777956 -160.62805814197122 
47.84557023803834 -43.44093122318499 
145.9628776479847 -128.91660541198226 
78.54258143832266 -76.31761933042606 
