125.08135969736998 -125.25523088440207 
68.3784107924784 -63.67872233252727 
84.30646389131277 -83.58675331292996 
163.19806246618384 -160.17643630458574 
92.23727632783678 -92.4728522988299 
44.55523588397895 -25.204318445322254 
131.77821421883468 -129.99791376672744 
120.48081098748357 -120.1205635148204 
107.86880596274388 -107.5141811433763 
101.15030935778276 -99.13574012821562 
176.99080124821472 -177.2136565981858 
143.31848619307002 -137.0006233567747 
159.07640525648185 -155.7310629439598 
81.14401089064673 -77.86631536673144 
177.28236783994384 -177.23515270192243 
72.5432396833145 -72.40860205976398 
44.68772506879484 -32.95327539155131 
113.67796283786825 -113.5882993411463 
191.15565578322335 -191.40512464896847 
122.81722049768156 -122.45482272934908 
169.86618235438033 -168.38918610185033 
62.86289096855522 -62.35927925234387 
147.28295447436784 -147.49105497441937 
62.58983374628923 -62.07081707922897 
62.555649841710135 -61.14881509136325 
91.14061270420785 -91.23644144260012 
102.98878799218537 -102.54372190263315 
167.648503975803 -167.55999798765149 
41.26429940844896 -19.031014438999353 
116.11528503901646 -116.32872765798716 
154.33992427315712 -153.92375728298236 
206.83893038007875 -200.64069719305093 
167.89817246533093 -168.14764133107604 
26.917214532987053 11.022749631081435 
81.14401089064673 -77.86631536673144 
123.78993261925248 -123.86972216731047 
174.93823784432934 -174.92215983524795 
208.4066134286261 -208.38921743525563 
71.02819631373708 -66.51504356608427 
159.07640525648185 -155.7310629439598 
208.4066134286261 -208.38921743525563 
49.79889081977619 -49.99200325895163 
189.21185890603778 -188.7212585149245 
73.34433153702801 -73.3326736180178 
120.32837086902865 -119.83777047791536 
80.5163262900155 -76.95879037352896 
145.60676019894785 -145.85622906469297 
153.00162295270724 -152.64699813333965 
61.684116828797 -60.92577345078489 
