43.36138508029197 -42.84101433112191 
36.127278140548235 -33.70529330378167 
41.37843224180166 -40.91705522975439 
132.23379164809558 -128.80999739299241 
214.99887186245905 -211.04658990825482 
71.63556685568314 -71.67199998376175 
101.86046712928822 -101.7650285999826 
159.86661773141722 -154.7243979898048 
32.28365355699492 -31.864778996714627 
97.62578699099694 -97.87019292879135 
43.36138508029197 -42.84101433112191 
45.77765822011383 -44.00199332973663 
146.53342312524228 -141.69641115271241 
19.42260695815148 -15.67191543393437 
86.06918708375777 -83.31255489365032 
117.70868644927728 -104.05283561953587 
196.8956832401373 -197.07615059776793 
164.9725999322978 -160.13558795976797 
65.19296665522309 -63.05949961856247 
89.18273713225531 -86.83560529722412 
36.53887443904227 -34.343789777959586 
181.1435371113545 -176.36121275070562 
18.76035455540061 -11.54573970057278 
126.93495584214999 -117.41785770975308 
151.19660846341384 -146.35959649088397 
104.45657968688973 -103.97199017370032 
174.50829198223423 -172.12827703279447 
32.206403714683155 -27.64428404459844 
188.7434668548243 -188.98760334146027 
95.337831077171 -89.03600167098867 
59.892798856822665 -53.143409380826284 
