116.15710224477947 -113.83461840977961 
97.28375349994384 -97.5216297048536 
209.32085339347637 -209.2623665875782 
66.21049437956647 -66.34195892852946 
95.29114474579279 -94.21622122671181 
101.49024380065197 -101.636101507915 
140.1991669913948 -137.26492543454867 
41.26203782782534 -41.317889666810004 
94.73130875996047 -93.31928566355762 
56.451740658119405 -56.690736154010104 
38.02268306403657 -36.94357579811768 
48.67333689874728 -47.75593471547248 
79.26232350836584 -78.42778361222913 
196.8058837769548 -196.34392076086453 
161.04381278602457 -158.7790120522929 
27.721365025383182 -27.831870094463355 
31.003473572386476 -31.216279433369458 
84.12849234755643 -83.29395245141973 
145.16150962669374 -142.82119924903705 
92.69347672484733 -88.81080356327288 
107.86216213198752 -108.10003833689727 
48.27237310923992 -45.0452120287305 
63.120049996440635 -61.89907154416255 
73.08865559336803 -72.58541665515583 
105.60388447641444 -105.74974218367747 
134.187505480028 -134.04028323147938 
86.24803508000987 -86.49518217547421 
196.8058837769548 -196.34392076086453 
86.02077455487091 -83.74473481489315 
129.74487644637045 -127.50050045696106 
86.17794709474231 -86.42509419020666 
183.3659193770087 -183.3017803035672 
114.99368670418609 -113.50058267093281 
162.66862001189324 -160.01142315016446 
29.99836071925305 -30.151538714259672 
45.935712517634684 -42.57585832808359 
81.65488041329716 -81.80444306900829 
70.42042171899132 -69.64945227098801 
111.91785206324742 -111.29885590658749 
216.73107325906201 -215.4295941822894 
60.838879769515565 -60.74467825197729 
82.06725961357591 -81.88528827108063 
40.53354529714926 -38.61533542937053 
74.2321831091009 -73.68602113627506 
39.21988732361379 -38.1407800576949 
