45.58938746507438 -45.68609963240796 
51.62230244572693 -49.02270623360889 
149.4548020462493 -137.44536077363557 
32.61822865468133 -32.10005138739192 
122.19409259907275 -119.89216417998834 
13.163398990596765 -7.12417437445122 
103.47019589223453 -100.87029054738522 
49.03501633362656 -47.44463819845784 
32.06182322641558 -31.829000018192314 
22.125897139142403 -21.558684378668275 
39.116541224669525 -39.361892399287484 
91.43187553352956 -90.95185393252099 
107.91945402312311 -108.01616619045669 
83.95565034767908 -84.19490882106383 
34.150301328022984 -34.11216990182195 
30.66877279776713 -30.527828803346786 
143.44155368159835 -131.41851594165502 
27.583716785108365 -27.08102401975244 
30.270363908460986 -30.52035712833291 
178.34851523086124 -178.5716648459234 
31.800745989251602 -31.608946955582468 
105.9946489702027 -103.51218700242184 
33.187319704287795 -33.43346925795393 
37.16508519938173 -37.40638899474029 
28.714870113811575 -28.964863333683496 
74.73885282651504 -74.98420400113301 
41.30229991631284 -41.368095714455734 
140.22622099150493 -128.2167797188912 
166.753676339514 -145.7109263608655 
131.2118463514128 -122.95480019868543 
28.297663239373 -28.547656459244923 
58.53007748924997 -58.774902556153684 
121.5874389602719 -116.83472203645222 
45.913857676327886 -45.737775935178384 
74.67322443313822 -74.7390202312811 
66.13208240340175 -59.28380724212857 
114.6723040027954 -114.91403409917294 
37.16508519938173 -37.40638899474029 
14.418201630953192 -10.972093852131142 
40.5312166622228 -40.59600335023677 
89.26374964125844 -89.50989919492459 
100.44638654713677 -98.60155417619741 
71.0733572027894 -69.87294533676983 
31.273074530777844 -30.76138330736739 
