193.6375496208599 -179.62652658809145 
69.63011131175298 -69.86317248051398 
96.39144787996096 -91.1018133036856 
18.804030719530406 -17.582148478893796 
77.8557939066606 -71.19079610656418 
215.69034314883223 -213.2718239545773 
59.03137725334758 -52.16301020617007 
81.43653940563922 -71.7814584061327 
188.04749065196955 -152.03384965393587 
118.14774909880771 -111.99050096768866 
182.62013155554334 -149.68351966260786 
90.0695371182092 -87.33387078176153 
51.98991728107927 -52.118572353158555 
16.255180594570973 -13.937800698977403 
29.639612524936318 -29.767706781300305 
107.03580206842432 -104.2936075574317 
127.70209070055093 -121.75847420800172 
59.01709131078664 -52.15404104178701 
38.48004601049843 -36.73540126065552 
21.181040323083973 -17.624089496587146 
59.01709131078664 -52.15404104178701 
60.245062606212166 -60.49428323957486 
29.639612524936318 -29.767706781300305 
63.48782270767532 -61.37076672016698 
137.09282927475482 -137.32589044351582 
102.91119336347829 -102.53417373107506 
100.96842119782795 -100.59140156542472 
35.554751066836594 -35.192566888921796 
156.74253135253122 -144.32446962636413 
85.73790176595882 -80.01808760333296 
91.3996579845638 -91.02263835216057 
71.3346716156407 -70.17678585062416 
40.301325556160876 -38.189401908001436 
48.96787647328278 -49.130473114526424 
32.17931495267145 -31.75325248567693 
117.0781154058509 -108.09267171391838 
