75.03784769479489 -71.67911159060463 
156.63669655225377 -155.79480734514456 
189.7704728960261 -186.3950756079934 
151.90942597674433 -150.75087137954793 
117.47236025519199 -115.85004255625832 
54.89455408164223 -51.236586734468744 
123.83233368234293 -122.24583415312995 
198.65244721607243 -197.31296909767565 
98.96588206931594 -95.30791472214247 
115.03648208831011 -103.42691964509737 
122.90966191820586 -119.95440525773738 
56.543866407594386 -53.257959936204855 
190.4766864453141 -189.3294582836122 
94.10984918275618 -90.09757123751668 
37.2422943673687 -31.222392037329552 
87.80468137849059 -84.15395209888162 
14.624176455364076 11.21151385480015 
89.12210179829903 -88.78181140675852 
165.54758615952795 -165.28101203542565 
22.72746335238561 -20.037877448531358 
30.469999170623318 -30.574414988896393 
175.49454033079263 -174.34731216909074 
198.65244721607243 -197.31296909767565 
26.629174035301503 -25.41121509851839 
21.252746047494984 -18.858842609874557 
88.07774819508111 -85.80673725020094 
50.58062280872798 -50.65241665735142 
152.1027906443716 -151.87976094235222 
69.94550147927664 -69.60521108773614 
85.15881229179229 -82.86978524420621 
81.0528866524671 -79.9056584907652 
139.1224046860806 -134.50103466682262 
146.16394887503927 -145.36014409984628 
15.914881899179704 -5.002926119523021 
82.12272643308309 -81.0971306542826 
178.37617844788127 -177.5659295666514 
182.95745291853666 -181.32202741351438 
88.2375564795424 -85.9247383913764 
88.07774819508111 -85.80673725020094 
115.9117297880252 -109.11109022465153 
118.50970322490865 -118.57243472728877 
46.470320165817284 -42.81959088620831 
229.140949958566 -204.40816284050192 
