143.71880752071655 -143.63333792227058 
59.39525664441399 -58.69948242283421 
85.30994738112356 -85.50398765873528 
65.02101386757504 -60.31542901097221 
23.42071608588395 -22.57945875718498 
92.35508822754397 -92.30223170716921 
44.74733853491761 -44.54181889408048 
67.9304239601535 -61.235040510563174 
52.42978621499766 -51.70976098374305 
13.951258326159481 -7.285293886337837 
180.44168293309428 -169.1878042594746 
186.15873814955677 -170.1102452295292 
124.93847203065643 -116.6191041521808 
69.87298127747032 -70.06670239428504 
167.88475392972387 -166.81403306679684 
43.006258784230084 -43.25295282048373 
168.55023240958695 -168.74306162704886 
38.45538749588971 -38.70331486634811 
164.23371078742878 -164.0246822226186 
78.6558485371951 -78.51913215824499 
27.297304038227043 -26.820819950989247 
43.22775750006251 -43.471077127697505 
147.89939483098743 -148.08847813565998 
59.40000957199622 -58.70554512676544 
59.12315378178668 -54.60717111230074 
22.116665804082963 -21.68883022893633 
125.33517122677364 -125.58377351941262 
59.12315378178668 -54.60717111230074 
132.62939832121873 -127.86169145647015 
46.09290345082067 -45.921208081999374 
39.301621648100316 -39.414344398602324 
222.437395929407 -187.91397670822056 
36.085838742214925 -35.97841091028779 
83.29440909155502 -83.54426229966913 
70.55337669014784 -70.1499460972425 
101.07817491983403 -99.36973102923385 
29.163901520322028 -29.28690103833788 
222.437395929407 -187.91397670822056 
191.76444339944445 -177.7127233250829 
227.35332030490963 -197.76845634139744 
121.92115328297433 -114.69791572455208 
145.13200724645483 -145.37906605978347 
148.69715751334488 -148.94575980598387 
47.36769668695737 -47.380271887111775 
138.8255374407369 -137.5695182065209 
59.112001458810184 -53.12829033745921 
45.033856590780985 -45.26567502942205 
25.888519482814964 -25.412035395577163 
