95.829576884808 -94.75521220098291 
35.95078734358811 -35.60979933720924 
101.63764259128727 -99.20979376625546 
49.26786104600216 -45.22408821444728 
172.34217690120528 -157.85145470343895 
60.746579993198 -58.27758933304685 
39.33491831994038 -39.3075773826017 
172.34217690120528 -157.85145470343895 
172.43356645257444 -167.88157343832302 
32.198317850467355 -32.17723459319109 
68.02903981625062 -67.41880481072022 
193.82118460445352 -190.0847409128677 
25.196663012209978 -12.812583543390929 
11.884969856323366 -5.353065264299885 
141.63963394050018 -131.89024032114799 
45.172830543503906 -40.906682515888306 
172.34217690120528 -157.85145470343895 
39.11594437698445 -39.08860343964577 
96.66244135512464 -95.01185199037873 
79.20682043035077 -74.64731053794637 
106.94657748973968 -99.74004853899012 
91.2311655973998 -89.5928088529035 
211.30336531120963 -190.4870842039903 
165.19371796451944 -156.4187899229866 
58.05979385592526 -57.36460522351471 
129.82102723271313 -130.0339499113959 
96.16467799713092 -94.79676520386536 
23.05699611607242 -7.424723498682562 
126.40328745199375 -126.58947797632577 
23.990898167279454 -12.175806131257156 
132.45676427127387 -131.32439330412745 
56.97258522135202 -53.56728891659566 
99.19886416303763 -98.24400699554793 
82.32043847774503 -78.01814779266189 
45.71963564987459 -41.91882348165844 
49.40450772580739 -45.36073489425251 
26.851614542590625 -21.077845586708104 
110.70314421593106 -107.38016535475609 
43.34483120606117 -40.39819810384357 
190.32496795625391 -186.58852426466808 
43.34483120606117 -40.39819810384357 
56.97258522135202 -53.56728891659566 
160.39692222577247 -132.3084341151882 
98.11663353389324 -97.07178620229007 
45.71963564987459 -41.91882348165844 
