42.57523722624327 -42.327194919174424 
38.24488122626922 -38.491103447835975 
72.09495051310586 -71.20315580440075 
30.2193454982196 -27.415478261912185 
75.77513544991758 -74.58692890053814 
235.45978734387455 -171.0531546229873 
210.5721681000339 -169.31311603385177 
19.063456223194144 -18.34706317873857 
96.7055155889706 -93.96589546122414 
140.3437697666663 -128.44843609618584 
132.93201069336635 -121.17168247788115 
47.30976054308516 -45.39386168506243 
132.93201069336635 -121.17168247788115 
71.36199789054153 -61.78555004439576 
50.23593940353908 -50.48216162510583 
203.17431143659098 -161.91525937040888 
36.444679919024765 -35.103496037048174 
54.84472138128335 -51.885360348946236 
70.33550124426255 -58.47297140560823 
90.03130483702199 -90.256766967401 
93.13633620420812 -93.38038794107567 
59.450303531992276 -56.07881705101198 
115.41030575084613 -113.89291657232867 
93.27511785864993 -93.52134008021669 
65.36130698537339 -57.21242186895497 
115.41030575084613 -113.89291657232867 
112.64333623892459 -102.54256747392222 
124.12892365628244 -115.97291115314695 
67.94060915388353 -57.83984038888117 
161.99765345878478 -160.4802642802673 
18.39449211278557 -17.511290761062288 
36.50062960981535 -35.181134644099615 
44.41050781023509 -44.54362793858433 
76.93621280052722 -76.04441809182211 
44.26127713962086 -44.404712782536976 
155.5610629404643 -142.93685069029442 
67.94060915388353 -57.83984038888117 
