48.02645389120275 -47.9592569169082 
32.69968185261287 -31.966737146740698 
50.3609986490985 -50.18392756131522 
95.25112408143983 -90.15386567325827 
124.76138822083124 -98.1837965881241 
69.23122933553411 -69.37652878885038 
37.31542340949318 -36.9369129219245 
23.41406787240274 -21.826380749497595 
170.25987283341883 -137.3652513670935 
20.625343120558373 -0.8234182224460547 
51.26100849840416 -51.22130318239853 
35.85837054914119 -34.94168079747565 
36.49446178405779 -35.76151707818562 
124.97179192732013 -103.47740211512233 
74.0521421721995 -72.38947763446731 
88.67768658956335 -87.5754156303031 
193.20132376263882 -144.79061475867016 
77.15684544861199 -77.40615736574735 
79.51977515980741 -78.4009660635108 
97.41765939699597 -95.84938582768643 
64.15628052172583 -64.40316409804078 
59.62980641665378 -57.20344844751318 
57.604980439517846 -55.627184921344906 
36.470452927919105 -35.351643831622496 
125.99033596711897 -125.62040840243063 
59.57152125127342 -57.160686609891016 
90.87425265281338 -89.30597908350384 
74.0521421721995 -72.38947763446731 
43.07313926975975 -43.19376358711809 
27.1670762204135 -26.77447601221759 
61.3314086751805 -61.57655894950143 
204.77970106455533 -171.88507959823 
