37.402863069279 -36.63793285973652 
87.16066715614036 -86.91307172881585 
169.23598172733188 -151.59332633283384 
85.54761293244741 -85.7183998436267 
117.89693027641252 -117.41375876143792 
76.32148591107725 -76.5484343126642 
109.56728639355087 -107.46393548993537 
135.22235071000586 -125.30488744650864 
211.8181712954209 -202.64682186017814 
54.165246130018794 -50.6183248938781 
60.62733286848888 -60.52717580925375 
33.16248147378599 -32.710372493975036 
118.59394735024384 -117.54656506752333 
77.0528955252015 -77.27984392678846 
160.34305485737866 -150.23543620696114 
96.26212141324172 -88.97743936025032 
59.84565265845399 -55.983595780358925 
66.61711711172433 -66.16500813191337 
202.22730765939335 -177.82639621139478 
77.0528955252015 -77.27984392678846 
138.44980829120237 -129.90518485460325 
49.467166865942865 -47.38300521366178 
45.07081716332236 -44.305886953779876 
138.90021206725118 -137.4952442117958 
105.26016772848737 -97.62862784414122 
