80.11818776327837 -79.3576013572992 
91.23110473062462 -91.44965912189895 
148.25267984703652 -144.8314882262747 
151.4948150547604 -151.19527828835845 
99.65405560759525 -99.00770360239859 
48.904313643403924 -48.448963672430104 
73.72758516857583 -73.81126156203878 
66.94582334773136 -65.63120757978993 
132.6969992180443 -132.04025744349585 
19.26148879093981 -9.167052217432449 
102.16176935565744 -100.77253399747892 
177.8013161122424 -175.9291040600023 
62.668716527756146 -62.918116147701944 
140.4988916921798 -140.13412775600736 
105.59680088929983 -105.83578817244825 
73.32334726091011 -66.25769703911028 
58.06445586573261 -58.22320255667832 
101.40824260018829 -100.30674198622422 
175.98972185556406 -173.10467207923244 
116.95801866206875 -110.77201296087452 
57.92965656706882 -58.170846093439195 
96.92300796354046 -96.1354607477379 
76.3839905231338 -74.92031358810323 
51.57026629253708 -50.67578684507707 
177.27607518120084 -174.39102540486923 
238.10777409157558 -190.33663197160718 
61.22236332449734 -60.94003966247004 
19.930914809709478 -9.682879589830822 
159.66656197304758 -158.35194620510615 
76.9784090300706 -77.22351058739312 
93.00750400594103 -92.79202719914828 
63.95394271605988 -63.14370596177836 
33.912468872660675 -27.525320578479214 
114.98810438633308 -109.4995011367437 
125.28873941547687 -124.52717861436395 
15.233647553470071 -6.29378828667452 
37.05243974057118 -33.751014312874894 
199.77376054654576 -176.86739013062413 
