-2.108480099271546 6.168150417602418 
-4.188074705727812 4.366011568913361 
-6.001348493454167 10.134178908503383 
-3.376457225019802 2.308409860179027 
-4.097475639590292 10.111250376522188 
0.007832653138072576 3.682287876551261 
-4.188166266944497 8.948383115130067 
-3.856605371937147 4.568639776024405 
-3.194854810894519 2.7536552455205228 
-1.5960017917749334 3.682287876551261 
-2.4318177047758285 5.180374750701787 
-3.3544130154723657 8.795007170828626 
-2.108480099271546 10.43609269226478 
-2.603641336421571 8.795007170828626 
-3.03677874976664 3.604066272951245 
-3.125255143457726 2.549365196532843 
-6.00328955981993 9.79709667465782 
-1.6324213203657423 4.519834106383533 
-2.5026038679063087 3.827883009810719 
-2.3361391293266838 13.551749387315828 
-3.1646796474010106 2.768284515843922 
-4.153016021634656 9.132345467803857 
-2.437948035213531 4.389975949919432 
-2.406746556945941 4.968081398135228 
-2.5026038679063087 3.5379969508505553 
-2.4318177047758285 8.286826789361097 
-2.0708098301951656 5.7676836349216005 
-6.001348493454167 9.614211703795286 
-7.114406785129424 10.037768822817979 
-5.416684102320194 9.614211703795286 
-2.5026038679063087 3.4544289861570947 
-2.4280629921648234 7.076375204566475 
-4.736675417627615 9.614211703795286 
-3.1527493708533942 5.166897118660099 
-2.0708098301951656 8.490108928415168 
0.1642588390156814 8.795007170828626 
-2.4090609895454325 10.655697033009272 
-2.406746556945941 4.968081398135228 
-0.5774735947659788 3.403087909177967 
-2.0696358379394963 5.687139939107995 
-2.437948035213531 9.21999798527973 
-3.947353574956498 8.94200050375149 
-3.7043304637928753 7.04433380635401 
-1.627250767167078 5.014489556950384 
