-0.34820235894246565 4.120596166797977 
-1.7872061537772836 8.509989417602949 
-2.5209566946188966 4.965510500460083 
-8.037687675057445 8.154969083063808 
-7.862631726868395 12.633930886530397 
-3.1023555503452513 3.2075263516614374 
-0.5634675668224194 11.697664560047134 
-1.9060511751169065 3.417501403062465 
1.2618457514721055 4.749532889500286 
2.6388689912898826 4.261245175036364 
-1.2162340804153802 6.458615726346519 
-2.590831891373747 6.033221078042614 
-3.9929672217336383 7.468961569924782 
-2.3909466598229594 10.276251947031078 
-1.7872061537772836 8.56052235817396 
-3.9929672217336383 10.341372149988924 
-2.2157137003841196 8.939905763555068 
-4.692583846027147 11.697664560047134 
-3.328192930345006 7.468961569924782 
-4.156822723945759 7.312020789045436 
-4.136107037267879 5.154693274120928 
-1.7872061537772836 8.976991621552026 
-2.1281513014101985 10.960616909878475 
-8.846116442398746 10.960616909878475 
-1.7146628320947395 6.766959707568153 
-4.136107037267879 5.836869769837783 
-2.991755116288293 13.199368465501578 
-3.7810175263775054 4.978970254884902 
-8.060940995088412 8.588610063392489 
-2.5604706200564435 4.965510500460083 
-3.189185182783972 4.643130743959179 
-3.7738694902462067 4.120596166797977 
-2.0132809136390666 9.895924044248222 
-3.176897660431474 8.183349369308464 
0.10279215650017015 10.17312322893817 
-4.564150956204542 4.978970254884902 
