-3.6508104465224083 8.86752300170017 
-3.2687574431372166 3.4881684727876223 
-4.136413402851435 8.872869435002244 
-4.572142087684838 3.018615720062571 
-6.339364816967301 11.039779447315226 
-4.148936220765119 5.575714517554692 
-3.026631690404856 4.473887184258866 
-6.339364816967301 11.039779447315226 
-4.69134502400955 12.209793406759871 
-3.0206565636542693 3.234127462859419 
-3.4274885473850345 7.047429857737492 
-0.5033919534405769 14.62182856050914 
1.0544450296521748 5.72256167882014 
0.10420901465751786 3.5081759101421786 
-5.662181781516074 9.996143856536717 
-0.37487693824202295 7.126401070098995 
-6.339364816967301 11.039779447315226 
-3.026631690404856 4.44222576627421 
-1.1213813563041013 10.215173345284494 
-4.693059482185653 6.6929583871898695 
0.23066456210746678 11.090392935756135 
-3.8741749322761967 8.397650604240358 
-7.08980185925486 12.255170699314007 
-5.504151800680655 11.338347243000726 
-1.5277918780371431 7.6041258559464495 
-2.6925547229158915 11.285959236024265 
-3.77197200962346 8.800577998921248 
1.4852569073260329 5.5598284687712605 
-2.7526053753742716 11.090392935756135 
0.9734841349892904 5.575714517554692 
-3.6757427299993832 10.911745998265543 
-4.4118829212994095 4.72294810934842 
-1.4023401403487115 10.25326676003721 
-0.36639022192830684 9.644109890284085 
-0.4873370455498154 7.126401070098995 
-4.572142087684838 3.0521832532912265 
-0.04566323503018088 5.5460836410515455 
-0.6097675113428567 11.094169492963271 
-4.287913057790453 2.3442397791054574 
-0.5033919534405769 14.492886892125899 
-4.287913057790453 2.3442397791054574 
-4.4118829212994095 4.72294810934842 
-7.823390659211882 8.86752300170017 
-1.362086412945535 10.209397835134514 
-0.4873370455498154 7.126401070098995 
