-3.9158671196638237 11.933063020926507 
-2.7846925483871243 11.924364957816337 
-0.8921178339693154 9.958364363745847 
-2.1246849338143123 10.854991679739022 
-1.9894939288695042 11.344850185540441 
-2.010190466041558 10.493574006134008 
-4.817015282787175 11.841144878963394 
-0.7104245364725499 14.193014277435362 
-4.8615283981680655 11.611901719015084 
0.11951166107716782 10.512800955220698 
0.0692413207529411 14.28618017305038 
-2.928844587665424 10.186994068137285 
-0.9949596042791455 8.12255969080178 
-1.4147193879416493 5.1666151988946085 
-2.010190466041558 10.493574006134008 
-0.16197126833386644 3.969360160812103 
-3.4938166287051 11.918697303848468 
-0.4502564257858095 9.98909987015058 
-0.2659488251457076 7.2405725697383145 
0.07186519342548237 9.130824484836506 
-1.1386993249386475 12.952776237204366 
-2.1505123193361024 10.36178916733415 
-3.022049950483013 3.5944904418823285 
-1.6953530144458013 9.9851214075948 
2.3354171033521336 4.262033778779559 
-1.5189400154942962 9.016111983222121 
-3.42450651251443 9.98909987015058 
-1.9894939288695042 9.969633306568706 
-0.6914732686535636 4.692123241121169 
-4.631269308965485 3.3679265306624906 
-1.9857007665255277 10.001785875419563 
-1.7209822464569857 2.98687821448869 
-2.4312385803161582 9.987824344271797 
-2.4043678006425417 11.918697303848468 
-0.4698234236219929 11.748359664404088 
-2.07210812613018 10.807065840684851 
-2.1054410897361295 11.008468153110696 
-0.9949596042791455 8.12255969080178 
-0.7064190150372758 9.635014127854536 
-1.9894939288695042 9.98909987015058 
-0.11754646117463641 12.356265852497895 
