0.9760174694359443 14.659442463181911 
0.4095268940763541 12.604142226791598 
-0.15752234253421396 14.846115549327859 
2.250018206926882 7.688940802102603 
0.6164010038831866 14.756798847560574 
-1.9625432312879245 8.111807151607668 
-0.41941097763567736 10.712419856766967 
-0.12962215854473413 12.920650990732867 
0.7283521952196761 13.774107158411127 
-0.4195796586833902 7.463075451581191 
0.5864951897165296 14.46943606072118 
-4.709175524221824 6.915479973012966 
-0.8932582748723341 4.6286315717115665 
1.9587188900375399 14.420784465518366 
-2.336495389720282 8.111807151607668 
-0.11989623504609392 14.68879252890828 
-2.6738731568183907 8.628988764247703 
-0.6809042112753212 8.481433442618195 
2.250018206926882 7.688940802102603 
0.4052240466496091 4.917348043430394 
-0.11085219607905072 9.520148577720972 
-1.864636479920856 10.525709471720871 
1.9943981166377567 14.265224230355663 
-5.640468368204107 12.975481536557503 
-3.749432321558616 10.034304193493057 
-3.1430060755695304 10.475177722836346 
-4.7669485697983065 14.185747274440997 
