-2.589840882411691 9.18034548073495 
-4.010468310536582 4.6901524284487275 
-2.7244239743502616 4.845133369931283 
-2.5902529925810063 5.296514749361678 
0.6410717285979866 3.7226339545341043 
-5.576284624793642 12.78608342234747 
-1.3260285033956962 6.652189610937998 
-2.3488893235687653 6.268229218773514 
-3.5503775209096995 7.057636237984335 
-2.3922887750044515 4.781640060433801 
-2.561067092178982 10.188987145556334 
0.37597354290240226 4.3076017059227985 
-2.7382858692799417 8.266895069317556 
-1.4961493316365984 10.282855116115641 
-4.102479819148772 4.671990630130669 
-4.154051429448982 14.30871009927471 
-2.285133598299291 11.06136107064695 
-4.192410762280806 4.642074126048049 
-3.010410343437144 6.541745259562437 
-2.5902529925810063 5.102265890104649 
-2.8385014405147375 4.581753397059319 
-0.061275271652624586 5.107483779344893 
-5.329995228400717 4.576535507819074 
0.0073173221914726305 13.236744230576567 
0.1898717483784229 4.410764609619401 
-2.7607229233078607 7.772767038227116 
-2.8385014405147375 4.581753397059319 
-3.79056760843456 14.20684322235295 
-2.5137221457936105 4.671990630130669 
-3.6547923893828136 10.730600994908848 
-3.6822802996670174 10.693669509853114 
-2.5732780137019713 9.122367976685664 
-2.82208341591837 12.822204107065193 
-2.589840882411691 9.291061131300442 
-1.2965316063361616 5.206025228244427 
-2.724836084519577 6.617572871236579 
-2.724836084519577 4.845133369931283 
-2.82208341591837 10.283853515078844 
-2.5732780137019713 9.122367976685664 
-0.6064628749995271 10.352898356430682 
0.266940920064083 4.02617154571639 
-4.118232485277428 12.921209055052408 
-2.561067092178982 10.298636575859469 
-0.1696174365320271 13.149651968774599 
-2.5732780137019713 9.122367976685664 
-3.614213774214724 10.630172495938425 
-4.013447243711086 4.666038212076802 
-0.825045946735822 13.274137928382633 
-0.7208355485961091 11.75107933006759 
-1.072896687090879 9.559930104391071 
-2.7834629507340347 9.982301049108802 
-4.4751252832001205 12.516830558839551 
-4.207709684467241 10.839299911732077 
-4.391116070460438 10.984114328286736 
-3.34272960816003 12.546681128048098 
-1.421962415223493 4.666038212076802 
-2.680472219779411 11.978693574231002 
-5.589857437047122 12.866156822390574 
-4.3941647692247 10.854957082836346 
-2.402144671452492 14.410942111336254 
-2.85263445392456 13.30909702954908 
