0.9673241283431901 4.58802668546124 
-2.184337991284533 9.275393229325909 
-1.9323579715322525 12.721791206532256 
-6.074249318350155 12.800373047905705 
-4.121634656409698 7.695055750602318 
-3.1267389042392097 7.636954122897475 
-0.34879969792366783 4.950525280290974 
-1.5729277408403195 13.505449568863341 
0.9673241283431901 3.741055414647784 
2.1505353707163692 7.545940238084473 
-1.5666407235967177 7.620123118620391 
-1.4487761990029138 11.713829219378397 
-0.4626158519681751 12.721791206532256 
-0.11241164050094188 4.710565999221126 
-1.1631269707647665 9.529972310653005 
-2.8726752666233333 9.773824474397127 
-0.20420885386377652 12.539105277408673 
2.1505353707163692 7.545940238084473 
-3.3081545183557237 7.728890350173621 
-1.5547416918626449 13.773450862813068 
-5.17897797091929 10.205406314838466 
-1.4277854584385132 9.281076562102662 
-2.76142750975282 13.72625646950268 
-4.740497647044313 11.621968446487582 
-1.8798656668105378 6.560534246159749 
-0.3064226443154916 10.483502373921297 
-2.4415740010976794 12.539105277408673 
-0.5083145042138124 13.621906433245748 
-0.07718914009014943 12.961346216598098 
0.12239657113440927 9.060445167365259 
-4.9315418839165135 11.616499475711443 
-0.33883758825167276 4.710565999221126 
-0.47189799335307026 13.011435671526984 
-2.3722652434710025 10.49579198418027 
-1.8798656668105378 9.277422798245414 
-0.3277885082543567 12.656285558769214 
-5.17897797091929 9.567813761738636 
-4.215416326144437 9.299551507540023 
-1.4277854584385132 9.27417588954698 
-1.885964230674725 11.619446348851152 
