-3.3109878569304394 6.306215759799206 
-1.3602391619697016 14.697039602357393 
0.2920549937973891 5.2582152875724635 
-4.995528201077152 6.3079527454417645 
0.295490760719765 5.706942789853695 
1.5794917314575865 5.477037017476405 
-1.3602391619697016 12.233059798987112 
1.3808178533611462 13.399851220041317 
-0.6868200489617828 6.230708507958192 
-0.15600704087017203 11.563712459464137 
0.6284367574551926 7.296910180742604 
-0.13756585783032982 11.421623429206242 
-1.553555702914549 8.593516621078754 
0.6433976066308591 3.9726983325130734 
-8.543523501478317 12.27803753307322 
-0.19283480497467131 8.04136855733491 
-0.6868200489617828 8.698569091501643 
0.5317522662160745 9.016236498422415 
-0.4052098326947742 11.654938846449461 
0.39142242605513733 7.686597141132937 
-1.4641726932639254 10.776521351694583 
-2.900465227116032 9.545073709161283 
0.5224516581521166 14.151236014126773 
0.027786575719235707 7.901661575327555 
-0.8566894359919721 10.368387816187827 
-2.0954096765381607 9.53946109410912 
-0.22902141600879444 12.712419589681307 
