-6.276376971750626 12.096807371597285 
-2.630149265226514 7.796457098626854 
-0.14635716892401907 10.475473538740395 
-1.286788460062875 3.4497045410269216 
-5.129638340170834 6.0024045263279815 
-4.133560281794012 14.269128886947748 
-5.168026807807131 3.3771346061815466 
0.6472338647622804 9.809458734167112 
-8.521930006072282 9.679658956392545 
-5.031254260464374 9.167570790847748 
-8.26078222925806 9.679658956392545 
-4.227908081018106 8.02016367705188 
-2.8483459888109994 6.14620816270189 
-0.8976954423101802 3.420442463308265 
-2.8491500302678103 3.031097365684376 
-4.229796089425748 9.137901618513213 
-0.011302249659630531 12.02981205465737 
-5.16703023398679 3.3771346061815466 
-3.9123189263912423 2.234718965244456 
-0.5488590961960673 4.561510582719436 
-5.16703023398679 3.3771346061815466 
-2.527917138773561 7.143535544831885 
-2.8491500302678103 3.031097365684376 
-4.038523963904478 6.0024045263279815 
-2.630149265226514 11.660888661667807 
-3.2918457124991214 9.53859252562054 
-3.2918457124991214 9.424060194047323 
-3.2824219947795443 3.3771346061815466 
-6.059222067554522 10.475836164601699 
-0.05667968480883201 9.916724198945118 
-3.2918457124991214 8.83556168629081 
-3.686543621202584 7.082589354855456 
-4.0368551161900195 2.3629768385013956 
-2.795640590508743 5.895886824666981 
-3.322230178839547 2.361315861995668 
-5.538987280646715 8.631630637556952 
