-0.3282786657473431 10.13382076324607 
-3.8610940700414638 13.081872700678842 
-3.8777219041244635 4.794456067015989 
0.149481176261536 10.230045552899853 
-4.808758632689106 9.988559336790331 
0.4954473187198287 11.056090025692836 
-1.4095592944372133 7.893177659483239 
-1.3364757997531145 14.843554405109085 
-0.816781943655088 4.445124172384539 
-5.943820733626715 7.310898646248817 
-1.989678522516002 10.457272574923909 
-1.8208588038993077 3.5237935854760942 
-1.2461292895065856 7.001528789539413 
-3.7005576356434458 10.400282760277296 
-0.8882210594961721 10.00184274811629 
-4.423224918319655 5.024799876176459 
-3.8102481907843266 6.9424670169714675 
-3.525214447702164 12.718600045189483 
-3.2455831383485876 4.794456067015989 
-3.591205129444709 6.212385100194145 
-1.2296783362380603 5.372354409962941 
-3.662063829097934 9.909355695811971 
-1.3364757997531145 14.843554405109085 
-6.496350881410609 10.743151945458424 
-3.8676142518799184 12.61055082385955 
-4.297962291269664 7.310898646248817 
-3.6874311135349283 6.764143602144478 
-2.9950027823406717 11.327174006473037 
-6.43804494264083 9.956923383130686 
-2.7419553897932376 9.217657089980444 
-3.0537654043358096 6.253309915694348 
-3.6874311135349283 6.0535419502458945 
-1.3379030190660939 14.713517607038963 
-4.697614317287569 6.507158550516934 
-1.0236667113483575 5.391555822183309 
-3.6440899337179573 6.212385100194145 
-0.8786475022557805 9.02025827128133 
