-3.157621487518356 7.500517541770442 
-1.5194737037297958 4.8058484951333 
-0.6997755884148729 12.723395452728102 
-0.8781135018055517 5.767516631760991 
-2.6381313705798415 10.50377207187624 
-2.6653462711686444 13.582567530076151 
-1.3590123097977393 10.127687844210932 
-0.8201204986064361 4.245521327233799 
0.26094018908795324 3.7879149571452757 
-2.925240948196771 9.525573373012804 
-4.116880045292354 7.179651490522477 
-0.7381005042166224 6.805231036283081 
-0.6611405741437679 6.334321626284933 
-0.8201204986064361 9.421692980920962 
-2.1787532713949354 10.364180414235978 
-4.046362282088678 5.147700105472242 
-2.8818089620674687 12.314576385742946 
-5.721425495945063 6.866658990644529 
-0.8215014395191127 4.6797201077348225 
-0.07057088230718156 6.859476371907403 
-4.21045391449675 11.114844725474835 
-2.8818089620674687 12.314576385742946 
-2.97633588044782 7.71615979516475 
-0.8279613786490992 7.108138759526515 
-0.7381005042166224 8.496944846884812 
-2.665656864270681 6.678565464298288 
-4.189736438439695 11.247814714830174 
-2.6389463565547833 11.065109011393654 
-1.9041232462025035 6.113885828793212 
-3.524859229307655 6.437960367004837 
-0.8279613786490992 3.22619447452261 
-0.8201204986064361 9.421692980920962 
-0.7381005042166224 8.496944846884812 
-4.21045391449675 11.266568856768032 
-2.915876470194612 2.9124239498289635 
-2.3073408624627785 10.241158784120294 
-0.731837365976622 4.9810771145527175 
-2.076573371530438 10.953073814900463 
-4.116880045292354 7.179651490522477 
-3.5908536256640318 6.74058640898568 
-2.6389463565547833 11.065109011393654 
-4.046362282088678 2.899366056498465 
-0.6939947906297155 9.614129196523052 
