-2.003936866454095 9.210920451656323 
-2.2903036004908914 6.480248040624511 
-1.1375863439614076 14.065738270018977 
-0.6163883781463151 10.47809670848174 
-3.6257789079451053 7.092096234693048 
-2.494989657997783 14.616467525812116 
-0.8211586275780594 8.221484795544734 
-1.8430882930311168 8.374546790870149 
-0.2558765349732304 10.254639992046844 
-1.486038927217466 10.86151997340707 
-0.635819900021213 3.6432701890511274 
-0.9686517685606439 8.437281753105045 
-1.844702531702807 14.55592335019957 
-1.2788531515558668 11.058848631537856 
-0.006129544027121625 6.488857832231458 
-3.6257789079451053 8.419975578492311 
-2.4811545168004647 6.488857832231458 
-1.6990932736941282 6.489642890548794 
-1.1953239268643054 4.318911266469147 
-0.9435157101087857 13.192099303629977 
-3.633496808592395 9.17329474418776 
-1.2460936321645113 8.374546790870149 
-4.2683766977073985 11.861440387658334 
-1.9661546212443062 10.487384994839463 
0.4101827763159758 6.488857832231458 
-4.204198982616725 8.70543645512239 
1.0550977745097962 4.485668387035035 
-1.9661546212443062 10.487384994839463 
1.124220272599905 13.177610097150467 
-4.154210647441419 9.17329474418776 
-1.2218183575904034 12.925816926397541 
-3.545489649310274 8.4417672058584 
-0.0686919987010457 6.571699501246944 
-5.91881639094175 11.70782583569094 
-4.2683766977073985 11.861440387658334 
-4.2683766977073985 13.732049395398732 
1.299810043967039 13.177610097150467 
-1.6990932736941282 4.236854655770996 
-1.1091255034409135 11.376446531868114 
-2.058005579216937 12.937968740990492 
