-4.023445892921183 11.96849523762926 
-2.8696178448347673 8.445144508105063 
-1.8643800240474748 10.585668078679031 
-1.8949768547482564 6.80735950673776 
-1.6574231487063824 4.294209734962906 
-2.4633349052660387 7.231290810064905 
-2.742562755326653 9.894761314787882 
-2.3634035760090417 8.236832830975956 
-1.8436454428119045 6.293181663960461 
-3.5679080809118005 11.403715654828009 
-2.5993790937375634 3.9440127751672724 
-2.742562755326653 9.857240153101653 
-1.57177780560688 6.669210935612492 
-3.7540509740319674 11.605425244110627 
-2.534997495601539 4.726116491923859 
-3.8576428361054904 8.396745774231503 
-2.005274994345749 6.845982822599948 
-1.5502423355570978 6.490542143375263 
-4.047220540916338 5.047043616004085 
-2.742562755326653 12.288177172973171 
-3.3981919322224137 10.407945767470316 
-2.5993790937375634 3.5234639545246855 
-2.6068221950834976 6.874226175530673 
-1.6577521445418077 6.293181663960461 
-3.7755864440817497 11.372264667989315 
-1.6574231487063824 6.387482713561283 
-3.5679080809118005 8.309061777699938 
-2.6140117207306894 3.5234639545246855 
-4.3268488220035195 8.555443150542681 
-2.4633349052660387 8.718815804422901 
-5.427867254188869 13.161609125379016 
-2.986473249602361 3.5035791099512585 
-4.065417859100277 6.313066508533888 
-2.6974237184082805 8.445144508105063 
-2.7324071490568667 11.03849304345935 
-1.541514264268866 6.811814274294401 
-0.7514955131747216 3.2226986171240286 
-4.11098489246984 8.606535092917284 
-5.035600181596603 11.708654241510224 
0.7593036345005957 4.068227456602979 
-1.6651952458877424 10.350118649157903 
-7.484287934738798 11.372264667989315 
-3.2485877575632145 6.475756716401284 
-2.4499481053206624 7.027788439701248 
-6.057774278081891 12.518358127596873 
