-3.3737041190451333 9.414947142316436 
-4.022576488845778 7.348561701245888 
-4.022576488845778 6.198802433070649 
-2.2367851953518803 7.935288875912967 
-1.5947485693474064 9.46669624596123 
-5.184151760711991 7.348561701245888 
-5.990643741705811 12.30755899025671 
-1.5239915663646038 9.406589749885873 
-1.9273378664131646 7.951149631936483 
-2.799050773560892 10.563548108919607 
-1.9273378664131646 11.050243923374383 
-4.288049962905427 8.703916094949523 
-5.007295240872167 3.2272641711768957 
-1.7631008814012818 3.4903127091169095 
-0.12217917286387703 4.4640823791287545 
-3.8710785259927247 9.202598770893475 
-2.2486063547670763 8.239500302755609 
0.23023069487617942 7.719164009154492 
-3.8398900178795685 9.414947142316436 
-0.9638839542833897 4.128195605410818 
-4.194812821441222 5.084086543572987 
-3.0920240010978257 9.136599365897796 
-2.1028712585203015 8.96434542124299 
2.3545936194103696 4.4640823791287545 
-4.022576488845778 7.348561701245888 
-2.7515123074757533 4.475046990508749 
0.05708304265672748 11.995651111355729 
-3.322846027482175 9.130769129700393 
-1.6947994686716146 12.795078121251048 
-2.1586534674591826 7.935288875912967 
-1.5239915663646038 9.46669624596123 
-4.645178727620969 12.374997358439522 
0.05708304265672748 12.807720327414803 
-1.7263999865768453 5.19863986421891 
2.152814200663948 4.612759930656836 
-1.6947994686716146 12.795078121251048 
