-0.7620091939214384 14.12290337657458 
-4.32419257619886 9.719395213137553 
-0.8760809612883382 6.149542241728638 
-1.0788969974462477 13.798349481573666 
-2.534461151934649 7.545386138872593 
-2.176669007370058 12.475436331882975 
-2.067044671548156 9.628295870348982 
-0.852169532982983 9.417102287251526 
-3.3512453924040466 6.419122111763117 
-4.9848337220055035 14.137083831638048 
-2.48140587764823 6.701110256392369 
-3.344362356522283 9.172535199903514 
-3.3512453924040466 12.679000605160162 
-1.8565314282674947 5.503769415450869 
-3.936605990453066 11.602894735401051 
-2.6642800972512832 7.7186695853695335 
-3.8362087657548196 13.980690761714818 
-3.039375697674182 9.17954688612857 
-1.36645157030939 10.768983743098822 
-2.1712745130133877 6.419122111763117 
-4.412673125750849 8.679656275267147 
-1.2936363280907717 4.3564618990740795 
-2.4690259724898604 8.915908483715125 
-2.488735820817615 12.189378376904092 
-2.534542735586533 10.380589425738055 
-2.777051906342068 11.601321767672745 
-2.089660487854717 11.953938002724044 
-2.0136926044268746 7.689627294558461 
-3.3512453924040466 8.109632791593153 
-2.21833804400935 7.210812834928355 
-0.8240363144835605 5.103238951657163 
-2.488735820817615 11.379668346052128 
-2.089660487854717 10.40914663643631 
-2.176669007370058 11.342244268686034 
-1.6599822716908137 9.704083399893483 
