-0.37435610913067485 11.39575435632997 
1.7783969611098325 6.870265821120142 
-6.218774629281146 11.563272228826017 
-5.3397986495119 11.457951720891568 
0.38739754610983557 4.6768864976852145 
-0.7176752051591428 7.582207902071341 
-3.9791541057432913 11.241687202429446 
-5.581808596745726 11.241687202429446 
-5.334384160274792 7.565145792786337 
-2.4333434105291953 11.272117919834853 
-1.2695031943760586 7.565145792786337 
-5.430790685527434 6.387901453985658 
-2.880163899376647 4.62261036588095 
0.41858109439142055 9.508577367505584 
-5.374516307327044 11.454429284460113 
0.3577745492202711 13.817873723771129 
-4.343184340657689 6.294522426639108 
-6.206492870066574 11.618967880850919 
-2.5692302387648915 12.042428549963182 
-3.9791541057432913 9.180546674554517 
-1.5425639237234847 11.272117919834853 
-5.3397986495119 6.954001740795475 
-0.858731048484513 13.014467772553294 
0.37291033060497547 6.745620164178741 
1.7127601879623051 6.361580491215305 
-0.37435610913067485 11.39575435632997 
-3.4027061074613525 10.931127252025739 
-6.683717224683424 12.46218159275401 
-2.4333434105291953 11.272117919834853 
-0.5542458573639708 7.6063021445543555 
