-1.408753545410483 3.818076194503444 
1.4457792694156666 5.028203714231151 
-5.887020927019685 13.26795819553145 
-4.182569753719305 5.369577524136912 
-1.668514887578696 6.959523325287305 
-2.3337361727340267 3.224875194273236 
-1.8581512028880736 7.891347806146547 
1.4457792694156666 5.028203714231151 
-3.6200422172663522 9.349700503474327 
-6.603224842931612 10.84173247718791 
-4.927838543792513 10.067056197692146 
-0.7898737747363063 8.982223285856676 
-6.117180374947334 12.426078777777446 
-2.9227025525184374 5.080571218436596 
-7.0213925039761635 7.299227990643916 
-3.5492742669625708 8.236655274051717 
-1.8154083988560434 4.706858406709243 
-2.477892148370866 3.224875194273236 
-1.8949667526551366 8.994084855075172 
-3.5492742669625708 6.754520065678667 
-4.182569753719305 4.048079620988004 
-0.906447443663918 10.217899050249722 
-2.339381030431394 4.844694706339375 
-1.8736849628767995 4.379225361855011 
-0.21603741904954088 12.993603041731864 
-1.408753545410483 4.31488170710116 
-1.8581512028880736 11.422831815817943 
-0.8693912128499746 6.498932950384951 
-6.126093549944193 12.426078777777446 
-2.5052478799734814 3.234647646220896 
-6.503090722115235 13.07670167594355 
-8.437030742368139 10.202976771711313 
-4.657461242955097 2.2344148559496197 
1.6588787234063977 12.993603041731864 
-0.9267987706918727 9.24478201010792 
