-3.205721125565079 4.670926965915927 
-2.4385363649525402 5.067465570015696 
-1.4314520559632777 8.636758952640266 
-0.7524682445496413 5.543485893118346 
-1.300747503909438 8.929703737552444 
-10.54093481635607 9.728387094749102 
-8.942751901647473 10.424879252225173 
-1.5169470795244158 3.166688593919031 
-4.229051800191789 8.476926458077411 
-5.9850155911387946 9.636162097595012 
-5.965592044007084 9.21470352975793 
-3.971699309649469 4.106214399911444 
-5.965592044007084 9.21470352975793 
-5.634716549569637 4.3276269469802395 
-2.4385363649525402 6.341847465112886 
-8.942751901647473 10.023884543564463 
-1.23857862632006 5.8945161558797246 
-0.7085310406437095 7.746004816419334 
-5.980305997847649 3.1564362789054026 
-2.3433543182178442 9.316644642128242 
-2.422875016159093 9.46017214929128 
-0.5969796425207914 8.120814578987776 
-1.1705680993305947 11.166504004737977 
-2.4385363649525402 9.46017214929128 
-5.39808300716498 3.937630814869382 
-1.1705680993305947 11.166504004737977 
-5.717261065720711 8.147532293206924 
-5.399312419028949 9.208477287651249 
-5.717261065720711 3.5267549935430558 
-1.1705680993305947 13.245209323906716 
-1.4354806945276746 3.1428869569609166 
-1.2472051382146638 5.8945161558797246 
-2.8418769832129085 5.355081525031208 
-1.4314520559632777 8.947411502379413 
-2.826441965874314 5.355081525031208 
-6.0880652516599945 10.38851763727131 
-5.717261065720711 3.5267549935430558 
