-2.0532729720539447 11.400532673599239 
-2.053618586302862 13.155348518908756 
-0.5470577071772347 11.838352958104757 
-0.7988676910639452 11.149269458054455 
-4.046085238420972 6.282218017346795 
-7.9105520204021325 12.12985556462636 
-5.287098393317134 3.6658512298910706 
-3.9990971220087745 6.222229973421493 
-0.5609705403758014 11.162431778922839 
-0.5501419207232642 11.162431778922839 
-2.186702915923398 11.605315007992981 
-5.44944197093547 12.108756416492756 
-3.02319381316891 11.82569584592694 
-7.8249858926796785 11.976358118518245 
-2.8065525702320047 11.710476894550155 
-3.261503941374243 8.105302876544414 
-3.4479928800136306 8.761075664120366 
-0.4998665707452563 13.133451167666202 
-0.24571346846187492 12.93278533873326 
-1.9177077054284974 8.730057503392699 
-2.912151286350137 8.697014888069194 
-2.5129401006982475 13.133451167666202 
-4.220025258032496 12.575077372320152 
-3.0974878233722474 9.641877151912423 
-0.24571346846187492 12.93278533873326 
1.1223549189266744 6.378081917992064 
-5.287098393317134 3.6658512298910706 
-2.6580170024968632 13.634808730559921 
1.2341891552223694 5.240475728109435 
-2.25989096934988 12.885672230960079 
-3.9534068341855444 8.379212638545882 
-0.9944743917207681 9.915835829045495 
-3.9534068341855444 8.761075664120366 
2.1549084446096316 7.739090527941028 
