-0.39216345167002276 6.454944364095782 
-0.5148675783876381 7.172680883753457 
-2.59045125641019 12.307590444106028 
1.6666610592318625 4.861303058111554 
-4.394982979887929 14.075989164392471 
-1.610872764852503 2.807175016723697 
-2.59045125641019 11.200097909898165 
-1.7969790420446405 8.719358651850825 
-0.7819648409011708 9.039671576483084 
-2.6378208971155956 11.184708148177343 
-0.9525296665782896 13.9620237109462 
-4.301894883680346 4.975268508470257 
-2.606526332171076 7.653731590585763 
-0.397177968171627 7.172680883753457 
0.8965938179759307 10.651338458211832 
-0.6495101997823414 5.387417227051635 
-0.9032453733898468 6.454944364095782 
-2.59045125641019 8.407515711996234 
-0.32536220236783575 12.952175800702605 
1.6520323419519403 12.940999356037125 
-0.5098530618860339 6.454944364095782 
-0.9966839080725539 12.64836560672923 
0.3937699196302098 13.884011243086295 
-0.32536220236783575 14.508428949899525 
-0.5270599508649387 6.454944364095782 
-2.59045125641019 8.641447279331654 
-0.8825570160854843 10.501707289146026 
-3.696426397530987 9.951665359992331 
-1.610872764852503 4.19062439740143 
-0.38535445569047067 8.720174691695501 
-1.7969790420446405 11.353102814451436 
-0.6495101997823414 8.406133332630574 
-1.824675624362869 12.937710077451918 
-1.5808965783312021 10.501707289146026 
