0.049319224925617355 6.345454109326404 
-3.295969129865118 3.543402746916195 
-2.353288149996297 7.549412369808682 
-3.1580394096883957 11.615907993422791 
0.5764918758036996 5.938208857780196 
-2.48927153238512 11.720817314147606 
-2.053904431036953 12.885064961154416 
-0.7975803569039837 3.8267242436927793 
-3.295969129865118 3.543402746916195 
1.3353133569935494 11.749513898121752 
-2.48927153238512 13.438612046132224 
-3.378164268926505 10.684773517127425 
-2.582542198118849 13.438612046132224 
-2.0275016642655763 7.531785915973675 
-1.4412906320214607 10.439254321671765 
-2.5011102300048815 10.902085521476598 
-2.6844694594874308 7.509096337609276 
-2.582542198118849 7.531785915973675 
-1.6363159391093625 12.85221809556083 
-0.5425141171596648 10.221162537840316 
-5.668644379826778 8.16937813023033 
-2.5011102300048815 10.902085521476598 
-2.529688108980781 8.93898018404501 
-5.944262336163384 7.076689524574243 
-2.053904431036953 6.951132101363193 
-3.5098828893133813 13.65548995185133 
-1.2127321434746001 6.903229595405316 
-0.23787841099133855 9.563565185072601 
1.2684644151228508 4.764300434671483 
-5.20113763686709 5.470700833194763 
