-7.079657276357011 12.11084668167361 
0.13263462513482827 7.199078640235312 
-3.9580908662361827 11.13877811927452 
-1.8063937526132792 7.787095509580404 
-4.8824679432868745 11.167703580377912 
-3.9580908662361827 11.13877811927452 
0.2630758494575538 5.637097627332436 
3.15712041162722 14.331785036389167 
-9.034820034716972 9.689801028725324 
1.6705717999338434 5.174283809020977 
-0.37175563056111827 6.428391749517334 
-0.8783520228644943 5.274699404718343 
-1.755305090205455 10.30561931692473 
-5.245873612773459 6.7685945606711195 
-4.272128815954372 5.3744687950666 
0.11155735750917506 10.209221891452263 
-4.069369676369689 6.364197880319504 
-3.8188612976548955 4.935721232436838 
-5.959822965898183 10.239574124109396 
-3.8188612976548955 7.344591460834336 
-3.9580908662361827 7.2944484477247045 
-6.345977566840385 9.163644578602089 
-5.976862881135052 6.858420520756625 
1.3422198376011005 5.1549957177781405 
-5.976862881135052 6.492257686283902 
-5.976862881135052 8.493254351690691 
0.13263462513482827 7.025612643904635 
-6.701536872492634 13.22997479264242 
-6.238934080212807 7.988188339826092 
