-2.5083623113071196 11.423947845551117 
-2.7556635473184836 12.257398363301718 
-3.9002263136033894 8.32316457933686 
-2.3505493749453645 8.058015672691106 
-3.779510867483147 11.203086322965548 
-1.2194577741706178 10.148445641261342 
-3.4665025237949276 11.665986823309037 
-3.489558854236581 12.257398363301718 
1.226661925006912 10.354186521228748 
-2.731981026349189 11.184914260865325 
-1.1769992308952109 13.212111827472292 
-0.06047169608228886 6.25281914448822 
-2.0133451293055424 11.83462919750767 
-1.6782708611012138 7.979459858733184 
-3.2955904143995403 10.520778559932172 
-0.9079055084342049 6.999942685617256 
-3.3120891473232357 10.332501871406803 
-2.8687845994273378 13.349049212809579 
0.15227212456637162 14.760459455778758 
-1.4471138974765037 6.091085796261613 
-0.38079520650026977 7.77918679351295 
-2.7258871463332874 12.395684763887282 
1.0030432099648428 5.608993078328934 
-0.05010518034386413 6.069062686424964 
-1.5222976087079623 8.859772840043274 
