-2.224085496996058 11.258579892530815 
-0.2752104683923158 8.823159727181622 
-1.515261162346679 9.363575960784349 
-0.6912362891748058 13.407872891918762 
-2.379899920870682 9.429338824071184 
1.927292337157859 7.52303223046943 
-3.924886118995916 10.73005337579215 
-3.281183379663931 10.517873349537965 
-3.277576246658531 9.832666354133927 
-0.9951514263663817 10.496282287870248 
-2.3352436646774244 13.497858361178885 
0.06278419620055509 12.728839717660895 
-0.6038612095835281 13.259539634819411 
-0.6217839517469566 9.50119166946663 
-1.9548255893556514 13.634940537957492 
-1.879808397710418 8.449182940455296 
0.9618563917706823 7.450580045041488 
-3.0828065688733637 10.2651519265086 
-2.523046350142233 13.988368161462331 
-3.2825584759827757 10.639076534891924 
-3.814152294268057 12.57850661585672 
-1.6318918752762681 7.904509568018387 
-2.704693673445167 12.09724343760255 
-1.6230640462039112 7.889357057330805 
-3.787180931472684 6.202325125182882 
-2.107353515732366 9.50119166946663 
-3.333706236963724 9.517063212748843 
-1.9181873255492692 13.259539634819411 
2.2416542439795846 7.2614617011378115 
-2.691199845787853 10.59728758795403 
-3.3161905354601755 12.139032384540444 
-5.039337155052046 13.461406934916399 
-2.523046350142233 13.059860039809582 
3.679802922753159 5.7005825887539725 
-0.6217839517469566 9.50119166946663 
-2.087434305907504 11.250990850358951 
-3.0158274993458454 13.156467922103662 
-1.9828965351397583 14.803736762884093 
-0.31753516691498196 8.978547929532631 
-0.6038612095835281 13.259539634819411 
-1.9828965351397583 14.803736762884093 
-2.2614888664557475 6.444134776146702 
-3.360581426195853 13.588726134091639 
-1.9884749087188167 8.4455623991441 
-3.360581426195853 10.465333467033936 
-0.5487091666062351 9.486483834549668 
-2.523046350142233 12.09724343760255 
-3.277576246658531 12.09724343760255 
-1.4958369763767907 7.889357057330805 
