-3.9664932665549206 12.4658692420164 
-0.8063451143251603 14.116925500868941 
-2.9464647643544186 9.372490252996922 
-2.3686819857261154 4.389062476275539 
-2.833901909130599 12.2780010548028 
-2.8507359157695786 10.7433129680775 
-5.9001265681998705 13.185713476958776 
-2.915050657205657 12.015544273489152 
-4.422599578887046 8.855936882848384 
-2.986193177173579 10.805873511519154 
-2.8188182752648183 6.003050537290518 
-3.1344951993491383 10.256043102200046 
-5.9001265681998705 13.185713476958776 
-1.8603084545370958 9.690862354077227 
-2.833901909130599 9.464511172388725 
-4.554574753654532 2.553117267236484 
-2.8529787443540093 12.572183990198386 
-0.6480045386036397 11.4504883698686 
-2.778604378284934 5.06329327848053 
-1.4720626058623258 5.132719686783954 
-3.1373869203600613 11.427373811237175 
-2.8507359157695786 12.015544273489152 
-1.5150683179948228 5.24543001669204 
-3.469568788735386 6.878993078853765 
-0.9884490644014727 3.306711840718892 
-1.9993064152078448 2.9968546212111438 
-2.724726973160293 6.930784177164972 
0.4290502729509442 14.54499956995676 
0.08250473873844966 12.263210518222671 
-2.3787224630576684 4.7315684730224055 
-2.500490424499133 8.74268565299452 
-3.0240821182827338 4.389062476275539 
-2.3787224630576684 4.908450967980103 
-0.8063451143251603 13.778682794750157 
-2.0601828739591115 5.132719686783954 
-3.0997527670093645 9.464511172388725 
-1.9561409346336873 14.552763712385373 
-0.3040456080744929 11.03813103023415 
