0.6596425273343959 2.0368157672598373 
0.7323354000322414 1.3688001454375536 
0.8134265225538286 1.2304321966780287 
0.702138517710524 1.4246765746835128 
0.8041314147598878 1.3060501133589193 
0.8211168741851986 1.2181317567243135 
0.7976942067808124 1.313204058474752 
0.7412133888609581 1.3514777546705625 
0.7546668111429644 1.329631671574559 
0.5881851821022492 3.2218410289245623 
0.9964217926118626 1.0098386693041979 
0.9242990234648616 1.1018218466685272 
0.6150330949626516 2.562848585308687 
0.6937063894178886 1.4434764469616048 
0.6906341607830792 1.4486901732355342 
0.7488177997096502 1.3381699244505922 
0.8663933214715094 1.1736607112829958 
0.6059970730376563 2.850873013089121 
0.6779278005233121 1.5982443659463719 
0.5535407254194591 4.985935906719042 
0.6064167669290634 2.7820184147738707 
0.6010307849931699 2.873465172208753 
0.5958985788704612 2.9845995928999627 
0.90685119188614 1.1709955746813117 
0.9960677263723448 1.0237248821567229 
0.5849943450756366 3.2370107354896915 
0.9940908027536323 1.050528016533375 
0.9133867983081788 1.1046839672787478 
