0.6660643127939455 1.7115097169549949 
0.6985668214838945 1.461036352768458 
0.7200224314154436 1.3888830672237236 
0.6844314133950014 1.6330715648977248 
0.8490547757296686 1.2799716611500125 
0.6090208822715801 2.5046725962248884 
0.9881668375273693 1.1439935284239866 
0.7041341872526872 1.4366796552422303 
0.608508573091606 2.964774460811914 
0.8704539496987689 1.2215219701876407 
0.8490547757296686 1.2799716611500125 
0.7754461470755091 1.3006498454847113 
0.7200224314154436 1.3888830672237236 
0.7133160420298819 1.4230512058678446 
