0.7202162538598562 1.3884884596116431 
0.9198822778198452 1.0950773013736463 
0.9010470276556798 1.1485305246738224 
0.8417568607724779 1.214270786718002 
0.7807836459095678 1.2899622806279647 
0.8549567631274917 1.1703939160322476 
0.8598768265455717 1.1638273571773818 
0.6561479442510715 1.883004392599331 
0.6616117909953899 1.5972746433925442 
0.761823541008339 1.3839891920828415 
0.6693334994063339 1.5862510111521464 
0.7046431517558212 1.5502853729658443 
0.9012171093185829 1.1179899788872856 
