0.9456448031475184 1.0580516898289642 
0.8066237317455586 1.2452201582397777 
0.9294836535933103 1.0769568408773993 
0.7353205827921538 1.4015981228966972 
0.9406798095092237 1.0630839734941788 
0.9294836535933103 1.0769568408773993 
0.686455341220949 1.5005591855294895 
0.6552672400345084 1.7212315228470083 
0.7944548668375185 1.3628680104265452 
0.8066237317455586 1.2452201582397777 
0.6770046787628625 1.5382307598324645 
0.9938745262845933 1.0291252606255914 
0.6164793526773321 4.292678349811909 
0.8939148571168407 1.118689737671237 
