0.7992085744768841 1.2687384772023944 
0.7812288430375054 1.299426092936024 
0.7342409838935132 1.3719792299153262 
0.8179384690360143 1.2234719865718513 
0.7396292822129066 1.3549442365374071 
0.8820035765348793 1.142425346732672 
0.9836850464770696 1.045719174417151 
0.7038162708157273 1.648252589085618 
0.8132971493110016 1.2367058378468148 
0.7172946380272248 1.4186974750914998 
0.7913758903381426 1.2714052601987456 
0.7784964424748497 1.3397212635478684 
0.6682769966182434 1.6846877106642042 
0.6586628025567646 1.8085100301485955 
