0.6595323686505019 2.055632644601277 
0.7737595126937102 1.5922674227950937 
0.872642290661225 1.2362608552032985 
0.7443157479859699 1.6552545992392802 
0.6278603676868663 2.436267242269344 
0.5752553694265156 3.560462569683466 
0.700732936231265 1.8318560948263183 
0.4865481996199773 6.666012062082077 
0.5148818365634498 6.290133657595402 
0.6294619968381944 2.181358525273448 
0.9821926247699626 1.1564172104030603 
0.7357719726185923 1.6744753958964125 
0.6266809417240906 2.456161894149976 
0.5543987758837309 6.224711386443945 
0.9806200252743136 1.1679416788599237 
0.5891783032054696 2.911518057563588 
