0.6555917372850097 1.8221064574821622 
0.5162335383325257 4.972406273184918 
0.731574715341981 1.7677196097383945 
0.8660290727047337 1.175142764609181 
0.5905402588603703 2.8708544194446075 
0.6407132319077781 2.3608064084138056 
0.8570788247700697 1.1833890662689162 
0.5520809092601402 4.03729593430616 
0.5574107409387759 3.6594635215694775 
0.6219378535899859 2.6433536966651454 
0.8565945192263388 1.1941229751219635 
0.916279024554885 1.1571128752190212 
0.7985711070097871 1.3168362739724393 
0.5814218925987686 3.138062741244149 
0.6204674470433424 2.86171375910791 
