0.8035488528226777 1.2452732357352585 
0.8178649315620906 1.2227265586958769 
0.7821822901803049 1.2799158348567776 
0.8360912477666573 1.1964353229974487 
0.8799063482297762 1.1407636057223058 
0.7050672659372718 1.4203034800851964 
0.9403541379631607 1.0636179506050263 
0.7907895532262597 1.2659847298967415 
0.7870992081049167 1.2716285546777046 
0.6576212918914313 1.8405140293827884 
0.9563174428344681 1.0460867736985386 
0.8017606513448267 1.2491344989559143 
0.7354271079669553 1.3598216619529786 
0.8866313751917778 1.1299279550877963 
0.8388132936961632 1.1921904203978737 
0.7965796846891656 1.255398791192089 
0.7811043180993394 1.2805148316056745 
0.7923291130832608 1.2629872004430087 
0.872537911974682 1.1461530497456487 
0.6862169096433821 1.4575403963149804 
0.8716082814801194 1.1495209232847228 
0.8023535878424014 1.246343994660604 
0.7371236066309877 1.3568144091661936 
0.8872800828137226 1.1291655485323617 
0.7972059900423938 1.2544268519273838 
0.9686895570298143 1.032608406671033 
0.8002117751184301 1.249737806544054 
0.8961721412041705 1.1166398533856394 
0.9931826207353954 1.0106309698038358 
0.8688647201234506 1.1514279157439296 
0.9184782293240399 1.0911556971978904 
0.7974375512236364 1.254064049774203 
0.8667551094337218 1.157857382236145 
0.7441759406605043 1.3438020750299544 
0.7422204129223398 1.3473105618363799 
0.9725984219296244 1.0290428477875948 
0.8671080919249949 1.1542337791292978 
0.8051607286033106 1.242535208246047 
0.7671105168931874 1.3068267834541298 
0.9998839985825602 1.0001599126270588 
0.6651458177833355 1.5705069885578218 
0.7262327527315402 1.3778486809670338 
0.6610311586057895 1.834783259868428 
0.9998839985825602 1.0001599126270588 
0.6651458177833355 1.5705069885578218 
0.6800065725972181 1.5169414210703058 
0.7606675925480524 1.3148751582549145 
0.6857790577548043 1.4584478878643043 
0.7225175693182078 1.3847068538319258 
0.7006988210018648 1.4279626956601876 
0.7059444027046703 1.418240719007674 
0.6819657822267784 1.5150000812401498 
0.7474620701074588 1.3397156761390145 
0.7354271079669553 1.3598216619529786 
0.7256541629120197 1.3784290113474387 
0.7695052328060985 1.3002727579070759 
0.881777502600224 1.1349351894749873 
0.9215162438227794 1.0862964479482364 
0.6857790577548043 1.4584478878643043 
0.827193734716229 1.2134583428015089 
0.9346899412183355 1.0735805173024882 
0.7929280025013915 1.2617505591992504 
0.9156805432509998 1.0944895139094815 
0.903618181424139 1.1086463566349014 
0.9396379417633751 1.0665155434140832 
0.8088583946990251 1.2368379608272047 
0.8319945998023627 1.202190091852806 
0.856360721587582 1.168038737142216 
0.7821822901803049 1.2799158348567776 
0.8748397992229694 1.1435637640671599 
0.7400600676851627 1.3538347796606207 
