0.8545259676847473 1.2551309049156745 
0.6600814774680279 2.1162864704271747 
0.8716911243870392 1.2465535821077065 
0.8395764780631974 1.3160250427958153 
0.6406973528008271 2.490568192381792 
0.6138584076006357 6.276860980455002 
0.8306204395370511 1.3801686984760042 
0.8716911243870392 1.2465535821077065 
0.720230999563949 1.452536268504422 
0.6750212347067547 1.573080777151823 
0.5742785048676218 8.450542350132535 
0.9538022847230502 1.0730377401019275 
0.8807426448521024 1.2206274764160272 
0.8488559073412394 1.2641552798983309 
0.9032978957408851 1.2113013755722435 
0.6292646564397328 4.001132541690024 
0.6588722982489972 2.12017033324605 
