0.9181433995279293 1.1721533433665852 
0.6282523169978029 2.9404893359605087 
0.6825113383173965 1.6778914781421237 
0.8526371746184832 1.2355106731466057 
0.7707026609994316 1.3733107014870032 
0.7359614518644988 1.412331632356211 
0.9505041370865693 1.0649125178611272 
0.6818106427434244 1.6796158442030713 
0.6318404710511489 2.538148742607367 
0.6342790023770407 2.177536040440926 
0.5907977096834838 4.091149491111161 
0.7095637950749208 1.4757167959157909 
0.6872840926165282 1.6161668668809204 
0.7788393777991015 1.2988772680850655 
0.9719715776982988 1.0413923380961927 
0.8674911875835253 1.2221194331533034 
0.9079297164064557 1.1779675448480666 
0.7063990568583506 1.5515201947467443 
