0.8135100628723557 1.2409834774036574 
0.8276957388105549 1.2115289657978257 
0.9642630069409832 1.0833623209696468 
0.6009945403911808 4.966178089365907 
0.7983912113550924 1.2868092880388362 
0.6354558156121748 2.241881788449424 
0.6891173914511887 1.5287562130492962 
0.6740120946829276 1.5541989104673661 
0.6931044888699248 1.5142848407628564 
0.9691001966360284 1.0360390231894026 
0.9865948496729495 1.0166287672213188 
0.7347952837021755 1.3646178348252385 
0.87293241918327 1.1527952276489357 
0.6189846002338053 3.6730472033213784 
0.6101637474725929 4.777149191418286 
