0.9035181702756909 1.1284108658819265 
0.8308284124686917 1.2079503557511375 
0.9421213151785307 1.0626883894120418 
0.7668333414454448 1.3047522712347883 
0.9437960791770574 1.0603756274356997 
0.7953004091294019 1.2577809683710932 
0.906972197039982 1.1055551946496127 
0.7053340357097754 1.8678910054125055 
0.8483995883746592 1.1793061834419591 
0.7541101733613582 1.326495207985076 
0.9134113217112381 1.0961537737077367 
0.7394694442936122 1.355122633547397 
0.8253592469938378 1.2123522712200256 
0.8203519480550627 1.226720274877733 
0.7272364714131022 1.378400988956231 
0.5967808247108582 2.9554278337385433 
0.8001159162169776 1.2501855559995507 
0.903758818037533 1.1071099868254615 
0.871985463507865 1.1589202704026216 
0.9703982849744557 1.0305149707716328 
0.7518419948392256 1.331048704248112 
0.7655398640756508 1.3182943664483193 
0.7896678363452558 1.2667385796454773 
0.851909651336915 1.1745684018195255 
0.7331344004799194 1.3647487407162884 
0.9712107116060512 1.0297857126009748 
0.8921271194454685 1.1288844827395348 
0.7706114277048778 1.2998535030091818 
0.7056652594396159 1.6332817697423017 
0.97766671848298 1.0228536385374591 
0.9902077503627238 1.016292867280219 
0.9421213151785307 1.0626883894120418 
0.7743748090313847 1.2917010809918625 
0.759288420931364 1.319802599286585 
0.8059395210432305 1.2417629577380611 
0.7438922807224522 1.3449835500755059 
0.9405631112840037 1.063407776300663 
