0.8484652492268775 1.2078075471932326 
0.9824663904280166 1.0597127000423912 
0.7940280137391318 1.2748385043906665 
0.7572108839367886 1.4331043754199082 
0.7254969292579319 1.551212963690414 
0.7272041894499729 1.437256233704338 
0.6029474901682471 2.966995517030839 
0.7999458124582034 1.265620236811075 
0.9043360649040069 1.115796254627738 
0.6472497800086568 2.7577513321998124 
0.6484574761742815 1.8376361590739012 
0.8385890206017067 1.2203966555041923 
0.6667566298905373 1.6266892642476003 
