0.8650584178923386 1.2564453720911792 
0.6700467672418794 1.5051215519914796 
0.9223170829784564 1.1257347710368728 
0.6666441416702668 1.6480980492420607 
0.8650584178923386 1.2564453720911792 
0.9912610115156024 1.0458383350283604 
0.659339710158063 1.8917680491376039 
0.8672926135858341 1.1976999829750583 
0.7050655441543889 1.448260562056292 
0.9615203751031093 1.0786778781840236 
0.7895377876392207 1.2719485613706152 
0.7638584218248248 1.3576030953128269 
0.6012997913294174 3.3843624019972025 
0.54496652488901 4.084011507561666 
0.6292899780305726 2.333770560581074 
0.6608996695446152 1.6655808667479333 
0.6644099460322952 1.6533778428347465 
