0.950979245481845 1.0582681414088675 
0.9975840079141178 1.0024315816090776 
0.6599844284521657 1.6077571196368643 
0.764208412544258 1.3500999322647727 
0.9126714551348102 1.1012869504987435 
0.7471908940468144 1.3677848639629586 
0.9779673119565344 1.0226120922562338 
0.9021597441162597 1.12137530256597 
0.7282193099528245 1.489107357580875 
0.8135518754011598 1.3134485454166034 
0.8417592571163791 1.1882577562625443 
0.8864444825914548 1.128274832075235 
0.8135518754011598 1.3134485454166034 
0.6534251236364672 2.6313500918720494 
