0.5986489835503193 3.3608297315044675 
0.7404827571452762 1.541709705345927 
0.8401216734605224 1.2238522733577055 
0.5143626889974872 5.289600146294 
0.6061651218128302 3.2018331235610327 
0.6887461179238108 2.2641732916710215 
0.8968569140204272 1.1445546612337985 
0.6978296773710909 1.9075373909860454 
0.8936449751462892 1.1486684197310035 
0.7257196308746084 1.5527465250230126 
0.6420078856695658 2.264258706308803 
0.47875674702558285 7.113920911515245 
0.6070957215585638 2.596627401541521 
0.7052418978243326 1.6798206055064548 
0.5864332897506797 4.7227077159689275 
0.636452269192277 2.443232105388311 
0.6925550215961594 2.208634557395045 
0.6923251479882495 2.2385900439661364 
