0.6905044151834173 1.4867044398111042 
0.6755678059294798 1.4877916080435452 
0.6240187526270214 2.6107792805308137 
0.9438461414503009 1.1281985078152668 
0.8460774295426003 1.2104915463275479 
0.7380933371410353 1.3843261877928934 
0.9842866720158029 1.0359221677252963 
0.7695856812779601 1.3024115731184285 
0.9380248553064927 1.1562580890097958 
0.7475734996696297 1.3487908892915175 
0.6745991900307762 1.526708837802047 
0.6158130222441245 2.8253749471176386 
0.8734651071327285 1.1582769380827598 
0.8077203028139772 1.2404205535813912 
0.6644846840732647 1.7339613434468475 
