0.48430160131164635 6.110553529102264 
0.8594406212540109 1.2249331882044288 
0.9463412768572895 1.1192869696593084 
0.8454048913583194 1.2452699895946853 
0.6460846320747488 3.083720342382903 
0.5572812481558231 3.602914096176391 
0.9087884705667639 1.1593911318395025 
0.5475764092166742 4.01008470215489 
0.8964648472924752 1.1729692659794957 
0.6646559083300102 1.704343484578686 
0.8127083182313762 1.3513066143491403 
0.6665404386042584 1.5189758720344222 
0.7267456226594228 1.393140615378129 
0.816686417369787 1.2850937102101823 
0.8925953471033631 1.203176138044611 
0.6460358233782275 3.10435980762881 
0.6620274960400634 2.1222010164289182 
0.6728247990106686 1.4862921933407984 
