0.5693217885463866 3.3691796500819153 
0.6716731880922773 1.4921795335206138 
0.6430504736029619 2.1135854620834356 
0.9580466808733986 1.047589945861744 
0.8434511165429514 1.234737859874205 
0.7027028507896014 1.460379237058004 
0.618907199346183 2.846722892767697 
0.8622469032543505 1.2079308757672642 
0.9017522257054781 1.1316698360496347 
0.812960429057404 1.3092080646280984 
0.7176513945816927 1.4374247981690649 
0.5908855051889036 3.060133872843811 
0.8027281500258573 1.3112134050692623 
0.9563271994261822 1.0766098090413854 
