0.9988912099429572 1.022265214809385 
0.7506630170099333 1.34993263367646 
0.9289451418127985 1.0867212902448264 
0.818316686160228 1.2230617629312768 
0.8516586255709513 1.217750751614931 
0.7041378274715309 1.4202981932181422 
0.8586503157662477 1.1898066588357945 
0.7933460643209729 1.2636313241548487 
0.7401914189408498 1.4081147457849679 
0.8715050667065465 1.1487410554933615 
0.6585169315366377 2.351051212785112 
0.7410336028312432 1.3653547968720385 
0.8884330777385686 1.136286795920326 
0.6722069147392555 1.8197579751763326 
0.9703756275612639 1.0306417197997924 
0.7738371099938042 1.299134981708044 
0.891325381729649 1.1227315016081327 
0.7792224376549359 1.2876213337180469 
