0.9055999546398363 1.1942704830906046 
0.6632395787432052 2.0905774932520758 
0.6276748243180352 2.3040425332991576 
0.6331665261380894 2.1971118772483322 
0.7614551951389521 1.4237907790126805 
0.6057857087397859 2.8096871650077695 
0.8039430178527335 1.2547987501653217 
0.5222449978476533 5.906029065011116 
0.7054426849509005 1.4586604832517052 
0.6716255740534709 1.5622150977565772 
0.7825667054578449 1.3825074982585264 
0.8943822770636076 1.2314823152018746 
0.6673328476955925 1.6160893547384059 
0.6673328476955925 1.6160893547384059 
0.5557564030514386 3.7893732287359048 
0.9108698753595819 1.1378580407434804 
0.6871181302536922 1.462753740200329 
0.6058351369593248 2.8094579313011794 
0.6259117514669787 2.3598164812779996 
