0.6286329915192114 4.581961385128082 
0.6957083726162201 1.4702142941963523 
0.5878329917001093 5.1276364337653035 
0.8326492066777653 1.2009916813274137 
0.5976645639726751 4.979734566893878 
0.7003365816025638 1.442330350701884 
0.9229399377750782 1.0834998507914428 
0.643559093456864 2.0666990872466156 
0.6650104314111194 1.7007879874807024 
0.8631669308780004 1.1585435642012683 
0.7164472752630359 1.4122142140335137 
0.6640204603888604 1.7033236485379324 
0.7266172020503078 1.390339870252661 
0.950228691948032 1.063245723590957 
0.9661514864280734 1.0350398451135725 
0.7446462774613917 1.3593168106628366 
