0.8919484319850247 1.1324846341390984 
0.8269932585044331 1.209596732261805 
0.6909951701423481 1.4636824762746814 
0.8811826392989249 1.1401539639826324 
0.8406809296479344 1.1935676193218745 
0.7262786723407786 1.387670333218922 
0.8527762701555379 1.1730255379960965 
0.7928364385721712 1.2613737654193884 
0.9183287681489987 1.0895769715056094 
0.841509452091178 1.1887309650576787 
0.8777537736445269 1.1463858678491348 
0.8162055692547346 1.2444775565150599 
0.9492252827851834 1.086538406285452 
0.9508256236916537 1.0521862179611439 
0.6909951701423481 1.4636824762746814 
0.9723929833198696 1.040659996943848 
0.890532617533679 1.1365041983587014 
0.9136711292098914 1.095189957220367 
0.9752423247326282 1.0299132217739726 
0.7704844692487253 1.2997550000377338 
0.8947513889644855 1.120467372894468 
0.819111048747413 1.2250833264090815 
0.6411272521426337 3.194962018736615 
0.6920387189178832 1.4525849853997412 
0.8640714223924039 1.1690212955669015 
0.6703702285036995 1.5112535488797993 
0.7906117900226013 1.2717164298776003 
0.8589711994145673 1.173004578072078 
