0.7326721065008763 1.3961188735096115 
0.6208741647359778 2.3700257032857324 
0.695460138918808 1.4708209697972876 
0.5722308442938752 3.7701189054549977 
0.8775689071968054 1.1440926671340566 
0.7120301097427684 1.4612966937129115 
0.7195056412176628 1.4272825402555511 
0.5852140494289009 3.635195975229964 
0.9931053006647423 1.0757714552979571 
0.5910439692090261 3.166983786231859 
0.6686274492783552 1.7797146086617857 
0.987820895590942 1.08152635698307 
0.8663351323964615 1.1741446011218164 
