0.5722705098843145 3.4406941140410283 
0.6629722440983132 1.633926698592787 
0.7974416290284136 1.2631665557218317 
0.6053992786619181 2.910578168000395 
0.9046923118373956 1.1508635092438226 
0.6163613203975784 2.5641842350642516 
0.6257719767906937 2.506050879011637 
0.6082410710971955 2.7390426054329886 
0.6549328705567983 2.4440687887312706 
0.546619362621946 4.402228556870204 
0.670598977804502 1.5526080463108365 
0.6549328705567983 2.4440687887312706 
0.9177549729988999 1.1168042649810832 
0.6462151434955236 2.445724147406652 
0.7811093758397574 1.4449107037307507 
