0.6938373933079929 1.5577083468751023 
0.8295966240231816 1.2094330300021763 
0.6601770177046086 1.9834620973455777 
0.6964066492580528 1.549453183041035 
0.7568974769919363 1.3222080610320173 
0.7538295022676352 1.3316193925768511 
0.7267425343184946 1.3790586512953198 
0.6927490616074776 1.9831898517185849 
0.9502893319968082 1.0523984077127986 
0.5954447682468759 2.9020990225034358 
0.7342985160964749 1.3709119180527825 
0.6418683886390708 2.0540924685510333 
0.9754599758424939 1.0274338302302963 
0.8491955784303472 1.1841732998185321 
0.7298941281594665 1.3715049088852749 
0.9394965548826927 1.0658879653807787 
0.7046072600964264 1.4498774412115336 
0.8852428968652774 1.1322227321176581 
0.7096620390565207 1.4160106133187225 
0.8835091679688158 1.1538964768785447 
0.8289552062861938 1.2217928104036844 
0.6237427030592273 2.2376122755903314 
