0.7922976427422703 1.291658608130312 
0.8864070710217302 1.1286336659416778 
0.8046925664129997 1.2529778601316937 
0.8845843122549102 1.137913249513421 
0.7316671258708838 1.4246589928322422 
0.7991238360948053 1.2811429267091812 
0.6776854156751972 2.007038709908795 
0.8695390522135052 1.152290004319929 
0.7999792612919281 1.2789704042783023 
0.6855565333834699 1.482972774863413 
0.9044845328375726 1.1069354678112788 
0.9455823228541488 1.0652353660713434 
0.6483100856551282 3.019604273191811 
0.8855368101093125 1.130068068629844 
0.8777178412239881 1.1398557785468997 
0.8344328936137753 1.205729691057389 
0.8449204785758745 1.1835879296934817 
0.6899982772543078 1.4607554730708903 
0.9304042697411531 1.078854890907541 
0.7665767702056663 1.40604751118324 
0.6000178709684791 3.258108858571068 
