0.8396128151885207 1.1961015157953212 
0.7544815149560306 1.3580162869202927 
0.6041312966574648 4.064649556851459 
0.7341538296358979 1.3679178945728967 
0.6404100754399346 1.9677720017554636 
0.5515152448178892 4.174093736993262 
0.7725266826684547 1.2958471507829192 
0.5259144552957867 7.192486758451086 
0.7107198992039547 1.5362069215353105 
0.8647933977372733 1.1584065163961026 
0.6950054102529079 1.672103114956216 
0.7948072040104782 1.2635292632739235 
0.7102870643330786 1.6047039474103182 
