0.8255256916674455 1.2169434237203962 
0.904425075498754 1.1089380148663774 
0.6617523911025482 1.7376405956838903 
0.5204971468666775 4.86027150138432 
0.8183784252381365 1.2387850002363694 
0.5840573085523354 4.339717903210244 
0.7109336008550103 1.4722304772216839 
0.7302550610996447 1.428625175130373 
0.8332537251231615 1.2001858257959486 
0.700115078524268 1.4777331596792311 
0.6162838526583007 2.434770945673151 
0.7651312609001778 1.3307072658761043 
0.7923854407649807 1.2872100924381205 
0.8022845230387328 1.2595832954557764 
0.788241055599926 1.3027215110388963 
0.9394939892090306 1.0653367203610922 
0.9144189273571013 1.0938343550791658 
0.6904174271351943 1.5396621418224588 
0.7390570995666048 1.4137228483753477 
0.8309496026022326 1.2161317368197002 
0.7521487819539001 1.3435543591309749 
