0.8985744470471284 6.245261276172087E-4 
0.7353325406122839 0.1668753346907863 
0.6450556363155497 0.26084361410566514 
0.9525607123361592 0.01238669170998774 
0.8893627091521336 3.3777836037288816E-4 
0.6151842196797155 1.6942797590005982 
0.8893710749805711 3.3777836037288816E-4 
0.5470353921772266 1.688346759187215 
0.9368110750097425 5.285280983162166E-4 
0.5200887156481483 1.6920547666936634 
0.5501550455865707 1.691045129054671 
0.6398615718984813 0.30513485957084235 
0.6745877770574539 0.09505415506935799 
0.876602688157963 0.0026866575572545848 
0.8228952876959189 4.029041218853724E-4 
0.7468520512826171 0.09708996151457527 
0.6592633424538628 0.26831197179696764 
0.8185710344013756 0.004178164998721534 
0.9525607123361592 0.01238669170998774 
0.8887309271607027 5.358070210735102E-4 
