0.8739999356668379 0.08302907623003541 
0.5165536159069415 1.6896383366809182 
0.6047979782690163 0.5687817660503458 
0.6457962923966263 0.5002820282014033 
0.6663096917121417 0.3404575833317964 
0.7847904615184959 0.011762435720704512 
0.5564070532455004 1.699255658310048 
0.5165536159069415 1.6896383366809182 
0.806147811753788 0.010204712463283805 
0.917031950725812 0.06486359951024312 
0.6700339918759345 0.10092905576519418 
0.5731462417259999 1.654216569072009 
0.6735446238772563 0.04633483653569609 
0.7360281097617205 0.02942784302676482 
0.5150399700011353 1.6939703125697645 
0.7008895333104316 0.002289713237229263 
