0.8135100628723557 0.009552546726204092 
0.8276957388105549 0.0027773624364189325 
0.9642630069409832 0.04464620922475415 
0.6009945403911808 1.984645918319216 
0.7983912113550924 0.027377226260310555 
0.6354558156121748 0.4246168203852099 
0.6891173914511887 0.0534924937013285 
0.6740120946829276 0.0475488631980332 
0.6931044888699248 0.0495576205604151 
0.9691001966360284 0.004025621095448906 
0.9865948496729495 0.003000705769913096 
0.7347952837021755 0.0027147490854594336 
0.87293241918327 0.006312326894514053 
0.6189846002338053 1.2735596547877799 
0.6101637474725929 1.9148432528714487 
