0.748937005100854 0.0023491622039787385 
0.8527855034340223 2.0809912978525524E-4 
0.7459714942511372 0.0010058907626793075 
0.6902305942797932 0.0029704937638471967 
0.8428584541509034 2.0809912978525524E-4 
0.7342171107402176 0.008753465453426854 
0.8249326292821595 6.936739183645707E-4 
0.9097197539910763 5.867713149129684E-4 
0.7969192698321681 0.0010655932634996295 
0.9729731322371624 0.003202903618228869 
0.7280113614270107 0.002968442386307401 
0.7284035035905322 0.0011732814798129099 
0.7150734937746233 2.6088305941265183E-4 
0.887990960140124 2.0809912978525524E-4 
0.7444919784051083 0.0021866692533852178 
0.9592308867748274 0.008395249523844293 
0.6560981953694007 0.5947982982118355 
0.6673889402593567 0.5845510574793278 
0.7280113614270107 0.002968442386307401 
0.9641600243760626 0.006815756210876463 
0.6699006186732351 9.977835890757534E-4 
0.7650157709253762 0.0021205146657525572 
0.9351747052136383 0.002288247529002689 
0.9524433266071233 0.003067252838225036 
0.9990469726994152 0.009384697083601151 
0.7602019534811033 0.0023491622039787385 
0.9943402649980607 0.011796065357251922 
0.88259187240465 3.4897771468631045E-6 
0.7870434342353632 0.0021661568075495435 
0.8623840683638789 0.0026391063976066165 
0.8999508935959181 4.25834031775596E-5 
0.9815071618160783 0.003169905021093114 
0.7835874440385432 2.9855113131998894E-4 
0.9083432229972814 0.002624086955523021 
0.7543552532830505 0.004014793714481123 
0.6684801266991853 9.211666901189214E-4 
0.7781356190779634 5.801402208082014E-4 
0.83235641084734 0.002192838336621164 
0.6836388982456678 0.005971010646430214 
0.9656249461798808 0.006892128605291183 
0.8797393286954304 0.002360974629174388 
