0.8864891359424325 0.02559259493450522 
0.8501889175687641 0.034096598856687164 
0.6239299847423947 0.7335941234468805 
0.6533363994970044 0.6567020586610071 
0.7135805625823036 0.002384174978502504 
0.9574758848281294 0.024383524053755018 
0.9251719124726496 0.00786273885300616 
0.7090701339461946 0.028113589605947113 
0.8999350822221285 1.6974316700849035E-5 
0.9755517435977479 3.832822323651397E-4 
0.7917058178706887 0.003448956249133304 
0.9144416931984644 0.01542258916164458 
0.6786178558745452 0.03496477348430527 
0.8331355116904737 0.02202519458006218 
0.886806009676609 0.007818050598014315 
0.9846048136685306 0.007232346709354711 
0.9466153405567649 0.014903806629501692 
0.6957651077091297 0.01234745855200612 
0.6801016006825215 0.03269928393175752 
0.6541921300798804 0.2872213249984962 
0.831673417143562 0.04482598272038164 
0.7525922159056913 5.567540149601924E-4 
0.7936658583467865 9.189324084314179E-4 
