0.6498211788661853 0.3656449717881973 
0.8322343246346731 0.032507453344417486 
0.6162487703531804 0.657802007587225 
0.8066873894788008 0.019196398868492087 
0.6333883601194545 0.4434566137467102 
0.7426003798811972 0.06376507518284696 
0.651947357843993 0.1481316675032498 
0.6688440090155019 0.1481316675032498 
0.6739575779234122 4.7666697010784187E-4 
0.8591624676478306 4.848313330755305E-4 
0.9464095634992511 0.020653453546080336 
0.992547671389611 0.020653453546080336 
0.743736979234083 0.01831154885335229 
0.7445793186420144 1.1718422776013822E-5 
0.9489172070088707 0.006089318865283605 
