0.737514115943704 0.07615257632396244 
0.6792268550177211 0.00939087880092157 
0.6722174906405319 0.290278672988646 
0.9441541990022221 0.08929918816012676 
0.6665019547133852 0.5831179076799597 
0.8775945320937207 0.041136121089865973 
0.7544719042793278 0.07615257632396244 
0.6329422172050139 0.68797314457595 
0.8125922708979054 0.014987484731031786 
0.5921307801597897 0.8174313658772415 
0.6091984792757461 0.7874030680535868 
0.8125922708979054 0.014987484731031786 
0.6060691791906465 0.783522226330822 
0.9838999792952463 0.12467033246810243 
0.6215056784955804 0.7193778466920394 
