0.9055999546398363 0.08153129531454684 
0.6632395787432052 0.3865537359545326 
0.6276748243180352 0.44618949230982974 
0.6331665261380894 0.3911376948540627 
0.7614551951389521 0.08415288547014124 
0.6057857087397859 0.7020683305913115 
0.8039430178527335 0.008786694005746831 
0.5222449978476533 2.0843941363449083 
0.7054426849509005 0.029001367736860795 
0.6716255740534709 0.04922361182576035 
0.7825667054578449 0.08190433818294235 
0.8943822770636076 0.10141595723381608 
0.6673328476955925 0.07846951122811308 
0.6673328476955925 0.07846951122811308 
0.5557564030514386 1.1059684354216823 
0.9108698753595819 0.036440611748912 
0.6871181302536922 0.0050846149880449665 
0.6058351369593248 0.7020683305913115 
0.6259117514669787 0.4770368669373558 
