0.8466248117641212 0.1265196235586445 
0.5718264644269482 1.140801981263388 
0.9224286430947463 0.01778124398649783 
0.8783795070065598 0.16748121326060988 
0.9893693814185671 0.022450657038119104 
0.5262256002868452 1.4130639122754034 
0.9683441918442343 0.009607636116978902 
0.89407425888709 0.09706133683788543 
0.4953910704568237 1.8002611610263721 
0.9189870314067967 0.023476266375397445 
0.7069364818558078 0.004151491168190857 
0.6425282179530761 0.5955743685760899 
0.6521266598399559 0.5160258453263398 
0.6787607204095689 2.838048247392651E-4 
0.5177251772258343 1.650603902914555 
0.5996512341867721 0.6189092670703967 
0.9189870314067967 0.023476266375397445 
0.9022561844858371 0.009607636116978902 
0.9484338160091346 0.04476626697498476 
0.8783795070065598 0.16748121326060988 
0.9571603322715577 0.02397068305562322 
0.6542895008482638 0.29035648017878446 
0.5442277368876788 1.1983529796914185 
0.9509831490584674 0.039611114176764634 
0.5900606722485796 0.9303962337278054 
