0.5154315434770628 1.6226523731325724 
0.5794476448501478 1.051105610976664 
0.6701747815854586 1.0973020619970046 
0.6003557488831494 0.9226419304266451 
0.826727635038979 0.721406684110629 
0.9822817305267273 0.40772518616389664 
0.5070215060284047 1.8392891801187 
0.8309663145636146 0.7287150628944006 
0.4997102333939792 1.9185160416914915 
0.4593990387404441 2.2620681303413797 
0.6752945649559983 0.7486725934228836 
0.5961170693783379 0.9153335516428737 
0.5369971333304416 1.5612355334408172 
0.5539724764020206 1.0794251870991718 
0.8035042744154358 0.9422677948711883 
0.47264359202412654 2.0284327670296602 
0.5102089892953154 1.8107807624692915 
0.5786424957508485 1.12793766040069 
