0.7613808580728911 0.06150440205238061 
0.6488107802452794 0.24460578811147124 
0.6228333911902989 0.41063323555981013 
0.762096559748497 0.06150440205238061 
0.6640384841231006 0.20440238545385778 
0.9771079163486395 0.029039399389798746 
0.7509635525581739 0.10248246704024006 
0.6747448860385208 0.07140218469661667 
0.63608050626339 0.41063323555981013 
0.7938345293701056 0.030452883931809838 
0.8263680855723047 0.03469550055998277 
0.7029544155100436 0.06520050514991091 
0.65087944448017 0.21115006187305635 
0.9454570793971208 0.04086490398809077 
0.9384809324900034 0.06285230998819274 
0.6212646302859882 1.13597276610356 
0.8623645789442226 0.07025006285910979 
0.9132102724962872 0.05962718705544645 
