0.9971924795325264 0.12728653581977123 
0.6053851984138152 1.0532510716123917 
0.5462660172549577 3.4438999456919275 
0.6003136578960545 1.9036867824451593 
0.5467734943777296 1.6886765287906036 
0.6832723287354266 0.47441533346018516 
0.9678154699576162 0.31269089905691894 
0.8106299833185108 0.12239524086197512 
0.6015869332637952 1.8338001050626018 
0.544992741887217 3.513786623083388 
0.6984508188621044 0.4168967307079344 
0.6015869332637952 1.8338001050626018 
0.7118567552315754 0.09743134784483531 
