0.7799071980628604 2.3228567513527976E-4 
0.9713481716479035 0.019590970509877154 
0.9553828717646932 0.005523356966011861 
0.6339677263279523 0.30910189057496956 
0.808251827640313 0.015714166470845836 
0.8226559709357516 0.0017338958893459017 
0.9184487744236224 0.02641889426937022 
0.6538309382173095 0.3141567071554048 
0.9993985119774399 0.008515135554043776 
0.8296228541265576 5.69338026935734E-5 
0.6707457019161316 0.09113291075113664 
0.9206606462344785 0.02641889426937022 
0.777413133209269 0.008515135554043776 
0.8955378442616518 0.016708270393433332 
0.8105483357486303 0.015966132869867138 
0.9841884194665903 0.005523356966011861 
0.7143650016606593 0.09008551847700391 
0.9553828717646932 0.005523356966011861 
0.7194591357823237 0.009770924877240184 
0.7799071980628604 2.3228567513527976E-4 
0.926261429945825 0.004754065690639263 
