0.9988912099429572 0.02113173730354362 
0.7506630170099333 0.013344503555736631 
0.9289451418127985 0.009504463077467717 
0.818316686160228 8.518488112088801E-4 
0.8516586255709513 0.03710793140836516 
0.7041378274715309 8.568413436326264E-5 
0.8586503157662477 0.021627863310139134 
0.7933460643209729 0.002496937770948615 
0.7401914189408498 0.04227445171410937 
0.8715050667065465 0.001133650196290581 
0.6585169315366377 0.5482070305287429 
0.7410336028312432 0.011773784269006896 
0.8884330777385686 0.009514775293192168 
0.6722069147392555 0.22325389406543747 
0.9703756275612639 1.0960564154396946E-4 
0.7738371099938042 0.005318859736806396 
0.891325381729649 7.190842507710116E-4 
0.7792224376549359 0.003343434436276188 
