0.7326721065008763 0.022897355979917544 
0.6208741647359778 0.47148772893032753 
0.695460138918808 0.022897355979917544 
0.5722308442938752 1.1573783243568136 
0.8775689071968054 0.004020151628712415 
0.7120301097427684 0.04048724519114877 
0.7195056412176628 0.026937839325345075 
0.5852140494289009 1.1273677571319696 
0.9931053006647423 0.06835433456022522 
0.5910439692090261 0.8718266674351078 
0.6686274492783552 0.1899660392329558 
0.987820895590942 0.06835433456022522 
0.8663351323964615 0.017202718465459316 
