0.6797484495828878 0.09735167465049466 
0.8011802602422219 0.07139094240672372 
0.860897462395813 0.03341647960281258 
0.9489324571047105 0.04061735906890985 
0.918448040556558 0.07147381695253917 
0.6145249715651853 0.8930971523240501 
0.7008044752981429 0.10487942269511275 
0.8030332189240222 0.07139094240672372 
0.9695675385772132 0.05919005195894128 
0.7549686816822174 0.02487540381104028 
0.6250878020457787 0.38265855431905477 
0.8202523184565687 0.04476956019409595 
0.7121506596962932 0.05742135031254958 
0.6634007983543991 0.14153760215568667 
0.8071407740046166 0.03746727788587845 
0.9357357481908942 0.05919005195894128 
0.8776674240517981 0.03498875004372304 
0.6797484495828878 0.09735167465049466 
0.8030332189240222 0.07139094240672372 
0.808633246603311 0.0374801032062525 
