0.8484652492268775 0.02478273154740962 
0.9824663904280166 0.04113211130137556 
0.7940280137391318 0.012257485479486463 
0.7572108839367886 0.08516223088538816 
0.7254969292579319 0.12540024178249112 
0.7272041894499729 0.045178754462883906 
0.6029474901682471 0.788942500334185 
0.7999458124582034 0.01242760859937899 
0.9043360649040069 0.009054794144677913 
0.6472497800086568 0.7849539430849092 
0.6484574761742815 0.19162890583966263 
0.8385890206017067 0.023411236084859177 
0.6667566298905373 0.08460585170884777 
