0.8360443580334018 0.015562251583523312 
0.9982910481072784 0.012882258028563423 
0.5970702172913928 1.1058030309944789 
0.9484017625597433 0.010282491574604813 
0.6937852973663458 0.16630230100126278 
0.9506991467002058 0.0052899767742622394 
0.9989350971272599 0.007837392440682336 
0.6613591811112082 0.3238308657039795 
0.7455877165164706 0.021259884512121602 
0.8593649881583398 0.010282491574604813 
0.7106348121743397 0.002636339443875396 
0.9184298371042781 0.022595744961308728 
0.9709470636223616 0.01476430831617645 
0.751203594284906 0.007656536104057199 
0.9525262893472384 0.001748839118071277 
0.6408643507957129 0.3238308657039795 
0.9826615847000725 0.018478872575056492 
0.8889554308898778 3.243002987677098E-4 
0.9354905364854922 0.00207333994299228 
0.7860904024053926 0.005383373071986719 
0.7189298828900702 0.0024033285114907488 
0.6800829198130613 0.3353059046121719 
0.923092002036419 0.001946396306398146 
0.62812884139366 0.35792333663525117 
