0.8545259676847473 0.07254195109409911 
0.6600814774680279 0.39692150014516747 
0.8716911243870392 0.08660969359615789 
0.8395764780631974 0.10490367047347904 
0.6406973528008271 0.595700447828955 
0.6138584076006357 2.853103886192672 
0.8306204395370511 0.14639633096341845 
0.8716911243870392 0.08660969359615789 
0.720230999563949 0.04616164856782845 
0.6750212347067547 0.06186292848648456 
0.5742785048676218 3.8529648261546314 
0.9538022847230502 0.02346584810327701 
0.8807426448521024 0.07505867195779892 
0.8488559073412394 0.07308567713831615 
0.9032978957408851 0.09416598366244705 
0.6292646564397328 1.5177712942164079 
0.6588722982489972 0.39692150014516747 
