0.7872775900048223 0.044398727177027475 
0.758787968683615 0.017687651036041502 
0.8278632697383884 0.009613161900052958 
0.8976443699812839 0.014752669103750199 
0.7317035375054891 0.084409483769678 
0.7557349218615206 0.05999820887739793 
0.8157384399837181 0.0017435239878661468 
0.8975827309796647 0.02013272838288338 
0.6900496873704967 0.04187331597790485 
0.661008642213171 0.17483933372128646 
0.8316724613080896 0.009613161900052958 
0.799456189035308 0.010241554299974531 
0.667491366640861 0.08043398822677128 
0.983213767934488 0.005515603216761394 
0.7099071893185097 0.07048661182120625 
