0.8650584178923386 0.08689864574934607 
0.6700467672418794 0.008501830217971018 
0.9223170829784564 0.038284410230148946 
0.6666441416702668 0.09869490942541455 
0.8650584178923386 0.08689864574934607 
0.9912610115156024 0.0366987658620061 
0.659339710158063 0.24731779720467206 
0.8672926135858341 0.03875634852614718 
0.7050655441543889 0.02111862126356079 
0.9615203751031093 0.03717075804692843 
0.7895377876392207 0.004251453135445019 
0.7638584218248248 0.03701655785015323 
0.6012997913294174 1.0350164061040434 
0.54496652488901 1.225649558882608 
0.6292899780305726 0.4686184247964611 
0.6608996695446152 0.10078184443354282 
0.6644099460322952 0.09852068332882657 
