0.9278316933086725 1.8821740303252843E-4 
0.9592576836222624 5.489966113780588E-4 
0.7420761749169874 0.03303224873518149 
0.7747733660428914 2.8045543109272986E-4 
0.8544660367212796 0.04416837487797831 
0.8309277153012913 0.01817619298458644 
0.7601597672170999 0.049849774837603514 
0.6584333101440176 0.28825102534004116 
0.9186604378107521 0.0028928419139362532 
0.8804684815912931 0.00429432703383005 
0.6645862883065887 0.09821143033724522 
0.604478076276012 0.912764852075737 
0.8085132958945136 0.0028928419139362532 
0.7085427184418197 0.010181955780135019 
0.674318199569876 6.39340638953767E-4 
0.807773842853833 0.018397351212894368 
0.6671695057531484 0.001004583715148416 
0.7622249347772813 0.042860435368388544 
