0.7630801501306067 2.509299098753942E-6 
0.6397940339005136 0.6044699738869097 
0.9676622129983081 2.301265919235733E-4 
0.8371995907395786 0.009188783569285958 
0.793454541609433 0.008629960025272165 
0.7630074607100603 0.02815190415233626 
0.9779074592637594 7.33646171651562E-4 
0.9637106847022314 0.02765078156917835 
0.8886737581919123 0.008096368252076741 
0.6588985053749224 0.28071538422595643 
0.8085254717350702 0.005196364767611608 
0.6796420225966906 0.29808277265442523 
0.7910056101151037 0.023497078543901116 
0.9055467874339953 0.011150291563749963 
0.8210883998634704 3.3380856404013654E-4 
0.7905864595684642 0.025147212561676 
0.862728592958946 6.772079381706844E-4 
0.7028764419326704 0.050891139061439924 
0.7274978072616762 0.00323924894313709 
0.8162933525078595 0.010639083171956443 
0.7111806745933084 0.012994109785047933 
0.6932213953545638 0.08425370117617548 
0.7303624752803763 6.858750535129743E-4 
0.9885064198854416 4.8178586478075935E-4 
0.9320377424634695 0.011190237533307612 
