0.8614628369640098 0.0375073896924738 
0.9658180006279917 0.0016097534317871462 
0.9871953267978018 0.0031135478011128023 
0.7257095830572516 0.01752201038259174 
0.9358197510400275 3.3763736328931183E-4 
0.8054790033109963 1.1991162405022848E-4 
0.961725101491997 0.0015444820683912994 
0.6457719732946305 0.39414585799326973 
0.6929014428586894 0.00167361234269503 
0.908817171071734 3.8632511865190327E-4 
0.9948455095083608 0.004162994240608694 
0.7548434929905727 0.016360355534120102 
0.6644107981556545 0.23764389104969985 
0.990403237256679 0.0016097534317871462 
0.8685311140860038 0.009783577227863313 
0.908524496242912 0.008084973723232275 
0.6261680539494905 0.6021446652782769 
0.7345550971418088 0.0010235244962151224 
0.8637476347567746 0.012443128140587845 
0.8311248284489318 0.011229515785865118 
0.6788054464976353 0.020810728399201506 
0.7943932812059112 0.04220512840619897 
0.8197964260782895 0.010978225056003155 
0.9837691803992833 0.00338992540347699 
0.6690378154604986 0.013890725318267905 
0.9499598798366891 4.5070493690479996E-4 
0.9261178875918339 0.0069659063040347115 
0.7603129235813927 0.0036760278185262274 
0.8036948864251487 0.001616425082958034 
0.9807955103945957 0.016474371695520962 
0.7045223832892729 1.4411873969277789E-4 
0.7551585169409665 0.016578120438782706 
