0.6938373933079929 0.0807962989299239 
0.8295966240231816 0.0033415586719326776 
0.6601770177046086 0.30943609215573153 
0.6964066492580528 0.07904949938383146 
0.7568974769919363 7.759454535341548E-4 
0.7538295022676352 0.003813983916138519 
0.7267425343184946 0.0022205792162058313 
0.6927490616074776 0.3738529087675224 
0.9502893319968082 8.297985990000922E-5 
0.5954447682468759 0.7280396798840432 
0.7342985160964749 0.006658587125130289 
0.6418683886390708 0.3184570229045029 
0.9754599758424939 0.0022205792162058313 
0.8491955784303472 0.005594730301171413 
0.7298941281594665 0.0010533797372462295 
0.9394965548826927 0.0013980713661642663 
0.7046072600964264 0.021594171327676187 
0.8852428968652774 0.0022921312765545425 
0.7096620390565207 0.004888979173439036 
0.8835091679688158 0.01947811620911094 
0.8289552062861938 0.012811511187174704 
0.6237427030592273 0.39569432917522196 
