1.132818683925252 0.23438488490942963 
0.9773658862579395 0.5164758173100509 
0.7803005651884738 0.7378827636519071 
0.3406702114374248 1.0058432198544587 
0.5453942081128114 0.8269772078493142 
0.3731911360625112 0.9983847390022883 
0.5236082648347768 0.9753132875610291 
0.9356258808032344 0.5279444106194616 
0.37158171333398166 1.004387871017875 
0.5596512713085553 0.8101083519569277 
0.3406702114374248 1.0058432198544587 
1.0514518030800866 0.44501366737097175 
0.8775001052476501 0.6164025299907054 
0.37158171333398166 1.004387871017875 
0.7830721794302822 0.6662935921590221 
