0.35210565044045405 0.9919553589156493 
0.8822849354864868 0.6089667866755675 
0.504941200151274 0.9183888489990357 
0.7218801169785245 0.7901813557948272 
0.8310563486717414 0.6749716684668132 
0.8822849354864868 0.6089667866755675 
0.8822849354864868 0.6089667866755675 
0.6170849895931318 0.810938589417616 
0.4003708603046451 0.9835807558111025 
0.9818185018479253 0.47921447804943595 
0.7855641055612941 0.7409644838823964 
0.9417493316837844 0.5954556916077461 
0.9839025742520734 0.338478519120137 
