0.753391126853444 0.7586205630894522 
0.8875479836410071 0.550534705406577 
0.7514954419474379 0.817346323860173 
0.8875479836410071 0.550534705406577 
0.9477818501127055 0.5421090451503001 
0.9817782084477298 0.13891842101825758 
0.8018365182089895 0.5801714970756389 
0.6592215219670148 0.8201551741962021 
0.9773683568306553 0.17795828792063523 
0.9777585451382014 0.14474782443030793 
0.7877465698116691 0.6732279338917307 
1.0445694946670288 0.08396818956152602 
1.0070693870493581 0.1005969568243044 
1.0070693870493581 0.1005969568243044 
1.006752779467909 0.12412502938329051 
