0.5556272597926069 0.9162206591833892 
0.8080441035653722 0.5950763506124994 
0.6213048152696836 0.82120427149105 
0.7918926258801352 0.7180582063625941 
0.4778108521645484 0.9788497474645408 
0.6016636683081934 0.829724460223901 
0.2201169473750999 1.0058582039357569 
0.9716503252606845 0.32812250463179693 
0.7918912080648653 0.7245859732449689 
0.260653850230746 1.0022503723485792 
0.7657815553850432 0.8076710694577142 
0.9123074136619791 0.5851021486122463 
0.5877567245501718 0.830072219868769 
0.7325862023887477 0.813221230658097 
0.7895039262473541 0.8019929497582727 
