0.957265066830833 0.48451731158505834 
0.8604624129564926 0.5521575860348259 
0.8839857197558189 0.5049024296228696 
0.957265066830833 0.48451731158505834 
0.8171829036496573 0.6006312679882082 
0.7940699125720737 0.6603610867713012 
0.9621872560692921 0.4771103825578178 
0.802030113450937 0.6020314235308015 
0.9666085091317863 0.46173783601992513 
0.8839857197558189 0.5049024296228696 
0.802030113450937 0.6020314235308015 
0.9746339258637324 0.3349549115419559 
0.9746339258637324 0.3349549115419559 
0.9964595751169303 0.15748399591912537 
0.6429838152142997 0.9802587432398967 
