0.9002757841202479 0.4736731703377731 
0.7977681793481644 0.5253432711966912 
1.0248618843446002 0.21632602354363412 
0.7703326777180242 0.728033878233398 
0.9685094321375503 0.4457290819576873 
0.7413067614485267 0.7565121902122499 
0.9718653228818418 0.41158946577962613 
0.97415377434351 0.3909030176430957 
1.019131012844436 0.269426020081495 
0.7815217260259643 0.6123695722223279 
1.0265275293511147 0.07479672367639173 
0.9913410334456055 0.2930174299876779 
0.9718653228818418 0.41158946577962613 
