0.9795349228436764 0.45771640032360206 
0.570098455310668 0.9633052813671179 
0.8826320053041531 0.6249115859979453 
0.4951353267571974 0.9972079510549852 
0.8729072015423588 0.6774775127378704 
0.4951353267571974 0.9972079510549852 
0.20093694121170536 1.0409575873388157 
0.6619268033697601 0.7741844151967914 
0.5820590832064516 0.7888837637873785 
0.8994606904780983 0.4730043055313442 
0.9880657838415369 0.20094220102281163 
0.9880657838415369 0.20094220102281163 
0.9795349228436764 0.45771640032360206 
0.8265508858691414 0.7497156308752909 
