0.3348981101762731 1.1385867620602619 
0.5969674587746905 0.7916316616520029 
0.4911012505273355 0.8561982193252907 
0.583110882023676 0.8125447144199983 
0.7853316772776977 0.7861188005402298 
0.42318325734363543 1.0507065918758847 
0.4409468227290444 1.0373317551453285 
0.8649715633220275 0.5533266772522767 
0.9497817744996748 0.5192983138703853 
0.6031089282106582 0.7869252701691143 
0.8332020808504252 0.6399048112910197 
0.3977077792541368 1.0739638922408092 
0.8154882416062632 0.6540966445107756 
0.49095872780161764 0.9944135701525997 
