2771.9300540930685 1299.9998502799272 
5772.065324899935 694.7081194977086 
5772.065324899935 694.7081194977086 
2771.9300540930685 1299.9998502799272 
4007.1155381589724 695.8820181840239 
4223.925481636647 695.6211734455703 
2901.418423917739 849.4959885554932 
2857.826695580144 968.1286191175675 
2777.275766736561 1272.6302115962876 
5665.3166884181355 694.7512664471064 
2843.8694179024164 1011.8806643193635 
4811.3027743434095 695.1472886475591 
2910.7707019264208 829.6519849288052 
2828.647575325104 1052.7334635359473 
3775.5287866596727 696.1731462275391 
2774.133304990681 1288.9215377767546 
2813.8868603304027 1111.2001765832556 
2923.500518302141 803.9831925435924 
2863.8289670782315 942.665960057622 
2785.9267744183853 1235.8306631872767 
2875.8946490704634 908.2519926676301 
2961.427252980748 737.315344808191 
2859.5373695276153 953.7217000251752 
2794.46844673688 1189.2006794941808 
4896.875948034811 695.0921518169572 
2843.880256254947 1002.5290138422821 
3614.9668869165116 696.3927592762633 
3232.272650812881 697.1505584561447 
2820.4610651558933 1082.266717534679 
3195.2593928749616 697.2529463753431 
4383.580255542565 695.4905212683855 
2896.8389844591006 872.0672816492171 
4444.025077856921 695.421661716815 
2836.076560878188 1033.9728229389539 
5042.88762955223 695.0069799232868 
2914.701966370414 820.9583544771274 
3484.0317240522195 696.6309268490451 
2979.57159761847 708.4839547701869 
4319.553847583817 695.5326747475965 
2816.137772035839 1102.478070737879 
2945.7191423244076 765.3224842516345 
5470.451542902485 694.8002019304074 
4741.153068317558 695.1954763532829 
5181.4563962386055 694.9271816891736 
5598.508337498146 694.7556997491458 
2937.101742033317 783.6378979506441 
2818.496826132824 1089.7628413098337 
3425.886548684289 696.7259521973574 
2886.8893567371483 890.0920774660441 
2825.0229724299993 1065.725786059213 
4704.943052951152 695.2203569487351 
2868.9612479176926 927.5747416995653 
4997.415425332562 695.0512153455406 
2852.4718012429616 987.577770563266 
4504.506893705785 695.3717979619148 
4941.108110013809 695.0653825727193 
2940.7955309926033 774.3276054106075 
2781.2273305328927 1255.1509981067252 
5434.130492434181 694.8190116617589 
2833.9396548459886 1035.0178222689713 
2880.6427286683984 902.104546174627 
3957.2528296413766 695.9522742909459 
2808.447285610461 1129.2405671538643 
3108.7027116380455 697.4723362595577 
2896.8389844591006 872.0672816492171 
4614.017489264025 695.3383883976105 
3911.1217911957037 695.9700325637905 
2920.5794910151226 808.5370829287427 
2782.0699170420335 1249.5095611916206 
2951.796306761853 754.5873203490457 
4638.643624946761 695.268392628 
5542.832690381382 694.8001971087116 
3320.5159138199174 696.9981724065049 
3839.281834327144 696.0603854098132 
5292.3524875436215 694.8698435156592 
2796.807600685687 1178.9760141348168 
2852.4704227775555 987.5777751643644 
3063.463471835122 697.6088952178636 
5115.597243308501 694.9660372932254 
2999.4168653734523 697.799688356769 
2868.8228932117495 927.5753832576049 
2792.376187463606 1204.459013616373 
5335.627133380508 694.8671865662667 
2800.218509079194 1163.9916013703514 
3696.767617724559 696.2595226960293 
2798.3448288580516 1172.4236244083336 
2808.44265010654 1129.2406060710257 
2805.0806634630167 1143.583946316771 
2987.425539165724 698.5746363482592 
3864.32354591516 696.0536528801083 
3553.074346878342 696.4940975903941 
2802.3681050003283 1156.6757387097357 
4545.509355457392 695.3394064675674 
2805.0806634630167 1143.583946316771 
2825.9007173928976 1062.56074701826 
2787.825893869399 1222.8173431323107 
5124.241386415581 694.9627809096768 
5229.443287193061 694.9029120401457 
2882.9040866972405 890.106792338461 
3680.403500616117 696.2870301572118 
