0.8076742305084608 3.6031042621633844 
-4.5208902675056075 14.302156791354552 
0.8076742305084608 3.6031042621633844 
-4.5208902675056075 14.302156791354552 
-0.49314563340385353 3.1919792093665125 
0.4970073489724365 3.742091792200868 
-1.181334529487441 9.355221517461064 
-2.815801702278245 8.802396240119645 
-0.6158805489129158 3.6031042621633844 
-1.9051439832507735 12.75241279871599 
-1.870963067280912 13.286236973490649 
-2.993713058004963 10.503655364221547 
-1.6329089218108477 9.764774676357707 
-2.663048547879574 12.210632236357089 
-2.942617869354052 9.609126057650236 
-1.6277200391579478 9.609126057650236 
-2.4378505777988493 13.828597809276564 
-3.1455104403163654 11.329598778619214 
-2.663048547879574 11.866980477407493 
-1.870963067280912 13.601306264289555 
-2.988420029994431 11.534064886633672 
-3.179647613977932 9.275362763270087 
-2.1506132535255613 3.4354988447522676 
-1.7220574637890689 11.235984149272735 
-2.281947149324177 10.30791286039707 
-3.0741505436405276 13.027435381053493 
-2.937853680352184 5.749775520346803 
-2.580639073530822 12.721970591734975 
-2.014953285397504 11.301480465271997 
-1.3774381672325884 3.482682049981296 
-2.8581223657932417 11.67275572351689 
-2.2115840447246797 14.142590682482792 
-2.4429736585662956 12.214356086217274 
-2.663048547879574 13.511412334027288 
-3.2742986481415284 14.584802020599945 
-2.3984501587119964 7.568107028085539 
-2.8054162449846647 6.18074031804108 
-3.2017402653640645 13.163428615700512 
-3.0096551005879872 7.923282755897787 
-1.3429023350011575 11.688302202794862 
-2.8018439815520506 9.950183882844277 
-3.7834970452619103 13.968441105059659 
-2.993713058004963 10.092801758446955 
-2.0017497997888136 14.341326373467396 
-2.8567935365539214 11.886764700430518 
-2.274329746792007 8.510530488934826 
-1.6529779331028034 7.7767418804043675 
-2.959885517902273 8.210510195428881 
-3.7834970452619103 14.513303710889343 
-1.2570941619722196 11.109728925554256 
-2.1584940738776934 13.655453862979755 
-2.637390975017045 6.530117274772576 
-3.1455104403163654 10.978912815759703 
-2.8071370925320034 11.971394918600426 
-2.2666361056878004 6.091207717427682 
-2.4429736585662956 10.484068538957732 
-2.5852832801692793 12.636384966730118 
-2.942617869354052 3.3855525195320846 
-3.153245061592566 13.728144282190959 
-3.1729920623173866 14.308748834528995 
-2.274329746792007 11.488097904428752 
-3.2650809383112516 12.546422995459348 
-3.2803401689213416 14.287161133738763 
-3.1455104403163654 13.451044673026079 
-4.202219324763025 14.299552173646813 
-3.448898923122885 3.780961636336567 
-1.3952377985715634 10.502713322845077 
-1.6329089218108477 8.210510195428881 
-2.499408304443959 3.2617849351562143 
-1.326450484610497 11.14010066254143 
-1.6251044442654408 8.622578991519468 
-3.0009786987455316 8.743177521615554 
-1.3587214376165773 6.033824370455017 
-3.1455104403163654 13.451044673026079 
-3.52410742171596 4.154210656077229 
-1.2371041665121219 10.503655364221547 
-1.8903285866399515 6.538810412353886 
-1.774245941330415 9.833818911534355 
-2.6581985493464444 14.278723690720673 
-2.2233740493146184 12.546296940388793 
-1.3774381672325884 2.9247927677526375 
-1.8963064250585897 9.887084571875516 
-3.132270027701013 3.4451964339335897 
-3.1092394990677414 6.530117274772576 
-2.804432468392061 13.027435381053493 
-2.4429736585662956 11.549564350517544 
-2.2743804247899146 8.743177521615554 
-2.2324914167502277 4.154210656077229 
-2.863933654014607 6.530117274772576 
-3.3488553439507465 13.932987783808645 
-1.23561320406712 11.534064886633672 
-2.944215620980877 2.3569573861473225 
-2.5601789162267803 7.040112212212635 
-1.193696907449243 3.3552937965025817 
-3.155937550695854 13.653452922490832 
-2.993332316734481 6.460999595271131 
-0.8592494741114303 11.617181238901907 
-2.5078980257604533 14.678016282823616 
-1.8796627407604385 6.203177340740737 
-1.5995643974124079 3.538365694006423 
