-41.29357639150408 4.066750277703581 
-257.87501465323703 52.015943841955355 
-41.2935764401218 4.068029172587112 
-74.490806757857 4.566305708957924 
-87.47244875236325 4.9821093996435275 
-255.02022069498975 48.36666115146187 
-75.24363478390286 4.802553429463706 
-89.86014617656626 5.269927254905112 
-256.54302374027736 50.2938043515278 
-99.33703448884376 5.412498059798726 
-124.48885714346854 19.08700882198862 
-251.87674211498523 44.27481188089717 
-146.18711193850675 21.26836595481814 
-141.56576849785537 20.48863357034282 
-242.90707882669608 30.995350811268473 
-244.2491205024405 33.40714187564959 
-254.22639228238504 47.330497692752466 
-172.34343461670255 22.858699989958623 
-252.85673436553523 45.63950101861879 
-246.47866353878874 36.84161683990618 
-248.97364067120503 40.467369977643486 
-112.14460848189859 5.906500809859129 
-157.3040636056945 21.741957823558746 
-122.31085083954416 17.433036054391557 
-130.02965880966954 19.49633048098475 
-245.3842860972414 35.215848562070086 
-118.7292965101706 12.124073003607895 
-117.76244603774268 10.526623136363504 
-119.39671413427251 13.179914174067296 
-193.87333880516263 24.5642569049021 
-189.37425235313833 24.393107590339476 
-227.1810569507779 27.11685964396857 
-246.00644038083578 36.233265473479555 
-249.87745846116846 41.603280937110874 
-120.74684968874055 15.201561874701929 
-118.30286493359614 11.441714754115322 
-143.9761496636322 20.68096799043418 
-152.21739084860582 21.31762161672834 
-248.10167392784766 39.164475943038894 
-238.15021915788677 27.75105983832037 
-117.29667808024931 9.691421539934675 
-211.2713652639376 25.88748733729862 
-116.21603403378239 7.323568283606753 
-183.65771356712355 23.966703535064617 
-135.14657289555646 20.251553689873656 
-160.16170980781763 22.138629174855016 
-242.56068169707316 30.28730081814993 
-256.9827482744084 50.84688503277765 
-101.36104646060613 5.655222645952517 
-120.24781202032062 14.4676607370749 
-153.52410193984522 21.43122146762025 
-250.5328916259666 42.57114947524649 
-219.7874127127395 26.615824431529592 
-243.65285026627478 32.38558122486588 
-116.90708969301141 8.943494306372987 
-247.33346491148217 38.16497734688548 
-248.48759753507014 39.69668508439686 
-196.49618309471145 24.724123823162287 
-119.82968715647227 13.842985906940706 
-164.7814417789677 22.282695035552248 
-133.23013546373326 19.763264559815408 
-107.73913360093994 5.6779929444030675 
-167.73516729826528 22.561241077166915 
-257.6557336510837 51.67402952037118 
-115.95451114518714 6.305913829589464 
-242.2553851111537 29.51299975459544 
-253.5015565273442 46.39139797792794 
-223.6856013775834 26.70638311735815 
-214.97204303726863 26.176479459303806 
-115.93683694600115 6.043997716674676 
-204.61928370657296 25.314402235977337 
-231.113269539926 27.29433878922245 
-107.73913360131219 5.678007985816372 
-199.9741753967584 25.253812000400472 
-244.75961615255687 34.47875861048412 
-199.0511914078993 24.9120231767377 
-243.65285026627478 32.38558122486588 
-224.7906255357365 26.766218032928027 
-235.14499483445655 27.554913533373533 
-247.33346491395508 38.16506066735765 
-162.8685712838372 22.141580053017965 
-121.34695709098452 16.060269086557277 
-250.2020791726092 42.04110494246501 
-213.8430725178808 26.105808482016087 
-241.3815429747947 27.986128080892183 
-116.45120874440278 7.956696084393563 
-126.39763631987739 19.232570647757623 
-204.62359756488522 25.43577173492917 
-251.22511455758905 43.41847292205638 
-231.10061264803562 27.240975630033585 
-178.21076297709493 23.33605500417435 
-207.9895315549019 25.631929900502165 
-251.18960918277446 43.365370838621935 
-187.23710485706212 24.026032852275282 
-242.10131593487313 29.066729831782805 
-180.06906724316406 23.611529089268476 
-218.48610069021197 26.331695427100588 
-167.5666821938328 22.543992172663312 
-207.9895315549019 25.631929900502165 
-253.36168995323018 46.21031862686117 
