-269.1504712488507 73.59009997571496 
-40.311530936467875 4.006893090083622 
-269.1504712488507 73.59009997571496 
-40.311530936467875 4.006893090083622 
-65.64357736736882 4.330438155593662 
-41.539543835930864 4.1769891484292145 
-257.5284491176728 52.28512751134291 
-67.83405891237477 4.6415763921205535 
-259.47598702610543 57.1102547391862 
-83.30678550929863 4.834623278629772 
-248.91214426011018 40.78375183000246 
-268.00884910796185 68.80556494875154 
-170.3222330743541 22.72685434344066 
-249.3074057901281 43.9771165646804 
-118.64179054206859 12.639919195580726 
-253.84963396199961 47.36110687735004 
-175.91873182080118 23.16468293042106 
-262.74746261756576 61.36200794079331 
-246.2908287491749 36.785192924646694 
-264.64646822303223 64.3808985796938 
-140.57967112723748 20.358748872302947 
-256.35196364291994 50.80566549401984 
-247.4937360127682 38.43658067336894 
-110.15071178380072 5.802619099309511 
-194.57310566757494 24.88664995752006 
-191.1447282996218 24.493348899093277 
-135.81659959559212 19.987390821231298 
-97.10892606459909 5.472633854950103 
-102.4594674514995 5.538351534340103 
-263.9039380764593 63.20719316415156 
-265.884433468337 66.82481876071068 
-200.02541953905808 24.988549192536954 
-269.0018435448633 72.0641790514338 
-248.25563968217708 39.50871910853218 
-160.48688296962186 21.948974754670225 
-117.74728299314978 11.557260009057412 
-253.94324403221515 49.32783297471857 
-121.77482468867755 17.63051130825259 
-261.609324053826 60.275778547048816 
-164.40037271508152 22.282976911369207 
-179.93544593932666 23.513412352362298 
-265.9242771192642 66.87863148913142 
-106.39819476956201 5.632102402611248 
-243.82789862508173 32.82051116750989 
-245.50551248835276 35.46708784773596 
-182.31682290135362 23.884975310553646 
-211.32740200979254 25.892657254292924 
-119.31786906449747 15.113349134202581 
-252.31094271936553 45.86236162890433 
-123.53882823223286 19.101674831789687 
-202.3969008637197 25.32327885838793 
-261.17783764429896 59.15117511751048 
-153.45804439457677 21.42775835248716 
-115.96041071981682 6.012566576048673 
-116.34452019193341 7.54924010120976 
-254.051238507621 50.0146089588643 
-244.6659073607672 34.606467589017974 
-237.37729166814523 27.736490223841578 
-117.62681611625841 10.219760294568056 
-226.57526639712253 26.92598108157663 
-268.6169143286154 70.58706133522892 
-122.25310041464752 18.839899387435807 
-206.60339071704092 25.447420085358512 
-221.21672172891724 26.585401918617396 
-149.71550180796999 21.24978796536484 
-144.5037140985642 20.690120507972047 
-235.27799755301137 27.537591707391133 
-89.43539913432956 5.120089848423896 
-121.5636857100738 16.34286582793413 
-241.8925484000908 27.99347413805919 
-186.813105296676 24.156965530929075 
-242.08542692427596 29.464583209002416 
-251.96291633272466 45.454360695406585 
-148.36447474341716 21.03596819733726 
-243.07373969517135 31.42596697398063 
-155.94763487868954 21.672523812422185 
-240.8012883625592 27.953955241257507 
-243.48833954985062 32.40398116519287 
-217.22302333532866 26.256517417907347 
-83.30912711543984 4.926962968764401 
-186.80486032315244 23.96659542746158 
-217.22514464054407 26.349907752378066 
-132.3642447604416 19.831519698223865 
-163.11287523104835 22.2397032836822 
-268.9664349555885 70.83272149589004 
-145.58791656577824 20.771924067929827 
-87.89853342856729 4.999978511954936 
-213.1363978383842 25.98477291002829 
-117.27913699578193 9.620708083195224 
-250.96422252037098 44.463331276183744 
-259.8773998248845 57.27739401010566 
-116.65205996597466 8.361751013661543 
-120.70463413697982 16.040952730202594 
-221.21668558216476 26.57656766403029 
-128.06391146336506 19.456620341585726 
-131.7484778657235 19.69654783403197 
-206.26777924283184 25.427067269993135 
-264.4191163454143 63.741516037313026 
-230.0387107672126 27.189238722155213 
-242.460533786573 30.407886590501178 
