-248.66503365695473 39.97669442363144 
-42.03058410893538 4.014861945732181 
-52.009613156099896 4.391955149467933 
-89.44298073461873 5.028643471200097 
-119.56316471728444 13.553312314341856 
-138.3212208232826 20.186341206691754 
-246.6858658905624 37.172142003826984 
-123.10284466692059 18.611807102195804 
-50.232403272670865 4.055552826515182 
-245.84455753648425 35.9222807864839 
-118.91244745527091 12.548596687314813 
-174.14568445806728 23.074023136749414 
-99.94412161957803 5.392783234336303 
-242.96188695658674 31.075200901277203 
-122.33995937745004 17.57126261997955 
-169.99775486383692 22.81050095959129 
-233.0314810402494 27.364626412917335 
-213.33926154904407 26.111518436576922 
-116.78769122969594 8.711819447813937 
-215.62389644374556 26.237968033471887 
-116.10568690143933 7.005723962112522 
-243.2681890856738 32.104355648906584 
-188.73047683913276 24.160905886882084 
-103.58640745504856 5.647456993032107 
-167.0767874740879 22.596675472515457 
-121.33008881506055 16.147547644584538 
-129.42500946036336 19.433522544636467 
-208.81175377965818 25.729604656266698 
-112.39726030383082 5.8645042450416165 
-42.0306182617291 4.015006970570174 
-117.17451191407586 9.477014632184073 
-118.5211646148235 11.926423767895288 
-242.1670285652583 29.325061063666233 
-243.93246025335486 32.897375822615146 
-241.9698036169034 28.649785036073077 
-162.84517045460245 22.430112864204865 
-236.79780554456042 27.690143735075534 
-156.23360897467498 21.80905607359257 
-182.0911654262065 23.632730204658035 
-199.50096495235957 24.92589027291082 
-161.61650249205255 22.18532988331843 
-220.35801703873597 26.555198985953087 
-140.7373254306842 20.373370701861457 
-132.65782998307222 19.742162448890753 
-245.59447974608824 35.54746900245228 
-205.5461172074292 25.35558735680766 
-89.74993853854616 5.124000545912583 
-248.08492618171837 39.16549321712198 
-241.61983876080774 27.977643729760757 
-242.43344014863197 30.001807692985924 
-117.55293804849374 10.293816590371708 
-124.4117835581595 19.16901420050554 
-242.63204740790394 30.444868784731447 
-184.9840672761166 23.84594728302905 
-247.50469408059186 38.34742985791423 
-149.0316659562426 21.063134663073445 
-94.97154148962838 5.287992177036275 
-125.80969100979367 19.339314472867073 
-224.54093530445627 26.790231307753928 
-120.84085246716826 15.444806192630779 
-195.25241590983478 24.73802955488223 
-153.23932860638547 21.36123766104688 
-228.85945870203525 27.10068987517797 
-115.41411303085077 6.03237840942071 
-147.7807958085951 20.951149945628615 
-115.9552291601266 6.347158317320673 
-202.43131812736226 25.26326281506451 
-244.49676855322303 33.8286822343214 
-247.0409708774005 37.683838855041465 
-120.1866392615834 14.485629212343826 
-118.06962207029774 11.167145500678076 
-194.36206122256277 24.69815539827521 
-152.38754518778256 21.2976448097705 
-121.85913285386063 16.88414661077484 
-177.59839198393283 23.283261188265815 
-132.65782998307222 19.742162448890753 
-245.00811987060996 34.66472168788546 
-107.83900703896279 5.84737826152542 
-228.89222566966492 27.140813937128218 
-245.09581302380062 34.78205217471891 
-235.9665007751306 27.604133006770088 
-116.36403585934349 7.922527067450656 
-120.69695848360394 15.134435250040179 
-94.9726142927278 5.355602054153896 
-207.54556063019396 25.59838724103092 
-107.67643945509056 5.680947085852677 
-244.55298540363282 33.87060188955492 
-156.0542331048836 21.770850288911586 
-178.86571493230076 23.375932671480772 
-243.29037876828647 32.65775066866994 
-144.09202678332704 20.825972401116115 
-190.88934635284335 24.454375267903767 
-116.36929202919751 7.9353518286483515 
-200.34339252163537 25.167892368509417 
-118.1105674201272 11.251321714245549 
-121.86501564695203 17.08279668454927 
-247.35455707627338 38.1335550724006 
-223.11582872626062 26.734634533733846 
-184.04100036184855 23.815510899029107 
-120.24292362002467 14.573883462277987 
