-273.6621472691409 75.9767796078209 
-39.754791906249025 4.164794074714578 
-74.77136793717662 5.265579863271652 
-102.53201994576791 5.5821313477806225 
-74.89472673751247 5.271993300571498 
-133.97284599403343 19.97419574187593 
-142.8275328829366 20.612541593092626 
-123.26351392141702 18.994657840147248 
-170.29458895146678 22.88644708970072 
-272.22628432239645 74.44086637790156 
-207.517887183213 25.68536511353477 
-243.91611114697744 33.234163170130905 
-187.4379217788124 24.15880434029276 
-233.83865868413784 27.43514633275829 
-161.57126204175734 22.103467576906212 
-244.67601615659711 34.23476626150532 
-116.48229789867321 7.9410591631323255 
-261.42982418093226 59.69035915210918 
-257.02989610966745 51.142514165794 
-240.05686873171214 27.87191280816657 
-242.0288087146084 29.581575163506095 
-257.90309582671455 53.19539344688809 
-212.33804891188154 25.870449336242224 
-247.85097909929934 39.17513351374297 
-253.7944610596064 47.07564485469341 
-151.11594371045922 21.204953676898977 
-194.15062071061269 25.199193159327663 
-201.59999074862463 25.25828732914077 
-126.68729843921372 19.593243189310474 
-117.73794846857733 11.307461710403683 
-251.40924212429096 44.58560710320209 
-111.97264433738738 5.903608531737702 
-245.5912753281845 35.873232075881965 
-130.49249456697197 19.645874685989632 
-217.5658771316219 26.62960837187722 
-118.9821309743591 12.485023501201283 
-258.3552764714125 54.88655213424136 
-248.86883727985366 40.562106206249595 
-120.33512386227059 14.54478058553228 
-267.3634251149992 68.0860709624078 
-175.22228772009151 23.4349172936616 
-147.5012019589067 21.063639107101057 
-119.44281927864189 13.39670237075351 
-156.026603622572 21.860051427150893 
-117.26448012934581 9.63062582468688 
-189.8627362366938 24.233963015578386 
-264.13039563188227 63.61316344231062 
-250.82593820814589 43.23428758471808 
-181.25650407475052 23.651667097289593 
-249.4106741822065 41.30204029217423 
-250.27564656964896 42.522558556200984 
-257.8349263667182 52.09162625745412 
-241.66253014742696 28.01798976960347 
-268.79601271580634 69.93017861412403 
-266.78199500967236 66.92157404692067 
-201.975164472824 25.671802562789143 
-270.23887860081254 71.64551763363009 
-231.48269825635313 27.297029544326794 
-246.0243525621868 36.50712327670613 
-165.19755075906207 22.442403698033537 
-155.40843843319283 21.540535692499542 
-268.193200691121 68.9976585895939 
-223.5621102797638 26.738572205283237 
-180.86013111425225 23.60581886939008 
-122.08130636498589 17.37871221854094 
-246.7721994948775 37.69263795684709 
-273.37257541155515 75.61121422750784 
-121.375661170266 16.14478276101157 
-265.05177914316255 65.19736843235646 
-260.45779746550534 58.33977799461316 
-252.93101583213752 45.94861219719225 
-120.86637191164465 15.542334612437982 
-271.18628485603836 72.85829842846752 
-144.16682163360002 20.852428911698745 
-255.6977592203499 49.699285670901105 
-242.9181871109886 31.480644892801614 
-116.11722152394991 6.909964289121575 
-252.58393557079685 45.51199286093621 
-117.31748066708845 10.133393046717892 
-262.2283101880413 60.85344879615506 
-247.1389714444386 38.17227047666632 
-107.24717109885455 5.8395926146585655 
-194.1033471249154 24.545617121620673 
-106.96799599537003 5.682190491751518 
-215.02795497168935 26.323879004536728 
-255.69429072536948 49.682885338632495 
-174.4251429102869 23.079946990648594 
-223.78179418553862 26.79452498228589 
-254.62821666000238 48.34087367586698 
-254.62821666000238 48.34087367586698 
-259.22991443320944 56.47117332823304 
-227.8562615772114 27.03887766334313 
-263.0611717818239 62.062632043577274 
-115.73780853585535 6.010411244169215 
-270.2392281060333 71.70474032553524 
-259.87337897545916 57.18180002727868 
-262.45848148976273 61.191798557213396 
-271.1859935169662 72.85792665533123 
-263.2237453332307 62.56197416386654 
-122.0063623144331 17.16462660478683 
