-242.07033618473858 28.68410282011908 
-37.27407322923403 4.046894551836938 
-113.61107257931347 5.927405615680147 
-114.48684153615083 18.177033035293046 
-40.26355245285489 4.06455873143314 
-60.08926255333514 4.210113132702774 
-94.69983316080922 5.2058527530467416 
-95.33945076961001 5.57123315411504 
-105.52944766103772 5.621649221523645 
-198.819040235964 24.903874771667322 
-71.26098552721791 4.500687736652024 
-221.7980926609878 26.587254069921954 
-86.09469901391238 4.916047209995634 
-155.55491293174953 21.665373652747846 
-159.6304864516915 21.862642984013913 
-124.8783276696582 19.047281125002485 
-218.0767069181276 26.29227502310586 
-201.64666006507878 25.11384526085329 
-122.74842099786912 18.921080951711364 
-223.92664703079117 26.791060402966597 
-75.2804011583544 4.587598521489524 
-188.14838689156252 24.1213738561978 
-194.64138736507653 24.55089731188452 
-127.99234598086981 19.306003033340964 
-214.88585938453252 26.053523413069204 
-212.39941707755352 25.892527759234845 
-195.6273751953618 24.620074061107694 
-183.372786755758 23.69871127526557 
-203.50746512691038 25.271441323731118 
-167.32448790069247 22.63815462116194 
-186.45362257273015 23.985610115282533 
-147.50533016697906 20.945848600420035 
-77.0128704677171 4.685890802385798 
-137.36863773047463 20.13417001541484 
-238.63857498877925 27.803310454745287 
-120.24168978873392 18.68756943718385 
-191.0351431146491 24.306341966676086 
-205.9175313284144 25.41986487031421 
-175.70517420568737 23.159019496821188 
-231.52123607263889 27.295085119050572 
-171.2196951913092 22.803949910802256 
-154.07436517215942 21.469799897392164 
-184.61244073557654 23.791291226654486 
-62.33030008846748 4.290167235565292 
-67.07897022181253 4.3647820620449105 
-86.09469901391238 4.916047209995634 
-67.07897476342241 4.3680963179139445 
-170.50338329909337 22.73146187308732 
-216.774730475821 26.230844024882618 
-150.1474027075508 21.152706033141833 
-208.7681185565258 25.60888404300491 
-134.05732517233722 19.850455106798208 
-180.20166640769062 23.472969526196547 
-116.80387223016625 18.55865714142288 
-130.77763196428816 19.551930000525697 
-234.20901444379268 27.445999944054595 
-146.6766225950819 20.840183940884298 
-242.02778972464128 28.475218946282023 
-165.0128663451256 22.296116063811994 
-128.79074294670284 19.4424376755142 
-163.33828498213433 22.219495845871677 
-228.28258341022348 27.07774554595127 
-119.43662066777652 18.64003424113392 
-191.03514311210728 24.306251487609092 
-207.2120402533758 25.499855665712882 
-139.48537415904482 20.297834626489898 
-160.6899895103943 22.066207403027104 
-144.68835209656152 20.685318747384567 
-142.20093455975694 20.473863615446227 
-173.98809631103026 22.97983760971843 
-135.6883799074956 20.065876838251558 
-139.4882064139244 20.407819086331827 
-237.1144881144485 27.65618044726164 
-80.38050714476284 4.75370182465375 
-108.00706748521876 5.707008641515268 
-233.94112472737092 27.435232138764466 
-80.09138416326442 4.727341202364572 
-162.09843640780016 22.085244950785786 
-116.64558157761826 18.36891716518223 
-179.076687367971 23.394777332588056 
-132.08969155170337 19.649852733695447 
-83.14302875066284 4.839175300983017 
-110.63411571698653 5.815787550053826 
-226.55863463076759 26.899582563706673 
-108.00910548333125 5.799350641888925 
-83.14284217634128 4.838622734843437 
-166.60855801715158 22.412322820240195 
-177.21294190465883 23.268040634824768 
-152.14106632216303 21.386398162460008 
-135.09291105535203 19.9019486428751 
-241.9841852199829 28.10456665529631 
-144.68835209986193 20.687374574384357 
-237.1144881144485 27.65618044726164 
-142.2009342521085 20.472916106922117 
-173.98809937963094 22.98229516910344 
-227.1892007073858 27.028871123813783 
-150.27214031125564 21.227435905733813 
-105.52962660222018 5.622617771423029 
-230.47457922739707 27.181229356169553 
-40.26355244957226 4.061100217086774 
