-54.62805217621387 4.110569421201838 
-243.39916338758738 32.32274709801732 
-119.97430092014825 14.03362584966441 
-120.10158069016094 18.658699462707933 
-243.39890110770298 32.3227446839771 
-76.60974751821203 4.672185011451666 
-242.42038047884637 30.446705141098253 
-56.12311762304843 4.300664791191091 
-65.48942579919265 4.33900948176394 
-93.01067181550096 5.142795884956896 
-131.9903044718194 19.651776405551267 
-134.26803174052864 19.839161293738808 
-83.81828332007449 4.975684838151469 
-207.84508558803353 25.662500363885776 
-105.14807846443826 5.581067015749681 
-203.10018058760838 25.337678453340896 
-241.97588680524248 29.367081874461668 
-215.44660434752672 26.12526084297381 
-200.52119084819282 24.99873702173899 
-119.41574291821738 13.174928977296846 
-146.9699681457428 20.862291682845694 
-181.48404737614706 23.57092776549439 
-159.87701984902048 21.994716170219494 
-212.3231582062786 25.857751261391833 
-170.69801893097338 22.732129112563513 
-115.99396009618053 6.356923343792656 
-98.98213237873026 5.357698051126117 
-149.65957915462505 21.07407595907343 
-113.80325919722978 5.915545382349829 
-137.74762646103406 20.215170241622253 
-242.27104975932167 30.111602528107763 
-127.69922072341136 19.28790197631633 
-195.6658291630386 24.651930120052675 
-98.87488929286435 5.353999173632463 
-166.26392762710725 22.37720983142271 
-116.41460618226697 7.76212393655751 
-241.6785246917233 28.00518828872326 
-197.95021662924222 24.86287457698907 
-177.6176171966572 23.279855626896495 
-67.11081025614916 4.495816619481071 
-206.04836440278288 25.434561957952912 
-118.13971172542146 11.157721980623306 
-73.67042125015232 4.5353887499106245 
-140.9094600805331 20.420178372864324 
-168.24436773248055 22.56413336818882 
-155.1814176403075 21.54940980954903 
-241.74758107848447 28.930407307391576 
-89.79144394061976 5.046590620092489 
-118.68487792008557 12.287756622635264 
-83.81829419197851 4.984251839101326 
-115.99830677459533 7.174030673059098 
-117.01703002305211 9.08237851710424 
-224.97649336844134 26.84051096453489 
-119.55645016512828 13.657834666277001 
-117.39966460938402 9.869823879376456 
-232.6409424847951 27.330112467829327 
-190.0957177705304 24.344531924123395 
-219.47437759951623 26.385090275527602 
-121.66522678989344 18.79327133069933 
-188.68645351616462 24.21969307341663 
-106.09040783655372 5.653785811921148 
-116.84058519692005 8.723676230552318 
-235.97576370935468 27.63268831083336 
-184.52982612094362 23.794239700371218 
-117.73367445723203 10.472119133404648 
-234.9652454029107 27.508479679227076 
-127.09393657751431 19.24574300480315 
-118.4187991002758 11.584997910717247 
-173.06656957879252 23.046151010862005 
-118.98551869610633 12.509538810876546 
-109.78598952430994 5.774700723037485 
-143.96498898720716 20.693907401649156 
-152.0412613036085 21.47225337396618 
-151.8152882308556 21.297269500579365 
-117.8417534677852 10.613895868108019 
-162.94761705183043 22.27701601836613 
-213.8753020375357 25.971518221439037 
-143.31078165452587 20.653333603351157 
-227.89277981110808 27.02835664753281 
-222.08849748010897 26.577710176800352 
-157.23618379051476 21.919621840240453 
-183.09250256491103 23.685433143552473 
-115.97663863644642 6.004071171148172 
-138.79360033572326 20.310174105747116 
-157.225387880118 21.70368795410283 
-109.78406912809207 5.759538924814679 
-238.6709730644291 27.797456524886144 
-124.02471336381676 19.0527298260588 
-116.23636511691048 7.279407372051853 
-227.55184723479803 26.984152409283045 
-193.07435514031286 24.478590996659833 
-174.91468211650908 23.214400182525868 
-162.94867062972216 22.277017470061576 
-73.67042125292559 4.535397737568821 
-116.5903243610439 8.300959564376264 
-238.6709369660256 27.792504821693935 
-230.80710510889668 27.20577186723389 
-186.39872482649048 24.007264063511805 
-117.29246991081439 9.610774744672387 
-89.79144394061976 5.046590620092489 
