-40.87360104003917 4.002772791821758 
-257.92096504771365 51.97691416658424 
-70.7542549242545 4.490845558106654 
-56.31974789150081 4.482375719731339 
-78.75302385447054 4.829845734800078 
-93.03113586440814 5.187131071540576 
-116.18739104785725 7.297275760037667 
-44.62630804245356 4.137840598791064 
-199.1634042625226 24.996969249001985 
-113.59785473219793 5.9189581623777805 
-194.19735133674584 24.51124467965371 
-53.72012721775251 4.177989657575247 
-238.41087821768696 27.85244784418344 
-133.44220125928643 19.865059185691294 
-230.05712747273424 27.20993794904659 
-103.90850989529487 5.849936172021565 
-122.9448654032798 18.46730559461857 
-127.26282027613398 19.4151026618581 
-116.33980906591718 9.199853655454014 
-250.85158795401983 42.88575575267664 
-243.93762762503505 32.82236349506021 
-243.1334627313745 31.53338326139144 
-245.60211074932218 35.46464704930019 
-220.32562923387368 26.503653178083603 
-249.75017480946255 41.45453089506886 
-189.53898219698175 24.19061081361326 
-151.8261347251386 21.288456071053194 
-255.78951717448803 49.34583037134545 
-204.22215142718935 25.297103364636612 
-242.77949301283033 30.668622057136265 
-77.883486062822 4.688957777695914 
-176.89703952633374 23.268697462521814 
-244.77220243474665 34.19639773285273 
-143.3791061420394 20.829559450103805 
-248.03614590076114 39.10175763146613 
-140.3995655601832 20.590881889738565 
-117.84656024106773 10.862868650711102 
-160.92421547038535 21.987717349320686 
-246.0160055818081 36.288347188818165 
-253.7322709413641 47.03176422357773 
-121.08376395457705 15.907627875671325 
-125.1249297724428 19.14129876038875 
-186.3285798796157 24.020454472062315 
-205.88184211211558 25.68641992317862 
-257.0105077134804 50.88363628961744 
-103.21502232347684 5.55405135493108 
-182.01070177780292 23.983871655244457 
-249.34962324130544 40.91094850493197 
-215.4425792434069 26.46801952838449 
-166.25564200291495 22.427223491514038 
-251.72773041646028 44.02875786243251 
-118.36867681063923 11.750610352385603 
-242.01008573952586 28.62604986188591 
-214.70840908880257 26.042556763315556 
-119.34877261833391 13.296115750817405 
-120.14191379948699 14.57539839060422 
-244.18662747526272 33.71860806848905 
-122.06888623309248 17.21330310446332 
-155.49290102169388 21.553918204119693 
-255.20600196519118 49.08556395779028 
-167.9500201447407 22.704230425435707 
-224.29296483940294 26.828964468469625 
-120.10118797928666 14.553441030265352 
-254.7399225113992 48.08181655989596 
-121.33529039181231 16.22210708090959 
-224.71578560526834 26.99307083265161 
-229.43016214453024 27.106092198216057 
-172.51741195602213 22.950995449230874 
-251.32533725484146 43.528524116958884 
-93.29925866647791 5.197955125798668 
-257.01053318305276 51.030771920980655 
-98.34272882925194 5.341565028887109 
-156.9647735604729 21.670315902772263 
-137.26999238253248 20.18266807100539 
-98.34272882723309 5.341500407484517 
-210.4627704492378 25.743882071060064 
-210.5426265464714 25.970417044320623 
-159.43097271636 21.965798002116625 
-253.23799087729122 46.00922598057859 
-252.21074558156735 45.05198950200314 
-115.83148536281689 6.237899611294344 
-147.97154156727677 20.97517041066454 
-242.23420171997049 29.62244770386895 
-172.72005709159293 23.2307682368537 
-148.0045757735033 20.990674750917055 
-121.6694609044229 17.19081685876855 
-119.24188535538468 13.163961831105526 
-248.70797939302753 39.978574249202254 
-253.2385405933582 46.01658395004092 
-251.8975561923348 45.029265248699204 
-246.93861977091962 38.26553766626625 
-246.22614426537012 37.29157254614691 
-242.23420084458905 29.61514551532412 
-180.1821473127779 23.66809490642112 
-248.6868646191441 39.91950188041858 
-117.07875305676345 9.660915401476144 
-118.70370052775161 12.28996568538387 
-136.90695768473395 20.063870273297624 
-254.26238115365453 47.72042136391488 
-246.89300712348395 37.38402739030919 
