-51.65434292640037 4.071582022234207 
-51.65434292640037 4.071582022234207 
-257.8387276583296 52.58151834550291 
-120.36427407615331 18.8512963881847 
-119.63263308988103 14.552707093314995 
-114.49884183315221 10.291747508992362 
-114.38260824859199 6.069653448626324 
-76.78423690083453 4.775583831479208 
-190.4007299198735 24.237071282729012 
-226.3012880833948 26.896645193958076 
-67.46932900254335 4.465878948084704 
-64.52348422659412 4.3270858389364335 
-195.99466160033862 24.807505703043393 
-233.49647811225194 27.42689140445176 
-54.342275373420186 4.313621061102284 
-243.33433228983765 31.91387552116537 
-151.58796152273146 21.682376396978448 
-85.93790997720718 5.130747364970031 
-252.05828931772135 44.59863822633367 
-124.47964080872725 19.144555334976562 
-117.38128792515134 11.728346884880905 
-92.74281577722556 5.173773626057627 
-244.0645966573624 33.21408767720827 
-256.30075947844733 50.04292651465021 
-109.37274710983488 5.749287985971975 
-254.5858042867321 47.9038610046923 
-200.52872374894187 25.036968868416093 
-242.69023342739172 30.71515633568268 
-95.32597771012021 5.385899883140471 
-100.88313814833094 5.430124599128356 
-184.7480459960382 23.971465023146333 
-115.28376906970702 10.329896015793057 
-250.30539110811708 42.30077980165098 
-139.68589449406258 20.277574616951117 
-255.14380585688406 48.61456133786972 
-119.55406470779035 14.148683321736433 
-209.5546686465064 25.688411517371684 
-215.68422448430684 26.213556647889753 
-157.93472337407565 21.784427149311558 
-162.0530228973442 22.058904732054092 
-211.89254795989632 25.906365927695536 
-205.5316026065925 25.424422092496926 
-128.79549879814607 19.39637990031982 
-245.74411825160655 36.2044881818767 
-164.91377520341086 22.59626479663323 
-133.51011382580322 19.807141082276733 
-253.39606989990537 46.356581850240644 
-182.86106942346 23.840434834073346 
-242.18368136032777 29.484427864201933 
-246.27159364915198 36.77620288014339 
-221.8570703418939 26.57262145735144 
-118.00282905895794 12.954673409430034 
-203.92575222510007 25.242861530875228 
-241.97298802981652 28.323462108526442 
-170.39449321793046 22.705315426714748 
-256.74500146973435 50.63740382900993 
-114.34374160977399 5.970535660536276 
-105.11462674021121 5.749244777432102 
-149.32607023660395 21.073162691248747 
-82.16390885029733 4.8220806098687135 
-244.56016798089843 34.02942905347124 
-145.40314404768506 20.777635342040757 
-251.16229425680734 43.42816605523953 
-244.84687716716212 34.45986204465816 
-257.58656102721835 51.69401511380762 
-222.34131570321495 26.713477684529266 
-117.72053594191216 12.273019420307817 
-242.34535004132783 29.898737894074873 
-251.1375601177037 43.39967045421306 
-103.90106466376515 5.539361003791526 
-175.38387484039316 23.30910780314025 
-174.4090522504346 23.013558778200775 
-179.58498864358953 23.519405570592845 
-257.2909178506989 51.3088804016909 
-171.52678528562075 22.918795745918015 
-135.7925232971076 19.978819441207797 
-159.11350515931406 21.8430516763493 
-148.1940309496589 21.010417036458243 
-164.90213458505272 22.290108597420762 
-215.4952932943528 26.099361443139543 
-252.88141736051315 45.674488902785534 
-82.16736276806411 4.94191087323815 
-247.19985645744129 37.988784011757936 
-245.3379877284337 35.230085755523675 
-246.89010876393806 37.54355890258717 
-248.20347607714947 39.87891418558536 
-247.69321842594002 38.70627462714531 
-241.94977342550638 28.032167742882702 
-178.5060824766479 23.358853147631994 
-239.490251397527 27.829151036590016 
-236.27797458376884 27.601012909119063 
-143.63677951039804 20.65909079590516 
-253.39606989990537 46.356581850240644 
-257.8265846457097 52.56634341064888 
-252.88141736051315 45.674488902785534 
-52.42112828257433 4.281615850900085 
-130.36179065049703 19.527444764081324 
-141.8616339923976 20.59651527799744 
-245.3379877284337 35.230085755523675 
-254.96458117482848 48.34978072947402 
