-241.81335628537357 28.928901404405817 
-44.9358815308642 4.009869041097196 
-117.13392403717435 10.448520195164722 
-117.50771946207671 18.430294354661093 
-115.72848091224084 7.622768293556505 
-117.05006929414046 10.30589001574302 
-48.322349322834434 4.241928396630902 
-66.4633595320822 4.3717865372395215 
-74.04323860729868 4.763688422113828 
-85.86378820432778 4.912920761012682 
-95.53068898208959 5.230184325160951 
-102.32985623347597 5.480844469032974 
-186.97253387952483 23.9844053024493 
-97.4865810098004 5.352959806101492 
-127.63402304258607 19.496691816567502 
-227.28306872553543 26.961783636200252 
-212.22087902343767 25.848382295973078 
-208.53755853597153 25.62168248815276 
-153.79439344330737 21.4418901724734 
-197.22269336480176 24.75645533976441 
-89.18526116701405 5.106974626165333 
-157.30650289506943 21.716167990935123 
-105.2191295279647 5.613606334172881 
-161.70280184797744 22.04839645176619 
-115.47040702812289 6.829490332604756 
-194.21533620053788 24.51771293869558 
-158.87118433529426 21.841348405361707 
-68.08696622043315 4.403644835950735 
-169.85736964628933 22.69465737736004 
-152.2312487992943 21.295365560718174 
-131.29554480692656 19.58061628980917 
-149.28546891382157 21.147328896980213 
-72.33647827684231 4.507811415204365 
-132.55080655688448 19.72403721232811 
-222.9935036769513 26.700487123313806 
-184.05941240647442 23.778220108113036 
-115.68291151714196 7.475228288133499 
-163.66575156155946 22.215516593483365 
-220.51537134664233 26.49900217539624 
-189.98747807263788 24.23783298486619 
-137.98792483723668 20.17121192122091 
-205.32466269018383 25.34577429004103 
-172.72904388745522 22.905973269551858 
-232.71390578288214 27.384642690676557 
-115.42543375424664 6.54878938687484 
-240.98519896653772 27.934907652998923 
-139.15701765041854 20.223711291494393 
-168.42456493254244 22.583405890376046 
-241.72439867925428 28.56948911900305 
-148.21272009870447 20.957566803858636 
-182.77326636516565 23.684157307991143 
-206.7451570226309 25.477211772118512 
-125.82768396865585 19.17377406812593 
-234.67809983704288 27.538468810281824 
-48.086006269749845 4.030173506599992 
-202.81856353269836 25.1901207732458 
-192.70598158602073 24.410689299659104 
-238.0845221596168 27.74162563733914 
-228.79258416767885 27.057777874733663 
-123.9347994965621 18.99830176772238 
-108.63668208817124 5.717755763847282 
-198.69986532228629 25.000794375857975 
-115.37278421247696 6.075118184728174 
-172.73870194365355 23.109540137183323 
-114.97365481461154 5.990197374748947 
-135.24965259476014 19.925830601823765 
-166.25710437046294 22.40119909174362 
-214.7255445181831 26.042493590666346 
-88.94620281264406 5.013808786014694 
-140.88153651689498 20.55517324931565 
-135.2496525600811 19.925597206923783 
-108.5048071071489 5.713876727338641 
-176.2962334686264 23.264074873939496 
-238.89689067169076 27.805665641646467 
-144.341516371785 20.65395258749922 
-201.8612773809126 25.12375344941256 
-199.64893935001768 25.06568236641866 
-190.43987091100306 24.34088714944101 
-165.6752954528335 22.35188321838141 
-214.0988774445015 25.999611113381945 
-217.8833911109991 26.32319058789337 
-119.82908634624566 18.726850950982175 
-85.86445062498974 4.9642514357796035 
-176.2962334686264 23.264074873939496 
-72.33654958847217 4.71125138132902 
-230.9259229026569 27.213575852131502 
-112.31767726332278 5.859933238962854 
-112.31767690584437 5.858785445141166 
-117.56334358584795 18.43637622110594 
-217.04625703619485 26.199462648120143 
-121.83515340223049 18.83505401956837 
-222.0051365502475 26.604511829208146 
-119.6179853190173 18.61900732988338 
-180.6842107712861 23.507761342573318 
-230.5568586251139 27.187587436423456 
-125.31101930274409 19.12205962962762 
-178.87636909178414 23.35012608076652 
-145.74479049725383 20.864601100227897 
-234.6778861499402 27.509319216720495 
-140.8815508169258 20.562506642093435 
