-40.814344706334126 4.004420302445678 
-243.82601390666795 32.871386754150365 
-117.10115470018589 18.45163992718295 
-116.24565844358396 7.32068511770983 
-63.891973262104294 4.341501704761764 
-40.83785014020466 4.333323593872241 
-69.74158367693423 4.53863813839884 
-115.97328573058606 6.022305778609514 
-186.43103683482235 23.929899125358258 
-104.37999235904458 5.605079663069393 
-85.01757250988278 4.89593903592676 
-115.99086259715881 7.320292143359063 
-177.1262566687177 23.26692579297139 
-198.94194156246948 24.90603619147718 
-232.85103031192511 27.345623499558968 
-242.20360035142113 30.31663308400855 
-99.62453175511065 5.385596051408016 
-110.3139521434536 5.7826581671052555 
-121.78417237129685 18.809946734814424 
-148.01551529812048 20.948097970089183 
-144.79412780638714 20.689847755240734 
-242.99163810262144 31.489301956347656 
-76.84158013377431 4.624900958029507 
-191.18137916578863 24.346210494089817 
-189.6859087467454 24.241687603883502 
-226.84798850839115 26.91315348809747 
-194.73012774389287 24.616224541485245 
-150.02228825255628 21.098478972668953 
-140.75421893023034 20.383806552477473 
-163.25504702270243 22.14442175478403 
-241.88995016646035 28.70074990712507 
-65.45516416915112 4.378519241556473 
-118.4188253244748 18.51381351177796 
-242.1609011858861 29.564308873232193 
-182.13160741222742 23.76440231193267 
-224.26672685471775 26.763214646088826 
-90.68356082157464 5.060229895640052 
-202.26156088529459 25.12371315445018 
-209.66154014002646 25.68932506085675 
-168.48307219348465 22.56813110933644 
-135.9608227403244 20.004304941969092 
-82.83350869210604 4.8069610283260085 
-94.48489461708466 5.338591351211982 
-152.87110352270366 21.32949900763569 
-101.3294052981734 5.5735686215767695 
-236.8081164466738 27.695900918066894 
-196.44115287614005 24.683645650963033 
-142.89589405724968 20.546469192243553 
-114.52991847459778 5.958784106082978 
-214.38586307320963 26.00485153015337 
-206.07094421738572 25.461542689837845 
-216.0975081029472 26.198629649880065 
-94.48002421190917 5.197586326132515 
-173.42148303397815 22.99420246866111 
-242.89521186751253 31.18903889381546 
-243.45252150592844 32.2238354830139 
-129.82123704895974 19.5461669561549 
-127.000568140365 19.262073942023044 
-110.96451661763619 5.855736921798905 
-217.70790630544997 26.355179521832707 
-203.3833909314793 25.244672568491733 
-157.7348619760275 21.77984712567693 
-212.4201977025616 25.870272913995784 
-219.8829114615341 26.43280048074672 
-160.21911002453004 21.965155901455887 
-133.1926672966746 19.80732405183427 
-165.26159029153993 22.30840340502018 
-241.7941647265416 28.027986784870567 
-123.58430054747797 18.949475747970247 
-229.53944763097854 27.14626892411596 
-243.45252150592844 32.2238354830139 
-129.68610491266173 19.52519342041867 
-90.68373928938834 5.0606002189205785 
-153.67326984723132 21.495999873708485 
-181.85958867350416 23.59358965021718 
-124.99157118668319 19.077955983614174 
-241.98108056696591 29.042132156309254 
-229.48985479546656 27.10729549435303 
-133.19266833584157 19.80732575951322 
-222.20700012583595 26.59624310439592 
-235.4270945776693 27.550857962571996 
-210.7879190757886 25.747266401367586 
-239.67884477973425 27.838247364417366 
-242.11284380938002 29.32984023560083 
-79.68727488990353 4.73226174928335 
-179.67484189208128 23.42713318033912 
-159.5856846512812 21.92192505291402 
-169.41593030172427 22.658298784538733 
-76.84159563944134 4.633107422095084 
-155.74557899638867 21.59077403058599 
-242.61478792381064 30.73933719095218 
-221.64619747378595 26.558085645346313 
-205.88898966430685 25.380017774280695 
-241.79369830161593 27.98854665400036 
-242.61742962443194 30.752289102514514 
-79.68727488990353 4.73226174928335 
-179.7584233004987 23.43295840071778 
-156.2416102211961 21.627432641767555 
-137.4505936769436 20.13388718170902 
-165.1846052163427 22.301007232491294 
