-48.210467569590286 4.040209753166233 
-255.90898994077384 51.78809349153235 
-118.94324448103607 16.318479482383616 
-113.31476938414882 6.294899487673174 
-122.47149187080156 18.87119886416202 
-48.95447534544317 4.19512727301202 
-65.20901367834341 4.319302828158625 
-255.3325704593445 50.83520111459981 
-254.66928736293173 48.312122498392675 
-241.8309993767245 29.27696595953212 
-250.0265442529587 44.10003734697444 
-133.6060143421011 20.018932975947124 
-181.9132617761066 23.663296922711652 
-249.98749134021114 42.31458746476334 
-176.31365014347764 23.466281118584767 
-80.26858248811173 4.746395277532077 
-196.17709819601694 24.669933577512662 
-243.98485284996727 33.85737301252872 
-240.58025060479775 27.956035747178664 
-251.63881025625435 46.16183509802416 
-109.35862762999339 5.828572920321428 
-207.70472989836256 25.642764115895524 
-243.62505946600527 33.25176594554483 
-170.83455342607465 22.898520913150115 
-174.07154435720562 23.073283837021606 
-125.25382710172704 19.13003938235846 
-251.57193285271566 44.69951265701375 
-247.476903517565 39.03944542240459 
-242.06059899605262 30.37856695486729 
-138.41679801948771 20.21122902543444 
-245.83883108863142 36.68134900166058 
-201.98198989528748 25.19592726840732 
-243.15645127154642 32.18591290281711 
-204.79749119291043 25.31122787337996 
-228.4976723953165 27.102919669912314 
-99.73316293095485 5.5921045716326265 
-223.61285890384357 26.702157574942728 
-160.8162847442387 22.157251033910093 
-189.11725115210976 24.194208127831516 
-248.21030721859296 39.827313246413574 
-245.28375289984834 35.906875916123575 
-90.63870933243021 5.134017443506317 
-244.82550403489472 35.15769156897454 
-89.7606095554922 5.041115614202136 
-249.124454942868 41.010800026149894 
-239.07799096547973 27.802252657102507 
-106.04333899875955 5.668978653875776 
-164.44676227332505 22.398668786138902 
-246.77430676002504 38.34568058067565 
-168.0908322854187 22.589688909171365 
-249.5024166629101 41.8096816796616 
-214.72618100335714 26.060114224915974 
-242.50210151183617 30.91665949950436 
-142.4115178756785 20.508737760840855 
-242.72448187875239 31.693782476511856 
-146.92114247457872 20.869399040542277 
-154.3985982643329 21.639968725158425 
-248.6757638734225 40.3951692872078 
-84.767119212427 4.877481015849463 
-219.10339014722925 26.373262212180368 
-70.01689316346221 4.562365429025458 
-95.84223537227338 5.2689921552834695 
-215.7627157019343 26.21899492619711 
-254.38525623089126 47.93501665909506 
-75.29253462086386 4.61522123193442 
-75.29605689944125 4.652704062592595 
-69.22153909765689 4.4228238066942795 
-113.29012559189262 5.9116027726983855 
-231.80681647185787 27.394313365603637 
-191.38579326451088 24.314567499977965 
-99.72368399181651 5.398386959680658 
-246.3541943284016 37.440483337441314 
-139.86665916545547 20.366082041862303 
-158.9961739100831 21.97648926090697 
-185.57484276553626 23.997556639892082 
-185.32800832335997 23.872169979049904 
-226.3442838445574 26.899226935964208 
-84.51060344280579 4.858328335449366 
-210.73689174590558 25.875917869462228 
-252.9660181770447 46.454032286547076 
-149.58573291808858 21.329649894323452 
-129.71398604099736 19.537966603568368 
-198.961296893353 24.884093548787966 
-149.44935221541232 21.059145905086375 
-235.58500994881072 27.545394458389612 
-165.91194453851375 22.512510768986917 
-65.21061094658401 4.396652987733081 
-95.84224013091878 5.269330556750648 
-232.41887667849704 27.425002087885296 
-246.5597772980153 37.732336068403164 
-157.53824852136862 21.701933802300793 
-253.57464474247823 47.24924117682389 
-210.73670259050408 25.84125758489133 
-128.35351465179446 19.344531856999634 
-219.10307786963932 26.373252321652096 
-106.04333900611637 5.668997424706222 
-191.38579326451088 24.314567499977965 
-244.88437853909318 35.27062704672637 
-198.78138384079955 24.8512906815868 
-235.58388834279114 27.545282593947917 
