-242.10969540710286 29.315143601493578 
-45.08993442986502 4.008792928729429 
-115.65322618208562 18.36298982966815 
-115.59142269682229 6.075223959657166 
-51.73320445078112 4.084502542244229 
-77.55998477520961 4.650836383128815 
-87.63764762589571 4.96166340514151 
-98.76057952329104 5.351615929375038 
-78.64613537156708 4.921165310220822 
-189.6730474768486 24.189824514168915 
-137.13449077719196 20.08006216119422 
-196.87031613389556 24.848280273023 
-139.71869258294612 20.303887250004937 
-193.63108418746563 24.49229444005758 
-216.7318020890034 26.184045395097037 
-130.22757134595076 19.501574199777806 
-134.1315322916082 19.89475574214892 
-122.37972963515318 18.997442079567104 
-167.46947635314905 22.584643268770613 
-92.0543543568019 5.272971701284812 
-51.73314473927124 4.06942631695491 
-171.34252732694222 22.864530556239746 
-108.77459769804604 5.765136220091538 
-101.85566839769523 5.49370778846306 
-132.53332911729325 19.72344701097515 
-239.11846724840527 27.863761402793234 
-157.06057568802458 21.72515761648838 
-88.21675193246756 5.196946035382287 
-153.0650856072958 21.35472758765004 
-164.84423151817566 22.3407547398712 
-205.00443005034856 25.33258602160714 
-127.5968857939779 19.407007261860393 
-233.70196221808934 27.412861647094903 
-192.1953992510864 24.37526415083653 
-142.12932913628444 20.52509683677575 
-106.53100266873155 5.636058114917378 
-202.0679614713068 25.149421573065347 
-150.9711918507276 21.241713285135454 
-198.96978830242136 24.90012436648749 
-104.19463649232969 5.550914436020619 
-236.5811336968741 27.615292678658662 
-241.88774136229102 28.49252681760069 
-224.12756915216087 26.761584724887477 
-178.55885436094323 23.332380530519732 
-162.40415724584582 22.083912785071462 
-211.6533430628946 25.824363191912095 
-125.50032369667746 19.12505310889148 
-185.57204536312668 24.07397650979461 
-115.43523058530383 5.992373616911088 
-213.98464188257668 26.024119544374862 
-159.786111100171 21.875659169487257 
-149.4702115230326 21.060002552993527 
-201.07301602299043 25.05364995462096 
-180.81410475255498 23.613416672405368 
-220.62156439339057 26.656741203885673 
-184.43673056523355 23.844469341815753 
-145.72991495108096 20.800449835108896 
-241.9908657403393 28.764430569301595 
-176.48074142824007 23.199707001360206 
-111.96484911557171 5.860855268867662 
-237.39437720745494 27.680626116673576 
-117.91535094577982 18.48459275110707 
-92.0543543568019 5.272971701284812 
-180.14008074716966 23.445327971533775 
-163.46987032236376 22.258562245284363 
-77.55998477520961 4.650836383128815 
-242.1031181566488 29.295909937852315 
-231.4384591973106 27.260067624134646 
-223.55997932695382 26.743375192224594 
-227.61552648054584 27.04050437101815 
-207.90080310662995 25.536608942929472 
-120.52767656496687 18.821888135845917 
-160.49365268417182 21.944425722574035 
-118.67266599005242 18.547377117855532 
-209.95377594183302 25.67840677671423 
-220.6215642111949 26.485571190693754 
-120.5232449587591 18.684319515341517 
-111.96483662106796 5.860500814985738 
-155.2508022510559 21.56980977470962 
-241.8793886144217 27.997967357246658 
-241.87938822773222 27.99775869047098 
-175.40109802927475 23.15728182587277 
-227.61552648054584 27.04050437101815 
-183.2854815896591 23.68595128261076 
-174.03084719788504 23.02688866077185 
-144.37772848023542 20.6585685393027 
-218.75785532448546 26.377030141404262 
-148.1395500278492 20.952391158281113 
-232.382232432074 27.33925458629472 
-143.61552914365595 20.610782647633904 
-169.49821565288627 22.68209921531221 
-77.57049709319955 4.86628011753236 
-209.1513856741766 25.623172076177077 
-229.47813426093208 27.150908662362788 
-155.26310675854955 21.570639114614778 
-126.30366712599981 19.18916676773714 
-169.4982156504505 22.68206166916746 
-229.21780114342215 27.145199881376897 
-174.03084719788504 23.02688866077185 
-206.3902498293906 25.42521682915828 
