-56.74363294137996 4.146166940071623 
-241.83070466981826 28.03312777220695 
-116.46222883233145 18.34127866021629 
-115.9076211715137 6.5062797088461375 
-99.50130021414489 5.547608742015592 
-82.88508063170973 4.808478162402222 
-67.16450386162488 4.667592855266714 
-82.9271455262731 5.25935025229507 
-122.13870599366913 18.823039994382924 
-66.9433358760804 4.3625641140796105 
-61.525298143026085 4.285326850295143 
-104.42826927958723 5.598780283868026 
-107.02899581934297 5.663322767167552 
-217.55331846131136 26.273335344940055 
-110.63858008293077 5.875017725152586 
-124.7753721945796 19.066986636275193 
-189.39658373972753 24.15800310035564 
-214.64926067915897 26.032898000174008 
-128.49226891108657 19.408920914058562 
-226.27786692991512 26.873544318281184 
-149.1306423013118 21.027665145891707 
-235.56785838903366 27.617389403064106 
-180.91142032540753 23.524584300376908 
-233.8152665792272 27.43650391895456 
-119.23100986818082 18.612249609767698 
-231.6282184931104 27.28924701453245 
-178.48282813986467 23.325861353806932 
-135.51464940834893 19.934846699452166 
-169.87072041290662 22.658406302482838 
-192.68169322410984 24.41933743197694 
-175.16717880468144 23.08608782535582 
-198.6412584113061 24.87011565177294 
-195.7042005545998 24.632574649682017 
-164.57047310630148 22.25971460573 
-183.44035053127035 23.734801680576943 
-59.575471709224416 4.204995986240982 
-221.6146700395787 26.58246102226837 
-200.40792874737647 25.21738321717191 
-113.02927592908719 5.950697627216811 
-210.12522916862545 25.848134428524368 
-140.58246331446048 20.359843707579813 
-166.1245184643739 22.48574458341371 
-146.42318881145204 20.818677246188397 
-173.1044051421224 22.98379480223159 
-229.73072217358796 27.146756771686253 
-177.0070648237424 23.21992142102796 
-154.4180429619075 21.674377032340892 
-167.3124335115097 22.584677151860372 
-143.87798270070306 20.741716836828108 
-206.99761856393965 25.491194588394396 
-133.7411696959088 19.871020576404767 
-205.66293195444635 25.381571310343027 
-132.4537443755562 19.69737027512433 
-196.54346342326016 24.716420630337815 
-115.857287309188 6.043731010953224 
-162.91441727600176 22.187912662836148 
-187.7936878413905 24.073471348631664 
-192.95246072533556 24.442445956147434 
-186.0379555693025 23.910067330544432 
-200.26144721004795 24.97580831802205 
-138.6799204821983 20.206178467067996 
-224.0279348842556 26.717170631735854 
-181.95337937120888 23.730765632515908 
-142.61494136706108 20.54806179681102 
-137.63672414591449 20.126446477361597 
-239.84873749056337 27.860325108697023 
-157.57673785567374 21.722924030879962 
-203.66590511172012 25.231834924207757 
-219.54073021259404 26.468978772061472 
-212.7138303142805 25.93543457502088 
-115.90761705673536 6.506276962189195 
-82.91655276882153 5.214195166014872 
-141.93389853766143 20.468277810757055 
-238.05701662550717 27.742096569165618 
-223.57147982612616 26.68092985031818 
-150.66407505495735 21.156000527096207 
-170.86748774547596 22.86993419043514 
-131.0702957559789 19.590982682681663 
-228.34674288230823 27.044589864792737 
-126.54581223114553 19.238820113192947 
-56.744027426986264 4.200083805420795 
-211.98573144066347 25.89656240272842 
-126.69581782703325 19.255524138639913 
-152.52807343323352 21.332041022825358 
-203.95477287461756 25.252113349303606 
-208.83683617380885 25.617676047419398 
-145.83825887676974 20.77753091052501 
-171.39491986962022 22.904574781057768 
-186.4542616771531 23.934043805351543 
-219.69413889717373 26.48214015015303 
-154.1182199184498 21.461091419376977 
-116.5872075895612 18.35571014479579 
-118.16495007936611 18.492201168519458 
-208.7850416150551 25.6146866858365 
-131.0702957559789 19.590982682681663 
-158.81554620658835 21.834396203967046 
-238.05701734153553 27.743761005680096 
-152.52807343364938 21.332057323715304 
-115.14884787676613 5.988202484992978 
-160.08231051091522 21.94155613338492 
