-40.90650789825956 4.002760138505658 
-262.6411891891072 61.152819293776794 
-112.31112150357131 17.982402832981474 
-111.7789649356184 5.842056244127749 
-262.0566126354312 60.435171642531415 
-257.8990566323309 52.243894627940854 
-251.31342041995708 43.58146195211601 
-255.34319527877258 48.79652700647821 
-120.89339286740716 18.813451114052075 
-255.6493315661876 51.37940103361168 
-63.61558486085272 4.413684914087516 
-52.87876662343323 4.084591096104295 
-243.86707219845684 33.065974431248634 
-40.90651956101996 4.003117770989983 
-72.46318405972572 4.515675659431805 
-242.0621858299408 30.440056888037702 
-60.701311280356734 4.225467118987768 
-87.10340072288447 5.038718601243094 
-150.13270154332335 21.142455875912617 
-255.46520164929134 48.90049690513379 
-144.63837771500914 20.83363134570067 
-191.41226606736953 24.30950322621813 
-242.00927253167956 28.44428644572345 
-216.5306532420914 26.168722124818252 
-206.51744057716365 25.522233853934672 
-231.6870252800554 27.454376227790252 
-245.1477011451286 35.28919893361231 
-179.21788363171493 23.405707789390934 
-130.85864262954274 19.752438287239393 
-250.11350345235107 41.92523642494904 
-161.60068501430317 22.036089547537888 
-249.06228064062944 40.61838684216509 
-53.230143333958175 4.11036060024001 
-187.4932583831621 24.116987661832344 
-127.58970260661982 19.34934038865435 
-246.22671356599278 36.90923130967789 
-97.68853809101189 5.305756428456663 
-117.56087182090988 18.50133137556724 
-75.1258763149127 4.7358772365518895 
-82.15944284161839 4.8168551163031665 
-251.31341980770853 43.53863017563876 
-237.86214652869583 27.71381620805283 
-182.42975244698346 23.62260141999034 
-139.9904018054101 20.311615057998203 
-247.1960915835336 38.401900118001244 
-184.9697900327525 23.821620324631635 
-248.1188209666512 39.45798955914139 
-165.5187168104335 22.418990899017132 
-241.94061119187765 28.059907075917458 
-246.571513247508 37.993423284622736 
-99.56808802849012 5.499307263924627 
-142.5738875449644 20.50125078216624 
-136.94953856711447 20.05855092841184 
-158.02852382061127 21.773015783373648 
-175.69498322906784 23.10647709469252 
-209.4127779589813 25.682917385713505 
-156.63310859272235 21.639791410974176 
-106.89205673111009 5.741917942634482 
-249.24369082417888 41.8292427977978 
-211.68910890195076 25.849650255589314 
-92.21449063106674 5.250374626750122 
-242.771298342745 32.70813507370607 
-242.09651573977658 31.530394199151313 
-82.15970094560357 4.913349795926267 
-174.26637092919805 23.006419307762705 
-169.58231540795822 22.746598933849643 
-92.25370619395117 5.269719354342551 
-257.26646270189923 51.771755658352916 
-218.7960875386182 26.40063690175921 
-202.1371773239494 25.218889765484803 
-229.05349631454825 27.085404676806697 
-248.50701137383993 39.85225963479921 
-237.8621720837017 27.76840116846104 
-164.33810509031457 22.336105041686263 
-103.54993154743016 5.536333884453165 
-127.58970260661982 19.34934038865435 
-169.58225869695963 22.733259440685718 
-110.11734074876016 5.770272273139989 
-194.9458426270302 24.614720210411075 
-242.3388205105168 31.90852013043141 
-199.62060373083753 24.95002686730165 
-198.38412560656195 24.876428075329674 
-134.39500021785548 19.84344143239098 
-153.21214567326237 21.38259267631647 
-104.30537588130467 5.664134729289301 
-153.21214567326237 21.38259267631647 
-230.5536638617831 27.302785998290563 
-223.3111652333979 26.71014056303089 
-114.87958254735007 18.327437813621955 
-195.52509838256896 24.757841092688285 
-114.4097978296505 18.28788401345187 
-245.76832407206757 36.07359788605691 
-226.4413307700257 26.93719563749545 
-202.13717732335755 25.218853754811608 
-245.28440491969423 35.341887260019455 
-75.125876206261 4.600324593958592 
-226.4413307700257 26.93719563749545 
-134.94567771682537 19.904731290719564 
-262.6378454699466 61.15214928485643 
-245.75024344368904 36.046495769917634 
