-42.756045855881844 4.001358272124877 
-247.60356498497495 39.97080456458491 
-67.43601888500808 4.4599908892844775 
-85.36010636105347 4.883851259543197 
-244.32345218516608 34.73454307680731 
-245.9463481813974 37.24207558211509 
-119.16658558755914 12.773863079021378 
-42.76015787682594 4.134135395990029 
-55.93398675005895 4.1385400149906575 
-119.68692200107066 14.1335227287124 
-118.3679209027937 11.717644158713819 
-242.0888835041085 30.94977974314822 
-175.90630153522554 23.34736517249546 
-117.98032545591886 10.849182919295142 
-244.2542776257673 34.62695979284363 
-225.8060407207753 26.885236875276064 
-243.05585205801253 33.0319372230932 
-116.23470398089617 7.2970866149769655 
-130.71157506403705 19.634673051894058 
-94.1469470135258 5.329319870381961 
-241.40910556883262 29.40800583025448 
-246.4941024641715 38.32051234859484 
-241.20686153832824 27.952001149611498 
-100.0134283022578 5.390894587954211 
-117.40994343359034 9.914533812485391 
-116.61284094685813 8.230233871093562 
-179.29828448368212 23.630917169321346 
-170.47471619480964 22.723180315729355 
-160.35426394935004 22.004864667233484 
-155.7612234370997 21.562488072174876 
-150.19922547011618 21.173808750337294 
-241.30837993438595 28.68234163435379 
-127.10757446182174 19.28247133317058 
-211.80637013815377 25.838267077909006 
-105.53851215063348 5.62959431339513 
-116.01422104628756 6.525048892529842 
-182.54334975951653 23.792585523833125 
-108.89924888759019 5.807413178017773 
-112.27141247584181 5.855556634783429 
-196.22862076726264 24.712431180095553 
-207.40375259928788 25.683111387194348 
-213.45168622925672 26.055102217783716 
-203.76745447235157 25.222811398465858 
-160.87088769409266 22.170490024629487 
-89.9848604469043 5.1141557931987816 
-120.71008264842482 15.708166427949788 
-221.5623618440889 26.75244775257415 
-201.16796907064779 25.04227585250092 
-116.87123444095381 8.802596606820785 
-101.94673094050563 5.602501050230664 
-122.03547230677287 17.580959861236945 
-117.15207124214233 9.359199600122853 
-198.4595257082784 24.926240314229446 
-233.60228442045215 27.41531218993145 
-166.03101920346035 22.40241226753587 
-140.47687067315215 20.344765222218808 
-246.0168451851208 37.32493051229377 
-121.04386331495907 16.06976004549036 
-165.7031549350614 22.37817825567835 
-188.06159595884128 24.30798343963537 
-152.4353742859586 21.32932183238436 
-206.36718365116877 25.45408275976516 
-172.06194650653498 22.92764050862123 
-242.7029919597694 32.10317545194747 
-242.3457340279401 31.23471454541703 
-61.755207400994635 4.244327401163252 
-220.71445730824115 26.532433468661882 
-56.31263314728091 4.216596885787766 
-85.36017141808144 4.883983284205886 
-144.05520559702325 20.64205976733506 
-135.6874889292368 20.02271711132896 
-120.26947991187475 14.916930083862265 
-192.90115501536104 24.411475612990557 
-121.50165157925598 16.720728723529074 
-65.6932374632142 4.36374748987842 
-234.70208083480054 27.54953834331395 
-121.94186150926882 16.8859117134028 
-90.30786452871521 5.312557982455273 
-146.5642973206126 20.87637323885512 
-242.5996252801825 31.94517173354347 
-247.28857729101807 39.10124129495359 
-142.6263247871815 20.537445174810877 
-217.796187343151 26.355803547481838 
-247.08374279904817 38.805209660779546 
-237.22342446450847 27.73965496629859 
-120.15081637864878 14.825797287191476 
-192.99337305744677 24.53758520191996 
-230.1527381563623 27.162490612174334 
-123.63910871967116 19.06524389476608 
-243.05415230938925 32.95065183708235 
-216.8894479115038 26.281124507620678 
-124.47309189533972 19.266127961154005 
-122.84537441757446 18.701820815479113 
-154.71056792759552 21.50555198409039 
-134.12141570335942 19.845310506442047 
-61.75881688533678 4.320275328653469 
-122.43502456673296 18.02242836042736 
-230.15273815604033 27.16247264701723 
-241.40370042607879 29.392566498456937 
-115.54663196193887 5.989921733867338 
