-35.64972699142593 4.043589763270149 
-256.9152142987174 50.98666451696203 
-256.9152142987174 50.98666451696203 
-37.15176926829435 4.05419230205404 
-57.63798437866959 4.163138108713454 
-69.1675018416546 4.427578308694519 
-123.93046372037665 19.214174496687193 
-129.4730635940174 19.638220542281204 
-110.5561712119321 5.792195009285828 
-80.91604910187296 4.750891860406784 
-72.69937942576695 4.647078814223964 
-135.22891567217985 19.920350617786813 
-57.63931641387415 4.309062864023248 
-163.24704456978802 22.186796840029196 
-115.9728084293375 7.049057658063 
-197.13047270894876 24.921052451368986 
-234.31316351524902 27.667446942692553 
-184.10317999479832 23.81912962718621 
-171.62521225507248 23.348471968579187 
-250.524622683181 42.74016249041632 
-117.86739391167237 11.117260739190776 
-118.65038333045734 12.346783125118128 
-193.14940725092075 24.450797103475672 
-119.11999879905224 13.122905581314965 
-157.4252039201992 21.72986320761366 
-256.48889545680925 50.453705762699805 
-247.4602487892678 38.53138447911575 
-119.878958472203 14.266888285035844 
-254.9053622595045 48.66104181104273 
-117.43930659509269 10.330345173537275 
-249.7240964921504 41.658811555285865 
-180.16617642746215 23.748484003852006 
-244.38514907604105 33.93213692736253 
-102.67353807922967 5.728354783549905 
-93.21642978533102 5.154442646021617 
-85.34053955219304 4.9230202233902 
-168.56961375504991 22.633811711381572 
-122.2571656183783 17.652175164930142 
-121.53521275246248 16.670246685234154 
-138.9800083332953 20.33206274190713 
-204.81823119876492 25.35834233429566 
-252.36396545791487 45.18609812564897 
-149.19347382232758 21.2633048983901 
-243.92401898063477 33.17614767936766 
-241.89504109571897 29.038790685222654 
-121.02797885939903 15.943714049334504 
-229.24453446506763 27.218998398816222 
-248.7092574447171 40.414012131542115 
-243.11184588309303 31.770933594503422 
-218.1866300911503 26.36865995948079 
-253.2749918690204 46.35119641360389 
-166.80573479946716 22.442066640095074 
-189.2819651232185 24.281540996288854 
-246.23940641811157 36.62666796017231 
-246.7803568009354 37.56244181337625 
-140.94755419721344 20.718021527662728 
-201.24993323492396 25.2529918684285 
-242.59455164251264 30.760216438131987 
-249.23705115249714 41.01900962800725 
-116.41681316942484 8.402897506083924 
-254.14329671692434 47.46977966786182 
-224.09087008863622 26.737794319058487 
-155.9812157646184 21.623148383041563 
-146.50101990295119 20.85509873576806 
-252.9125848402377 46.01767402503019 
-255.47513533424535 49.233433387533985 
-115.62160400336364 5.987365770326483 
-254.09495137515762 47.40790734360198 
-209.07143880591556 25.642981975617417 
-98.0940611252436 5.341344744015559 
-102.66685248254286 5.524582289095836 
-218.1857242824009 26.31842157310377 
-251.23948685179633 43.68627175875332 
-210.0976271132757 25.739497803760734 
-93.22878847837387 5.183607672373059 
-213.9948523541373 26.0048693381266 
-120.5021637478534 15.201088482932413 
-244.99844995035224 34.91600974589995 
-98.09644635059884 5.4256435725159164 
-115.72353602612107 6.014339689457176 
-248.04440744763792 39.351905315037236 
-122.22380586876533 17.60150044147181 
-176.68397231738342 23.433776699935514 
-116.8414272658739 9.30411814322263 
-245.65938469679622 35.90882310898517 
-244.9578974134026 34.90012272031998 
-85.34025585833486 4.8935448471817615 
-213.84254416644725 25.98557660728035 
-241.7063120937045 27.99637370178646 
-176.56846712010895 23.360579607912474 
-120.31862832608202 14.915969764090601 
-246.55813567775638 37.23728761288268 
-116.8414272658739 9.30411814322263 
-248.18187760685106 39.558612947378705 
-243.46440916488106 32.40420775774507 
-189.28555380800842 24.400729176479334 
-238.47455628214078 27.7645430546008 
-146.54600619990373 20.91930489798181 
-152.7816434565138 21.323788410424076 
-225.57624917054403 26.90107468025829 
