-257.7950938432977 52.08846504354471 
-41.60659240898547 4.003856645660953 
-257.7950938432977 52.08846504354471 
-113.54443410872805 6.01649281737427 
-113.88399165308184 18.1334124011606 
-41.79595553070266 4.257405983163777 
-62.432628815040324 4.273952274982772 
-71.81995329757281 4.574988218040908 
-148.68048643807543 21.07343769968805 
-108.68895378174076 5.7313815324904835 
-79.45045530834025 4.705640482181816 
-242.48186396718495 31.110619920717387 
-142.09192908496848 20.48079844910409 
-242.09138810388941 29.195370234563665 
-87.22673943800885 5.144145301302915 
-243.7769316479549 32.72085202294721 
-249.3493448545733 41.168930963234935 
-96.3563068639338 5.266532568407717 
-252.97794826945056 45.77490543255147 
-252.0847652896146 44.6833475148073 
-186.93112005499066 24.224473788850812 
-219.93259052006647 26.415914744049278 
-250.2340193885657 42.134797966620994 
-244.2325685200821 33.69162996931713 
-152.11033527679592 21.270801238849188 
-209.2313342324838 25.662703930552315 
-245.22882301069316 35.02717923994888 
-171.12007961706973 22.791350936350426 
-251.63068608638434 43.99583827201102 
-243.18212235542143 31.651053122059142 
-248.01292422448415 39.838420678256085 
-182.79738921132 23.740373725133942 
-245.4743594282054 36.304662529913855 
-159.09884806361524 21.87286894407302 
-255.16567638834925 49.13954058849884 
-241.28149709978842 27.9694948415139 
-224.3941256218953 26.75754875256089 
-165.7544922203104 22.415344315914165 
-120.2849998846432 18.697702555164717 
-118.30138244222113 18.557552547125137 
-212.8124113198812 25.978360708102155 
-255.83195766887076 49.96513169033888 
-235.36356631124193 27.63651954796426 
-248.70783761640214 40.29008019029017 
-206.4650577996563 25.422678806285166 
-102.42591196164163 5.528398902123969 
-96.35630686393434 5.266533870457494 
-102.4263700713463 5.533941365777305 
-257.256833991335 51.22069646497183 
-244.86307649005505 34.490694585965784 
-246.2231787396183 36.63865270293693 
-253.9882051471749 47.08387534636019 
-137.50117287889523 20.115436584121213 
-161.88264951312638 22.16491353131522 
-124.04377163678485 18.995001303459265 
-173.08496684436014 23.207351294889804 
-135.31221221722743 19.991835350586225 
-114.34995568152168 18.314109704244963 
-203.35918505736325 25.342290636390327 
-235.0430167091152 27.537319741004268 
-140.33892404130037 20.347622656069102 
-230.50030263786797 27.294874136197038 
-247.62938648830146 38.63798374895938 
-131.22558179249597 19.66848825345022 
-250.89826965381528 43.04280560845016 
-196.26230818340903 24.730278563594496 
-253.04530192431608 46.572449457590885 
-230.21242856238115 27.163177768761415 
-155.37716660199865 21.573635515191484 
-246.3455427802506 37.64139764628921 
-241.87385555288444 28.682963380315442 
-132.74625839648496 19.762590281991237 
-254.43120284779786 48.21019428843631 
-226.13550037400177 26.931701902087084 
-196.2617915191571 24.687485014793808 
-192.16085501007808 24.45175782412706 
-66.7336425365244 4.3722730742493825 
-66.7336425365244 4.3722730742493825 
-156.07211178495632 21.63309258465552 
-87.22375304004365 4.976967640152379 
-176.97440557011512 23.267320775353976 
-179.22719856144602 23.48589318802085 
-254.60908570699735 48.41299556218977 
-124.07197287845311 19.32941065846036 
-128.63038477535292 19.377053726763716 
-83.17771543702061 4.921246417592577 
-250.7860531922576 42.891861174248305 
-62.433817759404874 4.321894520386337 
-247.10221010072334 37.872129707217866 
-181.17332651792975 23.622796427883543 
-83.17471493618056 4.819358245312548 
-163.7909336695443 22.295386157585448 
-201.19860408365088 25.193629733026203 
-247.62075475289794 38.6255704169686 
-256.60018255523624 50.52951624460942 
-128.63047330571877 19.383621566371694 
-171.44237925856012 23.06571269764265 
-200.0840529561927 25.11504655580399 
-241.87313045364078 28.005651277493467 
-257.62130475436663 51.894647031687 
