-53.800856304477854 4.136350652979011 
-53.800856304477854 4.136350652979011 
-273.6359986712135 76.03795773467975 
-58.67909611287118 4.804902405701258 
-84.40939953706456 4.8602036674083235 
-122.97190541958263 18.623836381159066 
-104.06424592368204 5.545340385997387 
-244.72579034592988 34.28989000822962 
-108.36578985675304 5.968887490378624 
-222.77143078920696 26.66121974569846 
-270.46490772493354 72.14013131984734 
-117.95917096364818 11.387272490738537 
-263.96147731132805 63.51341865844679 
-254.48282266461004 47.988203753332975 
-256.2001967421945 50.10346801481905 
-259.0645978006006 55.73281534938606 
-216.7493096975501 26.24653899765005 
-121.19789163510976 16.122465185175738 
-213.7251562125388 25.9687537687616 
-189.72626285451943 24.205713699747427 
-262.49866667133654 61.51368790683596 
-116.69033399334351 8.92597505020031 
-249.33964759482993 41.30086333537937 
-151.4624362976095 21.355471916811986 
-266.56070587300155 66.96335253306567 
-95.86666336725257 5.421917681991197 
-201.99735091416687 25.250593914412757 
-116.37877512936011 8.332822716762104 
-236.34400234044406 27.693848066227062 
-162.05447590939448 22.12597208188623 
-265.44241144701965 65.32663090418949 
-242.2774723133308 30.22924012298035 
-169.47544016763462 22.687734651105348 
-207.86023065654055 25.541063631413152 
-118.46867584485194 12.156304391892862 
-165.6027007186778 22.574990037178093 
-261.0246633633816 59.13680163826586 
-127.18395278259673 19.27845903277549 
-120.89152966232533 15.682880019311497 
-156.64614649503952 21.730555771865774 
-269.638213685575 70.97599389914173 
-143.8624478989423 20.787563728128745 
-193.04887027356963 24.439314895848707 
-140.2438255050211 20.542515798096545 
-137.307622361774 20.323782317882337 
-243.48721997681454 32.22228452236741 
-115.75705001489385 6.027032355865463 
-115.75710376419289 6.075442022462835 
-174.65570448225685 23.322269486475918 
-272.54112064166736 74.68527983906117 
-257.90745201891525 53.765520327378624 
-258.3006837593928 54.35992152138014 
-197.98081144423668 24.94451370403403 
-173.5616038270128 22.97767331130872 
-242.66664679043333 31.08656806007934 
-241.8995842567079 28.321325051601505 
-257.6613646226269 52.16114008015864 
-245.89764135468937 36.062354921874935 
-264.7618803194712 64.5251768556705 
-251.25101932402328 44.03945788600422 
-134.18291542640944 19.980878690641408 
-57.948007628221575 4.305909633104857 
-119.59337649530326 13.8497552350232 
-183.9633678698438 23.806086370088114 
-88.88390774656995 5.062645987711518 
-206.21365428566816 25.426050116072595 
-90.6261135581163 5.135498732079628 
-232.40762699132753 27.359433204717018 
-253.17945660415282 46.41565730785037 
-240.6552456514867 27.963927215191895 
-158.04779522071334 21.990285401466863 
-196.14989347076624 24.8187180303067 
-132.18880904913283 19.706469133492416 
-129.41930942470356 19.452910617440036 
-119.59337612393848 13.849183929191437 
-272.0173636859718 74.01137976471995 
-250.09968301690978 42.31784082815447 
-248.01584516048922 39.65388424395203 
-95.10893428374098 5.229342588767385 
-253.74879783977593 47.16156697383659 
-260.37190321337556 58.09702671513455 
-227.0873274736108 27.126958699872063 
-267.2658233760119 68.01333024337404 
-256.7434498389487 50.94088995423723 
-260.001848620693 57.49352728067512 
-226.4395476587265 27.121718065792585 
-248.01584516048922 39.65388424395203 
-147.52833557826608 20.900626842988274 
-179.78564120964126 23.432443385140022 
-268.669749865221 69.74864605118603 
-246.91959296985524 38.22650528501857 
-183.9633678698438 23.806086370088114 
-148.10467329322148 21.21949677139779 
-261.9400996815217 60.54011844577227 
-273.63458035404517 75.96637407955578 
-252.289091978939 45.441068212999454 
-84.62132741381129 4.86127573809635 
-232.5858770498481 27.52722482027 
-246.91959296985524 38.22650528501857 
-246.39642442713694 36.80187713787883 
