-272.36583965756154 76.39183661738355 
-55.93146559314952 4.132720357822008 
-63.10563664797027 4.392908475983865 
-257.51061556914743 60.03107216677884 
-257.5016295708939 51.53884267093662 
-84.14973394248211 4.859932483850464 
-185.19630754178635 23.840613869306903 
-193.98333529989497 24.62280020688075 
-201.3458277037333 25.05546212734557 
-179.36691133121388 23.429540795557628 
-129.34058439638875 19.437119243334703 
-108.01916601265576 5.694458674267514 
-190.8113750700882 24.259471845405706 
-118.32292699425831 11.961078033004895 
-217.73792201402375 26.358587921942917 
-271.57476246439774 75.00484310644671 
-140.21172180435025 20.450873960665742 
-260.1953495700191 61.90773834999748 
-268.0583306614896 71.2389825211417 
-262.1467180928969 63.20068404466633 
-116.26490830603994 8.124396805968745 
-171.6083475035136 22.88276454751563 
-175.14569282932501 23.148829583165682 
-265.9144234224778 67.93347388350996 
-251.90487516592844 44.45766800132092 
-253.01520275156054 45.775899404986724 
-121.87211131502619 16.941354587404543 
-146.40569695169677 20.85395034855449 
-268.3230347763099 73.12978397054891 
-249.00886527731535 40.43304409806094 
-101.01075394707807 5.471420044955177 
-269.09294036015575 73.93565265680981 
-248.05380467272244 39.299292486613766 
-111.47889164804647 5.899485940909777 
-122.65122642628214 18.87508007672648 
-222.8026686652484 26.63039996895244 
-243.2261349404104 31.62815134377955 
-162.21952201856288 22.14790715559976 
-123.59451594852634 19.260668493913652 
-207.2949671580433 25.627434577695478 
-230.9776710638451 27.41246792355513 
-115.77103068456374 6.001373894671915 
-259.2647745783248 60.688937811823735 
-117.21310526886244 10.174102039330451 
-212.87327669099943 26.317094525128066 
-160.52723878622365 22.0584274249059 
-152.35719313267612 21.436048545973517 
-265.973670889224 69.85983152093917 
-55.93229159902123 4.191558607054473 
-251.1389902967108 43.31290764422852 
-155.37046733810845 21.68738232416174 
-263.15213667584516 66.45225561388942 
-228.40149991997293 27.084020717849643 
-147.74628439952937 20.988670676288155 
-84.15292036843715 4.96695905364612 
-91.14172152118361 5.090803246679475 
-204.27559707189863 25.308645426113877 
-210.97594534055574 25.86429262081915 
-119.9014484875789 14.850828125754807 
-138.02108659215946 20.136114921768293 
-244.90564054495908 34.48200394379489 
-255.18093614351304 48.568853985006484 
-235.3351283269721 27.556498029774414 
-253.8690116018757 46.88030293804537 
-265.02263239465736 67.06352527913018 
-249.83736948369622 41.70810701510191 
-225.06927381039947 26.802261274746314 
-241.916247081441 28.065616659732413 
-262.4952157259717 65.29467789723515 
-115.96749834336391 7.354650135801134 
-245.20780970988096 34.95526269637507 
-246.03682062657552 36.376040675079885 
-242.6446425074001 30.459040090681267 
-262.1532566186548 64.49363162330329 
-257.14006500877207 51.09670029613435 
-167.46110804797337 22.54837706002813 
-117.39704945199085 10.49829796688904 
-133.9715423658715 19.811258667676526 
-99.92654395039754 5.399961438051811 
-267.6161737365066 70.06828737268854 
-246.45169955241866 36.7952560068043 
-250.3144423280021 42.352085448087756 
-243.90150025447656 32.90106136588023 
-119.39380239050911 13.514290941323946 
-238.8761354851672 27.871378695750135 
-120.85234755043372 15.574052665660108 
-167.46114577316968 22.561365751159922 
-121.32396082718192 16.249934268424564 
-95.22316195139449 5.293004721534641 
-134.5038071337947 19.859566375295078 
-242.11433607400357 29.08841921780742 
-255.7300081150734 49.777178326742884 
-247.18751156389234 38.036987372024385 
-247.31461984509033 38.06244162092094 
-91.14426016772985 5.192626757453174 
-119.40000608993293 13.528668925025697 
-243.89354005013502 32.887508744200396 
-237.33146323110154 27.71877852193905 
-95.22253355787156 5.264310335473123 
-256.1435896594086 49.80644861112093 
