-243.04750014640956 31.822179921695163 
-39.135489499310765 4.039347001375412 
-115.93879368525856 8.515411222748474 
-116.13874858197569 18.31499392917778 
-241.51507817948533 28.056986598056895 
-87.81485384237315 4.977281225175669 
-241.9919071849703 29.99843137573372 
-75.23524047827145 4.892419181476806 
-242.0657710415994 30.052552331430107 
-62.53312733181265 4.2627909473958825 
-242.95655269333145 31.81718375645005 
-51.84866963522262 4.072795221313485 
-150.92793918395157 21.2138276660533 
-115.53936503396015 7.583953543900411 
-140.28839587140905 20.41495028045705 
-75.21356123848025 4.576125189772474 
-122.40256124357072 18.84980670827597 
-167.21861825034077 22.496602822300407 
-230.54896601516717 27.252897791587166 
-68.72854396749753 4.407470470487159 
-56.06125888890675 4.149422360726531 
-144.03503779386932 20.657789489794116 
-158.13080380634088 21.778687957713302 
-202.24400488852373 25.146504827208485 
-128.94851766111668 19.407704116225535 
-180.75792428105206 23.496543165741116 
-126.7085247216891 19.233208005175197 
-137.3699109955455 20.127134939788085 
-131.58110648422857 19.639102630812367 
-227.48484792968918 27.06142099148464 
-68.31761480052134 4.399574381272353 
-101.88960841615811 5.516719592485871 
-224.12093583162294 26.73426835916446 
-221.2986648309861 26.533985407909874 
-99.26829672176132 5.3616509097833305 
-178.5317662030332 23.349497840706356 
-183.20243676358893 23.734354266923237 
-133.11039750254838 19.841554296904604 
-212.81410176685628 25.90122225050559 
-189.53629178157746 24.26031744372105 
-206.52478819137102 25.444023642945876 
-188.1869909044898 24.07807681450327 
-234.8278134812146 27.492391853831435 
-196.40956538047496 24.677405739522477 
-161.26490693440573 22.08644866723538 
-135.04972720013876 20.11750840098748 
-170.79406469579112 22.749632860672357 
-176.0319419446183 23.17045031309862 
-234.15519648953926 27.457507657709183 
-193.67802852008904 24.478924963330954 
-225.8102437092711 26.898000468498832 
-149.17679564020426 21.06195831551738 
-192.53605552697326 24.396762188828557 
-199.75980340869316 24.94657737472406 
-91.82483140448385 5.203566349702115 
-210.8598237206071 25.802904769290972 
-147.3291882559064 20.919628772884927 
-115.38420543036763 7.145686482747225 
-238.22338967837914 27.78398138964194 
-156.0155481291429 21.60475628664648 
-118.69002265407677 18.52416866204859 
-197.765299662214 24.801121752344425 
-219.3070198996776 26.413418965020607 
-238.2237362358332 27.784111385470485 
-145.66101884764748 20.773827750068378 
-95.75590947877096 5.277589514605987 
-172.91653751693937 22.924622139406736 
-174.6186009291748 23.022765935395885 
-55.29676425440883 4.135600750951952 
-91.82484909845425 5.212793588894896 
-120.58188597272581 18.73108535702092 
-164.4101758806311 22.290384985302442 
-215.48076389536703 26.118411866645506 
-96.2616636226495 5.31062995579613 
-113.64537333073316 5.924308886646964 
-116.20724158670042 18.361557955967044 
-115.17169380353879 6.217901764815626 
-201.50980875963407 25.073322977191104 
-104.79758526527839 5.592907942070325 
-108.03460772345906 5.6892805341395905 
-51.849167673039034 4.113453064942095 
-185.321570142274 23.936855789843 
-208.8340954310935 25.601599401206155 
-115.20517437069088 6.447803169113505 
-162.2428490914299 22.088573281835046 
-110.63373635443634 5.830441372841448 
-113.72803257048713 5.970901574424873 
-164.0330483711567 22.219492979296977 
-108.03460792543912 5.689975820804838 
-110.63373635237194 5.830385982371179 
-215.48076389983393 26.118512061044363 
-126.70901918350835 19.27661048799474 
-208.88500383209794 25.66668143316503 
-104.79758502347329 5.591985049007002 
-206.52631927496307 25.4614363835996 
-119.61539046206474 18.631651853467236 
-171.1835834022703 22.81662927888952 
-156.40062698230113 21.661136437043506 
-156.0155481291429 21.60475628664648 
-185.00317433998325 23.87280276635921 
