-241.0547316923793 32.22432760998801 
-40.016353526231306 4.00519293232738 
-115.38712345981206 7.159961322715778 
-116.76500964686632 18.37243894252068 
-40.01986474432682 4.201403434284489 
-69.29179972176682 4.416548205343092 
-240.21972187773818 30.561400757849974 
-88.85118460186727 5.000532650288885 
-74.43908309068192 4.67656814294539 
-239.42470205503045 27.949899132967523 
-239.46001966946235 28.793855125091635 
-107.18957940624415 5.658790362802846 
-240.09885342752054 29.381379473125477 
-158.08306464881855 21.74399629207389 
-99.88437130632839 5.573136802255088 
-225.1113661968396 26.94909020886207 
-219.91472720751324 26.40912804973079 
-178.70823505770983 23.335653893609614 
-163.88519526916025 22.201533721668675 
-121.1724616693164 18.83931862178131 
-216.57909049657334 26.177802996113726 
-151.89417550862973 21.252690118579082 
-186.9495725095833 23.9854842302688 
-192.69356535352603 24.41022889222122 
-89.4815520805282 5.124209212022823 
-184.08841998702738 23.804270795790156 
-212.81018493590278 25.939572873639808 
-181.5127563301814 23.5702303601486 
-72.55698693092342 4.5048439972095355 
-207.00707363838976 25.524696642248134 
-202.04821858474372 25.14782640021382 
-141.8057024543823 20.49665154648579 
-234.1854859582713 27.463831416728148 
-168.75889282950803 22.7191341099461 
-188.5142620868252 24.09850244355414 
-224.06688091205166 26.71008582678313 
-124.60186365574843 19.022092722267292 
-145.34377670524955 20.746991941796196 
-172.64031146624455 22.874628077412815 
-174.43343875007332 23.046221760055086 
-154.89129729760722 21.510923867761843 
-112.7352122729452 5.884241281385075 
-215.4933368242814 26.10038810736294 
-110.94983319138757 5.827201488387811 
-150.7880559324063 21.168298512900524 
-94.0136523131754 5.223295061306035 
-126.33663557629022 19.20673616972918 
-94.01326453002939 5.1849110082408085 
-197.2266956194864 24.75315425495345 
-115.21230620139848 6.481773605122054 
-228.7513179008029 27.09400657541901 
-165.58959159436895 22.343190971466292 
-98.30734287797728 5.3272249413885 
-115.26515596235672 6.741041800703925 
-161.27179259371894 21.99441509051362 
-108.16136949092905 5.768724809725045 
-130.42586364427055 19.510422675706447 
-205.32639154153514 25.372209386316477 
-204.07725569708742 25.248473150522635 
-145.56352295236957 20.761348295869304 
-239.6796745523502 29.311808160580945 
-209.55575493036253 25.670593543646227 
-133.27021045787095 19.741656703544045 
-195.22062515503677 24.587380172668027 
-132.0232220284918 19.68710660415658 
-137.7149747122812 20.126974171713826 
-118.38619259117303 18.584888112636534 
-135.95351776447072 20.079774572567374 
-182.38911239116607 23.717786917991937 
-166.83739596916462 22.500621566438017 
-127.7837772897967 19.3192610535446 
-155.515224926649 21.649845060623417 
-230.88168885131316 27.235423660039004 
-161.27179277695967 21.994415340817476 
-221.54064515556485 26.650440835853818 
-148.3948386042138 20.99631705716778 
-148.3948386042138 20.99631705716778 
-199.06800037291228 24.880362450978392 
-128.76299610074503 19.45553759557037 
-211.28262338726242 25.787686076314646 
-69.29362397942808 4.50373495198652 
-176.31219523317637 23.23789968842106 
-141.39294601339796 20.427047143462996 
-237.27246280454128 27.66592519088898 
-199.90927350712192 24.94770294615377 
-139.64804829808304 20.267495894129926 
-230.89131776383215 27.44116031079716 
-115.17013866130591 6.011422446424986 
-118.38619259117303 18.584888112636534 
-115.17035411121557 6.031801339938622 
-221.3516908704314 26.518148221177878 
-99.88436906191009 5.561446954238621 
-190.89515047462467 24.285045168812776 
-98.30734287798536 5.327227799691127 
-195.6139883645197 24.641351989259622 
-229.0658945583072 27.11305853600469 
-190.89515047462467 24.285045168812776 
-74.43908303403829 4.676567091754912 
-176.63349231922015 23.27987944808835 
-173.06441355172234 22.904557592681286 
