-250.976096284316 44.28905351754104 
-48.87939073106359 4.040867548868428 
-48.87939073106359 4.040867548868428 
-59.71011482098701 4.343360452055015 
-74.81648333478272 4.7396452461201255 
-92.2130589188328 5.115560754151467 
-79.52827749136266 4.872455180028089 
-218.69406195625643 26.35961265179786 
-155.75944144873736 21.8773434694408 
-241.8448435022397 28.161146401362153 
-242.37695322829165 30.296510428260397 
-213.46793220296718 25.95858403179491 
-144.018230126409 20.759836711583258 
-125.70057473634387 19.156929496906855 
-162.04704776805306 22.121814964244535 
-196.51608407246013 24.708387772060224 
-223.0378053504763 26.727796147366014 
-205.22723901328345 25.56981593079168 
-95.6768982307668 5.415710934295976 
-184.61965840144006 23.805370027185294 
-244.8245674811708 34.60170372958663 
-122.35802035950287 17.451256942455924 
-242.94273181038227 31.515857840109707 
-153.2551758480094 21.38607984388765 
-129.6671468248401 19.47097049757038 
-190.9424584783713 24.3278385785287 
-243.99606385977376 33.48390516253711 
-116.25745690259212 7.369550381981653 
-248.19060765031125 39.918389095779574 
-245.97815715776815 36.32896659840707 
-138.70125920848972 20.629133875470977 
-189.34042729095532 24.205430941875782 
-118.19981099431622 11.211854185150479 
-117.41708850589008 9.867604058927041 
-249.97290352823177 41.97179065971661 
-119.05529816100203 12.640955874566687 
-116.02530703073572 6.602030184653641 
-248.40357867763666 40.8193858785268 
-250.7414715535779 43.00598079026951 
-198.95091148143797 24.907896764579924 
-121.62809422584994 16.410478609124684 
-123.11248959749135 18.52285775190798 
-175.5283898884271 23.122205388358218 
-243.35225546480655 32.15928485937583 
-247.58949423667516 38.68649360844157 
-237.33645196651727 27.898892888095002 
-135.6382274061297 19.956824937921137 
-121.0423629877963 15.566058901388388 
-249.19305946788648 41.3454803705398 
-167.52280347019217 22.519750351251112 
-246.45607836163467 37.27524928026731 
-243.74240613498716 32.890761426830785 
-180.8248466867396 23.500277909736617 
-110.35664367079787 5.782201491892332 
-53.76807815735712 4.2231483684866244 
-247.85091513912857 39.05382615865224 
-242.400672221414 30.354212930714105 
-117.86683882333683 10.653272729980243 
-135.9661457945187 20.525966907484904 
-171.6976595091464 23.025722776964077 
-231.99862323691417 27.383392169983445 
-230.36318890478304 27.242074509074296 
-122.88150961492714 18.168541269684845 
-104.8784864666156 5.5735545898256955 
-245.48317929663176 35.620677785861275 
-120.33291179425089 14.545758710062582 
-250.41740412481565 42.79169437705886 
-226.36487624722935 26.991083314677088 
-210.14029803813986 25.763645518546348 
-120.50008811076164 14.784645960200145 
-241.66279227860005 27.981533763480055 
-245.24931334734072 35.267330813589595 
-101.21748970575327 5.457547526500806 
-246.90430428311114 37.71157338520176 
-110.37676292977508 5.91606952514959 
-119.74112782194122 13.72903297021269 
-53.7610852614417 4.115613737949013 
-116.64527703473512 8.375742384565244 
-148.15046683618635 21.00503903503092 
-119.52245310034034 13.606797741222753 
-181.22800779006437 23.75195886298323 
-227.40922221899393 27.03199801442824 
-48.88095080408816 4.1134615212587 
-79.5230033192938 4.814485047362854 
-201.5124912891296 25.32338903637044 
-74.81662345414787 4.780020704202274 
-149.1329529161344 21.22364009276283 
-92.21305900097856 5.126228252641576 
-114.97954693709202 5.963593625225936 
-121.38770962586072 16.07848223521627 
-104.8784864666156 5.5735545898256955 
-201.51161858345034 25.28854129846258 
-116.99624327626204 9.106624618002492 
-175.1008572793562 23.09169979918513 
-210.14029803813986 25.763645518546348 
-115.02888983025554 5.975511255626966 
-101.21750049157448 5.457749758599565 
-132.23523852849928 19.789596671559327 
-164.6073584057829 22.333217286439684 
-132.23523852844258 19.78951213892281 
