-39.27922126314795 4.018929845465352 
-268.882993264611 70.81643531294966 
-39.27922126314795 4.018929845465352 
-71.1814620137713 4.5144770294147865 
-39.8706884532907 4.078463659652885 
-265.8165118739524 65.76053704163827 
-249.87553871677488 41.84953875191674 
-268.51338402983106 70.33833768505376 
-120.5419062040318 15.134746234674536 
-252.4376567938487 45.257798909522734 
-117.43197131667773 10.437066026679581 
-121.08447141124651 18.76755151017797 
-257.82627862473083 52.64548342079334 
-79.25895103304431 4.747521035816893 
-203.38793362710328 25.199513979677462 
-248.77690623718289 40.35010993820501 
-215.2877427205097 26.072245240557336 
-260.4161604211084 58.20777999990609 
-88.82050361151569 5.027170732737305 
-218.28180401497087 26.288691893177415 
-259.5799818267658 56.46368453966647 
-197.50127212053283 24.784420895237385 
-263.4502774061628 62.870299355691536 
-261.2085208192188 59.193134908874605 
-244.51491273462733 34.14539582358757 
-118.71794100474553 13.31574068867551 
-116.16354624091484 7.887260461300203 
-208.6612053403639 25.727722485368524 
-125.34061827874433 19.340243774399738 
-262.1986895615822 60.79735512858238 
-184.8162014774869 23.811979969868478 
-242.10077396009086 29.50312311358909 
-100.87951721312625 5.545598763795992 
-187.59790713252062 24.09449876471445 
-192.24939237743718 24.364474831466342 
-78.04772983715783 4.7003918965621265 
-245.86570994196762 36.053234973134096 
-179.9850757226527 23.509131151381965 
-258.57078319001903 55.597989336682055 
-106.95797070920608 5.660744293518536 
-243.16912724418148 31.858570173433428 
-153.05351696192432 21.458749144893996 
-158.86948521314204 21.80736907291486 
-112.36759449308705 5.917069135487086 
-228.93124276316604 27.09055450180073 
-255.3189339911662 49.15456560058926 
-120.25514135993448 14.83628267491345 
-253.65097309427142 47.56422166945486 
-247.85668544151352 39.03815413160614 
-144.87746024022283 20.6938591750799 
-256.1199521913677 50.97153211684677 
-223.82327101773132 26.746746270478795 
-118.61682493291879 12.280648214993914 
-117.90821815796694 11.343811741761193 
-71.181465543867 4.5150168716154635 
-256.5966257104812 51.03297094416545 
-166.02767248203364 22.567047735835637 
-252.90142952102144 46.42331189435249 
-254.99056441505786 48.94591944347673 
-133.63484569847395 19.78241105077431 
-206.92870202005832 25.492380178095143 
-237.90278427521662 27.72347102827285 
-194.7082570717547 24.61339910144826 
-243.7512946919083 32.857885562242096 
-115.76417500241472 6.615099388802289 
-246.552257789648 37.06503680146415 
-258.32737061564495 54.28580183890057 
-129.45031881511306 19.622588577778316 
-108.24548441973448 5.832301289182547 
-142.12296070953352 20.513696113814348 
-121.08447952141526 18.767569017934516 
-176.15977908936176 23.14734399178014 
-170.20317296136096 22.717583428142046 
-93.14985227195018 5.212080036120059 
-241.727215566185 27.991945431400364 
-173.1549413515906 22.92864925185941 
-162.9321065538276 22.18912191712484 
-98.25321781090139 5.440882529705655 
-115.69427883297003 6.041188884391208 
-224.9892876481197 26.834631787418342 
-235.87756443935322 27.586548614207082 
-139.48377503953833 20.45105768550824 
-231.52868848086146 27.286768578528772 
-233.43205626422682 27.395301473988482 
-158.87612621455338 22.145215212548706 
-137.31531169871516 20.28895876191065 
-263.4502774061628 62.870299355691536 
-262.7000640008764 62.02670664304308 
-244.00904445037747 33.54913521949755 
-128.6031894256972 19.394677528520997 
-177.72423722035643 23.392498194188175 
-247.01370158036386 38.52762667226839 
-151.97098953475705 21.284463403277897 
-116.10688994571379 7.801833765502204 
-258.38246719480674 54.35718775200229 
-262.4297344239675 61.638915285843815 
-253.47175428512497 47.04284723986275 
-148.2781135849391 21.021798067027923 
-242.15346653286585 30.657049839255784 
-93.14915590175517 5.160472866452584 
