-41.301316441085255 4.029929152444837 
-41.301316441085255 4.029929152444837 
-273.5537252896549 75.96827571411342 
-273.5537252896549 75.96827571411342 
-105.92129500749499 5.6139954522603555 
-69.63465379040471 4.8256483723191606 
-261.0859919644146 59.15977881686858 
-243.18033557575478 32.07372753102752 
-116.44106593506854 8.150546630342346 
-150.75286014624592 21.30182662006872 
-244.63016533548267 34.57633746099056 
-120.74555006729548 15.204195822446815 
-48.115558925879206 4.185430104391189 
-164.00860703335263 22.293635989414074 
-262.51901832244135 61.34036695296135 
-124.38606454431884 19.012981271364804 
-58.64089684520447 4.63226965772039 
-249.0885758950109 41.124754710444805 
-117.61966551047226 10.255254580833846 
-58.61096969182539 4.359458884457852 
-206.77965046729736 25.59938370718971 
-69.63398171311238 4.82035211095796 
-186.0455251900772 23.91359807240771 
-139.8144710458167 20.479479567643093 
-267.5196928040819 68.4406963933049 
-253.90139027120648 47.30336416424196 
-263.9636466917764 63.69794845176938 
-244.99965315690258 35.81989308150544 
-190.8014753349476 24.509105750602856 
-198.18221033228767 24.94015718289723 
-144.98656256901123 20.816323341641386 
-235.5692132051836 27.59201871330512 
-122.24479417119782 17.4028200506619 
-167.79393819370796 22.580845233135655 
-265.2050931562138 65.15886828817291 
-252.64230738567517 45.84332178285519 
-257.64867345277315 51.6807786092398 
-266.82839322828966 67.2359802664667 
-157.20264947295195 21.78719914868414 
-254.6848884394126 48.584604911687926 
-263.1864928472 62.48803004950487 
-270.12341982573025 71.66667495063449 
-256.2879845576279 50.62145833071805 
-193.71287786981753 24.68337207462862 
-247.96692022273905 39.78361435987137 
-251.6116960501806 44.33260521594552 
-118.90466442909073 12.421847716674877 
-265.9453298370726 66.05190837188557 
-255.90723213222913 49.488488537478126 
-247.56571939871836 38.9246122945731 
-258.50867511047375 55.298927680066576 
-271.3136056914633 73.46411458511787 
-156.75273382856372 21.71754817805391 
-259.3736096144282 56.97371886173804 
-133.5195747419937 19.98281870847483 
-115.94919058870316 6.05704438459308 
-242.26331755804836 30.04591983759078 
-246.477427062052 37.292242534491386 
-242.37500156161605 30.343003368636534 
-257.80759431467015 53.037603287645496 
-211.71097183578019 25.90499885665181 
-122.45666340282743 17.699811388094393 
-182.1343702744657 23.614149314582402 
-45.58654915877879 4.1756530254050395 
-259.3736096144282 56.97371886173804 
-241.91880886927234 28.090169100843806 
-212.74113995316708 26.035353975427505 
-180.27511800538804 23.477091885146983 
-268.83659326706476 70.04184612037801 
-250.5782367093409 42.82339247369661 
-269.8244759630891 71.12828067638095 
-250.5782367093409 42.82339247369661 
-246.7175384105103 37.63728158871575 
-128.90669706356542 19.64364149303539 
-230.86703642004053 27.234785639367757 
-142.66957071943804 20.69230658630469 
-176.76118035405753 23.20941098189317 
-222.0271893100539 26.843350354099787 
-258.50867511047375 55.298927680066576 
-252.10560747347313 44.96333586950096 
-232.14535440891905 27.32109374601927 
-119.41470080135686 14.034855809745805 
-221.7427661882501 26.658683312682182 
-105.92132775329821 5.703638615103463 
-110.91036543682162 5.849766363326566 
-133.17351190556437 19.736477415308094 
-240.26051165406972 27.89685702061609 
-217.73141715355598 26.37411748605899 
-115.53899295243373 5.991812528529213 
-272.2739405042283 74.35761198546804 
-226.837227835233 26.981586722739976 
-217.02131747142028 26.334603588881624 
-171.81048024496016 22.86974979962669 
-110.95512351384127 5.915223850286238 
-257.80759431467015 53.037603287645496 
-119.413808267744 13.814147611019681 
-117.9280630953105 11.45827232261347 
-226.83897542008356 27.01548715265102 
-128.90669706356542 19.64364149303539 
-202.16541500002828 25.181791945688882 
