-37.12795456910947 4.031512041207625 
-273.8482756834026 75.89983796332528 
-37.12795456910947 4.031512041207625 
-73.49305324969103 5.458764856976888 
-101.91536977916581 5.480903180427283 
-117.45281553360937 10.056254266921005 
-56.15396817077013 4.135480312608658 
-40.77199365909895 4.059188557776872 
-115.91164530677766 6.029403585718723 
-121.74185799198781 16.870155993070856 
-249.30352616021514 40.860551798313566 
-73.20405559025059 4.543562661134592 
-242.02249271548888 28.859687556226824 
-272.4220007797474 74.24926716816857 
-258.1311049961938 53.45120954404449 
-259.0249805596048 55.48362353702245 
-270.0747790806539 71.27404202506393 
-252.04584005225587 44.56904344356297 
-196.45563353260133 24.717777135938984 
-231.6967324187168 27.651302054755785 
-62.852178341377666 4.441048476152742 
-184.4428219924172 24.04269643447886 
-210.40302704742814 25.779983401827366 
-169.8580523310923 22.656341133145986 
-256.5364556035478 50.45021531189701 
-122.95616398700398 18.904537508949364 
-269.1672543916813 70.06740355001244 
-268.1194003946445 68.59449208185808 
-118.79539325113475 12.447889810750192 
-174.00979418813807 23.071884653524073 
-263.8774764111625 62.92447239437874 
-206.3415258035872 25.52365962773966 
-227.93418098265494 27.06913907508999 
-145.65746939393136 21.10483180061448 
-259.85936545180476 56.787062994381564 
-110.26040735078602 5.787514874137169 
-265.44857537359496 65.23576079047399 
-119.45741770377953 13.702170203220197 
-140.4907627492348 20.734404207922818 
-191.7777464585938 24.402711659905947 
-160.99517291579977 22.07490671753453 
-101.91546112584705 5.4961424403032595 
-118.00473478216071 11.057242303732016 
-152.08801023400406 21.292073909791444 
-180.0896168890723 23.474789867016632 
-242.8357041705456 30.95493230102591 
-260.5829313609297 57.94734071824208 
-266.8365890799344 66.91663677978805 
-261.7638679826457 59.77512829579664 
-254.490777574488 47.754332337291245 
-244.53680122322095 33.89969264553998 
-250.12971209668655 42.91659573223868 
-237.68784176292752 27.73633336452514 
-188.30960310725982 24.324898668671842 
-253.16046902262292 45.998809771062696 
-138.93342242160728 20.256998567197943 
-246.98581776732036 37.6302063532579 
-124.12339560789182 19.297523154639027 
-239.63705295416855 27.843187097251818 
-120.55374735751772 15.323018147203822 
-246.6460855818108 37.07238813332181 
-242.95502960382112 31.34089779105891 
-201.5110902246476 25.092133265276328 
-245.65450971000604 35.64409221976398 
-177.75341246087015 23.30529348043538 
-156.2895083394093 21.694302449261745 
-250.91608864363474 42.97884979499977 
-62.8463776892747 4.283145708489682 
-261.29319469378146 59.09948518746867 
-56.155915864728605 4.264087727914591 
-129.77676820908076 19.588610871377817 
-253.6589637161809 46.62177188674193 
-224.78508146359889 26.765982434910686 
-148.99611884453878 21.117523067806456 
-248.08643144628664 39.27827135691641 
-265.58719755035435 65.32883311857965 
-245.36337250659983 35.20020429585464 
-272.6169760683228 74.49492907837983 
-267.30158812278904 67.51320435039392 
-255.3801385486814 49.06933736788523 
-129.3205152391328 19.433952787221028 
-243.96518586778194 32.998011119245774 
-120.36157372565752 14.886094023329312 
-110.57884344121665 5.798144335721979 
-262.8114968112527 61.34178596479641 
-201.54328800800852 25.460693049244654 
-134.66762705285865 19.970065639158115 
-115.91163450269728 6.020718770214651 
-257.88185494489045 51.93184630218092 
-257.58974239034166 51.580173768632044 
-165.05275128953747 22.43851886790862 
-165.05549519085812 22.564381517441806 
-263.63499256341515 62.60989991746875 
-255.34420728897493 48.790812524843545 
-134.66763229222704 19.971564955190853 
-215.19656691340228 26.107630646120924 
-248.03982126095997 39.134195664266166 
-262.84487506928224 61.38798182911325 
-270.06571728093326 71.14046442382828 
-216.94786631180793 26.225645373990112 
