-273.96335502351025 76.55559960489758 
-40.044390883041 4.006910607992431 
-40.044390883041 4.006910607992431 
-273.96335502351025 76.55559960489758 
-93.79693523290976 5.1869118719566325 
-73.4440768916336 4.985277745943757 
-71.04648593370712 4.62874895003711 
-51.775242573908066 4.131756803525186 
-122.051777529551 17.187010969316596 
-123.24093261640695 19.038249750675114 
-223.41097847597285 26.692128740413516 
-230.30307067746608 27.354239398816045 
-253.46970585654435 46.28469424062761 
-268.8961608935768 69.53228517813733 
-130.21132746692132 19.589402941742616 
-147.67420746149477 21.281771211336252 
-118.91442874212966 13.406348577579529 
-50.992165025772415 4.060093534192616 
-40.044540565550534 4.031480132100557 
-218.14553887346716 26.292984238503113 
-153.13388201642937 21.429607219740394 
-132.26429879386572 20.1686009916834 
-138.95980040268356 20.247299898702618 
-266.4608323856362 66.31684396814309 
-273.4669755232466 75.4217650601212 
-245.38196998157352 35.10428807874015 
-260.8742789074775 58.375208612745325 
-255.43847103604256 48.86134371418346 
-175.85120074278555 23.131299940089477 
-110.92634821870575 5.804791473302256 
-235.781881321776 27.592107363413742 
-197.15252821092986 24.83804857467194 
-242.31238226915718 29.529078920105682 
-270.4206346430209 71.50346749654724 
-207.83939115018413 25.579188626386596 
-98.91566571186426 5.539310774128004 
-119.30723955132176 14.334968327550634 
-250.25441845221803 42.17192124886514 
-157.0521606115409 21.751091200408883 
-261.76658371235726 59.83168765876332 
-116.03829900674639 7.634653708449126 
-267.8316154699499 68.1427715961539 
-239.01001110628425 27.821945110466835 
-260.0621838111999 57.091442952587684 
-265.06598340196615 64.54154319586706 
-272.1715447129921 73.8128453039593 
-252.30432329750235 44.76615567151707 
-185.4876405937736 24.055844644416034 
-214.32047518639024 26.12039410121044 
-116.57557582208771 8.854570389549801 
-259.00192194346164 55.154203724082286 
-117.91752433222723 10.955633469693671 
-210.6456463221324 25.93879277416497 
-243.03979214542963 31.143009396772428 
-142.84946890907742 20.803446632553793 
-117.32141028100075 9.902938510929177 
-106.16350106225762 5.624278994976929 
-202.11767084378698 25.532566618051046 
-160.46034843162337 22.040984538203748 
-244.45558826183765 33.63468245129848 
-263.0362468377982 62.528554838514 
-166.4509436668971 22.421203436947856 
-249.15394380493598 40.64494459318498 
-259.1853161710121 56.178556310016 
-267.1406535084322 67.22302139982773 
-162.91664366858825 22.403698985472555 
-271.74775532569873 73.25334345888338 
-201.22389926520768 25.121252247861047 
-246.20702812506238 36.37393370422147 
-270.7314350009001 72.02456515704661 
-263.6934693650766 63.45401044788643 
-248.2957178596443 40.47625515222958 
-257.62116719479195 51.62152887069467 
-243.35857846366724 31.747762002333857 
-181.63555503381667 23.82578557646647 
-247.9954160004855 38.9379867292758 
-262.8613474987133 61.35538844709918 
-97.14410248383302 5.388111406268564 
-115.6488226015666 6.0439619723728475 
-257.97283844385794 52.06571531719597 
-256.5151015519522 50.265859591650795 
-181.63555503381667 23.82578557646647 
-252.8149144693034 45.461449076955304 
-262.40130411522057 60.772046555863795 
-173.9485677840878 23.00135998817904 
-251.06075573320075 43.3170485884391 
-246.54210467607064 36.953266673508935 
-169.45179641893554 22.68104446044861 
-119.30723955132176 14.334968327550634 
-141.4029410560512 20.689186195791507 
-255.43928374916675 48.89110719614343 
-170.5134121468292 22.951689851319113 
-247.71170305547741 38.66485736814235 
-115.86217231365526 6.210820084177831 
-258.408428510522 53.75549297780385 
-256.5219803372332 50.45737497828246 
-258.16622657123514 53.378655119715205 
-106.21028188628902 5.7880817824853 
-192.81436301951481 24.561347462030728 
-244.00510073718215 32.885958299892884 
