0.7440812503778801
0.7095487307141377
0.752037631800942
0.7349945598004183
0.7376191379911075
0.7520971780721172
0.7479295148066283
0.7231854625480003
0.7087247358323598
0.7445834149411968
0.7515763401685448
0.7385674888131114
0.72824392220222
0.7340232317425143
0.744134456981619
0.7385412139060257
0.7505922423824045
0.7386479122545134
0.7517100012578087
0.7523860513568547
0.708911033446391
0.7087399394275252
0.7422682400964301
0.7087475684017146
0.7168321265149463
0.7116700781433368
0.7103879029375414
0.7516706334148139
0.7437585461449652
0.70906021540501
0.7058766286352249
0.7438860727400345
0.7484471202741573
0.7503133709445838
0.7522971145436886
0.3679853453816216
0.7448188651634629
0.7501950525549169
0.744760952811546
0.7411492738623926
0.7225854853748992
0.744464290675478
0.7439581032909269
0.7300251281358761
0.7504773787206505
0.7426525026150259
0.7359321768565116
0.7041972947560716
0.7106449289030777
0.7515814318742169
0.7129633468383445
0.7440745501442533
0.7514682173407763
0.7285980632662684
0.7112548100526128
0.7440413451910425
0.7007550676540659
0.7524848240194187
0.7446391088399584
0.7404646085780155
0.7232492973917827
0.7443987789460285
0.751259451861581
0.7433488127164624
0.7445099128127541
0.7424392660125461
0.7515059929829595
0.7438084539229447
0.744576322101054
0.7449147579212866
0.7447041718672179
0.7446053972979514
0.7488148788748213
0.741970572349686
0.751237374374982
0.7504157780961231
0.7378390200204882
0.7108426480414333
0.7284743886236457
0.7208986263751731
0.7520859081478133
0.743959997838838
0.7365192891476282
0.7335233049161631
0.7517564926875608
0.7439479802970999
0.726550259088562
0.7518597843526954
0.7370470255830057
0.7527917146513441
0.7095583567037522
0.7527097784704769
0.7144764314884199
0.7109491426621303
0.7109008889247159
0.7173060301592721
0.7151742502243921
0.7082354604560077
0.7111179117061193
0.7118020674682718
