0.604015952176478
0.620972919061583
0.7719164828409218
0.7993448313383698
0.6286775517359638
0.4693991637718294
0.6689593271059756
0.7969068264501914
0.6085860803149252
0.5024201371653536
0.6658469264827361
0.5749354747007285
0.7554546690136777
0.6301245594314508
0.7680059252018618
0.5106330224765476
0.7204384121946945
0.6559955634075264
0.6141532297779597
0.6385299086594958
0.6254039145022279
0.5991877491540448
0.7702564290830254
0.6212234325217211
0.6534136615215465
0.7677442581898999
0.6322808122901816
0.5851406542039514
0.43558070212357597
0.8198161722703254
0.5987472297796367
0.7580738166750013
0.6753872894716144
0.5786105557654668
0.7955073829877367
0.6412265050305149
0.7892305476101941
0.4964964755261182
0.5739971881679388
0.5693092701981187
0.7818403544107032
0.8135583086057797
0.6854903635841196
0.5421178284802217
0.6087458511489315
0.7192529503481806
0.5422415634332272
0.6461635545260375
0.8157826773381126
0.8035139488760369
0.6697465499450839
0.6128593001131135
0.8147570187504515
0.63297364602209
0.6939009475877848
0.6000107374203657
0.7154542612753819
0.5326760142699134
0.6428875030034367
0.8116404809829403
0.49298895212142585
0.6057975919364911
0.7955980271712445
0.5247056635726209
0.5473523793836989
0.6184866081947935
0.6768706515332569
0.6346638762674748
0.6944714149628067
0.6962232154301914
0.5170369612174761
0.5459752672164317
0.43483023135808435
0.5596242866114677
0.7238926885489672
0.7667872396081413
0.6173509913770049
0.6687492234545271
0.7947150049780342
0.6178062370305836
0.4773079759049126
0.5547043411764553
0.6447289547515689
0.6521322100821819
0.616003701388811
0.7246460422423612
0.5201390882150849
0.7965152959464512
0.6230675857470741
0.7529488917385595
0.5418805739120639
0.531713327483799
0.751416392375674
0.9018854843937693
0.6988773403277732
0.6685336497341469
0.5875918366881954
0.857775740334601
0.7494197275102441
0.7964679683600043
