1.0231589256663205 0.9914417508518716 1.0001563074539326 4.715166234731694E-6 1.00000346468252 7.422521347121985E-4 
4.99848031280571 1.0011232292244223 1.0000693054598135 2.576693520630187E-7 1.000007151120954 3.642521450495685E-5 
0.0014192432629153689 2.00124489018854 1.3304906867583959 7.807166811556608E-8 1.0002782175545444 0.005904292430081858 
3.9835729756157514 0.7295275533294033 1.0000989743173507 5.757484411298875E-5 1.000001202393137 4.733491743895298E-4 
1.0126538539792236 0.9994531209067092 1.0616251414217353 1.1849142828111184E-4 1.000020468303248 3.829772261733842E-4 
0.7111156457639392 1.2922939558212125 1.000080008438573 2.2884914642341044E-6 1.0000016300031151 2.2886274295762926E-4 
0.5285455982165077 1.4746098987859713 1.000086314898773 3.968476680703258E-6 1.000002247037547 0.0010666155792963756 
0.4504744888366867 1.549941179612824 1.0683137483030762 4.311309998704659E-6 1.0000517755218832 0.006068733919002649 
0.2976430312844607 1.7039526504532678 1.0002258027685125 2.537317069402218E-6 1.000149136523593 6.512686702751114E-4 
0.7111156457639392 1.2922939558212125 1.0691355355126477 3.949335599234945E-6 1.00000125282667 2.2886274295762926E-4 
4.061393977556033 0.7295275533294033 1.0002467577765108 5.759154480799176E-5 1.0000011781079898 4.733491743895298E-4 
4.841551432819096 0.9738661627385455 1.0012072708872937 2.1621981222100792E-5 1.000005629296119 0.023000093492054934 
0.23061551111456824 1.7705172828513978 1.0585882045114314 8.30223810212023E-6 1.000001090128007 0.009456681551942424 
4.662997733504815 0.8908772041688451 1.0011575222256193 1.8272089873560424E-6 1.0000014325802504 2.6046588480546054E-4 
4.2107392195472295 0.7662009061601119 1.0000787935770012 3.5300546313186195E-5 1.0000015941905271 0.0012321419283066902 
4.769131484097266 0.9233604722339418 1.0564364204923593 3.817488860248704E-6 1.0000040348341226 3.559585958608112E-4 
4.895991602766612 0.9705803790110683 1.0003908640496957 4.047479774000987E-6 1.0000001675677794 3.7355737845302706E-4 
0.24662970918367627 1.7556043629258027 1.0003843117500066 6.876815696999861E-7 1.0000070915940122 0.0073810442326157355 
4.87585826113934 0.9627945879113015 1.0015622889962597 1.3798830344399012E-5 1.0001418553566352 0.004087803211355521 
4.685405664107264 0.905212628494785 1.0002559931760444 5.407691317434865E-7 1.0000041838848108 3.6366197223868554E-4 
4.427629125921801 0.8520018817081523 1.0025928021640276 4.362553570720787E-6 1.000001302685931 3.704004703767445E-4 
4.965265343182744 0.9966170211139429 1.060186066751402 1.4572708534868623E-7 1.000003367254129 3.484179330429896E-5 
0.0014192432629153689 2.00124489018854 1.1478676706227204 7.807166811556608E-8 1.0002782175545444 0.006101228109851502 
4.823168003118912 0.9489418725375842 1.0004230149699826 2.374194074811507E-6 1.0000067499811514 7.023940864726543E-5 
4.3720649070417 0.8795861655207563 1.0004244912337563 3.993412415067279E-5 1.0000053667944766 1.3484945399091976E-4 
0.5062844909555175 1.5143269320135682 1.006587359512322 7.622285672986808E-8 1.0000326415280822 0.0015643051261225128 
4.798120207152136 0.9502031344119719 1.000049076346079 3.4390816299678834E-7 1.0000028753845003 0.04231844267739558 
4.92582314992217 1.0370085460310503 1.000121661194045 7.287817920994662E-8 1.0000010522252105 3.2366978430313E-4 
4.738740260783653 0.9270215992061028 1.0006196954196878 1.6528207093536072E-6 1.0000167280303922 1.8164414091359537E-4 
4.615264305548804 0.9074266188586358 1.0006301983947385 3.418893076254571E-7 1.0000162583156105 0.12714366284741746 
4.280191893001018 0.8517505290700746 1.0025553608606323 1.652788277789797E-4 1.0000261376473294 3.1848301472960777E-4 
4.038965805920496 0.7132064471974872 1.0028136473371694 3.427326671183806E-8 1.0000321877921525 0.0014959595116152882 
0.084469954320614 1.918918087075313 1.000046226132847 1.358527456413719E-7 1.0000009469257873 1.8375809656836226E-4 
4.646437878301492 0.8853512252198916 1.000102443628661 8.915014338300955E-6 1.0000007595799465 0.0011737591373554763 
4.573662116831351 0.8795861655207563 1.0004268817788557 7.235122318639397E-6 1.0000063577711058 1.3484945399091976E-4 
4.632233786769382 0.9074266188586358 1.000634902099922 4.146407729429352E-6 1.0000162583156105 0.12714366284741746 
0.016828484450039483 1.9858754814448123 1.0000850915149344 2.8717844370630425E-6 1.0000009134692218 0.0011847236078055966 
4.982806470156781 0.996631701381663 1.0000902855020515 2.491602575463312E-5 1.0000882058170968 0.0010669185110656512 
0.17252714853648282 1.8313228718638213 1.0002689131370113 2.557244953876827E-6 1.0000033618834487 1.1813115496879913E-4 
4.264955895106174 0.7865474578261393 1.0000650990177713 1.4022365495235855E-5 1.0000002142887037 0.001457816503272008 
4.186723397603651 0.7722696885937357 1.0011528881109641 6.1665828152578745E-6 1.0000064470907593 0.002326127626795472 
4.5262715902866315 0.8430408703887848 1.0003103988098114 4.0173624459081446E-6 1.0000010713140934 3.9868437708447634E-4 
0.11318790249201571 1.907116504720085 1.0035045131995972 1.1591364374564868E-7 1.0000014118417062 4.8726031956224027E-4 
0.29287148379420636 1.7149716894171851 1.0004170151855691 6.658751394066338E-8 1.0000775591652757 0.024969953476436123 
4.909746364184758 0.9707483278736623 1.0007793724599308 9.2907726007642E-6 1.0000010518323499 3.7311620890727017E-4 
4.487550168788049 0.8296026987905278 1.000003438959666 9.01316903060748E-6 1.0000001134497374 0.007824992646502577 
4.231630182939099 0.8016328123582488 1.0003465117304302 3.6919407496150786E-7 1.0000551379483777 0.0024230563282635603 
0.059463946569314086 1.9422775078997814 1.0035055103927975 2.724024717164178E-7 1.0265622308724651 0.23209748265463342 
4.560229495196034 0.874977215943732 1.0004268817788557 7.402112862617025E-5 1.0000049070341985 6.853965308094836E-4 
4.722057739917583 0.9078550731391605 1.001152763742628 1.9138954069591353E-6 1.0000034198856655 0.002370551051907221 
4.330766213517128 0.8016328123582488 1.00034019769027 7.475300943228053E-8 1.0001475843960974 6.665444004254104E-4 
4.7521321090190245 0.9181378712130565 1.0013572946032239 7.854721780842756E-8 1.000080271969354 5.079242614024317E-4 
4.453871044607482 0.8282557437144644 1.0450290520888679 2.135476691621669E-5 1.0000638127985586 5.831740285695271E-4 
4.949504887459467 0.9836858041976498 1.0002235106594473 2.0930898910286807E-7 1.0000027380994156 0.020691377286816887 
0.4524377406826743 1.549941179612824 1.0010268247751963 2.000876253521497E-6 1.0000019684352863 0.0014615500863499331 
4.295384239374963 0.8387840915761089 1.0007689188773996 1.5566164432077798E-7 1.0000002370616938 1.7923275470162724E-5 
0.1717350667757067 1.8313682926135983 1.000426318198659 1.173354909571324E-6 1.0000207509209282 3.5705268684312454E-4 
4.092372334401791 0.7045992662342793 1.0000076823731845 2.5513078840795845E-6 1.0000007874123333 4.3283923758899375E-4 
0.12909515469712501 1.8712287377656165 1.0000865820835159 1.0543703751673553E-5 1.0000031143884012 0.001276907101760413 
4.44753968574113 0.8169914580903757 1.000243344290821 2.555001468186572E-6 1.0000032279695632 0.0012581879724838897 
4.352808528628248 0.8083867341186526 1.0001814329141347 3.0313916991169066E-6 1.000000237215826 4.8504526761943695E-4 
4.171241185092905 0.7238972307021789 1.0017600586090876 1.4789659835880657E-5 1.000000127418682 7.969567620657453E-4 
4.388839117658499 0.8223828039523378 1.0006933637577 5.1293458241340704E-6 1.0000013848710259 0.006894243283822444 
4.951127274571208 0.9970684284556283 1.0002235106594473 2.0930898910286807E-7 1.0001521169130252 0.01717422330071095 
4.481351707114889 0.8371862676175518 1.0021713466377355 1.2451882867641843E-6 1.0000012123579913 0.004827798602114831 
4.546399074738712 0.8861627690666446 1.00018395887024 2.2047759010158287E-6 1.0000003790128247 5.181356546503785E-4 
4.509427326342387 0.8385976269530523 1.000140685566651 1.2407755560888378E-6 1.000000202945774 1.7923275470162724E-5 
4.7637325832867505 0.9233604722339418 1.0006026199715214 2.0602154694439582E-8 1.0000030712411387 3.572642949748502E-4 
4.589702401642434 0.878983546130061 1.0004308943523468 7.025001779260263E-6 1.000006236845291 3.6934655737915455E-4 
4.919049918030976 0.9966170211139429 1.0009341422865543 1.379239217816503E-8 1.000003367254129 3.484179330429896E-5 
4.861444610286845 0.9707483278736623 1.0007774932973623 5.246143792562408E-7 1.0000000445908503 3.7311620890727017E-4 
4.312076217661585 0.7839038295000098 1.0012388381614863 1.0347962918631046E-5 1.0000646527716885 8.190509703766653E-4 
4.253840373767055 0.764387634437574 1.000019824387661 1.5579063864700977E-5 1.000001496002519 0.00356115871490989 
4.809928021786406 0.9685973390541417 1.00028543874425 5.516980918313806E-6 1.0000694504909893 0.05506715615896718 
4.025399029365158 0.7198361575479199 1.0002198371236144 4.989468085694368E-8 1.0000273933218267 8.617899181235164E-4 
4.010084758766524 0.7679196781515278 1.0015423941575972 2.5303348640193753E-5 1.0000016437995074 7.691966907793384E-4 
4.713747609897295 0.9247061409428019 1.0006068227062057 4.153470563120512E-6 1.0000032966629084 3.986084300783778E-4 
4.349995938757482 0.8083867341186526 1.0012044154659139 2.0343728963108482E-5 1.0000027581224673 0.02676642062870145 
0.059463946569314086 1.9425569512173442 1.0032050930203835 1.2254045099413605E-6 1.000002050318294 0.001700047917603331 
4.40161513402331 0.8192569018791676 1.0032050930203835 1.2254045099413605E-6 1.000002050318294 0.0015286375984871424 
4.144349531870495 0.7288607837065959 1.0006151660475768 2.3401879123474585E-8 1.0000601409540233 6.034311833391058E-4 
4.109641711098816 0.7597845837637841 1.0041187716381512 2.5303348640193753E-5 1.0000031716360258 7.691966907793384E-4 
4.404791347357939 0.8282557437144644 1.0472390706789878 2.135476691621669E-5 1.0000642873713714 0.002363114878692174 
4.699791555360944 0.9454682993409738 1.0002559931760444 2.3897279275838542E-6 1.0000028371051077 3.6366197223868554E-4 
4.994846880463842 1.0017230614952166 1.0054753778967902 1.7827244876246481E-7 1.0000034007991283 0.0015102440808393918 
4.322798525845108 0.7865474578261393 1.0000650990177713 1.4022365495235855E-5 1.0000002142887037 0.05215087843393813 
4.242322210284535 0.7482859344616202 1.0000238672704271 5.245586213991352E-7 1.000018024392152 0.00221720992457055 
4.092372334401791 0.7045992662342793 1.0000859756782872 2.5513078840795845E-6 1.000001202350535 4.33478623607714E-4 
4.69718977583032 0.905212628494785 1.0002559931760444 5.407691317434865E-7 1.0000028371051077 3.6366197223868554E-4 
4.001947691294587 0.6789206953701805 1.0006151660475768 4.971878083607165E-7 1.0000597794580037 4.400562482215851E-4 
4.5105920479639074 0.8385976269530523 1.0002966517239769 2.222748917847083E-6 1.0000002370616938 6.601001980591463E-6 
0.010691962730611682 2.0098396090558532 1.000086607636903 1.9112238923967548E-6 1.000000804149352 0.013688190228458998 
4.111392319057587 0.7530123378943436 1.004125438543644 1.610833872400886E-4 1.0000031220270456 0.0015646710680099906 
4.150086047067458 0.725071588220048 1.0279951209000788 6.723960206747813E-7 1.0000014120956209 0.013890277733914762 
4.174610561544349 0.830320602481192 1.0017600586090876 1.4058139069945172E-5 1.000000127418682 0.004326541709911327 
4.603566840820553 0.8795861655207563 1.0004244912337563 3.9906854068149875E-5 1.0000053667944766 1.290395144100773E-4 
4.862492289241464 0.9705618632506057 1.0001517541554923 1.3740156710380115E-8 1.0000000000740872 3.7311620890727017E-4 
4.1289020955950315 0.753185049756096 1.0042426361331847 9.899573590684384E-7 1.0000016562077243 0.008721196135636208 
4.801738831692755 0.9685973390541417 1.00028543874425 5.516980918313806E-6 1.0000694504909893 0.05506715615896718 
4.5947045532499216 0.905212628494785 1.0002952124908284 4.874316839516962E-7 1.0000028371051077 3.6366197223868554E-4 
