1.0249993541731575 0.9758861418916646 1.0006171327529685 1.5169150065408576E-5 1.000003628492062 0.014176066729740618 
4.998631957997509 1.0005091600253098 2.425564287136846 5.2572848877377635E-6 1.0000294399133316 0.02501462746292346 
3.9942423836430425 0.7053379475620298 1.0000736666624876 7.781668484932086E-6 1.0000081515444623 0.001563858623260713 
2.6650379378619863E-4 2.0002601367359745 1.5218363236411894 1.0888805156863974E-6 1.0015943827117972 0.021617785173235513 
0.6211529232425681 1.398438138824404 1.0000135999513418 4.811754134688011E-5 1.000007133218977 2.3172944689293278E-4 
1.0249993541731575 0.9758861418916646 1.1533160615309814 1.5169150065408576E-5 1.000003628492062 0.014176066729740618 
0.5374548629097535 1.4845670807194797 1.0002412239478684 5.553289966309111E-6 1.0000098939790298 0.21292885526865601 
2.678918083764137E-4 2.0002601367359745 1.0087671578806154 7.944796780302877E-7 1.00159448472926 0.021503524577053706 
4.60119379328471 0.8704684516800137 1.0005419184052888 4.2170483895130865E-6 1.0000573891615334 7.513360226704827E-4 
0.11990161854383885 1.8947833796848048 1.0001533234358262 4.0788054428198544E-5 1.0000476003122827 0.009865803385452121 
0.33979580689971983 1.667395141517259 1.0000156748702478 3.189932803300083E-7 1.0000017580545022 0.015376003589164265 
0.0028160550334890445 2.0002601367359745 1.5218363236411894 5.739009090509445E-6 1.0015943827117972 0.008154453482531243 
4.528639552233743 0.8704684516800137 1.0003144624836773 4.322108155138054E-6 1.000002415534461 6.469914263518713E-4 
4.696503641506578 0.9212670730370476 1.0000722995696132 2.5483697096996434E-6 1.000004840703245 0.0015592073333941558 
4.938093521229167 0.9795918784035531 1.000488983875436 5.143830626432078E-6 1.0000399794227037 0.014052031631208143 
4.996779685251741 1.0005136013426947 1.8296084736417846 1.0437357100350359E-4 1.000004248639313 0.017964397568404844 
0.17137939023406767 1.8319179340397818 1.0001466037966003 6.651105404981904E-6 1.0000011306686085 0.0025196201751052603 
0.05772485988473974 1.9440047622028518 1.00007545705896 1.6584125411196092E-7 1.0000094890578466 0.0012626051347646985 
4.040414563444572 0.6954292958325986 1.0006835696468706 2.823258869730319E-6 1.0000017154782364 0.0019867784513502183 
4.284670406409928 0.7660081620503271 1.0013826995970727 2.4264823966392915E-5 1.0000024913591943 0.012517181422092634 
4.25610020953439 0.7572406156448726 1.0000990475517988 3.390603221874598E-6 1.0003840056393947 0.03285038805248648 
4.998234793057574 1.0011910747232267 2.122134294036063 5.795310527232427E-5 1.0004727746081095 0.012946184625769307 
0.4424789096387962 1.5584706694252517 1.000134372648925 2.0838439770818427E-5 1.0000067540008668 5.227428886034648E-4 
4.638175551991442 0.912670603197717 1.00015933907673 2.0269576318222622E-5 1.000036264951729 0.013385734404571288 
4.62681998778597 0.9130416977033424 1.000208337946887 1.8856718160578366E-5 1.0000013284057248 0.012644615275776056 
4.8967571571213995 0.9665885030937202 1.0003110376418118 1.9920570291982004E-7 1.0000017226675184 0.0019699235467047277 
4.66511572127632 0.9233229839118929 1.000073238976803 1.8856718160578366E-5 1.000009555615443 0.015130134516233944 
4.302205977247862 0.7675906437970337 1.0001353840765592 4.420386061283288E-5 1.0000026740617198 0.005582919526608312 
4.220015577394536 0.7580295562986389 1.0001542387992117 9.668123106788086E-8 1.0000017229397713 0.01882348352651639 
4.415192485637369 0.8057092052080724 1.0006162432898766 1.9053556250806587E-5 1.0000390969452555 0.004322508606659442 
4.998637670621953 1.000568498866912 1.3088965973812208 3.4073496593312943E-6 1.0000094280227172 0.002205732836233567 
0.5985651419360332 1.4047277601996064 1.0187446903447814 5.624765070421318E-6 1.0041508345756545 0.0286232322399228 
4.0067043187348705 0.6781544651717448 1.0001110309578034 7.345766465569308E-7 1.0000092002429843 2.4609406516130916E-4 
4.998637670621953 1.000195449604929 1.604652946187203 1.2850991304130173E-6 1.0003879789396715 0.04303704851639096 
4.569111109669537 0.9401351288172163 1.0001560228210449 7.375801244374076E-7 1.0015484416384863 0.01898862966843829 
4.8788791299593095 0.9665824168224325 1.0125591980287025 1.1130422367532788E-6 1.0000386904424277 0.01086282331839358 
0.2724602034336436 1.7278763184409025 1.0000432338247394 4.1775350974612355E-5 1.0000684807916969 0.014673916288037533 
4.720905365745893 0.914384293801346 1.000208337946887 1.8856718160578366E-5 1.0000107023160811 0.015130134516233944 
4.775166964970273 0.940376871142081 1.0013706832853944 6.875075819546562E-6 1.0000066738371258 0.006345441265779325 
4.458566911235182 0.8298195981192249 1.0003554550078535 3.941417193873224E-6 1.0000000550667332 7.038746222881257E-4 
4.1762313417537635 0.7504959896152621 1.0000143519339175 1.106587626400907E-6 1.0000081253374082 0.010369998948007659 
0.36659995022339065 1.634406169745624 1.0006000212074468 5.447753028539945E-6 1.0000099652200753 0.007851376323730883 
0.22879611048841939 1.7734622006379632 1.068089530833478 1.7676788109735843E-5 1.0001296316054185 9.938520852643016E-4 
4.327035488936262 0.7777853267106929 1.00065136032373 7.472306213031662E-6 1.0000017095578275 0.0025112911443690164 
0.15281827115420854 1.847655470821445 1.0658765898177638 1.8972694166339177E-5 1.0001190250128493 0.007313648038592788 
4.965109773959559 0.9943773695038294 1.000347096113514 7.49643755279097E-6 1.000363199174114 0.23103821025102414 
4.677452681287994 0.8943927261417536 1.0001584922894566 4.513301969366121E-6 1.0000008465538721 0.06946231979974275 
4.239209415153998 0.7572406156448726 1.0001560228210449 3.390603221874598E-6 1.0003840056393947 0.03285038805248648 
0.01475562921182437 1.9895776910313023 1.000062587055744 8.805959997559184E-6 1.000010263130486 0.0011332994380752223 
4.808962723390039 0.9373941139225184 1.0000075168066118 7.216362016081026E-6 1.0000010499148215 0.002048616436706374 
4.748885892283722 0.9226000958036127 1.0287420098006774 1.7074024256832258E-6 1.000000741114795 0.011087387783164565 
4.8216694637546675 0.9742324301115194 1.0004916953176417 1.9414225607543133E-5 1.0000060906628574 0.002930896715177947 
0.22879611048841939 1.7734622006379632 1.00003336520485 4.695268420526064E-5 1.0000011867443985 0.0011754354689218545 
4.499035735723761 0.8633258391490899 1.001416856649698 4.666511278751335E-6 1.0000027777957692 0.06860857377904533 
4.998631919536418 1.0005681970087732 2.0495396075046344 2.521415314930667E-6 1.0000266605253596 0.030252032057794566 
4.998631957997509 1.0005091600253098 2.2879212101263353 5.24571897417229E-6 1.0000294399133316 0.04304773790200912 
4.119261824470298 0.7592458818790697 1.0001560228210449 9.668123106788086E-8 1.0000017252414037 0.03285038805248648 
4.091562606754309 0.7213863906665829 1.0002487360647982 1.7267262528026156E-5 1.0000707307721846 0.012330918431815724 
0.05103636144422161 1.950084264264058 1.0248174829326275 9.060196498382235E-6 1.000026046948266 7.783943209187967E-4 
4.83338073156119 0.9966276176650437 1.000155971287609 1.1382880667303951E-6 1.0000154275000983 8.917237585956399E-4 
4.72947187930423 0.935566190170227 1.0006443393666167 5.914816032117841E-6 1.000038426224955 0.010875077227059056 
4.369502619970184 0.8289577246772827 1.0000050059473455 5.585720360720215E-6 1.0000013940926171 0.010500967115325428 
4.79493330028289 0.937478655464839 1.0000075168066118 7.216362016081026E-6 1.0000010499148215 0.002048616436706374 
4.848140087817907 0.9581318988311521 1.0050064600520858 1.896909983284449E-5 1.0001149463005008 0.00731731931833104 
4.390398109350309 0.8299422205638728 1.0000042485891103 4.015502510850664E-7 1.0000075226316945 0.02706863273642323 
4.150842954641716 0.7592206125537084 1.0001560228210449 2.005468027330945E-7 1.000009830565994 0.03285038805248648 
4.431944779533809 0.8155921953645466 1.0000721171143545 1.4603723305456039E-5 1.0000262148461199 0.02969136273935091 
4.998631957997509 1.0005091600253098 1.020104281634298 7.735398599859716E-6 1.000015420041754 0.001779964115339195 
4.057947015874105 0.6939849314390747 1.000459541317383 2.8783310056373565E-6 1.0000017190756774 0.0019867784513502183 
4.915366374018908 0.9728099125402258 1.0189721132063136 7.410856133629377E-6 1.000363199174114 0.007246346301902226 
4.998631957997509 1.0005091600253098 2.2879212101263353 5.24571897417229E-6 1.0000294399133316 0.04304773790200912 
4.117857573852694 0.753770455354366 1.0001345081212352 9.518898089797796E-8 1.0000017252414037 1.9415676128160114E-4 
0.2724602034336436 1.7278763184409025 1.0000432338247394 1.946670348286281E-5 1.0000684807916969 0.024200174916315424 
4.334501449402927 0.8062524295917691 1.0285146363295865 2.413451784280429E-7 1.0000065553547184 0.014092931317996932 
4.565678039930425 0.8633258391490899 1.001416856649698 4.574560511968139E-6 1.0000027777957692 9.512988101478598E-4 
4.0718636843961065 0.7053379475620298 1.0000754804899157 7.10373938423683E-6 1.0001133242386 0.0016944002307906986 
4.998631919536418 1.0005681970087732 1.4330756660989086 2.1577146796353502E-5 1.0000266605253596 0.030252032057794566 
4.9150486800882875 0.9742324301115194 1.0002211591697883 8.06788669685963E-6 1.0000060906628574 0.002930896715177947 
4.150842954641716 0.7592206125537084 1.0001560228210449 7.065312216046447E-8 1.0000106843967274 0.03285038805248648 
4.864523368282402 0.9656889864723545 1.0000378461623103 1.9041828304522694E-5 1.0000079931141006 0.0029333981521772476 
4.95579166009896 0.9952506215611391 1.000220035491821 4.404015974821276E-6 1.000011165949366 8.562159157850173E-4 
4.783139798212071 0.9317101581139963 1.0000042485891103 3.1504514267527077E-7 1.0000075226316945 0.02706863273642323 
4.9844411426488975 0.9966276176650437 1.0001520504979844 1.6841226547578982E-5 1.000011165949366 8.917237585956399E-4 
4.99889306007268 1.000675608854756 1.5293725570198788 3.797162821022037E-6 1.0000015935861233 0.023940134637542014 
0.405896127261822 1.6021986974213067 1.000160054413469 1.87424214678676E-5 1.0000013592202253 0.012106357864474093 
4.548513403190385 0.8589645268777112 1.0001582126913935 1.678003801655493E-5 1.0000111016758269 5.373376743933817E-4 
4.385087034223557 0.8296521703395925 1.0000042485891103 4.176468585883583E-6 1.0000083972090859 0.06774023728092622 
4.46622155840837 0.8339584850099206 1.007802710312024 3.4677849754108405E-7 1.0000053175008636 2.8824402007222513E-4 
0.4424789096387962 1.5584706694252517 1.000134372648925 1.890022397333563E-5 1.0000079552373324 0.09057778376691915 
4.352187311325233 0.8057092052080724 1.0000257210824803 4.7524755394656475E-5 1.0000010926008103 0.004322508606659442 
4.998245525852786 1.0005091600253098 1.937519015207539 5.24571897417229E-6 1.0004626658183355 0.030899756238428992 
4.860605327209537 0.9656889864723545 1.0000157910887477 2.1593891646275323E-5 1.0000030460637148 0.0029333981521772476 
4.747481641666118 0.9171246692789089 1.0001585616113928 1.703128884200452E-6 1.0000005030749264 1.5101771977324603E-4 
4.998631957997509 1.0005091600253098 1.0006018347067767 1.5561015703787577E-5 1.0000012935708544 6.47124227406079E-5 
4.998234793057574 1.0011910747232267 1.9407321062142486 5.795310527232427E-5 1.0004727746081095 0.012946184625769307 
0.405896127261822 1.6021986974213067 1.000160054413469 1.87424214678676E-5 1.0000013592202253 0.012106357864474093 
4.5491692417869425 0.8589645268777112 1.0000875170375212 1.678003801655493E-5 1.0000111016758269 5.535091680562414E-4 
4.356399308028134 0.8054448331645585 1.0001592341567371 9.929224346471872E-5 1.0000736843052709 0.0032332553568572425 
4.190080071122159 0.7592458818790697 1.0001521020314206 1.8134554824073582E-5 1.0000111006695405 0.018315052677669703 
4.431284511599768 0.814203524056938 1.0000708996093626 1.4704138986023008E-5 1.0003914455445124 0.029539505416215903 
