1.042668602011254 0.9590376123622861 1.000034438147029 4.3308070960471825E-5 1.0000489695009365 0.0018985201001003593 
4.9989745798290235 0.9999107097181483 1.8012641856741873 6.59438608563195E-5 4.982080853858468 0.08581105280818489 
4.99883107648775 0.9998006880622166 1.6836947594292528 1.759307321217606E-5 1.000019504060112 0.004850250670854302 
4.923209838517746 0.9797261200825972 1.000357234746423 7.083118820225584E-5 4.624274038576068 1.3627313409619841 
3.9164842463984284 0.65206246358386 1.000221407621672 1.4488498699224326E-5 1.0000050346271925 0.0031582608182650013 
0.07716130938551347 1.922926721597432 1.3230303600871314 2.1499487019422368E-7 1.0001374570459776 0.11597444105051796 
0.8914245263991232 1.1386995900048695 1.1609817710420485 2.8265585620653507E-6 1.0003781080403273 0.004611728570290172 
0.4182122896638103 1.5818432267930445 1.000166582516066 7.402179786269729E-5 1.0001869955323128 0.0014154512077218656 
0.36441520644120473 1.7529262943098058 1.0020908376002764 2.4847517981638045E-6 1.0000745844998704 0.023460215088041303 
0.21784574148171698 1.8690168763893762 1.0002015921411158 4.4567328737926486E-4 1.000002221610063 0.015344060055641278 
0.1916419976838824 1.8690168763893762 1.0002004425865962 4.4567328737926486E-4 1.0000034791507113 0.12093034679668195 
0.08745134822600953 1.917402806140107 1.0006739056814535 3.509910100923118E-5 1.0000215183241021 0.00239329168559858 
4.906217955956454 0.9696898684433048 1.0000900292393724 2.5402944027207023E-4 1.00001445382886 0.0031619219831390934 
4.986745147309051 1.0033198185262657 1.3226656661919751 1.7230457513136558E-6 4.978829210209648 0.0844016313029824 
0.8973607625047939 1.109600723921874 1.0003759673054138 3.5472751188605936E-5 1.0001802868448755 0.0029237098305328574 
4.698558210621972 0.9671521450238534 1.0020894721383287 5.4673927631627785E-5 1.000019398677953 3.225123996302079E-4 
4.99883107648775 0.9998006880622166 1.080301134946808 1.759307321217606E-5 1.0000248356357906 0.002650855364025928 
4.728621675886187 0.9158050674053578 1.0000481247233464 4.445289571441676E-6 1.0000580566029256 4.8521430208318993E-4 
4.9774715012862165 0.9976160395210067 1.0002167048554205 7.668851692790141E-4 1.0004036353001753 0.0063916839388627605 
4.215436815540855 0.752242298606753 1.0001827557464924 1.269343269211799E-5 1.0003159214033561 0.01809164617940917 
1.0422576655162095 0.961084464506738 1.002490210889892 3.974103975326653E-6 1.000075780093756 8.815685390452417E-4 
4.016106661925492 0.6777060319658175 1.0000966451574442 1.9436711711487604E-4 1.0000338028674056 0.0023031203573977074 
4.879567001690113 0.9674407914181467 1.0002974877874071 4.291803391170603E-5 1.0000165975382445 0.002857438492782081 
4.600581074151453 0.8746682858357404 1.000197547734714 3.922495035116449E-4 1.0000247739737906 0.006365054128139619 
4.959894149779935 1.003209796870334 1.0001763790754314 1.862039617578583E-6 1.0000248356357906 0.0018394634296680463 
4.302968831822466 0.8233273356430558 1.000123903424647 1.3724544233787911E-5 1.000018308069251 0.013033733995862676 
4.938553596562405 1.0005799588048105 1.040031581111679 2.0758762246017163E-5 1.0003990022773124 0.19569098825276515 
4.677654941585022 0.9091468554750982 1.0001050013939192 1.831412072976898E-7 1.0001106980536596 0.00866201755517165 
4.5753701861522975 0.861162379312199 1.000531489165935 3.421061452931547E-5 1.0000106860674798 0.03616186390625109 
0.4079158195964059 1.59975134066894 1.0018246240401152 5.331203232953328E-6 1.000185152209022 0.0020097755675010155 
4.777951711917521 1.010314848657953 1.0001221108165972 7.203024788869674E-6 1.000202182048338 0.004487994333150157 
4.986791648255884 1.0076917534161498 1.0006133518514897 8.029660728884717E-4 4.993506739176338 1.2938116980446388 
3.9923897720278956 0.7060334105870811 1.000058784895338 2.9212296031646276E-6 1.0000022859538007 0.0021720705424261074 
3.9663492819361044 0.7726897393572177 1.0024982865691416 2.196440729582396E-5 1.0002650736486431 0.018985856470183096 
4.993276832327561 0.998705999128375 1.0997698746661595 6.762814629334869E-5 4.8652324760771055 0.7163112323417135 
4.977712948000924 1.008608037543328 1.0005526137211767 1.3000769109461872E-5 4.663545654055396 1.2938116980446388 
4.315013784492478 0.8175292346976248 1.0025828421911092 6.36821317891266E-6 1.0003087994421005 0.0017045069960884961 
4.48759685214703 0.86479343528278 1.0006127095862585 1.3386775670806391E-5 1.0001740830434194 0.00295294399678926 
4.271734106577236 0.7591151081043391 1.0003429396549883 2.4787884865042843E-6 1.0000006281522096 5.495066603456722E-4 
4.467161050967129 0.837156211005532 1.0023935511235105 3.7063883480082055E-6 1.0000003035736442 0.0186835214556433 
4.9564273410397846 1.017173350858755 1.0006071276704045 8.029660728884717E-4 4.645374422348904 1.2938116980446388 
4.743398671862336 0.9508269976373103 1.0024930283837812 3.1052963657384054E-5 1.000205275000028 0.11881243881271591 
4.545017163158843 0.8619253306365225 1.0020105145965275 6.0650393005816425E-5 1.000313606525101 0.0017045069960884961 
4.559636472525043 0.8627113186852954 1.0157607994730646 6.198391468417358E-5 1.0003990317631066 0.2022454458766943 
4.8904758048043036 1.010314848657953 1.0001221108165972 4.365381368387922E-6 1.0001074804699095 0.00448789942498673 
4.990877339744811 0.9989057258154798 1.0000569760523754 6.762814629334869E-5 4.8652324760771055 0.7338409682810885 
4.968109476782995 1.0076917534161498 1.0006058153759603 8.029660728884717E-4 4.645374422348904 1.2938116980446388 
4.510955907308334 0.8373318920883306 1.0003832228550253 7.026987146762011E-6 1.0000240759163448 0.0023490357459899427 
4.99883107648775 0.9998006880622166 1.0001768842522791 1.759307321217606E-5 1.0000248356357906 0.002650855364025928 
4.121218543484175 0.70728493365261 1.0003176308927337 1.1979166385060134E-4 1.0002947535196807 0.007443744923343968 
4.8523192005918165 1.0005800494037285 1.002397245466595 2.2231933830092027E-5 1.0000194765711978 0.004858933891952712 
4.6511767702814 0.9340019010572089 1.0002025332333562 2.618597558698803E-4 1.000004135507486 8.37791272216994E-5 
4.9868548136926325 1.0078512968635545 1.1671476130407488 3.14565365699287E-5 4.998544041309039 1.2795405192700988 
4.2691712722651785 0.7591151081043391 1.0003429396549883 2.4787884865042843E-6 1.0000006281522096 5.495066603456722E-4 
4.19007248389323 0.7573995223743046 1.0001827557464924 1.272946711818114E-5 1.0003112497500637 0.01809164617940917 
4.802362219328673 0.9696898684433048 1.0000757841506958 2.5402944027207023E-4 1.00001445382886 0.0031619219831390934 
4.340353565603755 0.79007868718566 1.0001187024693974 1.3149031931031382E-5 1.0000022850176307 0.0025538557571279027 
4.089180680377361 0.7060334105870811 1.0386092422296798 1.1561472960529786E-5 1.0000039547865138 0.0021690770357797456 
4.660945566773199 0.9361994554684433 1.001772153409181 7.805459154932708E-5 1.0000602992251924 0.0032698314202682134 
0.07716130938551347 1.922926721597432 1.1236674879303887 8.318989826514578E-6 1.0001335557614963 0.11597444105051796 
4.2396666138031796 0.7479592341010062 1.0240585180439785 1.643850484408675E-5 1.0000296331942533 0.005463042350649691 
4.98536305187736 1.008861051985467 1.0006176474779491 1.0168988648520352E-4 4.809931985119957 0.7382384857809128 
4.7946845396724616 0.9340019010572089 1.0002057376774323 2.618597558698803E-4 1.000004135507486 1.5312146556826708E-4 
4.7566295243246 1.000915172809188 1.002397245466595 2.2231933830092027E-5 1.0000194765711978 0.004858933891952712 
4.045197926535228 0.70728493365261 1.0000736230563914 1.6969222347779436E-5 1.000191382597316 0.0074640240732174006 
4.835549447184163 0.9651267068475635 1.000228289787159 4.4388787002276874E-5 1.0000203442237992 0.014905394341622908 
3.944876726238349 0.6565575016675937 1.000441706304273 3.6760717818937717E-7 1.0000254399308743 0.005481292457075965 
4.089180680377361 0.7060334105870811 1.0011047807155127 4.559717031433295E-6 1.0000092653993633 0.0021720705424261074 
4.183944216589164 0.757945165285376 1.000183079831927 1.6422129913925107E-5 1.000312182840231 0.025127938437385776 
4.2396666138031796 0.7480015715096874 1.0111714959323606 1.2700063136913307E-5 1.000029841837468 0.005457952057707697 
4.983821474103049 0.9969594428600155 1.0000044013002665 7.037463369993614E-6 4.809931985119957 0.7294586068029181 
4.5010584976062935 0.8345959634677007 1.0004107520899037 6.238550948319427E-7 1.00030320858326 0.0023490357459899427 
4.405382573567156 0.8206249580753149 1.0006334756583606 5.324112971930292E-6 1.0002599033847237 0.002000290351017154 
4.344296396029908 0.82066564966506 1.0018011434005651 3.907505160262298E-6 1.0000050155297358 0.06150704863642009 
4.9389428337568075 1.0077134822860312 1.0006058153759603 1.0856828625219173E-5 4.645374422348904 1.2938116980446388 
4.063034573605879 0.7205153366457147 1.0000549614766368 2.4827916167139677E-6 1.000191414162919 0.007993660911594019 
4.938553596562405 1.0005799588048105 1.040031581111679 2.0758762246017163E-5 1.0003990317631066 0.19569098825276515 
4.363514273924715 0.7934005638010905 1.0001345716046297 1.2678330080594547E-5 1.0001877847735254 0.018162596438882482 
4.939685937082578 1.0128469809046563 1.0000496063240163 3.610353778227074E-5 4.646533592460779 1.2938116980446388 
4.428154547529122 0.8208233156477288 1.0005935967810071 4.287250271633795E-5 1.0001713086831199 0.002829768206597041 
4.840358387206682 0.9671521450238534 1.0015293444036817 5.4673927631627785E-5 1.000019398677953 3.225123996302079E-4 
4.613823153105715 0.8748955598267351 1.0451071043876996 1.7619198190333953E-4 1.0000245154735474 0.024418171441836334 
3.944876726238349 0.6565575016675937 1.0239912309074088 7.804192827120274E-6 1.000020001403789 0.00538698393311517 
4.530009555222707 0.8531576649963232 1.0003452812117628 3.9161857053159645E-6 1.0000006843133935 0.002000639381725487 
4.454718345969161 0.8345959634677007 1.0004037709751676 6.238550948319427E-7 1.0002809772530143 0.14097341594377816 
4.613823153105715 0.8748955598267351 1.115861810551773 1.7676223276834763E-4 1.0000247672510263 0.00736368584137681 
4.633306390175873 0.9122894257195093 1.0243011908613038 3.6816953514345106E-6 1.0000584760015652 4.6318861629740353E-4 
4.9989745798290235 0.9999107097181483 1.8012641856741873 6.571412337653918E-5 4.978829210209648 0.08542602389049292 
4.819008328840896 0.9505640147386061 1.0024930283837812 3.0191118969478443E-5 1.0000119141240071 0.0019532498966085836 
4.16291536423826 0.77443063127614 1.0006508675766714 6.627552169974593E-5 1.0000023928655115 0.00675125064162266 
4.1328514664241105 0.7692767016116893 1.0002046902891795 8.030378178319312E-4 1.0000490892120932 0.006583158190911662 
4.819008328840896 0.9505640147386061 1.002485492576763 3.0191118969478443E-5 1.0000119141240071 0.0019532498966085836 
4.402296960575088 0.8206249580753149 1.0001833090334749 1.6497749298350446E-5 1.0000263180613145 0.0028249032118108667 
4.633306390175873 0.9124443727875733 1.005684433400999 3.6816953514345106E-6 1.0000584760015652 0.0018265992095288213 
4.16291536423826 0.7726897393572177 1.0002046902891795 7.947349253743047E-4 1.000002221610063 0.00675125064162266 
4.7556263736393305 0.9962880864800168 1.000666258905584 7.644519056057724E-6 1.0001987380762276 0.009071603308131055 
4.144848511485064 0.7692767016116893 1.0002046902891795 8.030378178319312E-4 1.000002221610063 0.00675125064162266 
4.530009555222707 0.8531576649963232 1.0003452812117628 4.4760375093058174E-7 1.0000006843133935 0.002338981419937412 
4.045197926535228 0.70728493365261 1.0003176308927337 1.6969222347779436E-5 1.000191382597316 0.007443744923343968 
4.063034573605879 0.7205153366457147 1.0000549614766368 1.2590833708798002E-5 1.000191382597316 0.007993660911594019 
