1.0071512240869673 0.9965553032545321 1.0018133793784614 2.877066900722835E-5 1.0000936490898502 0.001559358255492728 
4.995040784569789 0.9986416650759531 4.994854813281023 3.6557610590019927E-5 4.999985895460165 0.006212288078884753 
0.26179354953363143 1.7755003326115784 1.002013847584187 6.521849917599195E-5 1.000002258905944 0.03391238645253367 
0.8663101417516601 1.134341391143446 1.0434403505755578 0.0011719006820374404 1.000014754921689 0.08704418235167494 
0.0018359248692916656 1.9989566842313768 2.912478887343442 1.2005485336448339E-6 1.0000199773015486 0.2666138144385176 
4.9973673728776795 1.0021942015606484 2.9211992680912555 1.16949418065124E-4 1.0002273974828046 0.21175221894629254 
4.782479228725312 0.9635443805172049 1.0005790879039687 8.691466028829546E-6 1.0000627718277924 0.05161441684730027 
0.08398132236051976 1.9227192458926852 1.0002449638217763 1.9670234981511638E-5 1.0000044617694015 0.01939025130576929 
4.994739807694397 0.9989698103890217 2.6808562521340487 7.697431549687634E-5 1.000000475004254 0.014745295035605777 
4.994644197816196 0.9986544085120355 2.9850818318775247 0.006329191603097573 4.998973153901024 0.06920094030172409 
4.994739747276781 0.9989849192312158 2.0851386601533592 0.00555979430876772 4.99601803065457 0.021567706239997125 
4.994640963533835 0.9986812492219719 2.861153873233461 4.31804170306108E-5 4.9296827368024445 0.5935086464287951 
4.995024375743293 0.9988031648452768 3.961289191080688 6.201315956367334E-6 1.0000042418436021 0.007686236162342148 
4.995018635229412 0.9987593636493635 3.7108735057649405 6.290209626039233E-7 1.0000032596217467 0.13871286092813379 
4.994919690620647 0.9986823312946861 4.057032594680973 1.4312798220113333E-6 4.993975371981865 0.1367022311953755 
4.305619898023914 0.7829757710940747 1.0771177935996654 3.616843351060171E-7 1.0004134627969852 0.3520881982061598 
4.884822054403664 0.9937911838007334 1.0263247535623226 3.2331815721945146E-6 1.0000351253088438 0.038993114655156993 
4.99511998922545 0.9988867071889913 3.3137076180952603 3.471910312808047E-5 4.994303789894869 0.04453847187572357 
4.995070237917366 0.9986835139682303 1.5468176857617868 5.226003207443892E-4 4.996265942153697 0.11749955923386665 
4.995037550287427 0.9986850495630535 1.0381906609283478 3.638992203135546E-5 4.999621228737542 0.004672419487226432 
4.995833190829951 1.000521849154348 3.542708626931326 1.8195824415413899E-4 1.001116709877819 0.15456535932640175 
0.17468978522407186 1.830238507473559 1.006233948978085 6.555177479735915E-5 1.0431000691276602 0.4143730331569646 
4.343020937657614 0.7971660555478347 1.0049889413010396 3.267626954814129E-6 1.0000354328397671 0.008368107718494229 
4.995799082157535 0.9986794486022068 2.314090457182784 2.9414492050562198E-5 1.013650191515908 0.06827433501069866 
4.6795792353241366 0.8948728505794336 1.0000913568584688 2.7100194690033406E-4 1.0000080947792216 3.282619302239914E-4 
4.385324636462291 0.7980442943328867 1.0047824524345788 6.351163522914935E-5 1.0000725186803339 0.008772602153955995 
0.0018359248692916656 1.9989559785607256 1.448497281311469 2.4345899461322153E-5 1.0070905097611593 0.2150788858886829 
0.004768290964708433 1.9978883791105786 2.335937888121899 2.711983030197486E-4 1.0000080947792216 0.014937323611552797 
4.743047570391949 0.9635443805172049 1.0011859390431856 1.9586054857493932E-5 1.0004188228900488 0.10226474597017503 
4.1174261866984985 0.7194928319542652 1.0021275072238598 2.1841036675121056E-4 1.000086684663561 0.0013226596529518908 
4.648446664888828 0.8963756528159303 1.0094470559783089 1.2892327513531175E-4 1.0000196572066196 0.0019340721139885914 
4.852874317404228 0.9718805088638313 1.0144650397170518 5.0437521301263216E-5 1.000487013488738 0.004938885136170057 
4.5920844448223335 0.8668719714528146 1.0007087879922172 2.967555613774034E-5 1.0000944039697357 0.09380967879454874 
4.994737843629657 0.9986824178954478 4.51569776762882 3.727708284282757E-5 4.999733480398128 0.02925691277632441 
4.620697525456395 0.8744425797162199 1.0007690313575606 7.916080343971336E-4 1.0000131071304845 0.0051123438940671225 
4.994739807694397 0.9989698103890217 3.2983047632340043 1.1527582335687099E-4 1.000000475004254 0.020478519743792268 
0.042336318897501724 1.9643381647826534 1.0002912728431763 1.886676771894341E-5 1.000441963695408 0.0039029403137847904 
4.997377588780652 0.9996196549446357 1.1396786482321268 3.626105147216626E-6 1.0001853413344917 0.02113766154907959 
0.18848198423272944 1.811762386169742 1.0052280045848634 6.555177479735915E-5 1.000001009494916 0.03195296821870695 
4.918467587328531 0.9804800231706732 1.0124448758329105 1.1129798949753003E-5 1.0000439303273672 0.04538454392713477 
4.995155627245785 1.002229752459098 2.094248240903708 2.2347882395487004E-4 1.0000127207514 0.020049188219145475 
4.994701014822016 1.0044455024304038 4.835194630373849 9.945706619188464E-5 1.0048831789325572 0.05573490597376986 
0.0012179617265588583 1.9989629249366372 3.2739012252937894 3.653486766959644E-5 1.0002098216143012 0.07354990142164425 
4.8251982425983595 0.9637545403716045 1.0061960762811342 3.0455186397710586E-8 1.0004255304091867 0.04086000560771781 
4.995828627105625 0.9996196549446357 4.102703801018249 3.7980625403304785E-6 1.0001853413344917 0.02070623458901659 
0.0012403586580796988 2.0001706576093543 1.002067083447773 1.0863861364592091E-4 1.0003093109967878 0.01939025130576929 
4.256414027649466 0.9621622385711845 1.0257548692783505 5.0965067753742196E-5 1.0003199931064568 0.021255556123603563 
4.430985002255386 0.8200640136625927 1.0008158019423947 3.7161119598389317E-8 1.0007464477437331 0.04596086097907997 
0.001378011744880052 1.9988059446611712 2.6176685763931737 0.0015663452092678914 1.0000217912710931 0.15564910201688154 
0.8663101417516601 1.134341391143446 1.035909399980656 0.0011719006820374404 1.000014754921689 0.08704418235167494 
4.994664767465382 0.999104250530064 4.587354420914828 9.651408610065494E-8 1.0001118306375736 0.0012454057496627952 
4.710094375361868 0.9637484474215465 1.000786379234324 5.0437521301263216E-5 1.0000168226640784 0.009891956146563621 
4.2091592294819025 0.7520819740772574 1.065155626562347 4.8912120948056985E-6 1.0007759765917104 0.029529286044054984 
1.0071512240869673 0.9965553032545321 1.0028033258725166 2.2180491845248057E-5 1.0000936490898502 8.747658671452658E-4 
4.994739747276781 0.9989849192312158 2.4031756035683416 0.012960584173565805 4.996077603189445 0.021567706239997125 
4.994698980331726 0.9982724068442339 4.681427761005942 7.1106087569584484E-6 1.0004488306376906 0.03971112465654547 
4.995044680716542 0.9985540064115579 3.824778604399723 5.43058099426394E-6 4.994303789894869 0.2740238563343955 
4.994662201426098 0.9982644265569539 4.455003505470783 4.108604206385999E-7 4.937693178283518 0.37911861772839184 
4.549732590668425 0.8503116488955449 1.010894172283947 3.284888391103999E-7 1.0012584344021227 0.06772748570615966 
4.154024532243295 0.7559191208137009 1.0006958661398557 2.3608203673900318E-5 1.0000062036386075 4.882204890000047E-4 
0.0018359248692916656 1.9989566842313768 3.561005888181294 6.150418689272194E-4 1.0253198362795515 0.2092379401958324 
4.974503016484254 0.9949024933824753 1.0018138566131105 2.877066900722835E-5 1.0000993405474492 5.666921039170526E-4 
4.995013742206299 0.9986816590376479 4.678434023769974 2.165042472165881E-4 4.974654370080764 0.10692736251446258 
4.2509603390037825 0.8642928458110988 1.0103390453356973 9.309549629254207E-8 1.000325002834461 0.11927865033239328 
4.939203137884925 0.9929266804982114 1.0701663374221426 8.164338830339239E-6 1.002243199612933 0.02774767601017776 
4.079880353487664 0.7270620929420282 1.0175812839929808 1.8815856811140384E-5 1.0001114631182009 0.019061652901248564 
4.471717421088247 0.9984126856255293 1.0051888925631924 1.1527582335687099E-4 1.000000475004254 0.02056936379110071 
4.994739807694397 0.9989698103890217 3.3147532905400245 1.1527582335687099E-4 1.000000475004254 0.20078007071867626 
4.412185401814072 0.8200640136625927 1.000366732141371 3.1550698544043353E-4 1.0000412381613464 0.04572334992687413 
4.464657171454944 0.8462923284563513 1.000456133300827 2.971108622079392E-5 1.0001269139400253 0.11213390380031907 
0.26179354953363143 1.7755003326115784 1.0281682399269454 6.549857171077233E-5 1.000002258905944 0.03391238645253367 
4.561061902235241 0.8620856865214062 1.010894172283947 6.660946559055333E-8 1.001054917110871 0.06772748570615966 
4.994654372624365 0.9986850495630535 4.9852121897052974 3.638992203135546E-5 4.999621228737542 0.026575213782233098 
4.994662199121838 0.9986158016646671 4.752372020010054 2.974092878809721E-5 4.937693178283518 0.4647155114558039 
4.995805951741061 1.0005234673258778 4.257067026801617 3.9638962157287534E-5 1.0012694671005347 0.15456535932640175 
0.0016927868272829123 1.9988059492217494 1.970239847151017 2.9809498641466055E-6 1.000019461034457 0.12437886194452209 
4.509763803142299 0.8457080025575863 1.1246445021988882 1.3065811759502115E-4 1.0007951393312415 0.019417459461052812 
4.994662229340988 0.9994148453658223 4.831443937924864 3.244637761900187E-5 4.997244306357303 0.05000271283190172 
4.168394852951948 0.8575987382683833 1.0064777353784835 1.5321411411401748E-4 1.0000062036386075 0.009241746176298193 
4.509763803142299 0.8457080025575863 1.0007472477615802 1.3065811759502115E-4 1.0007951393312415 0.019417459461052812 
4.99511998922545 0.9988858979289733 4.208303535898208 6.120949210828254E-6 4.994303789894869 0.2132065576204445 
4.994662201096838 0.9986150498621118 4.752372020010054 2.974092878809721E-5 1.0863119688902116 0.46559531891682 
4.048860486446093 0.7270620929420282 1.0175812839929808 1.8815856811140384E-5 1.0001419024970102 0.019061652901248564 
0.001378011744880052 1.9988059446611712 2.5554159466322246 3.4211388397188897E-6 1.0001263840391046 0.15540850459175276 
4.994661278710114 0.9986754932341594 1.7486023669345783 2.2710830466100013E-4 1.00001874596043 1.4437399828404196E-4 
4.994661278710114 0.9986754932341594 1.692123805814079 2.2730466078041466E-4 1.00001874596043 1.4437399828404196E-4 
4.196187576660949 0.7520819740772574 1.065250510479668 1.9811452906605287E-4 1.0000075085947873 0.012771030631767624 
4.994739747276781 0.9989849192312158 2.4031756035683416 0.012960584173565805 4.996077603189445 0.021567706239997125 
4.994662201426098 0.9988133972449589 4.413851331097566 2.974092878809721E-5 1.0528475179713301 0.4736711804201242 
0.0016927868272829123 1.9988059492217494 1.982477468823443 2.9809498641466055E-6 1.0000199773015486 0.12437886194452209 
4.720740247015651 0.9983601377488632 1.0566970258728188 9.661948512989144E-6 1.0004903590466618 0.009874445482490408 
4.99511998922545 0.9988858979289733 3.443768463647067 3.598958705720353E-5 4.994303789894869 0.04453847187572357 
4.994661271151291 0.998820352396242 4.457527823938383 3.4763669609214125E-5 1.0541963986763758 0.26834339526306894 
4.974649021280644 0.9982724068442339 1.1563735642647104 7.1106087569584484E-6 1.0004488306376906 0.039965134810311734 
4.827237556941872 0.9996196549446357 1.0994376797574783 1.6974229747160298E-4 1.000415015234657 0.02113766154907959 
4.994701014822016 0.9994091351389577 4.831443937924864 1.0001469395524987E-4 4.996077603189445 0.055690019782317496 
0.001404329572023931 1.9989629249366372 3.4015028403133285 0.03358183585124084 1.0001215705066284 0.1390277383898989 
4.995828627105625 0.9988890721525066 4.205516061241145 3.6329428692978235E-6 1.0001853413344917 0.3348923579561549 
4.99511998922545 0.9988858979289733 3.666745496161007 6.2001977925251985E-6 4.994303789894869 0.2132065576204445 
4.99511938357713 0.998886747371507 3.666745496161007 5.180884040852495E-4 4.999785575247827 0.11849823376287438 
