4.992947950096556 0.9981753827651576 4.166863750938893 2.262054696952967E-6 1.000018987276792 0.019460128507209934 
0.8662873758365848 1.135681976796196 1.000303427747319 3.2857780985416604E-5 1.0000155267976953 0.001475274799332911 
0.8662873758365848 1.135681976796196 1.000303427747319 3.2857780985416604E-5 1.0000155267976953 0.001475274799332911 
0.6837723916680711 1.3659070803810334 1.0020879503232472 4.176926163770023E-4 1.0002717051759276 0.07341455841163612 
0.46838873573997275 1.586871142233552 1.00102423672117 2.4735221165530103E-6 1.0000238386238638 1.263846908068217E-4 
0.2547331038406684 1.7463571896823271 1.0001212333583405 2.3655306039104845E-5 1.000007581576896 0.025509230073780184 
0.40804470116297153 1.5930880769413884 1.0798979839209935 2.156920009268987E-4 1.0003774954414608 0.03301886434606359 
4.839886035990821 0.965339555157699 1.0015867737319926 3.5029360710028476E-5 1.0000234839228976 0.003509804502167327 
4.354927867130034 0.9429806996721205 1.0008315760975977 4.8610122458305395E-6 1.0076393315758778 0.07571839475724995 
4.998933089197767 1.000882220710399 1.0815935132818004 5.271916250435601E-6 1.000045915352096 0.010620288987368262 
4.9980239137752305 0.9997756329930694 1.8210003531105863 1.5273122602373914E-4 1.0000375113908497 0.024469076813889615 
4.80250606389696 0.94310434064234 1.0007833062552087 1.2851506421754107E-5 1.0001097036066304 0.05733319454737168 
4.2506200442471584 0.8227279505178774 1.0074929448308172 7.510819297521388E-6 1.0000318728985118 0.008881988009816868 
4.079016548760293 0.7182579645550092 1.0010487520892868 4.2826605479887405E-6 1.000042699510637 0.02179411107226296 
4.405427637211485 0.8190207570390059 1.0172860118273181 1.994682175597547E-6 1.0000218218930172 0.09117468371911822 
4.67807100392302 0.8979812617391608 1.0080784568723584 4.3120781824506415E-6 1.0006758640679418 0.009733844223040744 
4.870813173901222 1.0006933032934375 1.0006409665369298 1.992857140680238E-6 1.0001492933066782 0.002670625807301062 
4.743117888293636 0.9486408049839016 1.0652219149199336 2.5870499033701824E-6 1.0159977383355074 0.0760270959911675 
0.21519785711490275 1.806777095145448 1.0511415472625207 1.2744568920946943E-4 1.0000063523460112 0.006787613032717271 
4.587256578579995 0.8720554345818026 1.0006258945724753 2.017887365851278E-6 1.000353550519441 0.0026498200525234394 
4.998173327598331 0.9994252800997336 2.760206967473201 1.2434984425757113E-4 1.0011696007958741 0.005756566734868963 
2.8806330481327805E-4 1.9998231378334101 3.5282793227525397 6.715260589169993E-4 1.000088647253854 0.055059460451193275 
4.997759895702719 0.9995094357521506 2.1305418007182246 6.051660259929429E-5 1.0000114525381378 0.0018653097102217953 
4.330543903212653 0.7856737510475765 1.007548729798276 6.677425412094286E-4 1.000014173142453 0.0016934775453454035 
4.116918847240557 0.7216216553213469 1.0002421438056501 9.244883588697744E-5 1.0001055758922355 0.022723812503520773 
4.635928164275854 0.8868278177816645 1.0197924184107585 2.218719785052448E-6 1.0000215990049268 0.09759754444586656 
4.99817493448811 0.9995114089679903 2.534170473671406 0.010742012015355129 1.0300775195884204 0.14118906941824483 
3.1871545924010765E-4 1.999808311206466 1.5385587264345273 8.997555075205775E-5 1.0004083804361195 0.04834364902857133 
4.9977559541210566 0.9994982242416551 3.5548207888505186 1.2805560241758133E-4 1.0000242448543926 0.5522938267138409 
4.9983315990716095 1.0007916727925124 3.0567557271712364 3.921224201512161E-5 1.0000443999150503 0.014814616609051229 
4.20264784398826 0.8205022570966536 1.1368806243669143 1.62806816518577E-5 1.000327388763024 0.02255176169808125 
4.623751074947649 0.8870735002411031 1.0192928562031407 3.6620194942414816E-5 1.0002465442684936 0.0025429505257099777 
2.7402118538647304E-4 1.999813295291156 2.492431116378826 1.7430061827806032E-5 1.0000621373526122 0.01624023633183462 
2.853741634763244E-4 1.999812954542709 2.202346069089594 4.4601414070352525E-6 1.0048438153893506 0.09117468371911822 
4.99818815840306 0.999493288576122 3.871180148765968 1.144503155089873E-5 1.0003638308286946 0.0644625522794091 
5.745660173351214E-4 1.9998246945944989 2.764303061426499 2.351721706432753E-6 1.0000077493821735 0.016426231727139338 
2.853759591984831E-4 1.9998128166458842 1.2324971689842008 2.6556421813500017E-5 1.000269658337785 0.2884270097313274 
4.993120293198116 0.9992139395978861 3.7265423250592566 1.5685175307845415E-4 1.000662695040693 0.03554665647587442 
4.99817493448811 0.9995114089679903 4.002765516466571 3.040169906529137E-4 1.001408755233556 0.0159276667616412 
4.696462130052531 0.9141984231230473 1.0006409665369298 9.432088134648752E-5 1.0003069526128914 0.11612543419779076 
2.1816287693691722E-4 1.9998070306366134 3.378031817456872 6.40806706242325E-4 1.0000678962662162 0.003903103824854145 
2.3266577769499343E-4 1.9998143590887696 3.6773644352106274 0.00406776329741486 1.0001679718804004 0.01544405812664016 
4.515662711311955 0.8532650885143847 1.0014245068361491 7.312899130382852E-5 1.0000378762811328 0.0027481831755081744 
4.998173327598331 0.9994252800997336 2.275153540549911 1.2434984425757113E-4 1.0011696007958741 0.005756566734868963 
4.99817493448811 0.999516557023352 3.4213580138080473 9.637102526552446E-5 1.0000082198530198 6.908132968056896E-4 
4.972209999609662 1.000882220710399 1.0815935132818004 0.06544143725584316 1.0000077439304926 0.010620288987368262 
4.172781187117847 0.7295039926103946 1.0033231465994918 4.949034686669933E-5 1.0000320628866775 0.07631881399117547 
2.0425174437805813E-4 1.9998243972667293 3.2502542278741053 1.071271204537449E-4 1.0000620526589754 0.04984549436182624 
4.9977559541210566 0.9994982242416551 3.7438191724961047 8.748487687780925E-7 1.0000178029209523 0.5938867659883318 
4.45078868562016 0.831975856772093 1.003504087721972 7.73705363125048E-5 1.0004600083028303 0.10052816859378029 
4.997141906888433 0.9995986793677166 3.2099997697471387 3.921224201512161E-5 1.0001508547797862 0.014975555483636983 
4.998173327598331 1.0007595452876572 2.4300449251582 0.0033999155950764637 1.0011696007958741 0.005888918415679084 
4.557425533596043 0.8534883723798674 1.0006860813519078 3.458887932926782E-5 1.0001279721658796 0.008911697893342676 
0.05728287512283777 1.9436871224077252 1.0004262672063922 3.416748194018223E-5 1.000072971384987 0.0013670836263798341 
0.7808270659538472 1.221087276981712 1.059412589233746 2.1535665115271843E-4 1.0000241040616054 1.8505206123714969E-4 
4.99817493448811 0.999516557023352 3.4746256226832735 1.842477611971396E-5 1.0000082198530198 6.908132968056896E-4 
4.9980239137752305 0.9997756329930694 1.835320640407263 1.5273122602373914E-4 1.000045241105631 0.07698188766563627 
2.1816287693691722E-4 1.9998070306366134 2.374344478689992 2.1108309646076834E-5 1.0000619942328457 0.12809694126476623 
4.181423361541559 0.9996119154603097 1.0008315760975977 7.94041483566355E-6 1.0153378481104922 0.09933180722441225 
4.486650094153285 0.9413853184316724 1.0008478863750472 0.001090717188205902 1.0010125370087444 0.0759184514174665 
4.932555332799607 0.9994934393784531 1.026147790003568 1.1671872147221264E-5 1.0001694132654324 0.03138122361976323 
4.921385909643291 0.9996119154603097 1.0008315760975977 4.734810230569214E-6 1.0076775956959199 0.07571839475724995 
2.8230937949547986E-4 1.9998143590887696 3.6286682680179307 1.979574266308898E-5 1.0001679718804004 0.041404679459651844 
0.1146284977656078 1.8863334597634438 1.0010068052776557 9.645982323444016E-6 1.0000491497704727 0.00693178481374207 
4.998159255970051 0.9994982242416551 2.938629351218945 1.0178663842836668E-5 1.0002390889934196 0.06375294864151614 
2.8530665794538907E-4 1.9998226342380971 3.088443718839569 1.9596793961034023E-5 1.0000282275949066 0.08903369834764459 
4.99817493448811 0.9995114089679903 3.9483102479417775 3.040169906529137E-4 1.001408755233556 0.46791585052192375 
4.893400769356947 0.9651296251197228 1.0015867737319926 3.542445189565572E-5 1.0003578401967712 0.33218241500309253 
4.778653345782013 0.9429806996721205 1.0008315760975977 1.2151165974484808E-5 1.0156318231880739 0.07571839475724995 
2.8530730260796044E-4 1.9998226342380971 3.128100470861751 2.4355178537830116E-5 1.0000362009787716 0.016442345396890753 
4.9977559541210566 0.9994982242416551 1.001960277640026 2.1680330133844406E-4 1.0000178029209523 0.031818785871941695 
4.998164855284213 1.0009420668819449 2.877887425388018 9.643659582632553E-6 1.0002717216034698 0.03184841280801641 
0.1539695726304635 1.8500154412353513 1.0053300214692502 9.282757631760282E-5 1.000267200875117 0.007799395149840918 
4.998164855284213 0.9994982242416551 3.27564876576525 1.1164036260831032E-5 1.0000178029209523 0.03184841280801641 
0.05707870779943529 1.9436871224077252 1.0069749883112822 4.454598472973703E-6 1.0002893795600567 0.3468637289872194 
7.683780359406206E-4 2.0007017617159275 2.9540059111430574 2.3591219272471015E-5 1.0000368950491614 3.5410511587925797E-4 
0.7808270659538472 1.2224215421696354 1.0057633719705124 3.9280571769704435E-4 1.0000241040616054 2.8436681621556853E-4 
2.835168586381751E-4 1.9998141859786815 1.8210803331480614 6.828935077802861E-5 1.0002705311682578 0.2441532424034954 
4.286317240528231 0.7856737510475765 1.007548729798276 6.677425412094286E-4 1.0000019831413762 0.009024988160698043 
0.0021728070929517562 1.999808311206466 2.933838805736009 1.4598220525559935E-5 1.0000678599625101 0.0037250202731850743 
4.562395880343481 0.9598176277265387 1.007548729798276 1.055952623277015E-4 1.000008455481094 0.009024988160698043 
4.901092957218128 0.9996119154603097 1.0008315760975977 7.94041483566355E-6 1.00026556768758 0.09933180722441225 
0.8662873758365848 1.135186257361639 1.0149046875776582 6.097878411465569E-7 1.0149287821046216 0.11936459780979108 
0.40804470116297153 1.5930880769413884 1.033960665078381 2.2116867584159386E-4 1.0003774954414608 0.2005619831678544 
4.716743914767885 1.0030501897633017 1.03418024252731 2.923265155631066E-6 1.0000377336600057 0.0013974620364108417 
0.46838873573997275 1.5869391283677654 1.0171817937881757 1.4708067929003658E-5 1.0000236355163035 0.086895488190345 
4.295888337021512 0.8362875741580331 1.03418024252731 2.923265155631066E-6 1.0000377336600057 0.0015294208130534146 
0.2547331038406684 1.7463571896823271 1.000311196539286 2.3655306039104845E-5 1.000007581576896 0.10458590154230296 
0.010224382554482325 1.9904994023293858 1.000623805165255 8.986521448690215E-5 1.0000756698493933 0.0013651336238207725 
2.853066553396688E-4 1.9998226342380971 3.3273149761283354 1.9596793961034023E-5 1.0000282013666257 0.09005682164541468 
0.1146284977656078 1.8863334597634438 1.0010068052776557 9.645982323444016E-6 1.0000491497704727 0.00693178481374207 
4.716743914767885 1.0030501897633017 1.0171925361698126 2.923265155631066E-6 1.0000377336600057 0.0015275426504674262 
5.745660173351214E-4 1.999824361704254 2.0266502646580093 3.9896697515422386E-5 1.0000077493821735 1.2064836869467169E-4 
4.512261413071214 0.8532632980639291 1.0014258409812373 7.312899130382852E-5 1.0001385088608195 0.0027796099709460377 
4.778653345782013 0.9429806996721205 1.0008315760975977 1.2151165974484808E-5 1.0156318231880739 0.07571839475724995 
0.009728478016574421 1.9904994023293858 1.0013330947659957 9.006281687071184E-5 1.0000756698493933 0.10251546936504323 
0.1539695726304635 1.8500154412353513 1.0054079851688054 9.158585312613412E-5 1.000294085483668 0.0072466551976363425 
4.14257751545943 0.7856737510475765 1.005616060853305 6.677425412094286E-4 1.0000103384649341 0.008953888605594935 
4.427279581663561 0.8529233286385105 1.002081868909205 7.312899130382852E-5 1.0001385088608195 0.022124046602033383 
4.14257751545943 0.7856737510475765 1.005616060853305 6.677425412094286E-4 1.0000070851033422 0.0014650134852540737 
