0.7317905234075041 1.2687311725885198 1.00013766676402 3.8606307742695383E-7 1.0000036366528127 0.02623272432623587 
4.998875342684254 1.000539081867346 1.0213490737994 7.830197769991326E-7 1.000012614567318 0.01074552563211608 
3.9868177823987048 0.6672712311905916 1.0003093340795035 7.468403918507135E-6 1.0000348501771594 0.024965350386984143 
0.0014297950877069643 2.001005450015877 1.2254810092985968 3.664097506100157E-5 1.0000490759135623 0.018788129477521412 
0.17258805710437072 1.8754823693517035 1.000067418931299 8.084087903941832E-6 1.0001263159427394 7.046254266393926E-4 
0.3659705090917183 1.634164435673939 1.0004990481552436 8.269223120745343E-6 1.001203038662218 0.025386531891153696 
0.5742775416043808 1.4260727371644148 1.1341742903528083 5.739280371909629E-7 1.0000221359517296 0.13311316802199302 
0.3659705090917183 1.634164435673939 1.2050973376963394 8.269223120745343E-6 1.0012934389569876 0.008619260942751453 
4.043665251548155 0.6867920929424713 1.0000569893758613 6.579649232299627E-8 1.0000005604145643 0.0035841383440292935 
0.5771545573237107 1.4245808621347673 1.0000017170913367 1.897319709238988E-8 1.0000049309706804 0.0035780061693469973 
0.6569235389958783 1.3454095853210852 1.0213535613347922 7.49766236377952E-7 1.0002302179950027 0.005270264913985462 
0.11941188778554013 1.886002745313597 1.0000673451675168 2.1617669438747015E-6 1.0000069313824782 0.16542724051683672 
0.09190097054279223 1.910855452517184 1.0015557768013605 1.3058866314553088E-7 1.0001946186218964 0.0022735878689876515 
4.831797566098144 0.9624600069461473 1.0003663264445966 1.3411780069397648E-5 1.0000025393009682 7.030965846429819E-4 
0.05436351909685544 1.9675306342017596 1.000075626910556 8.85486813674552E-7 1.000076553376243 0.02410734882524798 
4.06981561586423 0.7069602904763237 1.0018871967633012 1.8658142643245138E-8 1.0000065207246573 0.0019079576587379176 
4.624033167208035 0.8784710850442969 1.0022892559463359 2.1658075899144375E-8 1.0000046756051388 0.003977164714713046 
4.810905422285276 0.9419221131220338 1.0000658373246332 6.032440814648641E-8 1.0001300012765986 0.0218644088534461 
4.106208158884893 0.7392623661021777 1.000688737225182 1.3948879794428416E-6 1.000021700305372 0.006728605931686633 
4.892802077187841 0.9654312104684926 1.000734284996521 7.836508906129713E-6 1.0002406671277342 0.004922214524984972 
4.2943927196402285 0.7652132122663459 1.0000127263045406 6.154721821842542E-7 1.0001237465961843 0.005665146840015241 
4.95682189518853 1.0012542028189773 1.0219782484193338 1.3553446838824372E-6 1.0001560182567126 0.006672531889832695 
4.558279738950756 0.8635399640955287 1.0000277185699558 2.0905309819416975E-7 1.0001253283233962 0.025743775860831618 
4.944813221414432 0.9914598407335062 1.0008425052150425 1.2636122293658147E-6 1.0000049064139507 0.02525817478739201 
4.015332107544633 0.6992608292418097 1.000161613328417 1.7744312596877724E-8 1.000034124605144 6.822217045084646E-4 
4.929819727680259 0.9840725103382353 1.0087928729384674 7.300537962844889E-6 1.0000297515228145 0.0017880235066817934 
4.5389799246676406 0.8500613153468273 1.0003375593502146 9.267245933764136E-7 1.0001209127780397 0.0011334012131667015 
4.171640436139355 0.7295276773262978 1.0000028557529477 6.389706636655366E-7 1.000023185450432 2.3681475646909755E-4 
4.469727101455927 0.8244479557579114 1.0000986726745742 1.371634850983721E-7 1.0000104426251404 0.0036426357275815167 
4.649256595480096 0.8965134337217759 1.0000000950835237 2.619040296964914E-7 1.000003974803435 0.0024626669211862545 
4.512713725845524 0.8493650863575396 1.000037418325619 4.825319849511638E-6 1.0000033826621084 2.4243889900622123E-5 
4.694121423252651 0.9118822691374298 1.001895084812741 1.8212782838470073E-7 1.0000065207246573 0.0019079576587379176 
4.671982527359481 0.8968429440664147 1.0000422510249414 2.575020958043316E-6 1.0000077863891648 0.026954975930146258 
4.426182408786979 0.8119582730872684 1.0019114736908947 8.87627922267914E-8 1.0000100815380348 0.074167973874575 
4.578248571173445 0.879193029691904 1.0006950513945956 7.328524109276979E-8 1.0000285803886615 0.0036837734224541476 
0.6868687385101873 1.3161648202090352 1.0004543226758682 2.2473330798920225E-7 1.000004041150448 7.444893658638423E-4 
4.860542102166118 0.9767013269883467 1.0013977872229287 5.720756951517747E-9 1.000026914433276 0.028189631998892684 
4.708572704799451 1.0008491926918068 1.0218900500827457 6.521092140863973E-7 1.0001568348643943 0.021312566554709044 
0.029933042428019974 1.9865759153342157 1.0006950513945956 7.648684013257775E-8 1.000647235204868 0.025145528291364096 
4.77942638966837 1.002526782728846 1.0000505708655034 5.346468885564149E-9 1.000006535806128 0.006606681004143184 
4.218312978672731 0.751140018320358 1.000687813019679 2.4584111559240172E-8 1.0000225531882863 0.006840205213804034 
4.4400957588574235 0.8717876792917557 1.0056116065896756 7.359536899584743E-6 1.0000062346962937 0.00364760628873065 
4.270596816879123 0.7618795432116758 1.000097947108251 1.3552867831756712E-7 1.0000054742783044 0.0035753446174626446 
4.496676636205889 0.8732523525670275 1.0000137850750759 1.345515867490392E-6 1.0000255530949576 0.03233702495544952 
4.9168569460707525 0.9854187176047801 1.0001031699110132 1.7639693775804646E-6 1.0000088980613913 5.89817823775195E-4 
4.527331344428606 0.8502265217016639 1.000075626910556 9.19064891864862E-7 1.000076553376243 0.0016758350252307397 
4.340468189451792 0.790334427289283 1.0998963622332762 1.3486485190879754E-6 1.0001555993788338 0.0010913819916144466 
4.449776783759673 0.8698258803668794 1.0000933104941185 2.1617669438747015E-6 1.0000069313824782 0.16542724051683672 
4.249429633024366 0.8254187697846026 1.0000822533440055 6.151164869730179E-8 1.0005210114463996 0.03926420113062195 
4.755645420045186 0.9239067514483812 1.010536596417914 1.396945853381808E-6 1.0001210862346215 0.0010686406190978208 
4.156227544838286 0.7718874792561926 1.0004897222245248 2.691939912109936E-6 1.000001313539615 7.615344315011763E-4 
4.7459630406534075 0.9252360247062501 1.000086826456492 1.396945853381808E-6 1.0000634074529426 0.0323101578533772 
4.142937968010397 0.715838860155093 1.009900822976996 2.315425655447758E-7 1.0000001446764732 0.033317158213643165 
4.678473250796827 0.9100505955889382 1.0000503638297225 2.0546038903772015E-8 1.000007926406457 4.8092587892895945E-5 
0.0014297950877069643 2.001005450015877 1.0167035710916597 8.329111426869543E-6 1.0015240452575658 0.05449395266451857 
4.413111688821663 0.8438350471752489 1.0000286749055953 8.822175591661389E-8 1.0001209127780397 0.0010522219729804524 
4.612080226912676 0.8956394813022213 1.0000006947170281 2.6369961392045147E-7 1.0000048972492563 0.0024626669211862545 
4.651321404327351 0.8977986008777331 1.0004223619211843 2.1409989814167863E-6 1.0001568348643943 0.021312566554709044 
4.598246178153052 0.8748718335120029 1.0003337939527959 4.749319800559753E-6 1.0000649752703714 0.0010180685411252405 
4.706089182491642 0.9098244409974277 1.0003670488769527 2.830179166685113E-7 1.0000079196767657 0.0015294200859339354 
4.20091575145825 0.7433502821989793 1.0001632448035067 2.1039474672551123E-7 1.0000056752414321 0.07468472000126489 
4.877157410042445 0.9621159639627672 1.0022615417064336 1.7822071050198866E-5 1.000140074353189 0.005543885220401175 
4.5674563144028735 0.9240961609995925 1.0070111877944952 4.626946652859905E-6 1.0000071352977662 0.03269450644840981 
4.237008802564194 0.7712798877005578 1.0004684510653006 2.691939912109936E-6 1.0000039185494383 7.615344315011763E-4 
4.191415581857682 0.7433502821989793 1.0001622978244296 8.798946350473502E-8 1.000004913030833 0.07468472000126489 
4.985644149222854 1.001518844318759 1.00008449253198 2.2244286928847613E-7 1.0000004429729439 0.021625270918047106 
4.367667164552969 0.8039399674812677 1.0000355404081986 2.099948601997577E-6 1.0000069899336614 0.0017427713267931149 
4.731278836074442 0.918840497138182 1.0012518039596154 1.3041992174333763E-5 1.0000119097936764 0.006216551215200573 
4.846004849479652 0.9767013269883467 1.000051286657646 5.720756951517747E-9 1.0000000982538761 0.17654324197486582 
4.797363534547412 0.9594348627123127 1.0001031699110132 1.7639693775804646E-6 1.0000077500101507 7.65557515630355E-4 
0.0014297950877069643 2.001005450015877 1.2254810092985968 3.715514324956024E-5 1.0000306213423822 0.019676324034616725 
0.3659705090917183 1.6367985035557822 1.1826416916736904 3.930656579174943E-6 1.0012126634009795 0.009123759796865517 
4.230559482431025 0.7553998390022971 1.000000674877066 2.6424645016656167E-6 1.0000063566744832 0.0011386194928899628 
4.973631209557829 1.002526782728846 1.0000090471069556 5.6898446435157156E-8 1.0000055403959591 1.8780552873911985E-4 
4.873951862486577 0.9599817461852007 1.001867854845478 1.804229055677975E-5 1.0000986091027957 0.004659682978931496 
4.307887679210685 0.7730373879148487 1.0000011849205965 8.865940252444744E-8 1.0001283132346794 0.01607652047312161 
4.4790732142393885 0.8943837386844282 1.0010195323492046 8.128117470604778E-8 1.0000036636757714 0.07660044638017809 
4.130294740597511 0.7286210661341882 1.0000211849253053 8.695732421971935E-8 1.0001107949827326 0.022257760877265068 
4.907285362214069 0.9805975274704629 1.0007532246831827 1.794010487109935E-5 1.000029560018035 0.0016092748626271819 
4.0873851272508475 0.7286210661341882 1.0005127418650717 1.1461580637996484E-6 1.0000855910499797 0.004164210073349087 
0.7317905234075041 1.268934076963658 1.0262981936789914 4.332538753656974E-7 1.0000350144568773 0.03185484426959947 
4.792191972400116 0.9620566180469691 1.0022615417064336 5.324524390476129E-8 1.00013972551369 0.03313453681548592 
4.08887603820056 0.7308428027971955 1.0010097407763006 2.594753955526186E-6 1.00000764070337 0.02121079602139808 
4.324434335261542 0.7945058055303934 1.0000295359816394 2.1617669438747015E-6 1.0000047855720076 7.640730847783069E-4 
4.733393276695478 0.918840497138182 1.0012518039596154 1.3088972019452718E-5 1.0001465600336827 0.005938148330543835 
4.768961917150596 0.9239067514483812 1.0103609402401732 4.195106230281874E-8 1.0001224689332513 6.421733854531014E-4 
4.265438724209321 0.7618795432116758 1.0015384318639058 1.3552867831756712E-7 1.0000054742783044 0.0035753446174626446 
4.482504190478337 0.8500613153468273 1.0434959397165011 9.267245933764136E-7 1.0001209127780397 0.0010522219729804524 
4.6013953253637245 0.8717893266209343 1.0003411962883315 4.848917289022236E-6 1.0002406671277342 0.004932937361487928 
4.847082694890666 0.9767013269883467 1.0014071620020053 5.720756951517747E-9 1.0000000982538761 0.17654324197486582 
4.337989437242065 0.790334427289283 1.0086411363088992 1.3486485190879754E-6 1.0001555993788338 0.02534541318290739 
3.98816664172094 0.6706916263618314 1.0000276543299818 2.255597406836616E-6 1.0000069313824782 0.018454071242369932 
4.0041431277996775 0.6770454145500009 1.0003115304390091 9.632543931836505E-8 1.000009399771983 0.0025553256783604292 
4.768592301469712 0.9241967070842855 1.0103609402401732 2.210010643523544E-7 1.0001224689332513 6.421733854531014E-4 
4.130294740597511 0.7286210661341882 1.0000211849253053 8.695732421971935E-8 1.0001107949827326 0.022257760877265068 
4.378157004320565 0.806382874842671 1.0075017132382151 4.257586694508139E-8 1.0000071282843392 0.028463131395831905 
4.973631209557829 1.002526782728846 1.0008462510752092 5.6898446435157156E-8 1.0000001966707563 1.8780552873911985E-4 
4.324434335261542 0.7945058055303934 1.0000355404081986 2.1617669438747015E-6 1.0000069313824782 7.640730847783069E-4 
0.008529835260442264 1.9964971421264965 1.0006950513945956 3.791943237391514E-8 1.0000285803886615 0.026098676294846256 
4.389100059226127 0.8221490207201366 1.0006818815601082 2.6046199163790365E-8 1.000008644090796 0.006802563932496439 
