1.0367665219803386 0.96642199217966 1.0000087028796507 2.1121844911951394E-5 1.0000601049131217 0.010893090567761683 
1.0367665219803386 0.96642199217966 1.0000087028796507 2.1121844911951394E-5 1.0000601049131217 0.010893090567761683 
4.994117036762071 0.9994287918919277 3.0993488342267805 6.826508318423898E-6 4.918786496498294 0.6906342614523877 
4.994117036762071 0.9994287918919277 3.0993488342267805 6.826508318423898E-6 4.918786496498294 0.6906342614523877 
4.998146347472964 1.0010764859812442 3.3119043071507854 5.438083112872243E-4 1.1244902827206529 0.5808908145344172 
3.975629460784288 0.6617213164709168 1.001552998589548 2.7868075432253634E-6 1.0002516218181083 0.20749579227942244 
4.955592808063193 0.9964390225613508 1.0000830512325947 2.495103492144784E-5 4.837770822380336 0.6566507477148139 
0.006541558924247903 1.9944474274002681 1.004006176850034 3.544730544074736E-5 1.0000095561464102 0.07932724670714862 
0.6128165169565473 1.3880732894602623 1.0000004530440614 3.9525277953848697E-7 1.0000000963701727 0.0012888245635351504 
1.0042390836827442 1.000935215326096 1.0003066973696686 8.425775868916378E-5 1.000191676272171 0.038255371420915965 
0.3596327769009585 1.6433464757046172 1.0000951518550703 1.9331564272480773E-5 1.0000014549837712 0.0010425805896288887 
0.6128165169565473 1.3880732894602623 1.1765987257448092 3.1128896453142517E-9 1.0000001458746277 0.009223512712053197 
0.13876058154960616 1.8706869657584377 1.0002696920979068 4.056401618377915E-6 1.0000641133793586 0.0011347158256105258 
4.991285667045801 0.9994287918919277 3.0993488342267805 3.796882606385382E-6 1.0375033969269154 0.6906342614523877 
0.2552405076328039 1.8000770290389014 1.0002639238480509 3.580901849941259E-5 1.0003319323127278 0.0027642913121420603 
4.996813666087909 1.002483307795013 2.7871556354805356 5.316726327628917E-5 1.004635412529794 0.24845019691967585 
4.995867609637112 0.9991643576801108 2.6443341210996896 1.0253054863107782E-5 4.957055521457692 0.35240897250920156 
4.328629702101141 0.7992417196332489 1.0006537975329868 6.060231387380372E-7 1.00027793593188 0.002389791797023347 
4.413713403110197 0.8727335926780613 1.0016471916660403 4.6202122007756406E-7 1.0000032515971202 0.017534421750494952 
4.996813666087909 1.002134122935933 2.4028102080466667 5.069342114794303E-5 1.004635412529794 0.5771748305363965 
4.996930733918992 0.9992333361816117 2.0559504701882667 5.583187481945578E-5 4.85174341399744 0.5842191718662528 
4.99696246598126 0.9994265581737112 2.145142385044964 7.809857134313584E-6 4.966425003820116 0.3070558674643069 
4.997376457139599 0.9994293412867604 1.0689720460295788 4.743697201472284E-6 4.966425003820116 0.3070558674643069 
0.2935549019635857 1.7177519666683283 1.00018580738606 6.9191958506763E-7 1.0002362655838017 0.02323187321771247 
4.379478737520509 0.7950511468337744 1.00091597355551 0.00120952475538749 1.0002728467168196 0.007724840273501159 
4.8956661664597725 0.9815804651153589 1.0001900693314474 2.0045957986453957E-5 1.0001430570471352 0.007050143381626912 
4.9973504155243536 1.0009135883096003 2.1594000594018863 4.6202122007756406E-7 1.0000844965212288 0.017534421750494952 
4.544710881052875 0.8737608706823933 1.0002545425301475 9.760325727413054E-6 1.000060019287882 0.0070640860940976245 
4.998146347472964 1.0010764859812442 3.154996879746908 5.438083112872243E-4 1.1244902827206529 0.5808908145344172 
4.440199673001098 0.8628046586231933 1.0001786566495712 1.9508268667597694E-5 1.0000061962742384 0.09614474759179803 
4.1066997252316515 0.7242002905031152 1.000419057775931 3.5211255283083815E-5 1.000006434780482 0.007056392830016866 
4.975628600194319 0.9974250626066044 1.001671885817566 3.636425540157677E-4 4.837770822380336 0.6566507477148139 
4.207087465329188 0.7494120629710537 1.0002761631796075 7.078604983792029E-6 1.0000713760815683 0.018089124491710247 
4.514192407224792 0.8408283810957605 1.0001150539068615 1.17365028591171E-6 1.0000010340659662 0.006997251085169274 
4.264758233772862 0.7760843024607823 1.0105980722515726 9.453842549291174E-7 1.0003137390131795 0.0027642913121420603 
4.997455410208076 0.9994374994744342 2.356254076311401 6.4636745188614526E-6 4.954523830806561 0.5777355644266637 
4.8322299529319634 0.9522282683004547 1.0030218743205859 2.3596408115921296E-8 1.0000454274134467 0.14731429822345032 
4.580938276190687 0.8641759803168602 1.0006285055612851 1.210625345405559E-5 1.0001183646434566 0.07550359558183058 
4.651446865408619 0.9033019537985486 1.0000070797011 5.508853062048832E-7 1.0002684577575893 0.009627415741631168 
4.995869799996857 1.000620561559427 2.071434971736851 9.25033944403412E-6 1.0002944279291575 0.18474662876104575 
4.975526059103189 0.9963757429815249 1.0000090988814425 1.0996528975544453E-7 1.0000610423428025 0.0026121714956749303 
4.784166747583115 0.9481261651005338 1.0001919407311972 8.230103466396165E-5 1.0001430570471352 0.007050143381626912 
4.071399412329363 0.6916304147021823 1.0002791095509882 1.9987293438892412E-4 1.0000138970979866 0.002898429800073955 
0.0395124613985846 1.9732572923939082 1.0000018998509446 3.760015159583221E-6 1.00002213461796 0.0062736031070108715 
4.710755877310797 0.9457989814689416 1.0344426566583556 4.17960802267812E-5 1.0004411921766785 0.03397517582440536 
0.09776214847198661 1.907178293218305 1.0262158862948594 2.1868784589405677E-5 1.0000852471017694 0.005502086064193367 
0.3388935657334966 1.6646076278701498 1.0003283244568508 3.5811071965595795E-5 1.000281412560682 0.3206056471305089 
4.464223940690722 0.8407077241086236 1.0000817614834365 1.6804759467563488E-6 1.0001164806658318 0.0032122938103650925 
4.996930733918992 0.9992333361816117 2.075988909092286 5.5818214557549583E-5 4.85174341399744 0.5842580409273355 
4.480145044047397 0.8408574462642261 1.0133048282256827 7.732847882365214E-6 1.0001181937404726 0.007418202028010509 
4.676336305365543 0.8984063827244465 1.002703697573446 3.286938097172766E-7 1.0002699686351553 0.004374480532811524 
4.561109312565264 0.8837523094635169 1.0004203854490006 4.934572833534842E-6 1.0000077841088182 0.0544043122463647 
4.994438148840569 0.9994327313470469 2.9173051566091246 2.1186481442049486E-6 4.991057330740501 0.5079894459841893 
4.998146347472964 1.0010764859812442 1.0002284512897202 5.438083112872243E-4 1.0690096703105456 0.5865207090129082 
4.177726630284941 0.7735571785967448 1.0004152582103374 1.975972013150286E-6 1.000001209934454 0.005777511340433396 
4.996899804329026 0.9994315177054731 2.535248374233572 9.031217640214067E-7 1.0459952037178277 0.5065559327724025 
4.7547236223043345 0.9207402813959253 1.0003556435201026 9.756941165926934E-6 1.0001182791662602 0.009031765113134608 
4.627395124126436 0.8841298941569227 1.0001425352627749 8.303095353986214E-5 1.0000048637458125 0.01075591914740811 
4.22861238017887 0.7591727780303538 1.0001919407311972 3.3077804642901064E-6 1.0001438033273096 0.007050143381626912 
4.946444112901153 0.9903324577178668 1.000203718985716 4.647698839855541E-6 1.000050340352472 0.3178005929666391 
4.813186225501374 0.9479505367344033 1.0001080421168342 2.981739685197271E-7 1.0001176336328592 0.004356486905162349 
4.998915637493351 1.000126175522259 1.00669359292351 4.1576221120990804E-7 4.8549894210454445 0.6705799929666255 
4.501234394384209 0.8620685843847512 1.0013255937491998 3.6967839299515657E-7 1.0002843049495087 0.0019597046337025427 
4.293431323510369 0.776717998772571 1.002486505611756 1.8951172794103383E-6 1.000001209934454 0.017117919407847987 
4.849015154340299 1.0006527223949244 1.0002050450425797 9.102795494164622E-7 1.000086375937366 0.01256269326780085 
4.994117036762071 1.0011033387581156 2.792362307063676 1.829350380313398E-5 4.963735448970198 0.6528091392102996 
4.994689293073211 0.9986621717859305 1.0002839065009919 6.827491775201881E-6 4.85174341399744 0.5851637195822731 
4.801406724843433 0.9476201878322357 1.003125425320842 1.6523119956160298E-5 1.0000698409613045 0.037680365967883725 
4.012252260294328 0.6779100179426953 1.0002412126245364 3.017127027936196E-7 1.0003424348173442 0.025194335371154238 
4.358033671459631 0.7916027791752464 1.0016479439669774 3.7200484460189504E-4 1.0001059543611341 0.002440847044377621 
4.996899804329026 0.999432901477942 2.646894564598388 5.948208499749975E-5 1.0773951064212732 0.49093773929510776 
4.942346880341225 0.9895996382146197 1.0030093051580535 1.2247252747031766E-8 1.0001903564946797 0.006863676415613232 
4.093608082789594 0.7242002905031152 1.0000499828692053 3.5213184946606075E-5 1.000006434780482 0.005266497545540663 
4.995761735000361 1.0000943003220824 1.7995884695579485 3.229945953810427E-5 1.0003518369671822 0.017047055871841688 
4.993777050576027 1.0010764859812442 2.3560124905687885 5.716296908931829E-5 4.962809701208798 0.284122608929769 
4.148318669987205 0.7300912178181865 1.0002429572279048 1.623023906305261E-6 1.0000006281808087 0.14321500108289204 
4.9973504155243536 1.0009135883096003 1.0365284864815514 4.6202122007756406E-7 1.0000844965212288 0.017534421750494952 
4.693643846053174 0.9457229706871542 1.010936215101677 3.2686913213650634E-7 1.0000170665661878 0.009667298772767313 
4.918768238119865 0.9829680940770555 1.003125425320842 6.467355528352653E-6 1.0000072171104721 0.07688992235815804 
0.09776214847198661 1.907178293218305 1.0262158862948594 2.1868784589405677E-5 1.0000852471017694 0.005502086064193367 
4.98296876918214 0.9990847476592417 1.010936215101677 2.6770201025252157E-7 1.0000221031934384 0.00966080971358324 
4.862002999628181 0.9541810018455829 1.005919608536502 5.0696231151691054E-5 1.0003544155664206 0.005090853518373118 
4.917292679096089 0.9895996382146197 1.0002545425301475 9.760325727413054E-6 1.000288710277301 0.006863676415613232 
4.597745863007364 0.9522003826681196 1.0030218743205859 3.780012312235264E-8 1.0277480897195492 0.2812436717274418 
4.04664460535236 0.6936409073086742 1.0000070797011 5.443039207004059E-7 1.0003125945743099 0.009627415741631168 
3.9835852925033675 0.7249013468191823 1.022691822315775 2.1888801522793255E-6 1.000241965297198 0.22074397976908258 
4.637380566177343 0.8841298941569227 1.0001425352627749 8.225171480432449E-5 1.0000048637458125 0.01075591914740811 
4.995869799996857 0.9991616494806144 1.6000397727258147 9.59226801394212E-6 1.0000794630923477 0.005894876597053844 
0.2552405076328039 1.8000770290389014 1.0002639238480509 3.580901849941259E-5 1.0003319323127278 0.0027642913121420603 
4.239714395304105 0.7587656191490593 1.113552089863231 4.050751616239166E-6 1.0000860493372576 0.006898124402700027 
4.730965702702295 0.9653333113769713 1.0012613637861092 2.6770201025252157E-7 1.0000907158182573 0.00323104615402018 
4.997376457139599 0.9994293412867604 1.0622522311352025 4.743697201472284E-6 4.966425003820116 0.3070558674643069 
4.9958491890926515 1.0011033387581156 2.7979454411578843 9.395549112267565E-7 4.963735448970198 0.6528091392102996 
4.873447470966816 0.9870385818747123 1.0013192938348459 1.0162693180280278E-5 1.0000905676539844 0.006879401972696583 
4.955592808063193 0.9964390225613508 1.0000830512325947 2.495103492144784E-5 4.837770822380336 0.6566507477148139 
4.597745863007364 0.9522003826681196 1.0031083146766109 1.906498901158265E-8 1.0001898048467215 0.28152546385638455 
4.04664460535236 0.6936409073086742 1.0000070797011 5.443039207004059E-7 1.0003125945743099 0.009627415741631168 
0.0395124613985846 1.9732572923939082 1.0029087304164188 5.641512147672525E-7 1.00002213461796 0.0062736031070108715 
0.006541558924247903 1.9944474274002681 1.0039235786073262 3.544730544074736E-5 1.0000095561464102 0.07993426349950675 
4.764287389392505 0.9499824489014774 1.0000538727829775 2.7344274374732496E-5 1.0001469584460658 0.006456839291100774 
