4.997767321916213 0.9993442174927903 4.999958393878667 1.0654572508339344E-6 4.999494185050738 0.07672347682454331 
1.0459732132262278 0.999605525292177 1.0350350790145337 1.7530419849340372E-4 1.000016453126688 0.013869163163765703 
0.46935916071886313 1.5528901692102919 1.014036524229415 3.3845171288089424E-5 1.0000268069973846 0.7781325565485706 
0.1396896614044154 1.8853082929709684 1.0038553477380654 1.6278692936114625E-6 1.0001421680261566 0.014861738902715305 
0.4677451937553918 1.5528901692102919 1.0179329940793262 7.773050604605797E-5 1.000030996830654 0.7781325565485706 
4.158478931637065 0.7768760960356491 1.036430193260928 3.730964535356615E-5 1.001663835054968 0.013937828492041202 
4.2394727935754535 0.7971035739728919 1.0018503078379306 4.877306107283268E-5 1.0000232883582163 0.016949897736123147 
6.735977451452118E-4 1.999455310903794 3.707432659269371 3.1997468104602914E-4 1.0568343776551812 0.3672600154075696 
4.474782662726012 0.913324091181364 1.000860661246341 1.2806609027256062E-5 1.0097693090393585 0.08514807492164497 
4.99634404952076 1.0002111254082298 4.861748776311533 7.241823179026999E-8 4.982670199649926 0.11570107555042174 
4.759303338228966 0.920031499170261 1.089562360476905 4.2382342380668754E-5 1.0002278581011603 0.018357056027832733 
4.997739307513406 0.9994471876842663 2.501331609751369 1.9524200002186292E-6 1.0005817114692965 0.006835204775651499 
4.609990715383172 0.9339982586529806 1.0167952428613085 1.0553714243949526E-6 1.0002634122320513 0.0061430814986197235 
4.94496853188025 0.9878773107866756 1.0029482485390588 8.418116915789413E-4 1.0003077511212917 0.0030782230963975962 
4.401750853595783 0.8334569455561999 1.0163952837699326 1.0672836195382097E-6 1.0000901239293414 0.012918623271465118 
4.998994627811744 0.9999387975034502 2.68134044025877 2.892148289616086E-5 1.0000417492805245 0.23509852435606765 
2.8161621644632803E-4 2.0000143905706054 1.7146540767882494 3.4142886463963804E-5 1.000479452115395 0.0019449981233612725 
4.997709736797928 0.99960934070679 2.9875405484014568 3.9925248523577946E-5 4.977744716074404 0.10342493148443133 
4.999627996965664 1.0000077073764433 1.0007515935360214 1.2806609027256062E-5 4.884045623788452 0.5392710223651721 
4.98701294609116 0.999561451380667 1.0011131743235233 2.1039691415371367E-5 1.0001310547890798 0.0013687947999202893 
4.997716891227498 0.9996682682318461 1.6092225521087768 8.38846162833772E-5 1.0003068477436163 0.12187441585874673 
4.99778152286479 0.9995233173280524 1.4893867627292403 9.683570215881081E-5 4.999508224283491 0.07190974668573497 
4.794499551471066 0.9388475550892025 1.0006949234899791 0.0023368951367529825 1.0001958011660912 0.0011062735719622949 
4.997592343609562 0.9995072020596409 3.492705861058408 3.2327026410969967E-4 1.0005888602804012 0.004150924753567847 
4.997739724155265 0.9996023478800891 4.483186903029667 1.468657304261259E-6 1.0000244165412515 0.0048999213169851116 
4.311847015366425 0.774721711860377 1.0057319894992218 1.6399866895991193E-4 1.0006102124339835 0.004195631293873102 
4.660171538877863 0.9220413874165503 1.2756534822207124 2.179076302469504E-5 1.0001309325524943 0.06542459802219126 
4.717242890405543 0.9920628102863494 1.0103966964527513 1.597419150039522E-4 1.000228550944674 0.018962032087590577 
4.092944349650323 0.9151431178072433 1.0017076952673032 2.5256737585707114E-6 1.0000721315623045 4.886863222445565E-4 
3.0716449995157554E-4 1.9997002775713446 2.32991195284935 4.621333467977253E-7 1.0006039231607222 0.9375299978452025 
4.9945991680967285 0.9995049545312206 4.196912326484425 3.251480026964334E-4 1.0000649250483433 0.16239785370202833 
0.04066158326778002 1.9663757903583579 1.017324669332027 4.953027361486373E-4 1.0000155628211878 0.018454387974324225 
4.997727525304167 0.9996023659509957 2.982737733490946 3.364640351197391E-6 1.0000109663180015 6.701685925896948E-4 
4.125935726511426 0.7671735382049553 1.0168261488258055 0.0022152970560545553 1.0000158522253293 0.0013415608214311166 
4.832231343210207 0.989375543455364 1.0043515040042903 3.757765047548498E-5 1.0802339523083293 0.3530684280122894 
2.8161621644632803E-4 2.0000143905706054 2.735061462757805 1.8460302204765467E-5 1.000125035627593 0.06445593154502921 
4.996349188326393 0.9996004741779986 2.0260739612618934 1.8007873084825037E-6 4.9810742812534015 0.08814262705347162 
4.997700182466459 0.9996004741779986 3.6856832047048966 2.0371987367967635E-6 1.0007008242096813 0.015334908724868312 
3.0716449995157554E-4 1.9997002775713446 3.089459222477656 2.929298435891327E-7 1.0006039231607222 0.0035766837126334217 
4.9977404598763995 0.9996169209567366 4.140740265147029 0.016475093841432482 4.996090852265808 0.05002092800170353 
4.515721504202782 0.9995049545312206 1.008791841381476 1.8385602294399028E-5 1.0000661945825504 0.16239785370202833 
4.281501715511057 0.8296845708122893 1.020910881924982 1.576565239496166E-5 1.000817375201933 0.010546684098541058 
6.068764126558559E-4 1.9997004270692649 2.8734405686423425 8.14371577085209E-4 1.015243617343417 0.3324443369291896 
4.354069292043221 0.7881808587965067 1.1317563454884871 3.9692279309571374E-5 1.0000120657829235 0.002530261563451347 
6.069062805750265E-4 1.9997027301996453 2.1511581753298876 4.6233765613681193E-7 1.0001213480329847 0.06395499279645328 
4.627981168770879 0.9018427589674287 1.0006166336016542 4.2386486871486165E-5 1.000187520601888 0.028709398702447153 
4.9976611603648795 0.9999517422610258 3.547181376653111 2.4225796525536385E-5 4.9991310487766585 0.2506709383549832 
4.997713431449551 0.9996655184139346 4.027891329641426 2.865629426279144E-7 1.0003068477436163 0.18246791520049244 
4.561735624220307 0.9070515706776154 1.0070089262355686 3.957215365337415E-5 1.0002149962025126 0.07067971723039837 
4.997700182466459 0.9996004741779986 3.784731796490789 2.0371987367967635E-6 1.0007008242096813 0.015334908724868312 
4.997727397423707 0.9999743496554176 3.9354022204908996 2.8707556559513965E-5 1.0000157966157086 0.24064182081030883 
4.99888310595638 0.9999368705916909 1.0501472427678935 2.1723814217453993E-5 4.99999525852673 0.01258523001775172 
4.997739307513406 0.9994471876842663 1.0203933621801884 1.9524200002186292E-6 1.0002281564810274 0.006158260003096987 
4.99704249761371 1.0027755035793873 4.353409934563417 2.46102861490124E-5 4.999975174852248 0.04750128932770066 
4.99888310595638 0.9999368705916909 3.991585430655688 2.1723814217453993E-5 4.99999525852673 0.012694831681299552 
4.719997680392615 0.9923640078571189 1.0377823265436428 1.597419150039522E-4 1.000228550944674 0.5754900510508667 
4.99778152286479 0.9995325588220326 4.546169449999295 9.897309980398813E-5 4.999508224283491 0.07676577763069364 
4.929039754420202 0.999561451380667 1.0011131743235233 3.4202026238799865E-6 1.0001220361389789 0.0013687947999202893 
4.997783791207282 0.9996023659509957 3.0870775218802455 3.364640351197391E-6 1.0000110476815225 0.002416907606569138 
4.431665820145157 0.8296845708122893 1.055379832015127 1.511722454088054E-5 1.0002132734281362 0.010587121992454106 
4.348992185537794 0.7897896361226476 1.0015112309392553 3.5021206017377896E-5 1.0000043385010555 0.0012527406432670846 
4.997786085905236 0.9995058814488587 4.244142234322867 2.708404657791156E-5 4.999991827968065 0.090106805686309 
4.874327094010193 0.9876025165172666 1.0002389958722822 8.431665805728408E-4 1.0003094678058715 0.05523643792472564 
4.558642250931046 0.907204958283312 1.000542689604085 4.0554695697318796E-5 1.0002149962025126 0.007946514288440992 
6.735977451452118E-4 1.999455310903794 3.478262077841964 4.7852477977804324E-6 1.0831255373279456 0.33079028510112907 
4.997739777194495 0.9996031211822883 3.2604474544110102 1.923323314044124E-7 1.026270323222308 0.17966718430350148 
4.997786547251561 0.9993381059153394 4.963254930336638 2.4595809518777137E-5 4.999494185050738 0.07632558688048356 
8.993967287844598E-4 1.9996919722532556 3.337911717180925 3.1671922956326426E-5 1.0016439130530146 0.03269261308006202 
4.996110804259673 0.9999457454166522 3.7809423037677967 5.0401578943757254E-5 4.987660336490503 0.2531273019204856 
4.9977404598763995 0.9996173198195374 2.7206654465654965 0.016475093841432482 4.995832213971335 0.05002092800170353 
4.997799996026178 0.9996023478800891 4.355608993024495 1.468657304261259E-6 1.0000244165412515 0.0048999213169851116 
8.993967287844598E-4 1.9996919722532556 3.2460525546608325 0.01107326639965336 1.0016439130530146 0.057406325647612735 
4.9977859686004935 0.9995051604237816 4.691757231061434 5.097073975201375E-5 4.986052358386093 0.090106805686309 
4.2529883533206325 0.8739114780462052 1.000208446800815 2.084979297503121E-5 1.000154345740856 0.008488460765392815 
4.997712830773705 0.9995049545312206 4.7469631706066675 2.4397081129173438E-6 1.0000740678150761 0.43512583659244886 
4.997720007704681 0.9996055556979219 2.122285855015885 3.232371373925334E-5 1.000016453126688 0.009909209775829417 
2.8161621644632803E-4 2.0000143905706054 1.381645297840164 3.402521255477966E-5 1.000479452115395 0.0019449981233612725 
4.997720604620991 0.9996024023623727 4.305287889719536 1.050164643101729E-6 1.0000244165412515 0.0048999213169851116 
6.068635313823202E-4 1.9997002775713446 2.1766685494300475 7.990154291471832E-4 1.0005771474788936 0.6289278478133011 
4.997709736797928 0.9995046998895666 3.153275420353094 1.3867375484056613E-4 4.991897045902132 0.12310371663394579 
4.99776829378404 0.9996031157905739 3.339371225839691 4.1280074093456235E-6 1.0135731291990346 0.1290174290459501 
0.089666013642965 1.9151405651267566 1.0786976902079404 7.773050604605797E-5 1.000030996830654 0.01176983168204012 
4.660171538877863 0.9088052628151645 1.0011131743235233 2.1936590199277866E-5 1.0001309325524943 0.0013687947999202893 
0.09252795287349058 1.915523125103593 1.0006166336016542 4.7628614576363235E-5 1.000187520601888 0.05283465534456844 
4.814454160499766 1.0004252763390817 1.000760926693613 9.683914375737692E-8 1.0000187131344593 0.377491123643089 
4.997792482148481 0.9995049545312206 4.744906383419004 2.1983607498556555E-6 1.0000708658673172 0.4377980878308159 
4.507247369088273 0.8739114780462052 1.000283011616877 2.084979297503121E-5 1.000154345740856 0.008488460765392815 
4.8758046683696294 0.9872746721978337 1.0171060764570323 5.41072793758688E-5 1.0030932197474018 0.07511164111411067 
4.997792482148481 0.9995049545312206 4.600050816340362 2.66722444101011E-4 1.0000390533238541 0.45098573690006283 
4.997792482148481 0.9995049545312206 4.600050816340362 2.66722444101011E-4 1.0000390533238541 0.45098573690006283 
4.996353693683241 0.9999388319028458 2.335496694133238 2.4364235039531077E-5 4.9991310487766585 0.24877575557102896 
4.904077121673625 0.9920628102863494 1.0019597618286846 1.597419150039522E-4 1.000228550944674 0.01833260759033348 
4.99776829378404 0.9996031157905739 3.3573098081411294 4.1280074093456235E-6 4.979715161660426 0.1290174290459501 
0.0025842488066607945 1.9996011292095017 1.0053351041711054 4.953027361486373E-4 1.0001100182410907 0.03287741324500477 
4.99778152286479 0.9995325588220326 4.546169449999295 9.886499584052435E-5 4.999551809455869 0.254322365879578 
4.997739307513406 0.9994471876842663 2.501331609751369 1.9524200002186292E-6 4.994654949663358 0.04763687964428302 
4.997692813491953 0.9995046998895666 3.2065313475584554 5.554402407549145E-5 4.991879169518597 0.12310371663394579 
4.9977859686004935 0.9995051604237816 4.691757231061434 5.0236842439070595E-5 4.98601507694326 0.090106805686309 
4.996352746662226 0.9994977494133663 3.4274476178158837 3.0546942505954225E-6 4.984597660912546 0.07633236305167229 
8.964570654058873E-4 1.9997005969835395 3.4870028936684907 0.011165349498673493 1.0016057067873647 0.057406325647612735 
