1.131026886539705 0.8726638600294468 1.0002045644519098 1.2728504622241322E-4 1.0000204677351008 0.002403206333219863 
4.996509341614244 1.0022933299762196 4.810748166753146 8.042542213603115E-4 4.99176779178626 0.17781805463409686 
0.2507120250614318 1.7555776836252899 1.0001440944680469 2.297730515104085E-5 1.0000008768182636 5.692394019902369E-4 
0.6547442232767411 1.3458577836178363 1.245964087657156 1.1089419728082102E-4 1.0000358733344052 0.0034639838883116503 
0.6877391205436518 1.3159975432786086 1.000196423659602 3.5614040197970984E-6 1.0001000254568477 0.02058251083207366 
1.063549462307803 0.9473399060250679 1.0297137789693906 5.216316993820674E-5 1.0016736107603428 0.017464861147858612 
4.997769349777927 1.0005165800347549 1.0324874453343462 2.3019727804776452E-5 1.0001691974416014 0.001136134944223037 
4.931436779804229 0.981023602870166 1.005857547820905 3.845607559671628E-6 1.00001386800074 0.0010151157395018769 
4.9964679549800985 1.003254799442556 2.8098707747871945 1.1036707505055458E-6 4.968909191386077 0.13400129398662525 
4.996478418098779 1.0021558855345603 3.1083563220370216 2.262137489276617E-4 4.998129379689411 0.07587406201938812 
4.994649533551231 1.0029966537926978 4.209985388197912 6.895396503888603E-4 4.996522282966808 0.17878134512551458 
4.853191570547842 0.9748363178101727 1.0025250258425213 3.092611504916872E-4 1.0000065954606465 7.222247715911916E-4 
4.808848749834111 0.9742514946887545 1.0033563230121758 2.129941157433629E-4 1.0000081540406534 0.002691932549590414 
4.453536958811257 0.8274270272242915 1.016521424602002 4.202768800741952E-6 1.0000094520244143 0.18891832830920888 
0.002231201024837016 2.002146268865042 2.326481897792001 3.2332239371276033E-4 1.0000086761614617 0.009333341344034166 
0.002196377770395463 1.999797354649088 1.821945018802322 5.4874443732508626E-5 1.0000353144854008 0.002742419380979526 
4.996478373086982 1.0021558855345603 4.371745099963333 2.262137489276617E-4 4.999396870894165 0.07587406201938812 
4.505823850519733 0.8416012289483743 1.0092201669180139 0.019284622155449453 1.0000484004820422 0.001089898518544451 
0.1767354103489911 1.8274666894614722 1.0257990485053614 2.297730515104085E-5 1.0000008768182636 5.692394019902369E-4 
4.141005078806417 0.7621859785780579 1.0233207238261226 0.021359235746716568 1.0000177651437179 0.009323275782042475 
4.996468213049636 1.0029716725234936 2.4599056429624815 4.3011718485471556E-5 4.982344832037035 0.08636468836358274 
4.774803160504732 0.9582525827210338 1.0033433929410058 1.1325467404523675E-4 1.000005134669221 0.002691932549590414 
4.996346094289358 0.998805592764948 4.5349191382287675 5.1343876808516566E-5 1.0004329554820055 0.048161936443996606 
0.08470767635382859 1.9169220912348335 1.0010894701188504 1.198302001707602E-4 1.0000411875355901 0.0959303254967587 
0.002195703166827883 1.9997219417950924 3.2672670595145323 3.7086009698791117E-6 1.0000466653500784 0.019385141672251405 
4.744115702266851 0.9582525827210338 1.0033433929410058 1.1470589807153273E-4 1.000005134669221 0.002691932549590414 
4.996509341614244 1.0023837549378205 4.7314864622195385 8.042542213603115E-4 4.99176779178626 0.17781805463409686 
4.556528783999897 0.8561504079083353 1.0693194620941726 7.302964716412921E-7 1.0000008559047422 0.014179757864669018 
4.7176200661269885 0.9520521405988429 1.0341791204269293 8.177351206978755E-6 1.000011961807023 0.002065645273045375 
4.996498159445706 1.0021118842022316 3.9496359717154057 5.443913006084934E-4 4.9977571321377585 0.176140659778581 
4.997123219686397 1.002129112164007 1.2732590784828102 3.212439453731784E-4 4.890109160525308 0.47642685532347173 
0.002196367643316646 2.002146268865042 3.5675582958346466 2.294158644541443E-5 1.0000035265363467 5.144366023821429E-4 
0.0329495286298076 1.9737361716902875 1.0004119304306043 3.143112597224357E-5 1.0000060831442257 0.00338289686172932 
4.994468281057376 1.002652035861612 3.149669954013831 1.240603636565176E-4 1.0000189236630512 0.18381916177948743 
4.354229865378423 0.7854728313219925 1.0093961059445418 3.662004585446502E-5 1.000020525469933 0.014608169783428528 
4.996467311896232 1.0023348876470763 3.7612775127454325 6.895396503888603E-4 1.0091658739355742 0.04756337713053024 
4.5330254078869885 0.8528993738767393 1.016521424602002 4.202768800741952E-6 1.0000094520244143 0.052656249624878665 
4.994510675690469 1.0026338520003588 3.6462715521687437 3.392905507822917E-5 1.000000297095375 0.1840179161857988 
4.188070357203154 0.7577354051902685 1.0006873589883583 4.4963610843905446E-6 1.0000425415010854 0.040295338012047766 
0.0019366100855569938 1.9998028421976168 1.4018297152824397 1.9983454202792234E-5 1.0000348096084166 0.008987744491856388 
0.002196367643316646 1.9997121904785853 3.44575148212774 8.26136980022363E-6 1.0017424655338305 0.017194913148784744 
4.3849711793924575 0.8439242386865212 1.001354228162404 6.701243402967655E-4 1.0000463806886988 0.0012774501750943967 
4.589162293465497 0.9784493872347723 1.015619959881727 4.508904924593874E-5 1.0004187127693465 0.004869118630159258 
4.996297852280096 0.9988202018242619 3.9168218386204168 7.859556757391956E-5 1.0004556447825652 0.06599385647120978 
4.996470813135711 1.0003722266888935 2.1662679347868945 2.2298057758784296E-5 1.0197898580677298 0.1285478471383505 
4.99647133249295 1.0029905468364475 3.834235231859554 6.881416659868816E-7 4.940618422226316 0.5917363345620203 
4.996477525554799 1.0004667945223493 2.0984015401293306 1.4233952581494273E-5 4.9908128573819734 0.701847581633993 
4.892692295678131 0.9748363178101727 1.002580323724118 3.0931959925356686E-4 1.0001755439485083 0.3793362553597515 
4.997769349777927 1.0005165800347549 3.2397014123232486 2.3019727804776452E-5 1.0001691974416014 0.001136134944223037 
4.9964816254424855 1.002117942800695 3.5506597176092463 6.895858285298327E-4 4.9941330491969325 0.17844671385064034 
4.317990348927712 0.7864506380681452 1.0027731946304628 6.466469281828484E-7 1.000002297938783 9.110059147394226E-4 
4.678072778664159 0.9783171562443278 1.0011976067366588 6.222932546066119E-4 1.00001689799917 0.011923877181264354 
4.994154677595748 0.9994730474987017 3.386431425726329 3.7813685578629266E-5 4.990257308384778 0.1303557423271033 
0.20206359820287345 1.8242914785148954 1.0011976067366588 6.222932546066119E-4 1.00001689799917 0.012559591486616117 
4.887081129242294 0.9783136431106155 1.0015744554450363 1.2503358291277256E-4 1.0000373128274105 0.019345507710545162 
4.996390633949978 1.0008640570618936 3.667105638728083 4.3197894931202386E-5 4.998450995729261 0.08610046417070194 
4.997123219686397 1.0021184508508958 1.2732590784828102 3.1746934461830017E-4 4.998325441730667 0.47622746156036777 
4.637326415913935 0.9813345951854483 1.0626358008683519 5.005093916062258E-5 1.000413169363389 0.18799011145517439 
4.994036634020972 1.0035565781074276 1.7661562029355473 2.2660290143226245E-4 1.000286676212506 0.0765860233804959 
4.605421063300795 0.9758713856530021 1.0788999924932936 4.475360447426564E-5 1.0003403248543237 0.04747482056679031 
4.996336561364682 1.002374963186231 4.578455955202153 7.983553131710947E-4 4.983590048055799 0.13209127771938253 
4.996344469915729 0.9988217086200948 1.874925933968952 3.0596012636153384E-5 4.997075351106279 0.5968363139300944 
0.0019366100855569938 1.9997451286060892 1.0044736220752277 2.698638451248592E-6 1.0000077326949883 0.008845404899167814 
4.996470813135711 1.0023837453769675 4.7052631855426865 8.053777831122275E-4 1.010508786772489 0.17786592131908752 
4.417197718238057 0.8726638600294468 1.0002045644519098 1.2728504622241322E-4 1.0000204677351008 0.002403206333219863 
4.688343279240751 0.9470104171243107 1.0033433929410058 1.1155386398403142E-4 1.0000206370633682 0.0027519149968068517 
4.996327672134506 1.0035565781074276 1.7640820401805737 2.2660290143226245E-4 1.000286676212506 0.07667572348727031 
4.271906693209653 0.8635606012643579 1.0027546799699483 2.0002681579663127E-7 1.0000037421030397 0.0010007194002015314 
4.056212911640293 0.7860515647404475 1.0050016172318792 0.008924557520208223 1.000018084741603 0.008984460466678203 
4.996470935854023 1.002374963186231 4.578455955202153 1.0637041252625949E-4 4.983590048055799 0.13209127771938253 
4.2029702570107155 0.7454618717486593 1.0087404071251274 4.328262640826029E-6 1.0000099639290059 0.0012453316938076894 
4.996489940172148 1.0025932684263432 2.440785986116153 1.2708640385795493E-5 1.0004222860115166 0.18742688922585118 
4.990476074010532 1.0005165800347549 3.4755898174261195 2.3239033783855446E-5 1.000005105179275 0.008606432188717261 
4.996344147719184 0.9988140786519859 4.2985162148132305 3.362491377417824E-5 1.001401186549946 0.00943013193681666 
4.10114821203318 0.7473328730128966 1.0046959898417769 2.2904289504524256E-4 1.0000049100964026 0.00881233889226396 
4.996489940172148 1.0026350067643044 2.8450328447525877 2.0845152041814934E-5 1.0000626382281583 0.6137836897190523 
4.996470813135711 1.0023837453769675 4.822329283027978 5.473260484463739E-4 1.0105271688803732 0.17786592131908752 
4.994056612009984 0.9988012255546147 3.485321369128777 7.983731839871508E-6 1.0001769161180334 0.1837036328952286 
4.996470813135711 1.0023837453769675 4.8534751194356955 5.490504503495206E-4 1.010508786772489 0.17786592131908752 
4.996489940172148 1.0025932684263432 2.6851308984127362 3.936591809611561E-8 1.0000626382281583 0.1911597493107238 
4.996345260563047 0.9989207399377638 4.14199190955353 4.69956170459516E-5 1.000192416229777 0.06569961686541217 
4.2393050876111396 0.7621859785780579 1.0235193053166864 0.02135921444033924 1.000391517000712 0.03701867808965226 
0.002196367643316646 1.9997232040460808 3.0135704738443585 1.2533905263378194E-4 1.0000204780368178 0.019012856351772908 
4.996470813135711 1.002374963186231 4.4363974184914525 2.2298057758784296E-5 1.0197898580677298 0.1285478471383505 
4.327580111573994 0.7854728313219925 1.002006201131492 1.2648140134240718E-4 1.000020525469933 0.014608169783428528 
0.08311363609933226 1.9169220912348335 1.0381622420111947 1.9844320773780783E-5 1.0000936024494624 0.09771850949030086 
4.994154677595748 0.9994730474987017 3.4236511141836137 3.345736003757551E-5 4.990257308384778 0.1330244275099097 
0.002196367643316646 1.9997121904785853 3.7804704588278657 2.2173103310953223E-5 1.0000035265363467 0.0028018873577963094 
0.0021806468649982202 1.999896270705128 2.5935611695749294 1.8409806662283082E-6 1.000036553682643 0.08019229298262684 
4.996345260563047 0.9988144070262467 4.389691598809686 1.980185971513383E-5 1.0001913140961967 0.06569961686541217 
4.632299703705473 0.9809711321669985 1.029486289120638 5.005093916062258E-5 1.0000039410241408 0.0800747899765843 
4.232790552762518 0.7621859785780579 1.0235193053166864 0.021359235746716568 1.0004073107958602 0.037101972395781904 
0.0021806468649982202 1.999896270705128 2.5935611695749294 1.8409806662283082E-6 1.000036553682643 0.08019229298262684 
0.002196367643316646 1.9997232040460808 3.072315496523631 1.5524555796483214E-6 1.0002306455702712 0.019333824786077966 
4.996489940172148 1.0025932684263432 2.6383050324157447 3.936591809611561E-8 1.0000618864251254 0.1911597493107238 
4.99647133249295 1.0029798855233363 3.835400619046645 2.8220686072916493E-6 4.993193033142131 0.9770982201855979 
0.002196367643316646 1.9997731566021315 2.8269053044391477 1.4449776991501775E-6 1.000009856463527 0.001414412333015494 
4.0962504839995315 0.7523433669478574 1.005857547820905 1.5089997184581494E-6 1.0000049835087974 0.0010151157395018769 
4.269785277726837 0.8635606012643579 1.0020955925117627 3.826589520132938E-5 1.0000012431042289 0.007644523985430744 
4.996489940172148 1.0025932684263432 2.840587803660563 2.0845152041814934E-5 1.0000626382281583 0.6137836897190523 
