4.997820531395591 1.0009941907757502 4.996759677937426 4.5958575068496995E-6 1.0001406450373853 0.1682147739448858 
0.9500254211252799 1.050593404712217 1.0001991530713914 2.610952504836469E-5 1.0000001164584094 0.0063815491262567 
0.9500254211252799 1.050593404712217 1.0001991530713914 2.610952504836469E-5 1.0000001164584094 0.0063815491262567 
0.3422155201859063 1.6600971675324574 1.0732208295463892 2.290118002112466E-4 1.0129786968291017 0.13707000708811615 
0.13179610919348494 1.875254771465599 1.0000575959825833 7.425193256992949E-7 1.000017649028013 0.024148637121445004 
0.5296982431770025 1.47087456431816 1.1147872703414963 1.7065864476729838E-5 1.027701331051632 0.12668127580100008 
0.3422155201859063 1.6600971675324574 1.000455104082211 1.2661469860798978E-4 1.0001775467002203 0.021429148133076337 
0.5296982431770025 1.472464795551088 1.0005269304945479 1.1959428117817319E-5 1.0001277553459045 0.007147496139183293 
5.339577002378367E-4 1.9995927669160796 3.09186339257035 5.550736716931823E-6 1.0002962090574596 0.12062919508817888 
4.993144523102525 1.001143598536451 2.235725197855673 1.596391684452954E-5 1.0001272260479188 0.021386590990361 
4.993030868246215 1.0008996242033295 3.4456502060975236 3.257877720447049E-4 1.0005032986957922 0.03711554792163679 
0.6912879036572563 1.3093834866129217 1.0010973995832146 8.065945139378221E-7 1.0000928533683502 0.025121876697152528 
4.10133250676466 0.7015655133556572 1.0012492700526028 2.1136987026467715E-5 1.000003004245764 6.946412698221813E-4 
0.001888603581766235 1.9989225649738813 1.7138587939720211 1.3804872147893908E-5 1.0003558316553305 0.023620328664451413 
4.997820531395591 1.0009941907757502 1.3185144807255493 2.2660321036331826E-6 1.000274077238175 0.15937863757116766 
4.816424746440602 0.9714722239207771 1.0083406398017511 1.0491357804430732E-4 1.0000015536347253 0.009889247864903722 
4.201588977992371 0.7470677216958344 1.0001504898456364 2.3438897177229252E-6 1.0003110621044193 0.1166915820764027 
4.426015054107971 0.8254818255685367 1.0034268302322484 1.3062679788345492E-5 1.0002939731051277 0.0017547701199568527 
4.582048084198237 0.8937331820576411 1.014523548575318 6.695396419904998E-6 1.0000100825423173 0.004851150890547678 
0.0024804336719819534 1.9995917028156716 2.8589454304911195 7.678218463963955E-5 1.0050169284301915 0.35185883942585544 
4.795354538302188 0.9709596223297889 1.004831437881849 1.2664855966168487E-4 1.0009404249031895 0.1074561110501478 
4.878964209304659 0.9714722239207771 1.0209786700243864 1.625891223830002E-5 1.0000003361528833 0.009889247864903722 
0.8833575866907923 1.1410309814013084 1.0046355456986114 2.0666197879099237E-7 1.0001283343701277 0.027981914883793334 
4.389077646559202 0.8111839652661378 1.0728764708936236 1.0349353080603488E-6 1.0006369513238866 0.0075373416292532636 
4.576828657254879E-4 1.9995927824461301 2.183972492121615 1.526551254076327E-5 1.0139066490691042 0.1292243617591178 
4.543836242106067E-4 1.9995724488199689 2.740174082513585 1.2636676495550881E-5 1.000318300945332 0.10048161808459946 
4.495239275069097 0.8927481644144409 1.0000262273315665 8.39069969349497E-5 1.0000090114251254 0.028211533882202478 
4.6993001840803394 0.9121548833280926 1.0001941606147955 5.936398735182112E-5 1.00013448178546 0.004920419948994066 
4.490758078467332E-4 1.9995724488199689 3.501819462174441 1.746304946036682E-4 1.0001807020573108 0.10053485341788726 
4.994952821483978 1.00267162394341 4.0483220473611 2.8090928947137512E-6 1.000226438554882 0.003000011916767799 
0.001888603581766235 1.9989225649738813 1.9358604200883853 1.3840580241684517E-5 1.005095997576671 0.11095434134134213 
4.547164412773024 0.8759122284797837 1.008282249725363 7.815342556139818E-5 1.0000172946670567 0.0397358034511263 
4.996441322194951 1.0023389088134838 3.7730248302291427 1.4572093337625344E-5 1.0000544320164666 0.09082115150079209 
4.997441973719883 0.9993438306638571 3.0285946223848006 4.158248652008805E-6 1.0000084163556846 0.03734542058429801 
4.997587399255866 0.9994225692721374 3.282967780510024 7.309676548918593E-6 1.000031394393864 0.0015886686499621827 
4.576828657254879E-4 1.999592766847803 3.6155827029948306 7.273732576535121E-5 1.0123752750380146 0.08667781152375542 
4.997593473757795 1.0010453209938026 2.435870712569806 6.44688236236226E-6 1.0001239568274947 1.0558883595864594 
4.997589115763415 1.0010442106178337 4.140332111965036 5.281924012942821E-6 1.0002028994167955 0.022344431650549713 
6.841076953644151E-4 1.9995928009954715 2.5199229733917785 2.1956853782493014E-7 1.0002273023800115 0.1519301196818686 
4.576828657254879E-4 1.9995927824461301 3.267644011616386 7.224125653637271E-5 1.0278169739432768 0.30306760439103125 
4.968048584866505 0.9953328011284379 1.073855420975715 2.327000770786375E-4 1.00000444374576 0.009848596371744147 
4.523955841161773 0.970093060041215 1.0083406398017511 5.7839906712135495E-6 1.0000015536347253 0.009889247864903722 
4.993419338280347 1.0023389088134838 1.0102468398830158 1.4432737440048485E-4 1.0000169719781413 0.09114381206603253 
4.993419338280347 1.0023389088134838 3.649686316344557 1.4432737440048485E-4 1.0000544320164666 0.09115906158586963 
4.997587399255866 0.9994225692721374 2.8505316073072655 7.309676548918593E-6 1.000010786183908 0.0015886686499621827 
4.997589115763415 1.0023553567077375 4.543903160199693 5.281924012942821E-6 1.0002069531006554 0.3839256542846953 
4.576828657254879E-4 1.9995927824461301 1.154871401008323 1.2759794258753403E-5 1.0278169739432768 0.1293720907938431 
4.997587399255866 0.9994225692721374 3.1498588159158816 7.309676548918593E-6 1.000031394393864 3.8113671698081913E-4 
4.632173673539643 0.9849518126279886 1.0147629549036183 8.846504598454708E-6 1.0000525465256624 0.15642467171930044 
0.13179610919348494 1.875254771465599 1.0000575959825833 7.425193256992949E-7 1.000017649028013 0.024148637121445004 
0.026031909160006063 1.9755251750006046 1.0007107746228676 1.0576460922014905E-4 1.0001807360933712 0.02077804631286726 
4.997820531395591 1.0009941907757502 4.890016954391335 4.5958575068496995E-6 1.0001347993744942 0.1682147739448858 
4.993814839910673 1.0023952498317643 4.489029309145389 7.361438182245528E-6 1.0000034938072293 0.4867327209043587 
4.995722450908644 1.001143598536451 1.8064468377493457 1.642948752925863E-5 1.0000177383901525 0.0015540640643211673 
4.243940210074472 0.7716192928625593 1.000462133139804 1.2277836183080846E-4 1.0006174576337545 0.11493756558962459 
4.9930835045109765 1.0023429075458024 4.8436081434681375 1.266792653893486E-4 1.0002798040770164 0.019328848322434276 
0.0032406334411062276 1.99959278155432 3.3632535791495948 6.301511047256255E-5 1.0004590400442432 0.12484140416020678 
4.997820531395591 1.0009941907757502 4.7406083126322685 4.584728110076038E-6 1.0001324101970877 0.033836272611952295 
4.457255753854209 0.8937144312901304 1.0000467114458083 3.06374721067635E-6 1.0000008791284498 0.028062272694335113 
0.06732324804925938 1.9373627182064754 1.0005929403567226 1.3603121052304938E-4 1.000002308120059 0.0802593400423321 
4.670184573959386 0.9073006272108104 1.0027536739504985 8.198682314028121E-6 1.0001057112674852 0.007222045284706782 
4.995722450908644 1.001143598536451 1.8064468377493457 1.642948752925863E-5 1.0000177383901525 0.0015540640643211673 
0.7790221546381486 1.221642920137627 1.0010427709816625 1.0429423249503034E-4 1.0001214036337533 0.003781260966472834 
4.758570872989171 0.9255625447881928 1.052971962035196 1.3244597867426113E-5 1.0002910387405988 0.009178706362272512 
4.139763594917933 0.7174685447818194 1.0012185001604736 2.0313486492533866E-7 1.0000175707316263 6.946412698221813E-4 
4.317786820515542 0.8943728432736467 1.0000262273315665 2.9060183757623738E-6 1.0000035803085927 2.20095038483345E-5 
4.907081724534208 0.9773709304066899 1.1292275221398191 1.2359843563441967E-5 1.0000243805090445 0.0011166162437712783 
4.943571330806631 0.9875667486493541 1.0108319702817685 3.645859953252378E-5 1.000027120676776 0.0016820102561240606 
4.363287068472247 0.8244497943415763 1.0010598067157923 2.3468516631350306E-6 1.000000858970905 0.02805981663607738 
4.758570872989171 0.9255625447881928 1.0035214417336429 1.21658660734929E-5 1.0002910387405988 0.0018749095217163768 
4.907081724534208 0.9773709304066899 1.020598350450419 1.2359843563441967E-5 1.0000309908980687 0.0011166162437712783 
4.723700071697635 0.9100360957082906 1.020620187577736 2.335486347796439E-5 1.0000039290705895 0.05108810936609272 
4.850519935732115 0.9877559631639438 1.0749892369451606 6.6594127072769685E-6 1.000050678009598 0.021490310871675324 
4.997228348063051 1.002337879454823 4.253989052778858 1.3736835158584016E-4 1.0001998335829643 0.10853778488481106 
4.4677745185322255 0.9277026089120062 1.005642064260381 7.448144526811178E-5 1.000028218109727 0.058440809779203136 
4.993071820125985 1.0008996242033295 2.76900975784055 1.4197711993004217E-5 1.0000343441612496 0.06103207417379984 
4.997820531395591 1.0009941907757502 2.386493164619769 3.205392424400403E-6 1.0001244398858595 0.0449403446901977 
4.993112933543492 1.0008983723655795 4.389741408267076 2.5394243407693853E-5 1.000128944569393 0.3508708029811814 
4.997589115763415 1.0009682553320387 3.915217089913049 1.2950215896624644E-5 1.0001296061544316 0.019739318676491674 
4.243940210074472 0.7716192928625593 1.1432732589860057 1.2397129476384415E-4 1.0000040718380903 0.11493756558962459 
4.65877803453923 0.9072914363919189 1.0027327885961927 1.1964673921456684E-4 1.0001057112674852 0.0064647974027603125 
4.055906154354872 0.8244497943415763 1.0002112244382166 9.766694449678373E-6 1.000013785084166 0.01169725447249616 
4.316358063072454 0.8943728432736467 1.000046247983567 2.9060183757623738E-6 1.000000927666712 5.025307871359269E-4 
4.996435551091298 1.0023389088134838 3.8956839847052693 1.4591415794400317E-4 1.0000544320164666 0.09113689510097016 
0.7672760152356162 1.2456237526733296 1.005486138414708 3.340225317309043E-5 1.0044107173539856 0.14285280982493354 
4.997820531395591 1.0009941907757502 4.7406083126322685 4.584728110076038E-6 1.0001324101970877 0.033836272611952295 
4.9941965467085545 1.0023952498317643 4.996276835157814 7.331514576145649E-6 1.0000088831866447 0.023397599921810525 
4.850519935732115 0.9877559631639438 1.0749892369451606 6.6594127072769685E-6 1.000050678009598 0.021490310871675324 
4.946147324743315 0.989399499492548 1.0652681441834182 1.1577831947350015E-4 1.0000006971636524 0.011730243891028365 
4.99806643549232 1.00100280678114 3.649686316344557 1.4432737440048485E-4 1.0000543600813288 0.17006476138258203 
4.993112933543492 1.0008983723655795 4.394486569837513 2.4016688619917428E-5 1.000128944569393 0.3520101336325002 
4.279813309365325 0.8881139317753577 1.0001525702123129 1.181616628068591E-4 1.000017319433569 0.030630850541646493 
4.279813309365325 0.8881139317753577 1.0001525702123129 1.181616628068591E-4 1.000017319433569 0.030630850541646493 
4.994920461919691 1.002337879454823 4.253989052778858 1.3736835158584016E-4 1.000206194413662 0.007140050673328237 
4.608929355926007 0.871692213389471 1.005245823282808 1.4366240067073576E-4 1.005095997576671 0.11129225142641966 
4.576828657254879E-4 1.9995927824461301 2.387145673492883 2.1844506183100304E-5 1.0001194377508065 0.04419317748327934 
4.055906154354872 0.8244497943415763 1.0002112244382166 7.5899948735592E-5 1.0000036034548436 0.01169725447249616 
4.148177141879526 0.7685645432973152 1.0004850391208855 1.0888556319368698E-4 1.0001226395093217 0.03041073799511074 
0.6912879036572563 1.3093834866129217 1.0000398060715843 5.5640121775464525E-5 1.0000528030852431 0.026479934465057878 
4.490758078467332E-4 1.9995724488199689 1.0558614367683579 1.746304946036682E-4 1.000173309270081 0.10053485341788726 
