0.8565467345166204 1.1445989728687758 1.000049095123705 2.481826149899869E-5 1.00011338710184 0.0029008518330649576 
4.997346404041408 1.0023902737827797 4.605856126659779 3.371345113643577E-6 1.0001128605056693 0.1884819066888409 
0.6136352268177736 1.3870986351739283 1.0003773602683916 1.3674519976379328E-5 1.000000023052352 0.010139934751985134 
0.3965106199801971 1.640519401532182 1.0006343413070014 5.017212610960707E-6 1.0001186868563234 0.0019819302838771776 
0.8565467345166204 1.1445989728687758 1.000049095123705 2.481826149899869E-5 1.0003248486116119 0.0029070492875988034 
4.383559199130161 0.8266339471116442 1.0005498575533025 9.713273719405236E-5 1.0001247283148587 0.031212973520919254 
4.859255598838281 0.9643333674929805 1.0000481499562406 2.1039251190125608E-5 1.003451261406427 0.03930560019393127 
4.235287261986867 0.745169274452897 1.0021402227957057 4.732480857870664E-6 1.0001516407436968 6.934241866187749E-4 
4.998553264179498 0.9995758467074175 3.2960879477250806 4.482006224085055E-8 1.0000432555567467 0.028106342835538548 
4.4349560169429 0.8510310432989012 1.0071216006421766 1.116459442275817E-5 1.0000581027936837 0.005668975975268886 
4.997347618611948 1.0000785844174427 4.40779874538234 9.54724695389563E-7 1.0000673705560768 0.002863210331424712 
4.890884227181851 0.9724775900555259 1.0317406444249084 8.526020978475948E-6 1.00044230303239 0.18927271432496573 
4.997307475323739 1.0020413900257434 4.110901670510332 8.334335967205152E-6 1.0002070204340843 0.05312369125755653 
0.5133535384322114 1.4867581070976932 1.0714951300888536 4.904803630215943E-6 1.0001203188031913 0.007652054310384904 
4.997346404041408 1.0023406996331166 4.017708091326402 8.334335967205152E-6 1.0002070204340843 0.05312369125755653 
4.998657009128573 0.9995912534753604 3.859439504333445 7.573821367139129E-6 1.0000420942673631 0.005370375733606734 
4.6498376321010506E-4 2.0003309581797453 2.104117480714873 1.5089924603927816E-4 1.00015930237269 0.004678515308142167 
4.6823520431551514E-4 2.0003295639190983 1.9149325639940509 4.951147409666417E-5 1.000723533986118 0.004107264576745255 
4.337455596737962 0.7845925878443469 1.0389187084244889 9.180781056341363E-5 1.0001174729645603 0.0012968360690607979 
4.998553264179498 0.999582735015512 3.0588967017898505 7.508212176439168E-7 1.0096478063373004 0.4852262670599865 
4.997346404041408 1.0023902737827797 4.542665011075121 4.89118600328718E-5 1.0001128605056693 0.1910349638515301 
4.544230545999028 0.8643050143268475 1.017420765871392 8.141944059440067E-6 1.0000310132563828 0.023161405959229407 
0.21952727309265813 1.7852002573457897 1.0006767613015761 2.1480286519603878E-5 1.0000608785928107 0.005602992108406507 
0.3149658712513092 1.6901869433255348 1.025563879112522 3.6232275809338165E-6 1.0000715070095718 0.16331527902510296 
4.626878353970389E-4 2.0003351274187993 2.3723023079822494 6.101976656289078E-4 1.0001520687129868 0.007246058764071832 
4.581596531772952 0.8643853428464042 1.0015347557058925 1.9258018750771502E-5 1.000058596245895 2.4401202657487082E-4 
4.1932624411875476E-4 2.0003309581797453 3.6004951168751407 1.1754538156474239E-5 1.0002653304528315 0.025991448620889562 
4.697445046533873 0.9271652181428742 1.0021047842879331 4.75028996936066E-6 1.000151931750743 0.01593828541256833 
4.997356628128375 0.999582735015512 4.257818560712514 1.4741851191461992E-4 1.0002523176937608 0.028341451313419013 
4.18642030415411 0.7363175192484991 1.0151702066819186 2.184621830262066E-7 1.0000093912204377 0.04001306579558557 
3.829453774986913E-4 2.0003309581797453 1.0037326236408841 1.905120046369075E-6 1.0000655562157827 5.121298867715035E-4 
4.9997191359850985 1.0000779335682686 1.5096820261968196 3.896416422816102E-8 1.0000044866008395 0.02018878258126979 
4.623582954965251 0.9173665126986628 1.0003421456812105 1.3531998419783359E-5 1.000153118514405 0.009751551204902379 
0.042444974618571774 1.9736275717761012 1.0000013644996684 4.368284505073447E-6 1.000200406181112 0.023195197393220887 
4.299125049338783 0.7811624861903596 1.0003728999353805 7.959894543591143E-6 1.0000132277776352 0.02018878258126979 
4.062437996112961 0.7171083310889714 1.0151702970625498 0.0011170650385669387 1.000149708958809 0.01102147171580865 
4.406354982411658E-4 2.0003309581797453 1.5655485746342641 3.396456608603459E-6 1.000384065513526 0.04102189607212603 
4.667154150500497 0.8970474551871477 1.0076073836100197 3.3415986244697124E-7 1.0003240747319755 0.01783686122310836 
4.91441485310483 0.9995535011214417 1.0036787401038727 5.404954683818075E-7 1.0000035183956606 0.001938309732634945 
4.6498376321010506E-4 2.0003309581797453 3.4354495745248923 1.7655413691192807E-4 1.0000020759315098 0.00292040442788705 
0.6020926213465861 1.4080532482582144 1.0315655526137726 3.388146776223118E-5 1.0001219479523196 0.008984053224063902 
0.08053420629620134 1.9205563433881832 1.0417686889002882 2.1067156197458898E-5 1.000015371746017 0.007133683163575471 
4.997356628128375 0.999582735015512 3.515313767522197 1.348835539630045E-4 1.0001426057887572 0.027541178948419495 
4.997346404041408 1.0024244534599103 3.6316672364083447 9.596536221487386E-7 1.0000267702115864 0.008892168030690102 
4.997346404041408 0.9994427715367106 3.4259554098780223 1.4442582294189075E-5 1.0000378109446908 0.00971390889040338 
4.982563326452758 0.9951349371818283 1.0101932032183598 7.959894543591143E-6 1.0000132277776352 0.02018878258126979 
4.998553264179498 0.999582735015512 1.740366376965154 3.4037832591103615E-6 1.0000140093505814 0.046663772090911965 
4.6490382130312895 0.9271652181428742 1.0016955988957246 1.3531998419783359E-5 1.000151931750743 0.007386131001431522 
4.599632814148956 0.8714965990637499 1.0014173019355617 3.269655089707744E-5 1.0002487722435194 0.009779121003378624 
0.3149658712513092 1.6901869433255348 1.000024537186053 1.1109530382570647E-5 1.000063161551954 0.005774421944600498 
4.999048011856715 1.000309671813516 2.4463066982359534 6.74507637597296E-6 1.0094171308911306 0.4864887455438728 
4.471000127951109 0.864385285065082 1.0015347557058925 8.05331293685897E-6 1.0000545733456219 0.21784684525457 
4.997345918553642 0.9995653423193962 3.009095274550914 9.14673369742421E-6 1.0002441949785659 0.003142233729540044 
0.0014052665747601445 1.9992696492645263 2.4997076623771477 1.8623484647801476E-4 1.0001495608108903 0.007246058764071832 
0.5133535384322114 1.4882146821417659 1.0000298256564566 1.8634472758089329E-6 1.0000104091617539 0.0031327780004118885 
4.7512741082868155 0.925956021004413 1.0318555791865218 2.6773952267476246E-6 1.0001546152898633 0.016215410312177464 
4.717661236539818 0.925956021004413 1.019179395027003 2.6773952267476246E-6 1.0001546152898633 0.054757742803050194 
4.123673175116928 0.8970474551871477 1.0007411644834485 1.314009648711173E-7 1.0000051262548124 0.01783686122310836 
4.102808088879234 0.7107737078865686 1.0002947896701502 1.3241704307159576E-6 1.0000062144321695 0.015649910469719756 
4.936069964256166 1.0067115514005534 1.0003402868059839 9.66855111863409E-6 1.0000011349378992 0.015902267985226974 
4.997346404041408 0.9995633303165555 4.314389600332609 2.86274764319162E-4 1.0001203390311164 0.00536486995604947 
4.649823956175091E-4 2.0003309581797453 1.3920263322087916 3.2028654918211025E-6 1.0003812058195574 0.041992362953918706 
4.997345918553642 0.9995653423193962 2.870916326826537 9.14673369742421E-6 1.000147203025947 0.003142233729540044 
4.523753583574918 0.8643853428464042 1.0015347557058925 3.4596100195374274E-5 1.0000574464846537 0.009395492462137854 
4.82165233404607 0.9824203628267891 1.019067470118095 2.938199595252883E-5 1.00006131313001 0.007720101134862368 
3.829453774986913E-4 2.0003309581797453 3.0780102674419707 1.092639375242484E-5 1.000065681218452 0.005458677876670634 
4.162119565547551 0.7593441913625455 1.0001058869066284 3.084542270465749E-5 1.0002474749382846 0.001912112180008781 
4.998445945201199 0.999601516487337 2.2440714832638897 2.052146768540965E-4 1.0001616739291908 0.022697028496222182 
4.998592192897167 0.9998820446228853 2.7143446384536185 7.508212176439168E-7 1.0000394765961096 0.022781881761875872 
0.0052247418649266075 2.0003309581797453 3.2808131615619054 8.566221976405692E-6 1.0004257500157012 0.009614033076891848 
4.6498376321010506E-4 2.0003309581797453 3.679704065270581 1.5349513776745228E-4 1.00015930237269 0.008524123291602525 
4.9997191359850985 1.0000779335682686 1.069134078782202 3.896416422816102E-8 1.0000044866008395 0.020758009664987292 
4.737912396350256 0.9260611882371331 1.0016955988957246 1.2119697644641943E-5 1.000148158581512 0.0072874994486158695 
4.451799085665283 0.8643853428464042 1.0015347557058925 1.8233148281742225E-5 1.0000574464846537 2.4401202657487082E-4 
4.960063515676002 1.0067115514005534 1.0003402868059839 1.6342307169501152E-5 1.0000653189894444 0.015907898977165394 
4.650672679383954E-4 2.0003309581797453 3.3796971930552333 1.5754813643617456E-4 1.0001602739265159 0.0037262716125844655 
4.997346404041408 1.0023406996331166 2.0432726253087155 8.334335967205152E-6 1.0001304321777398 0.05312369125755653 
4.4048084571513647E-4 2.0003309581797453 2.6498362063011984 6.1486296669539E-4 1.0001457170661374 0.002415463305234825 
4.806263317266193 1.0067115514005534 1.0003402868059839 9.60610317513001E-6 1.0000011349378992 0.007397718736113609 
4.778023644048446 0.9260611882371331 1.0014681448968592 1.2119697644641943E-5 1.000148158581512 9.75704247042436E-4 
4.997346404041408 1.0002053615673292 1.95950898671328 3.129573313749939E-9 1.0000046575882997 0.22210930928254907 
0.17131910687765117 1.8301516430994318 1.006345650563596 7.830012463758086E-5 1.0000205562432771 0.031510626716325874 
4.998657009128573 0.9997281492859934 3.7094167168475707 1.5113811666230784E-6 1.0000420942673631 0.005370375733606734 
4.264705223810203 0.7628247680351843 1.0001058869066284 1.130476397185652E-5 1.0003226263968787 0.0031193625883793727 
4.495064033271448 0.8615025805998309 1.0015347557058925 1.8104239359519494E-5 1.0000545733456219 0.2214803023948179 
0.11274316742315893 1.89742279350518 1.0240028880746028 1.91812019144372E-5 1.000058596245895 2.4401202657487082E-4 
4.4048084571513647E-4 2.0003309581797453 2.8226936881967672 6.103938503097919E-4 1.0001521132579592 0.002318382092949184 
0.21783144654490938 1.79656202160621 1.0063473828307121 1.4263605010880976E-6 1.0000096193463723 0.02069790650997924 
4.4048084571513647E-4 2.0003309581797453 2.708819244052108 6.1486296669539E-4 1.0001451700744985 0.002415463305234825 
4.999049750531153 1.000309671813516 2.5007840361592777 2.3488173622998989E-4 1.0000762892566508 0.4864887455438728 
0.17131910687765117 1.8301516430994318 1.0916265319892293 9.417589210360578E-8 1.0001123765238558 0.03112466030976552 
4.778023644048446 0.9260611882371331 1.0014681448968592 1.2119697644641943E-5 1.000148158581512 9.75704247042436E-4 
4.997995218867729 0.9995996192564518 2.2362342901777734 2.2094119094874423E-4 1.0001629916427406 0.0033327302471126584 
4.951303343858014 1.0067115514005534 1.0002183601306924 1.6342307169501152E-5 1.0000653189894444 0.054450233060175504 
4.505121915423103 0.8352772585828121 1.0033686611506178 2.138393870712575E-5 1.000721055518839 0.017571097122857926 
4.264705223810203 0.7628247680351843 1.0001058869066284 1.1600611499204365E-5 1.0003226263968787 0.0029070492875988034 
4.650659003457994E-4 2.0003309581797453 2.884078997550743 7.434977022309131E-7 1.0003822384927332 0.028692073009051855 
4.997345918553642 0.9995653423193962 2.784545721992543 9.14673369742421E-6 1.0002441949785659 0.003142233729540044 
0.12846733726232218 1.8758988423875531 1.025189084680228 8.661876089786468E-8 1.0001415385990713 0.0017707004744931948 
0.0052247418649266075 2.0003309581797453 3.2808131615619054 4.566677352249832E-6 1.0004464060864846 0.009614033076891848 
