4.998429359838621 1.0005037929844907 4.912763691605232 1.7963265082881963E-6 4.910585123153782 1.4688224436647668 
0.7449818905374093 1.2551725281412682 1.0005572719487164 8.011301406563731E-6 1.0001820239380954 0.028023734052209148 
0.6324662214671222 1.406657554227594 1.005788122746578 2.1115313210885017E-5 1.000961249049128 0.026005949693821584 
4.999485690398081 1.0004765270696114 3.1454919999512625 1.7232257566863422E-4 4.314656973608697 2.350505682976274 
4.999439594670163 1.0000293331889099 4.948137874187648 3.165248874669205E-4 1.021922815748638 0.12646335214881055 
0.35039217650299426 1.6531215316066223 1.0007152926289289 9.26832109135055E-5 1.0009656798437152 0.031362565551350134 
4.591590558002681 0.8651740813063895 1.004016391958449 9.873351544436605E-6 1.0001521247584542 0.03210355004642293 
4.6599395334061855 0.9501643710062411 1.0020874064658911 9.774388637060441E-5 1.0000428214539896 0.026202966552473804 
4.714215609671783 0.9090862803409525 1.0020874064658911 0.0023042657283586336 1.000155770216493 0.02644623286777833 
4.546234770566233 0.8665216883497769 1.0029903043352495 8.276437649590925E-5 1.001934802966066 0.023821486867113585 
4.1136057450879004 0.7124007871415735 1.0010824325666186 7.073283484642243E-5 1.0024915328673092 0.026397358339573348 
0.08153597428773701 1.9189174902575719 1.002529535297413 2.5262561985825782E-6 1.0000442882360074 0.020302146796677425 
4.63482028581449 0.8799122170285943 1.001430204886357 2.1530060156312188E-5 1.0003994613618277 0.002390798341037048 
0.0035191377977240638 2.0027684210088412 2.635405283822857 3.4873940453341657E-6 1.0009789736195684 0.05161767954613869 
4.8333783158191 0.9817250664125841 1.0164185576016351 6.051613345430544E-6 1.00006033785586 0.005523446736984414 
4.998429359838621 1.0000576464382258 4.8668539481841115 1.7285384183332806E-5 4.854606456122686 1.3292706826934466 
4.21571847772891 0.7839191163733821 1.0270424737730746 3.8473358553505616E-4 1.002490054581676 0.06526711037070727 
4.999485690398081 1.000472664387486 3.3204684870229406 0.0023573294655332973 4.592730658185593 1.9476252720590816 
4.99953408092806 1.000069318319557 4.625128243309005 2.515838688800435E-5 4.603747800987971 1.6300913380995559 
4.9994818932163545 1.000112656682197 3.5612379804584484 7.912116447599107E-5 4.6966668325348735 1.569886690961848 
0.003178449852378834 2.0029881538326935 1.763509106104837 5.680080136377316E-5 1.0002161191052634 0.04503891175607112 
4.484178572831178 0.8467704581465086 1.0003771337530676 2.196850504791975E-5 1.0022781130714686 0.22928375329926937 
4.51294339594925 0.8711873321007706 1.0102291132098407 9.283455986337148E-5 1.0002051708617603 0.04723205370584241 
4.998634537730743 1.0004765090197847 4.115253896651021 4.0714208149821355E-4 4.797183044304404 1.4134685834454 
4.99865384670458 1.0000576464382258 4.1791633517861815 2.64347895193614E-5 1.0000827913074797 0.07375984589184408 
4.999341027850856 1.0000583354420378 4.333826722241061 3.078129456412995E-5 1.0001441745322293 0.005439553090661908 
0.0016016433574442823 1.999226047983778 3.45605606235961 5.776003651837059E-8 1.0000293202395931 0.00806744660865015 
4.270923148987871 0.782187180473861 1.0005946849844949 5.838156600347284E-4 1.000062122486656 0.005891129256080258 
4.998631892264577 1.0004726463376592 4.6252902694840765 2.3267852507200595E-5 4.658771080184903 2.0112333541938394 
4.999399417882903 1.0004765376616904 3.6654886688272614 6.168710405598646E-4 1.0010815688949355 0.011152878974917919 
0.1562404793758463 1.844643173252241 1.0196537034977766 6.093839855962564E-8 1.0017820218056972 0.032243242139090286 
4.999401939942024 1.0004725114306285 4.931470710621659 1.198494216688112E-5 4.424502760616236 2.0112333541938394 
4.99865230375506 1.0000339105043814 3.5011266935864565 2.849868517495769E-6 1.0192245614342528 0.12646335214881055 
0.04574194884179539 1.9716697045219038 1.0039834762626625 5.035703656628091E-6 1.0004438566883256 0.03227166368828686 
4.048744092314608 0.6894361591254023 1.0031152844715414 2.123939190418983E-5 1.0004001384990115 0.019708441442274044 
4.868625176131256 0.9620011686453518 1.0005038807451074 4.1541385582993025E-6 1.0002054220890382 0.0048696035492811485 
4.999317558539201 1.0000378632851445 2.1527699448624085 3.9168291215714664E-5 1.0002013099564715 0.008858170329192373 
4.407444923408046 0.848701316881088 1.00081190645208 9.297878546595332E-5 1.000205374801373 0.002684199294540446 
4.062241060251191 0.8700870111228253 1.0007144445324676 3.928600247132142E-4 1.000192020299831 0.0010119742576620685 
4.758666439551062 0.980542953403589 1.0102291132098407 5.541420583247499E-5 1.000215345625278 0.008379107630915018 
4.925610183810007 1.0010599333622205 1.0102291132098407 2.3591107070405607E-5 1.0004586209701594 0.3566944582024101 
0.00229091171705971 1.9983094985002547 1.0026312517526803 2.391736366370428E-6 1.0000442882360074 0.05262878650273917 
4.999485690398081 1.0004765270696114 3.2854387859679166 0.00225256052857958 4.483913345450468 1.947700023676955 
0.0041846060429004545 1.9967060333308417 2.2775086210951003 1.1388117783135904E-4 1.0000960423694816 0.003452356934662691 
4.798743284716098 0.9860349436474716 1.1452787066425798 7.2073776350363946E-6 1.0019920528385315 0.03522942710184541 
4.393782107884724 0.863488180922286 1.0029762941047502 0.0024068304259089353 1.0004035374392914 0.02683090858787976 
4.324209783208448 0.8558149055017192 1.0008089892475382 9.312134294863839E-5 1.0000276759468805 0.056259665915906074 
4.998634537730743 1.0000917426038851 4.467764147820892 1.0863760786659478E-4 4.486274228796746 1.9456946926993333 
0.7449818905374093 1.2551725281412682 1.028993006870008 9.79629857681552E-6 1.000187228893237 0.04360519809331777 
4.999367964071269 1.0000547605073866 4.039472960828337 5.627182190690246E-4 1.000875668454442 0.004884507523475051 
4.350202914799085 0.8665216883497769 1.0029903043352495 8.276437649590925E-5 1.0019756305787155 0.048087068330938364 
4.998634537730743 1.0004765090197847 4.115253896651021 4.0714208149821355E-4 4.414134198493118 2.0112333541938394 
4.907860889325032 0.9946093860316224 1.0029762941047502 8.666848328058615E-5 1.0005689387829235 0.023973376826075816 
4.283021179257674 0.7993107404374055 1.0023372653364446 2.3011507105471344E-6 1.00015624973154 0.02258488820581303 
0.35039217650299426 1.6531215316066223 1.0529578395914254 4.4910074973855576E-5 1.0010764978852176 0.02234299528040573 
0.2671153730887825 1.736183721645225 1.0008070680645667 1.330687639188678E-5 1.0002032316904528 0.05565443813532324 
4.73575461116446 0.9187388382033042 1.018421479247877 3.3755070497771167E-4 1.0000003912106499 0.003070890735088245 
4.785226842427835 0.9808015634027153 1.0012341213718055 4.483974952628542E-6 1.0003763032739037 0.026504086153627468 
0.002907924549167329 1.9975211686078072 3.0474783629902307 1.80386853155825E-5 1.0002439364389666 0.7570446123521338 
4.194719919685461 0.7328172081502289 1.0014262754982348 5.695227232795087E-4 1.0002019000467663 0.012645399544255712 
4.9992838737410485 1.0000571818305473 2.735870371873988 1.0693414034998358E-5 1.0007889997940846 0.04984990166119645 
4.999485690398081 1.0004671171748913 4.643879350256652 0.0023574499006621752 1.0027036089731314 0.04502065309549563 
4.955235830137064 1.0001315461287346 1.000266903053574 9.873351544436605E-6 1.0001557410208748 0.032053146483859804 
4.999399417882903 1.0004765270696114 4.459045036114102 6.189232116667905E-4 1.0010815688949355 0.010382319552206474 
4.998634537730743 1.0000917426038851 4.19516276378412 4.0102196821871635E-4 4.608563637725042 1.4962436182955479 
4.998620823802885 1.00050044803838 3.836752650676792 2.4583230708202336E-4 1.000051173028347 0.01106421424204764 
4.884495846885182 0.9696865388489461 1.0016603229840422 2.2758419141980707E-5 1.0001577548591873 0.005538512387350529 
4.999485690398081 1.0004671171748913 1.0307196345517735 8.288459266253493E-4 1.0027036089731314 0.04502065309549563 
4.998634537730743 1.0004765090197847 3.9236453847632276 1.0863760786659478E-4 4.486274228796746 1.9456946926993333 
0.003178449852378834 1.9974695450633781 1.5368481611171296 3.9024266521704026E-4 1.0004502783233247 0.044184474494030776 
4.9992838737410485 1.0000288359233511 2.8209416156577967 6.9361591272564E-5 1.0001382141375517 0.06616435830764303 
4.998503426808688 1.0000583897439976 3.0644063578167193 5.078089694342729E-5 1.0001499024820721 0.001108387655000079 
4.999399417882903 1.0004765270696114 1.860594829274961 6.189232116667905E-4 1.0010848992898371 0.010382319552206474 
4.9994818932163545 1.0000676239498358 3.5624965289643917 7.912116447599107E-5 4.6966668325348735 1.9361343727272047 
4.99936173474475 1.0000580282154579 4.903268683394827 9.781507318582861E-6 1.0219659452779042 0.12848465489021862 
4.4507200107577765 0.8481487086616097 1.005387817084971 0.0020501357396328444 1.0004761177270927 0.09138318183539285 
0.0041846060429004545 1.9967060333308417 2.347580226798959 1.1388117783135904E-4 1.0000408083923247 0.015196043734297247 
4.157311252582583 0.7262288731322237 1.0001940495912898 9.332320703955293E-5 1.0000923876842744 0.006364841300354612 
0.16806929493559375 1.8337538472959949 1.004260908545411 4.559363116915906E-5 1.000234079680182 0.007265604854874354 
4.998634537730743 0.9998121821506926 4.377162817021901 4.0714208149821355E-4 4.797183044304404 1.3819537178471377 
4.999416364958555 1.000041991770525 3.1306090291547086 2.1822785061970702E-5 1.0001461345244733 0.0016872993410534157 
4.9986002009989265 1.0004828918371407 3.9198295523230864 9.484027194853255E-6 1.0000151703256324 0.0046261826249653915 
4.999056427965765 1.0000420053729937 2.4309774534521216 5.748766126827142E-4 1.0001432434496196 0.021770766875537063 
0.002907924549167329 1.9975211686078072 2.919491234593289 8.672318428134434E-6 1.0002810390504 0.014157691777236376 
4.979098433937542 1.00050044803838 1.0386204168324347 5.298296911587756E-6 1.0000576080783687 0.010428068908686213 
0.0022182267886147883 1.9983094985002547 3.2525694053599605 3.0934360403496325E-6 1.0004239843786609 0.027404527370333952 
4.4507200107577765 0.8481487086616097 1.005387817084971 0.0020501357396328444 1.0061605100752524 0.09966477392508433 
0.0022182267886147883 1.9983094985002547 3.354925322770239 1.977574405923181E-6 1.0004239843786609 0.01778837286434699 
0.2203846841652234 1.7839140413396977 1.0296214003382642 2.20203673898687E-5 1.0008579730552898 0.01578274004521866 
4.162233501678369 0.7262288731322237 1.0037568426442183 5.349236973634257E-6 1.0001888007079625 0.008052352766083813 
4.999439510580227 1.0000296841831406 1.4463339589769537 9.413943530362987E-5 1.0003231550042893 0.03789570449819325 
4.9965101197682635 0.9991705132743247 4.775270764037851 1.440165381857876E-4 1.0029625157013193 0.06766488514745483 
4.998568832314943 1.0000420538889936 3.324277003334171 5.4971015975411795E-6 1.0000720508009175 0.015848954782766475 
4.999416505354118 1.0000420538889936 3.324277003334171 5.4971015975411795E-6 1.0001577548591873 0.13061006023900612 
0.2671153730887825 1.736183721645225 1.050446713661701 1.4003505541901643E-5 1.0002032316904528 0.05565443813532324 
0.002907924549167329 1.9975211686078072 2.921897792931919 3.8880907274250337E-4 1.0004410758334736 0.014157691777236376 
4.999056427965765 1.0000378632851445 2.428190457932278 5.748766126827142E-4 1.0001431495921607 0.02173237350190734 
4.9687633407645935 1.0004671171748913 1.0108377025665318 8.278175026371407E-4 1.0027036089731314 0.04502065309549563 
0.2203846841652234 1.7839140413396977 1.0157904962930855 2.20203673898687E-5 1.0006558808311679 0.01578274004521866 
4.999282534184165 1.000042509327623 4.775270764037851 1.7456429122690895E-4 1.0029701448209685 0.06616435830764303 
