1.0163307526282466 0.9851969736805083 1.0001428338589613 3.2702773529099186E-4 1.0000181166140927 0.0076508961165398515 
4.998327549386672 1.0003109885772108 4.976429691358711 8.838288461751057E-6 1.000507009399391 0.01069112812264962 
0.7107609270281308 1.2926961974900242 1.0038699019718402 1.4441437603604848E-5 1.000033380547001 0.04674791250892216 
0.47853338237130005 1.5296330397897808 1.0006977945526518 0.0013617371719716947 1.000027891626408 0.09571317207953803 
0.6978315233331496 1.3059170572887822 1.138393130745259 4.069851181406491E-6 1.0000112992840713 0.01753460018106251 
1.0163307526282466 0.9855054764061354 1.0744219915581366 3.0398652970475348E-6 1.0010497516723764 0.0076508961165398515 
0.16416291849981235 1.863965588099581 1.0038699019718402 0.0013887003138338407 1.000062899679636 0.04434526214989765 
0.2850066605526389 1.718586096005259 1.1502110846349145 1.0416705618739E-5 1.000505717256328 0.20152012057770624 
4.998948429601086 1.0003115515663368 1.0395561503508315 4.070265091056103E-5 1.0000787066142733 0.007915970634327509 
0.0024746155124992686 1.9996765905249603 3.554971029665692 2.060131699866789E-6 1.0012109187238531 0.03793547386157572 
4.431717637538813 0.8222119750262095 1.0020462028854853 4.6325274675320397E-4 1.001622901932844 0.10760057889989211 
4.998174883141766 1.0003317306987167 3.7083114396945436 3.7535769310580076E-7 1.0000446669429348 0.00815959002028114 
4.21454515605396 0.7636984592295946 1.005987452434725 3.6665845700838964E-7 1.0000039070051316 0.004122183218322244 
4.996379140816185 0.9988919576100624 3.42886626171964 8.891153500460505E-6 1.000063622911982 0.002039080767931408 
4.998243125176445 1.0003038644499436 1.8366890439305017 1.1820159985297807E-6 1.000017326396936 0.007321482747367616 
4.115690763114145 0.7120741300636613 1.001229376986965 9.85489939432615E-6 1.0000044948693605 0.028680744560034353 
4.996534696436536 0.9989467145288025 3.175047658203581 2.8032053996012345E-7 1.0000444417015857 0.09464575609528048 
4.465382859377999 0.8518364180242687 1.000318699458638 1.361424465286151E-6 1.0000776472114155 0.0502968489280372 
4.6323724419449865 0.8775267288330038 1.007971751571937 1.0482083915350416E-5 1.0000348721753567 0.009017790478132302 
4.998243125176445 1.0003317307862591 4.8934458025688645 1.0772480646757266E-5 1.000017326396936 0.007321482747367616 
4.9981749000281495 1.0003399411342027 3.854100461698194 1.7986076669811298E-6 1.0000646495352683 0.00815959002028114 
4.998145217708178 1.0003317306987167 3.5185494619361286 4.986440298293386E-7 1.0000787515806917 0.05207935109879784 
4.242796573739269 0.8160570955740543 1.0913024348680584 5.290081305050595E-7 1.0003708102892435 0.011882506141128103 
0.0032228783052270817 1.9969723011085245 3.1451463975015668 2.5879033732157178E-8 1.000146514314984 0.004241080111417883 
4.996589374483877 1.000347285485329 2.28459273108737 1.4507971007129027E-5 1.0000919623837239 0.010641012456737571 
4.497722913723364 0.9054978761043747 1.0259294745038379 2.682893395407739E-4 1.0000466025477224 4.8136669906372325E-4 
4.920921883483368 0.9967776341123765 1.001135149875797 1.0299401061952208E-5 1.0000609181616151 0.03612713454234016 
0.014160121237636325 1.9944295380648438 1.0000328735829567 1.3125434188532642E-5 1.0000985369249267 0.03697811475506541 
0.0032228783052270817 1.996971418520142 2.256000210896917 6.196640055906259E-7 1.0014083403428937 0.07744997630119561 
0.3082020401694474 1.6938028913046523 1.0003585932320813 1.040163809407817E-5 1.000094304553784 0.014300833513157089 
4.998145217708178 1.0003256624149175 2.3379683622642653 1.760829990380828E-5 1.0005495775768924 0.010722410011198408 
0.006462613705875975 1.996114817033794 3.7337572215567283 9.223453118734343E-6 1.000034009539638 0.11181049039065474 
4.998241341252936 1.0003043691496876 3.078813030170337 6.428453037286552E-5 1.0000335146788852 0.006908342026716675 
6.135828951883641E-4 1.999554013768264 1.3181049640953146 2.4288907792734276E-6 1.0000208195749187 0.007171121898654931 
0.11132710071183838 1.8931605847935085 1.0128320241887623 4.977590827580176E-7 1.0000165061899953 0.00701839709838867 
4.996904907199892 1.0006536618087383 4.655630748686468 4.604298034744967E-6 1.0010341393978583 0.004924746966337511 
4.817750089274797 0.9528076615113775 1.0000756236816826 2.18151044932262E-7 1.0000241516883632 0.018692937756481107 
4.554746834213896 0.9661635424961912 1.0016353936344622 2.0437928668810625E-6 1.0001046483698903 0.03697811475506541 
4.99634526370738 1.0003320637881628 2.647024476731831 1.8000117936101318E-7 1.0006027725221964 0.05938509200485706 
4.9691579626055296 1.0017064141579908 1.065816599170719 9.571188121609555E-7 1.0000187114384935 0.049252779739679856 
4.996477360465098 0.9989103900964234 1.6992038458664482 2.9958278861623965E-6 1.0003625408128747 0.040775543472673474 
4.7554657552221755 0.9389549677259004 1.0010782619573684 4.317439126306213E-5 1.0000545109133754 0.05062761992084501 
4.308389481909009 0.8846582399163737 1.0003849183415006 1.7023962173950617E-5 1.0000467632114742 0.10766873897040408 
4.998227542120066 1.000346823744218 3.9858501954658583 1.4690410567098877E-5 1.0004951362352952 0.014219296151257867 
4.84097175280249 1.0288890959217034 1.013486728838279 2.8661618962113208E-6 1.0001531050142667 0.014055895492678216 
4.165613592272347 0.8105787224085512 1.0000709511133983 1.2993818484580099E-5 1.0000036386919138 3.51453957998439E-4 
4.996546147381142 1.0003266981697208 4.584089235702773 2.0627348832346952E-6 1.0049817286359415 0.03338668891599321 
4.665577816023407 0.928847608703565 1.0015259752628376 2.21428186081089E-6 1.0000512676921356 0.04720237556999877 
0.4485255131665089 1.5580716811790611 1.0747647175596382 1.3030591842241088E-5 1.0014251228562914 0.014303965828260528 
4.788361626545262 0.9470872489081011 1.000143818387189 1.0538707052814937E-7 1.000103945803984 0.002618272933067314 
0.06884833259099876 1.9584149420250803 1.0572579726033184 2.277646642569777E-6 1.0000514634119546 0.12311965976480843 
4.724293375154667 0.9553408300725567 1.0014257844021737 4.528672648391823E-4 1.0000117603449852 0.016209127617755073 
4.998145217708178 1.000331730699271 4.3303549272032456 2.7026746906983414E-5 1.0000134901207012 0.0518543392696949 
0.003218500831365258 1.9970413596279044 3.3613924388149954 2.4859280485319016E-5 1.0004990805006144 0.005991928927939427 
4.385677251128164 0.8139337018302083 1.0056948037285594 4.473602470627022E-6 1.00011902120233 0.0373161813389708 
0.3661549443117767 1.640104951626952 1.0052703239280114 7.870865270220495E-7 1.0000562784656992 0.0764077848005407 
4.998145217708178 1.0003317306987167 4.42971700553151 4.2041734817282366E-5 1.0010119994374793 0.014997428146071178 
4.998343945776629 1.0003109775799774 4.757873582150189 8.830989882711246E-6 1.0010313530237225 0.05489049418558552 
0.0024746155124992686 1.9996765905249603 3.362833298770553 1.620479852168049E-5 1.0004793007035968 0.031418211269077956 
4.94640875783914 1.0005549182473061 1.029393778161412 4.940437496570803E-7 1.0000787515806917 0.051197097444574895 
4.348488123730823 0.8086947430903154 1.0543239192109932 1.8572490998642753E-4 1.0010637945070615 0.0109686698046885 
4.998241496407571 1.0003109775799774 4.179687956320747 8.732698199393592E-6 1.0010313530237225 0.10058521734774291 
0.3912010973376006 1.6336524916279047 1.0052703239280114 2.7814725952138713E-6 1.0000592383527709 0.002432558767305852 
0.0032214122889001637 1.997541707137772 1.6250683722302082 2.0885020018218815E-6 1.0001837966746128 0.010184414093671445 
4.9981452505243835 1.0003317306987167 2.6672842250795537 8.838288461751057E-6 1.0006031012256742 0.01069112812264962 
4.127222781627234 0.8788973576015773 1.0079694655276805 1.1236418843754356E-5 1.0002767404800357 0.009017790478132302 
4.998165282553645 1.0003300862220332 2.8774159962567927 1.314792330904773E-4 1.0017199922805002 0.05810993670196003 
0.006462613705875975 1.996840644034605 3.7337572215567283 9.223453118734343E-6 1.000034009539638 0.08176972806109328 
0.0018057118803102568 1.9996100584014074 2.460946486126269 3.245427720220304E-5 1.0000652527077216 0.07408399344231435 
0.0032228783052270817 1.996971418520142 1.7790367259672772 1.037259804875501E-5 1.0008772987348615 0.026856384154939107 
4.583203205708957 0.9533036942411814 1.0081076565458906 1.1997951178147463E-5 1.0007050575677283 0.037255266708053736 
4.5988446826296165 0.9657153268424148 1.0016353936344622 1.0651810277154414E-5 1.0002450542748988 0.01546692864268341 
4.892487899747659 1.0003115515663368 1.029393778161412 4.070265091056103E-5 1.0000787515806917 0.051197097444574895 
4.341195610626959 0.8081991420771177 1.0001466012002433 9.203211941150908E-6 1.0000040354222237 8.716499820078747E-5 
4.996527202295211 1.0003305346743494 2.8774159962567927 1.314792330904773E-4 1.0017034059399212 0.05810993670196003 
4.2842019118299275 0.8203549916664907 1.000082747280978 1.6946413479274603E-5 1.0000467632114742 0.10785165758370874 
0.0032214122889001637 1.997541707137772 2.022994715364688 2.0885020018218815E-6 1.0001837966746128 0.03277333397691479 
4.998243125176445 1.0003219710667295 4.106850397891007 1.6909424245873343E-5 1.0000355174680169 0.04818646782086029 
0.0822068940435865 1.9337985320317923 1.000177275403246 2.848437930330817E-6 1.0000911592777881 0.0019916371240298637 
4.741787608328705 0.9800363900243162 1.000172467777308 3.0401133061659085E-6 1.0000027187343687 0.002441968012930451 
4.385677251128164 0.8139337018302083 1.0000044578247358 4.473602470627022E-6 1.000009144833361 0.02274756242077708 
4.792125701201467 0.9800363900243162 1.083924039823312 3.0401133061659085E-6 1.0000027187343687 0.002792934802633224 
4.996527562569668 1.0002932197481111 4.7595565995081195 2.149095216039583E-5 1.0010511018766826 0.05810993670196003 
4.888528301887178 0.9661635424961912 1.0016353936344622 2.7679892005483614E-5 1.0000985369249267 0.03697811475506541 
4.860290405688356 0.9553864166908974 1.1271869701925992 1.0589629195493136E-4 1.0000339422628126 0.0826843648862273 
0.0031422624245876695 1.9968579786475615 2.956814780255382 2.548354464434418E-6 1.0000701468606041 0.00203920993803533 
4.527409070774971 0.8869488422713538 1.0001013275443356 2.772171163127607E-5 1.000186536190688 0.0016223532178616228 
4.998145217708178 1.0003317306987167 4.048564490538764 2.5819424280355537E-5 1.000077891806095 0.05207935109879784 
4.158395777303262 0.8105787224085512 1.0002803189109182 1.2993818484580099E-5 1.000006468045084 3.51453957998439E-4 
0.0024746155124992686 1.9996765905249603 3.0408673392066707 4.024140603061499E-5 1.0004793007035968 0.02836426309986341 
0.003148136202916766 1.9968579786475615 2.813249763942445 3.201472701525126E-5 1.000146514314984 0.00203920993803533 
4.956440904457523 0.9913387653221353 1.0301707795208352 4.487350443337329E-5 1.000718914732779 0.09571317207953803 
0.0032214122889001637 1.997541707137772 1.9825732386673878 2.3690583901026036E-6 1.0001837966746128 0.010184414093671445 
0.003148136202916766 1.9968561082225598 2.51957020125136 3.201472701525126E-5 1.000146514314984 0.0755551499661867 
4.998145217708178 1.0003317306987167 4.4844857347022185 4.5366336917567656E-5 1.0010119994374793 0.014997428146071178 
0.003237693178076919 1.996971418520142 2.789266238339479 6.456355630328404E-5 1.0013509003930186 0.02637432604529716 
4.699357553684943 0.9657153268424148 1.000177275403246 2.848437930330817E-6 1.00015272967647 0.0019916371240298637 
4.860290405688356 0.9553864166908974 1.0447705300587575 0.03321251746423041 1.0010577683102573 0.0826843648862273 
0.003221468673036349 1.9968595664456645 2.6565665315816482 1.7776982708455386E-6 1.0011300585970555 0.031290075995906386 
4.681899165713652 0.9800363900243162 1.000172467777308 3.409744220421489E-6 1.0000027187343687 0.2958073011704203 
