1.026295632737531 0.9753266943428727 1.0003347493304315 0.0012325151977521293 1.0000048762553804 0.002548371051306869 
4.999115999675163 1.0003755067845246 4.988013542457403 5.039602438919753E-5 1.0001799769411088 1.0379314900996985 
0.9983982823850177 1.0021459330264022 1.3394741562461348 3.881151710811415E-6 1.0001348815181468 0.005467996079932584 
0.22502415327177827 1.8071851647219397 1.0052460121495252 1.2205746540422163E-4 1.0000002541943254 1.7588041276474795E-4 
4.897555837966934 0.9949647952722717 1.131619568364782 2.0804397790300644E-5 1.0000067892007642 0.02572380064306562 
4.948988710565598 1.0032775771382905 1.0002773387370938 6.25757903771738E-5 1.0000785009762367 0.019110100494486297 
4.428785516111394E-4 2.000354456965607 3.4855490666759996 1.2547910335272632E-5 1.0002141676932748 0.0023726944540035377 
4.752635138783386 0.9188150925388966 1.0004025515760533 6.548694944914622E-6 1.000147803151585 0.013465482319635347 
4.999290052601238 1.0005276868526987 1.3894190146764633 2.2640404401146383E-5 1.0000022688686974 0.17798115235706857 
4.9992906660287195 1.0005298471762512 1.8897868789182368 1.856581971192499E-4 1.0000069638320659 0.0020088633367290522 
4.722843161261957 0.9243420274604951 1.0551634169459396 6.005249820601889E-5 1.0000021955930858 0.019057654707613232 
4.999026533861409 1.0003578683477052 2.40874993320593 2.5332581188455327E-5 1.0000526797356275 0.1535418587365513 
0.1821363517671304 1.818165414086252 1.0003873102397176 5.944590039795296E-5 1.0157477060212652 0.07926764613824525 
4.599661544738748 0.8678596157858761 1.0005651764970183 4.554884070906949E-5 1.000030169125878 0.0033372304550764106 
4.428785516111394E-4 2.000354456965607 3.6706604933220057 1.4622721746219915E-5 1.0024116247456982 0.025492055489121174 
4.999115999675163 1.0003751632603621 4.988013542457403 9.444563534935933E-5 1.0003160703402418 0.33135139772285616 
4.875387859058278 1.002102020930802 1.001701945849493 1.001293549298028E-6 1.000004676839612 0.03923932310010088 
0.0017845217424032195 2.000689790849122 3.31691268566108 1.0986205822566364E-5 1.0000229971520318 0.008483932332607441 
4.812583556371791 0.9604556393907129 1.0190525453612773 6.341470652177481E-5 1.0000241830764212 0.0012871798176398337 
4.999290052601238 1.0005276868526987 3.663222757331682 2.2640404401146383E-5 1.0000051590011625 0.1514779611378193 
4.999300132765822 1.00052818713043 4.2096176070612 1.135724223639821E-5 1.0001740108831598 0.10810280491857083 
4.99773899040167 1.000526655632736 3.98719915282645 2.853281770598317E-5 1.0000325687933176 0.15798611167371496 
4.3844598965932855 0.8699021901790489 1.0016592259727057 1.4296393968580198E-6 1.000207651984964 0.02273890436049512 
4.999123310293513 1.0003755054675465 4.887226701018352 5.3392745004977136E-5 1.0001827605003295 0.0019614943219611117 
4.428785516111394E-4 2.000354456965607 1.661346536791812 1.4632235529822196E-5 1.0007435721237745 0.0642424440927475 
4.472660488674832 0.8561945034881792 1.0015857940413133 6.248455643119273E-4 1.0000325761194016 0.0010732124023549172 
4.971099304208898 1.0006723740516188 1.0014034290133547 6.850631312568984E-6 1.0003162957374054 0.14061310251031223 
0.00249822174814245 2.000354456965607 2.4123552104974846 2.383354288428924E-5 1.000032685351689 0.053659151588677005 
4.098082715859316 0.7096482796185517 1.0007796378724247 9.491128641493879E-5 1.0000283650251014 0.011893223080018528 
0.0018976380137154802 1.998325071528252 2.2143143029439427 3.7855290056615875E-5 1.0001400922561583 0.02081317896945841 
4.645700875823426 0.8936476671175938 1.0091683868890267 6.954914885452333E-5 1.0001386423581724 6.922775901523708E-4 
4.063066315474532 0.693760475637691 1.0002529724784093 9.838841346278931E-6 1.0000798212610151 3.7080936638781564E-4 
4.997309204410574 1.0013300128281852 4.546935716515709 1.1749031863018651E-5 1.066174752363971 0.3478538875895012 
4.998960919589442 1.0004835773206624 3.774357096443622 1.966062467018248E-5 1.0000008109283975 0.004736280818776674 
0.002068514799673615 2.0006482525528138 3.056093871719132 7.581592707119045E-5 1.0000391270020499 0.014326130051914354 
4.793268373738129 1.000482886858625 1.0000912401467124 2.4732618330533374E-5 1.0000183839957064 0.0013426981087356245 
4.999030947643373 1.0005329883890426 3.3281247928351543 9.511935892985762E-5 1.0001536836838754 0.002666923633894397 
4.645700875823426 0.8936476671175938 1.0091683868890267 6.954914885452333E-5 1.0001386423581724 6.922775901523708E-4 
0.0023643704041347766 1.998368701027159 1.0002086715166105 1.0264372985717982E-4 1.0000181697953365 0.0015817044142198457 
4.999177789548243 1.0003646751288882 2.0859939491950175 2.0290600001687125E-5 1.000322714645273 0.007165337389703659 
4.195005384130205 0.7618902622459651 1.0766874756529816 6.603768485686721E-5 1.0000022223688345 0.006554582272253499 
4.999359178067324 1.0004317368327644 2.6980088117335814 1.0576156797185873E-5 1.0000855648613085 0.0576971829683372 
0.11896986853082121 1.8827576372618986 1.001639487327678 2.5542045987234644E-6 1.0000123084694874 0.15042356980501156 
4.286333222281994 0.8528242734983991 1.0001599196654176 9.113824474588994E-5 1.000010934973785 0.019745155382854422 
4.119131562021017 0.8528090745855768 1.0001599196654176 9.113824474588994E-5 1.0000030603324352 0.019745155382854422 
4.997853364308361 1.00052818713043 2.275278996542215 2.1618027840380356E-5 1.00004966147665 0.10810280491857083 
0.06067522111807748 1.9474628861251597 1.0378451311199237 1.007470556222821E-4 1.0000681660298827 0.0021184678089249693 
4.845076102114692 0.9565504968060515 1.0000393291493672 9.255054430577604E-6 1.0002075572722344 0.02345387870958238 
0.0020656999019602624 2.0003582683454475 2.9178348211776237 5.427866669210393E-4 1.0001033856642754 0.006588555852190477 
4.6887425794506905 0.9618844327555278 1.0000658167183214 2.0194000770921576E-4 1.0003162957374054 0.14061310251031223 
4.6887425794506905 0.9618844327555278 1.0000658167183214 2.0194000770921576E-4 1.0003162957374054 0.14061310251031223 
4.997309204410574 1.0013512722581577 4.546935716515709 1.1749031863018651E-5 1.000147810187709 0.02374976850536185 
4.156553731507011 0.7620459425772956 1.0907076891264953 1.0674449383836346E-5 1.0000024364707574 0.006554582272253499 
4.99850563506299 1.0005418527662129 3.5336165393392145 5.2478961301016824E-5 1.0001391251052283 0.0261347982204291 
4.999365031050543 1.0005329883890426 3.063862179521289 1.3393318116999897E-5 1.0001349127980685 0.06004349356851867 
4.3236477834345495 0.7749113513734902 1.0000906445494462 7.054591072414425E-5 1.0000048583049277 8.823513619221927E-5 
4.249684313033688 0.7618902622459651 1.0017566833876885 9.405825068628054E-5 1.0000022513182876 0.0014799959368129723 
0.001903194166269534 1.998368701027159 2.030901601376228 0.0013184314396806856 1.0000297705467867 0.01798346546557639 
4.999393115032211 1.0006027951620917 3.114072279819181 3.0680985924974756E-5 1.0000470311211027 0.39473936889035177 
4.998993924852778 1.000431897082244 4.685339738948419 1.6182829448393783E-5 1.0672325684903614 0.33508981312237396 
4.206556116438464 0.7618902622459651 1.1291097808814663 9.405825068628054E-5 1.0000022513182876 0.0014799959368129723 
0.001903194166269534 1.998368701027159 1.8835689492570604 3.7855290056615875E-5 1.0001400922561583 0.019738316399053123 
0.0020998193383286365 1.998368701027159 2.753759198841086 2.1491366470536712E-5 1.0000068202727121 0.01546245243237981 
4.500262792865145 0.837521318680828 1.0000906445494462 7.054591072414425E-5 1.0000048583049277 0.05512385383079093 
0.06678524659396459 1.9429363728216158 1.0001128650533373 1.3311528074053515E-5 1.0000089772048102 0.006935400726034636 
4.851273366939723 0.9739574023687199 1.0183598575696826 7.746915636620952E-5 1.0000424300954964 0.08859972479347508 
4.99912073456963 0.9998597183349813 4.412889083207479 2.0345939476101656E-5 1.000050908170273 0.10952132339049897 
0.11896986853082121 1.8827576372618986 1.0897430241124695 9.723167718948779E-5 1.000007729564629 0.156195271731338 
4.998919286537682 1.000483496184671 2.9005055918207074 1.547844895766172E-5 1.0000008109283975 0.15370352675874094 
4.999177789548243 1.0005394833584451 3.4778313482867342 8.291496916826317E-7 1.000322714645273 0.007165337389703659 
4.995158982722558 1.0021782681394915 2.9005055918207074 1.773073293892824E-5 1.000013145082085 0.15485467248079754 
4.437503343626407 0.8431293761226242 1.0015857940413133 1.11648789124996E-5 1.000033060893522 0.03772971137393305 
4.9940223711034015 1.0006027951620917 1.0003820883525398 3.0680985924974756E-5 1.0000308751306752 0.0032532330511764462 
4.295042190615376 0.8399410572223661 1.0185573539821087 9.35983331544448E-7 1.0000324775899692 0.03772971137393305 
4.999266735305617 1.0005301457338125 4.106501205507339 4.248507491042926E-5 1.0000923961299413 0.15269746230347206 
4.527735480256006 0.8432522074986432 1.0021653782147986 1.001293549298028E-6 1.0000404088829131 0.03918320439051353 
4.999030947643373 1.0005329883890426 3.3712150365755775 1.3393318116999897E-5 1.0001926346264685 0.002666923633894397 
4.24400221953356 0.7618919099317809 1.0001599196654176 6.595905833148318E-5 1.0000133015970494 0.019745218751822096 
4.350804774782467 0.8897931899144971 1.0092872453482584 3.079840200253773E-5 1.0000883865449433 0.05275384633838045 
4.999359178067324 1.0004318114601454 2.7042402537486945 1.1255833536040002E-5 1.0000867509176707 0.003145102964457972 
4.554868392433777 0.8944012761570715 1.0134916992208294 2.873312056535139E-5 1.0001386423581724 6.610008011588009E-4 
1.026295632737531 0.9763175637007507 1.0113919911541183 2.696331228373705E-4 1.0000048762553804 0.002548371051306869 
0.00249822174814245 2.000354456965607 3.1734301569906984 4.42655509256004E-5 1.0000058016205164 0.05207275645552639 
4.527735480256006 0.8432522074986432 1.0747225343706177 1.001293549298028E-6 1.0004063731863648 0.03991384297674946 
4.437503343626407 0.8431293761226242 1.0015857940413133 1.11648789124996E-5 1.000033060893522 0.03772971137393305 
4.99850563506299 1.0004172069344248 4.320425615868883 2.0439195394723542E-5 1.0001384646732994 0.01532357697459067 
4.428785516111394E-4 2.000354456965607 3.2080620502674697 0.019414463625025746 1.002391233138347 0.07330552909763013 
4.998993924852778 1.000431897082244 4.685339738948419 1.6182829448393783E-5 1.0672325684903614 0.33508981312237396 
0.0012582930656784195 2.000278660687723 2.5866502756166256 7.581592707119045E-5 1.0000424300954964 0.08859972479347508 
4.34236817042773 0.7809223506167042 1.0000890109289193 9.120518872785877E-5 1.0001578929750137 0.07732311349300769 
4.99773899040167 1.000529082287449 3.8766781216670125 2.748939481891314E-5 1.0000325687933176 0.1254495279968267 
0.0021065493448564543 2.000401491430803 2.8159805299128706 2.1491366470536712E-5 1.0000068202727121 0.01546245243237981 
4.428785516111394E-4 2.000354456965607 1.2142508635015759 5.3753378175498E-4 1.0024111751075533 0.4841629009554962 
4.409254567951819 0.8213995223129867 1.001846798134614 6.188027822530252E-5 1.000317206875628 0.02364463186454653 
4.999357830801896 1.0004315107210553 4.810000882852545 8.138521225074418E-5 1.0000389239164786 0.42488788155702223 
4.997307429798165 1.00136741027716 3.902765286827431 5.904881540834733E-4 1.0000563507064497 3.185380417855925E-4 
0.0012582930656784195 2.000278660687723 2.569096397446931 7.581592707119045E-5 1.0000391270020499 0.08823344355069708 
4.490959788126792 0.8368135855174672 1.0000890011204382 7.058270285951464E-5 1.0001578929750137 0.07587920974202214 
4.999266735305617 1.0005276868526987 4.106501205507339 4.248507491042926E-5 1.0000923961299413 0.15283906857012486 
4.999393115032211 1.0005328408014296 1.016114412835007 3.0123350745514795E-5 1.0000308751306752 0.0032532330511764462 
