0.8480069299841814 1.164768668085733 1.0013511989491255 1.113763921581793E-5 1.0002557303750226 0.0014794915265932112 
4.997245219008517 0.9996109977025291 4.999555486855021 1.945027447397857E-5 1.225043066432667 0.8550010991941073 
0.2816819238831072 1.7348672163351433 1.000309365776877 6.072039900117074E-5 1.000000658345128 7.45293837692289E-4 
0.49414885006382014 1.5069275694059459 1.1191058092504873 3.0288721365498557E-5 1.0000410864166562 0.36201292057831946 
0.5988227307917526 1.4022069114799403 1.0015190330008372 5.087947754138768E-4 1.0000439110737962 0.002050883362472186 
4.349063778331685 0.790662315124776 1.0045661310871132 6.686076638946183E-5 1.0002296807004298 0.006830314533335217 
4.997268125524508 0.9996118404948445 3.848008300345239 1.0559805011047102E-6 1.0004039567752205 0.0034989568041789293 
4.427635967607765 0.8449691224967504 1.0005816813287096 5.418064228262106E-5 1.0016130850536824 0.007996015034955138 
4.387023075858251 0.8597409422850775 1.0054125871109478 1.7518542243363116E-5 1.0000144925337175 0.0020506300495953256 
4.997495544145608 0.9996276729284248 4.730469970110843 1.447547066533097E-4 1.0000065808290033 9.792147318653938E-5 
4.998036717988639 0.9996290495684931 4.053222436987688 1.43216329050442E-4 1.0000024321881844 0.028971712178874946 
4.697329194660877 0.9200196498141824 1.000879123680991 1.9494163036335452E-4 1.0000638247033118 7.337529723814365E-4 
0.16633788684993822 1.8382280039566083 1.0456468982163991 2.7501822357772248E-5 1.000404123453736 0.03930180456120419 
4.7315348757055515 0.9996289428331933 1.0010262740938627 7.130310047215637E-5 1.0000819906367961 0.02969653416733936 
0.004477853022039069 1.9989692979306308 3.2309497473441278 1.5995173079373843E-5 1.000001567811866 0.0037107223942376977 
4.997581399481688 0.9996130058211683 2.7107937512208338 1.2807206164235739E-4 1.0000885023312451 0.00193359234831645 
4.9994486852312265 1.0000294766232483 1.1379215750482912 1.653949769655595E-4 1.000191506440068 0.003472705082202876 
0.0013624887375266843 1.9988087036514364 2.4997677130039886 2.655466356076702E-5 1.0003386720238314 0.007388335614429024 
4.997605139872374 0.9996161853872627 3.363786286418532 0.0012812986417797163 1.0002136973480247 0.026244322226693102 
0.0014809278935263848 1.9988087049272678 3.037528508283845 5.648990758739983E-4 1.0000260642822987 0.005663114383113996 
0.001369696003707344 1.9988054086974703 2.100585646966476 1.0595734277714548E-5 1.0000020210030067 0.016099630200673717 
4.997278543353949 0.9996126668210892 4.355233154638774 2.5385385212579284E-5 1.0001485403382984 0.023415236721842623 
4.291705059988278 0.7911578579540024 1.0871070881591596 1.5214641266939662E-5 1.0000193186211401 0.2622577880801044 
4.994532527131216 0.9995927799654252 3.7325889498302676 3.058647434784107E-5 1.0000223178730479 0.0035016417586633047 
4.996215077266826 0.998875552538402 4.5195508802677375 3.123480821751212E-5 1.0003585895361329 0.10786688217876997 
4.9980373152987605 0.9996108107527543 2.3118144463990404 1.8671880625746157E-5 1.000029558714375 0.051637324236462834 
4.997225786521171 1.0005463490625224 1.8419661988095895 2.958091217156338E-5 1.0000214557520313 0.04319648507930429 
0.4965600901363325 1.50520426614739 1.001069976074831 4.8443895666706394E-5 1.0000964415831257 0.009373352833045495 
0.0013747783746314733 1.9988053917427464 1.7748480021910877 2.9058413717619674E-5 1.000728069872411 0.005830777946096085 
0.001391189980433749 1.9989183951474303 1.585867454108382 1.5508930278854892E-4 1.0000010205285 0.0056565430498373565 
0.0014809278935263848 1.9988087049399612 2.291959042948231 3.1513418726837866E-5 1.0000192251760054 0.007760287813183584 
4.913356013135606 1.0100114423147737 1.0063858924209368 7.028614324236136E-4 1.0000966086834 0.013980324122237304 
0.001350371841129984 1.9987017403469074 2.8834324309090733 0.0010221497659947919 1.0153101969638736 0.061813586807820016 
4.668921898648918 0.909716831681449 1.0003656779435133 9.212125892227747E-6 1.0002518495529804 0.008728459272988211 
0.2027679485974078 1.8013841187231785 1.0033827681223073 7.912096978934433E-6 1.0000243118784806 0.0017867042992774328 
0.5987285941257456 1.4021463230170113 1.0861118035358657 5.427145578147375E-6 1.0000643864167407 0.004659961131413791 
4.957816729252333 0.9879678589903496 1.0000406509270034 4.66252697700178E-6 1.0014689938781827 0.021923225823925918 
0.0013326140028473103 1.9989183951474303 1.0940002840030858 1.8757237238223854E-5 1.0004435769376436 0.0030193669871449794 
4.996215077266826 0.998875552538402 4.5195508802677375 3.123480821751212E-5 1.0003585895361329 0.10786688217876997 
0.24607012810307216 1.7588813331610247 1.0003682066465933 2.95325524384713E-5 1.0000069439872783 0.1288141400401272 
4.969172321859012 1.0023076215580575 1.0442044874530918 9.542577901934196E-5 1.0001941717146572 0.0019266605309964894 
4.786185568601371 0.9309506974425964 1.0063550864581738 5.5856346596669234E-5 1.0003935736953256 0.02000469632432093 
4.998015702346774 0.9996128275052438 2.939511819405667 3.0408246233814586E-5 1.0001951720400992 0.014307548093966154 
4.997945493701351 0.9996267160332986 4.850636110922326 1.832054322419142E-5 1.000020846773253 0.0261331911730103 
0.09522046333774214 1.907410162621466 1.0003927931866505 2.1642047205251832E-4 1.0000091345801638 0.008034051384276403 
4.286927738816509 0.790662315124776 1.004652221272209 6.176906389246755E-7 1.0002298724314278 0.006830314533335217 
4.153782692910199 0.7882795596537858 1.0138603482610016 1.13227409518443E-4 1.0001941717146572 0.0016701210562105936 
4.997488623120463 0.9996107867601988 4.9647997288512045 1.3963356483005456E-5 1.000010990473096 0.003015675852975519 
4.492286480898344 0.8449691224967504 1.0002356361442117 7.025925781889235E-4 1.000065882454975 0.0035324666258908094 
4.187905772106005 0.7883339366129973 1.0138603482610016 1.13227409518443E-4 1.0001941717146572 0.0021518280236762274 
0.012658024308638716 1.988111825875851 1.0003235823090522 1.0206971511600541E-4 1.0000107518815902 0.0037094841923877905 
4.997550982424026 0.9995925356843348 3.160814783929793 1.1289833910457133E-5 1.0000002586787256 0.021899263496906997 
4.9980373152987605 0.9995809092250276 2.105745020417507 1.830927953502944E-5 1.000029558714375 0.006772265964483601 
4.64772850032819 0.9131831143079667 1.0003525190487086 5.045407171793417E-4 1.0000123403372958 0.009315101232814597 
4.997601694044201 0.9996128275052438 1.012303117855883 8.583476062683573E-6 1.0000376075331634 0.013829416022252534 
0.0013719930305925892 1.9988087049988914 3.716772689994816 2.2076370353716468E-4 1.0003138692602807 0.04883692623851904 
4.836456223895999 0.9746123433578976 1.0003656779435133 9.212125892227747E-6 1.0000222315744673 0.008838977317588363 
0.0013719930305925892 1.9988087049988914 3.563595913157765 2.2076370353716468E-4 1.0003138692602807 0.04118595901795219 
4.467720448489866 0.848124147801763 1.0039472590141996 0.0012931450637109002 1.0002120324426864 0.026428016226451138 
4.072052964568606 0.8438558269607359 1.0187089409946024 6.213749115049101E-5 1.00023007885108 0.015376018009013325 
4.881939916549099 0.9763944843127624 1.0043809534141974 3.1444086397819266E-6 1.0000379216677622 0.0033511205082040196 
4.572707735266385 0.8897936531682369 1.0024521485751596 6.337548792438261E-5 1.0000205251750538 0.007239154441078866 
0.004477853022039069 1.9974525492933242 3.385731238836761 1.303908265456467E-4 1.0002244673273732 0.2954869236506037 
4.559326113700375 0.891361883310845 1.0324544201561283 1.8691617793015077E-5 1.0000222315744673 0.007239154441078866 
4.114452373175526 0.7287935069124204 1.0002905790428627 4.962873161397022E-5 1.0000914552446514 0.06996192498625797 
4.998036717988639 0.9996290495684931 4.053222436987688 1.43216329050442E-4 1.1109475701716136 0.8305852483311486 
4.760937311572721 0.9421805063372735 1.0002796324274823 7.221802580966344E-6 1.0000691832638071 0.0020359822608093502 
4.532444493325345 1.0082666763417494 1.012006771427599 7.669733075597678E-5 1.0002120324426864 0.010674132977779104 
0.0013670713452068055 1.9988087036750417 2.688715138665977 2.799820539539048E-5 1.0003411639468673 0.4089687889538736 
4.626995217888387 0.9183654889491718 1.0003873037336535 7.040005840968941E-4 1.0000140754843263 0.013873508655881236 
4.997601694044201 0.9996128275052438 2.9859835556960186 1.750844246860457E-5 1.0000077154344122 0.013767192924095908 
4.997965671008697 0.9996276759997424 3.5918815191499838 2.881319935571242E-7 1.0000167384835674 0.004239280594129722 
0.0013624887375266843 1.9988087036514364 3.593835860634167 2.1939219951576952E-5 1.0003125290265742 0.007388335614429024 
0.004477853022039069 1.9962412578930118 3.415449452060766 1.5924962999965488E-4 1.0001064124881192 0.003789535784079867 
4.928142957523751 1.0015325349238613 1.0063434892301724 9.912937876444248E-5 1.0000942919247215 0.0669481946596095 
4.997278543353949 0.9996126668210892 4.297973712321834 3.0804791457396107E-5 1.00014882340806 0.024327958202283104 
4.114452373175526 0.7287935069124204 1.0000616720942137 4.962873161397022E-5 1.0000914552446514 0.06996192498625797 
4.997599861916517 0.9996281062813713 4.931599929023978 4.4788744998964035E-7 1.0002245957623133 0.034783838845205764 
4.596976437615229 0.8882230810972489 1.0028944745456245 3.103419666563433E-5 1.0003607789400295 0.016390747188034214 
4.805578808826761 0.9836522853174787 1.0048202929047552 9.697832242990285E-5 1.000003985919308 0.29454519041852545 
4.998036717988639 0.9996290495684931 2.521109929278054 1.917346908687863E-5 1.0000152100913533 0.028971712178874946 
4.881939916549099 0.9763944843127624 1.0043809534141974 3.1444086397819266E-6 1.000003631036082 0.0032889031992911115 
4.214101561393502 0.7431205628426669 1.0030167647881554 2.560543473583779E-4 1.0000513114932426 0.009736576264873308 
4.163097723874188 0.7940048498486054 1.0366223456931818 1.5924962999965488E-4 1.0001064124881192 0.003789535784079867 
4.998036717988639 0.9996290495684931 2.533673984810693 1.43216329050442E-4 1.0002190302627503 0.028971712178874946 
4.853297194989049 0.9763944843127624 1.0271583660755792 4.66252697700178E-6 1.0016086985952874 0.008198183539736515 
0.0016879109071684965 1.9988054048548582 2.7274477403934214 3.645843824433975E-5 1.0000190785597745 0.005807692679985849 
0.05393441993836423 1.948852485918573 1.000858729163286 1.9319508107812404E-4 1.0001029327641802 0.016600896871922812 
0.09522046333774214 1.907410162621466 1.0431769274485252 1.0281323246997377E-4 1.000001040658971 0.00392609932880251 
4.765838888530898 0.9419906841933088 1.0054125871109478 1.7518542243363116E-5 1.0000382690971206 0.0020506300495953256 
4.249966946448841 0.7530627282001814 1.0003722037545533 1.082146804108104E-5 1.0003876343808957 0.019626803458175492 
4.997945493701351 0.9996267160332986 3.1278828310279168 0.0017153613103508096 1.000020846773253 0.0261331911730103 
4.997581399481688 0.9996130058211683 3.562725248314878 1.2807206164235739E-4 1.0000885023312451 0.042295910942189305 
0.05393441993836423 1.948852485918573 1.000858729163286 1.947815040191717E-4 1.0000221978820818 0.016600896871922812 
4.805578808826761 0.9839395416614296 1.0006708776817745 9.697832242990285E-5 1.0000042630378059 0.29454519041852545 
4.997592674259387 0.9996316745948701 4.229554865788872 5.779310919104953E-4 1.0001132469190819 0.009966645843397745 
4.223241699931407 0.7911578579540024 1.0029484053659008 6.552574925573521E-5 1.0002148549597931 0.0032610173431053876 
4.596976437615229 0.8882230810972489 1.0028944745456245 5.084598506064714E-5 1.0000849440361759 0.016390747188034214 
4.511380554985226 0.8450083880591576 1.0003651480847071 3.312227614290594E-4 1.0000429629174328 3.273848031943517E-4 
4.467720448489866 0.848124147801763 1.0081232739443973 1.7991680240974956E-5 1.0002120324426864 0.003086670689635423 
