1.0343980642279593 1.0000224444306944 1.004812944666082 3.836817397135255E-6 1.000028838252789 0.0015824377743840698 
4.997796234613943 0.9994066173711644 2.235975877325223 6.949915017132727E-6 4.999882868750071 0.01208329781684497 
4.997796234613943 0.9999873616088145 1.9820393324347925 1.8165153728449067E-4 1.0851803005041882 0.35293350048228644 
4.9166517275091275 0.9992093688621665 1.0076741236838713 1.4648701727157487E-5 4.6128731510487615 1.4005801005118905 
0.30034427026519017 1.6997819609615687 1.0006994063594943 3.5281193423591803E-6 1.0000288672973308 0.002878646896028316 
0.0013057140158641012 1.9994256594868907 1.773771188833905 3.836817397135255E-6 1.0000013102797205 0.004309311812148019 
3.987769580765155 0.6696361709618002 1.000612353010656 6.560078687431476E-6 1.0000911604449434 0.011765687040403653 
4.986387283846445 0.9975629565746573 1.0003434804151279 2.601681995440866E-4 4.599472945048101 1.4482172447295092 
4.930175786226573 1.000715092605633 1.0006269845793596 4.691765618086989E-5 4.649789469994526 1.4215652122109774 
4.997372542368141 0.9993919803653605 1.65144014534369 1.3190939475616124E-6 1.00037694835874 0.04131994899895438 
4.997879874123084 0.9998970386471396 1.151417871289508 2.1962701282413424E-5 4.99993590570378 0.05006439295118707 
4.997796234613943 0.9994066173711644 1.9820393324347925 1.8165153728449067E-4 4.998404928770252 0.012584682908797218 
4.599708675330422 0.8755472280180526 1.0003352506937948 1.8647313549547735E-5 1.000226241799481 0.0098414858661836 
4.632638919097157 0.9032108476431789 1.0003686345372236 3.4811327413711204E-5 1.0000024480959986 0.007172016550054693 
4.998244291306538 1.0002988141070683 1.0291068665116974 5.192074545688274E-6 1.0001137178426673 0.015480471753162361 
4.99784597570967 0.9993919803653605 1.7791569808234855 2.7580194664801455E-6 4.98294888638552 0.15789163814136603 
4.511347563612963 0.8443269233941507 1.0017622591983415 2.4825349788129814E-5 1.0000118445200787 0.003903286785139035 
0.013063347603139198 1.9874041833105691 1.0000146460869428 3.749175358160563E-6 1.0000001104204717 5.275127017280888E-4 
0.19180929046849915 1.8140390861577202 1.0000043586495568 3.563998251098928E-6 1.0000138516310104 0.018645879527023963 
4.581295559843438 0.9220015957828335 1.0003536787242207 4.0865711145664156E-7 1.0000056793592507 0.048977150934714914 
0.06692470145280091 1.9347850062314151 1.0021417586564363 3.4467243451772112E-6 1.0000625805606753 0.002961930649865843 
0.0013057140158641012 1.9993450565954776 1.4079152051593191 2.3310406143369057E-5 1.0000175236110251 0.006577196512912447 
4.701313974536479 0.9258346411506225 1.0003170346873247 3.7725601821244714E-6 1.0000599236896277 5.171846711532714E-4 
4.081782653576738 0.7268243756058725 1.00064458493463 5.324647800255032E-6 1.0000995610681054 4.6486489722780133E-4 
4.059782425808204 0.7379856424964218 1.0010349601087838 1.3986818106054572E-5 1.0000412480868817 0.0016323622851054376 
0.12576914157743024 1.8818494994371053 1.008661039751761 2.6842853474121927E-7 1.0002614515391846 0.26888863153622 
4.225080399731369 0.788142060996673 1.0006113536151906 2.602086821954527E-6 1.000103385389126 0.013376072648194478 
4.479672323355157 0.8676388056231024 1.0005541768425332 5.983265939969682E-6 1.0003330350250452 0.004383434970168822 
4.298358064342735 0.7794869974887552 1.0006972964962382 2.4515661466580673E-6 1.0000358352066376 0.012905814569908748 
0.0649549180985991 1.9437998397475353 1.0324065327726997 3.575553361132169E-6 1.0012627550943938 0.08871681958324 
4.398112422909766 0.8165785387944244 1.0011643506259436 3.862908522476202E-6 1.0000747871606077 0.04669805547294129 
4.5568750616042815 0.8822222135885642 1.0011884904641082 1.5817109554064487E-4 1.000033837008346 0.04669805547294129 
4.436046993236795 0.813284134766937 1.0006212423782115 1.3063229804246653E-5 1.0000911084790804 0.04075762180052769 
4.420074754889551 0.8122071330554134 1.008134723856601 4.265989448720899E-5 1.000002500947957 0.001517588899989603 
4.993854215678571 0.9996012715440814 1.0001816424189265 1.3759412836385955E-5 1.0000064468529504 0.0022654546200144335 
4.523535484394736 0.8604067742403428 1.07157891140991 1.0837244715468265E-5 1.0000013634252642 0.01102416584162404 
4.723795405129045 0.9181246521074389 1.000125343083523 7.21587864707627E-7 1.0000140651796574 0.005892642647001067 
4.842562388200637 0.9695434247789545 1.0240843123560204 9.571229467854988E-6 1.0003783846892187 0.03785392953020227 
0.24940961199605627 1.7565443194239099 1.0508990834097736 8.788415518684955E-6 1.0001368960850057 0.004603914282867137 
4.335656623420913 0.7793070912505794 1.0045585878799639 2.687545362129764E-6 1.0000018536351905 0.008946807085868733 
4.790512669009642 0.9777536277453831 1.0002111340327977 1.3197006785842727E-6 1.0002831511435146 0.0020731756225174465 
4.3162009804171495 0.8010721480422986 1.0003825706095286 8.199780837600105E-7 1.0000091888772125 0.011973714895700108 
6.645529334444759E-4 1.9996062261328875 1.028273257795009 1.264953863644707E-6 1.000065140775696 0.2560443553180884 
4.11974686523247 0.7268243756058725 1.000633010998226 5.115820875393452E-6 1.0000995610681054 0.016017680002149304 
0.12576914157743024 1.8818494994371053 1.0003677008016716 9.59627893456745E-7 1.0000051641666605 0.006992903198207331 
0.24940961199605627 1.7565443194239099 1.0007897481617567 4.1505330689057073E-5 1.0001368960850057 0.004603914282867137 
4.831224707616095 0.9646342048486989 1.0001281747527402 1.116132694669408E-6 1.0004649125677512 0.006804946561055462 
4.035753555358565 0.6974869538368154 1.0000587608973104 3.85295446106852E-6 1.0000752653736853 0.0011558066376524125 
4.968468732239005 0.9939682083518961 1.0001488883440965 1.2999750254618782E-5 1.0010170780784036 0.009863280972745716 
4.883446291032369 0.9770222038379419 1.0009130410963967 6.928157040679784E-6 1.0000645011761466 0.01229350099231963 
4.107592276790779 0.7262812617036987 1.0003523378564623 5.131279363926393E-6 1.000173946774038 7.237346407628822E-4 
4.245101559270055 0.7787792936726116 1.0006520432026462 3.806439816473661E-5 1.0000394517237987 0.002428000623704635 
0.17973245257620496 1.8329182088168 1.058752336283154 8.734583048407177E-6 1.0012650833278622 0.005881190403625031 
4.997796234613943 0.9994066173711644 2.234581824778548 1.8165153728449067E-4 4.998404928770252 0.01629132474470274 
4.274327443134743 0.788142060996673 1.0205810756425142 1.804061992040608E-5 1.0011219912967226 0.009798657070150532 
4.915972329871859 0.9796082259521454 1.0133466921690937 3.751147940090531E-5 1.0000648856304402 0.04109076305575887 
4.546742498277247 0.8604067742403428 1.0000019257241517 5.503131403213483E-6 1.0000111130196259 0.01611046717242111 
4.902749045183957 0.9750198213615571 1.004520160879618 1.1897808804010933E-5 1.0000001957935059 0.004392497844828068 
4.996696476841761 0.9992162381405243 1.0014542858742739 5.739114768720427E-6 4.922623282837273 0.42273657764269834 
4.9313977252697105 0.9992093688621665 1.0075813482604747 1.4573312885692342E-5 4.6128731510487615 1.4005801005118905 
4.202808473590108 0.7429468087544127 1.0017385709134368 5.221625280439994E-7 1.0000316169063181 0.002382021237370799 
4.99784597570967 0.9993919803653605 1.7791569808234855 2.7580194664801455E-6 4.989660696114529 0.15789163814136603 
4.991364842140907 0.9992162381405243 1.0014542858742739 3.8208595738224435E-5 4.904290304485016 0.4409005995422316 
4.171833427064016 0.730742501257453 1.000852442062741 3.836817397135255E-6 1.000028144064055 0.0015824377743840698 
4.812539505491252 0.9893948712212605 1.0025096564578575 3.468597611222032E-7 1.0000125183601163 9.485649061318695E-4 
4.998218057930534 1.0002988141070683 1.8802584796882122 3.432720357796385E-5 1.0001107508002647 0.010901244313755595 
3.9997678139157027 0.6696361709618002 1.0001327270732001 6.560078687431476E-6 1.001020045639055 0.009813643045740023 
4.782349560209725 0.9295851272320995 1.0000175866707595 9.60149074624948E-7 1.0003270439694538 0.023551687526668703 
4.352950838057146 0.8169596241004665 1.000128783911806 4.2101269988879136E-5 1.0000137977466392 0.17480400295016071 
4.195427395267831 0.7791196055623844 1.0000783542925142 1.0384372479521262E-6 1.0000161718598422 0.002395252687471765 
4.998218057930534 1.0002988141070683 1.8202753623011358 3.432720357796385E-5 1.0001107508002647 0.011374237386838333 
4.147182931285516 0.7192630349584124 1.0001494409286966 2.5381012487863716E-6 1.000015100985327 0.040936415267927156 
4.863145487343384 0.9616398650945545 1.0051773415742247 5.24229719550955E-7 1.0001735891364796 0.001438832488019461 
4.472122644933567 0.8676388056231024 1.0002155633067757 5.902550954859005E-6 1.00033960940182 0.004383434970168822 
4.7637635432604535 0.9303739316034729 1.0003217466699275 2.195505767635638E-6 1.0000564162510233 0.011935102935658587 
4.965880083169659 0.9939682083518961 1.0003549954828637 1.814459001405218E-5 1.0002427807219583 0.009863280972745716 
4.147182931285516 0.7192630349584124 1.0016546077156339 2.5381012487863716E-6 1.0012908624963976 0.040936415267927156 
4.863145487343384 0.9616398650945545 1.0039165585037058 2.877190864727865E-7 1.0000351733612982 0.0013486152735182628 
4.45621699737597 0.8803777604502748 1.002009201973196 6.684412421395804E-6 1.0000946712694816 0.012187782795676684 
4.996409727106326 0.9993403174289257 1.0006312293681965 4.513119824508392E-5 4.669474005802768 1.443222913865787 
4.6828166761058645 0.9220015957828335 1.0000677010156338 6.179214671147172E-7 1.000005731526945 0.008605016844458895 
4.767273982214392 0.9751703805074812 1.0134262626070354 3.623035662967106E-5 1.0000643137325822 0.004303939823122414 
4.6828166761058645 0.9216427231200811 1.062058098441431 4.3783943716004145E-7 1.0000069294546816 0.024938451118377475 
4.812539505491252 0.9893948712212605 1.0061959890840246 3.468597611222032E-7 1.0000547064551846 0.0015929223795694003 
4.949269864074145 0.9896648305109174 1.003895420962995 1.7512496532370658E-6 1.0001209901478663 0.022940352557669436 
4.99784597570967 0.9993919803653605 1.0133226426347068 2.7580194664801455E-6 4.98294888638552 0.15789163814136603 
4.174649244208275 0.7776063096404573 1.0000783542925142 1.6855969641680573E-7 1.0002652584041747 0.002395252687471765 
0.0013057140158641012 1.9993450565954776 1.6193040224195492 2.3310406143369057E-5 1.0000175236110251 0.004741717557079892 
4.747412504468132 0.9181542232103665 1.034938683576449 1.0719958246525518E-6 1.0000118445200787 0.007163381425941383 
4.0152915512549345 0.7789153261530053 1.0011700494875853 3.76774799259916E-5 1.0000165314256275 0.002428000623704635 
4.929086426389884 0.9910305105387999 1.0017528423340012 4.296654619990786E-7 1.0003226719025484 0.002393990805357745 
4.665183149003765 0.9134666496210616 1.0206865924161508 3.493479636519684E-5 1.0001521781106029 0.017358624683223207 
4.665183149003765 0.9134666496210616 1.0206865924161508 3.493479636519684E-5 1.0004771207937007 0.017358624683223207 
4.370806703262159 0.8604067742403428 1.0000019257241517 5.503131403213483E-6 1.0000111130196259 0.01611046717242111 
4.379813666879433 0.8143055907828994 1.0327925197149077 1.7267881518653526E-7 1.000040163706952 3.677555887097346E-4 
4.648136076149283 0.9118256944757004 1.0048502487314435 3.4642128388221405E-5 1.0012583752899982 0.013650994911588091 
4.9311876564813195 0.9911389432463245 1.0153495026765589 7.6930553392238E-7 1.0003226719025484 0.002393990805357745 
4.361440532229427 0.8010721480422986 1.0003825706095286 9.257703084002074E-7 1.0000482088416034 0.011958701372631662 
4.260832300037835 0.7676087434348805 1.0011862973632877 4.768538544271593E-7 1.0000357535882871 0.0012312804666342256 
4.7345695919199855 0.9290827969917336 1.0007899617892584 4.154883987965579E-5 1.000137269061772 6.795571045470948E-4 
