4.999286306966723 0.9998689399171294 4.471460420464071 3.292412007522217E-6 4.899517819037735 1.8969094203000676 
1.0358543061850822 0.9645689988403416 1.0004812732237487 1.2057483237779678E-6 1.0001418463005771 0.047530012867558855 
4.999286306966723 0.9998689399171294 4.471460420464071 3.292412007522217E-6 4.899517819037735 1.8969094203000676 
1.0358543061850822 0.9645689988403416 1.0004812732237487 1.2057483237779678E-6 1.0001418463005771 0.047530012867558855 
0.5958839658751753 1.40415498408515 1.0000004208825581 3.729134674548208E-7 1.0017707413814168 0.012797477175662948 
1.0094035763528684 0.9991880185904065 1.0768129733992826 1.610813992837064E-6 1.0000621497481796 0.008147940726450656 
4.999003783911922 0.9997565295477022 1.0663137723570428 9.83978158364573E-6 4.958920423712918 0.753431305078099 
0.5644501502660701 1.444503040602947 1.0739205276929902 1.2029630647570803E-5 1.0054549228907916 0.2685860825947153 
4.996625340992562 0.9998688006510584 2.5983549290150543 1.108102632871504E-5 4.927720575881851 0.3322256931557262 
0.3607528552725242 1.64150779260335 1.0003151325544686 1.4138736382217395E-6 1.0001441649354734 0.09494265527691795 
4.999267614526136 0.9998571065796346 3.6475811302784464 7.194725099492964E-5 1.112216735130972 0.4994864780247996 
4.999107822349127 0.9997677314450365 4.279328988782006 7.045472879434437E-5 4.922850530062376 0.5175291990904847 
4.4737044869904405 0.8416023455370132 1.0004288029760864 3.2423646366349746E-7 1.0017704780060612 0.011230230633989195 
4.991944203546189 0.9983155543458885 4.1270839514570214 0.16175473679400235 1.0006270074981967 0.027106123456967446 
0.004776305009451809 1.9971906014035696 2.766052837155203 1.2475199493991359E-5 1.00002951404601 0.0043309471657379806 
4.998746101645107 0.9998689418561201 4.469503764500596 4.8979583449441885E-6 1.0002949600021513 0.6299622844541668 
4.518929800495776 0.8614613578130769 1.0001524812012792 3.4025673315387153E-4 1.0000156885968687 0.038784516749944334 
4.998819232677721 0.9998664529790718 3.229534668257927 7.219592418025993E-5 4.994249425606949 0.040740546685850365 
4.999329141731504 0.9998816804838605 3.0948881088800966 1.6148690145233537E-6 1.0516363764157841 0.32842991280128236 
4.9988137646294835 0.999856061866963 3.6195203597423666 1.0810699968613714E-5 4.995282220712909 0.5824734178618252 
4.2182747100725555 0.7505570126527668 1.0004286372778068 5.086145413940351E-7 1.000010268347933 0.026334736298376647 
4.999003783911922 0.9997565295477022 1.0663137723570428 9.16761393173534E-6 4.807434841098402 0.753431305078099 
4.998746101645107 0.9998742952935169 3.3836042311805326 4.8979583449441885E-6 1.0002949600021513 0.0013703924907453244 
0.05940634035962722 1.9445818812570612 1.0002139509914685 5.5335298865670274E-8 1.0068714563737582 0.05893399446123045 
4.663236743037896 0.8910961681590117 1.1602611357983208 3.7433015636227884E-4 1.0003034902773091 0.002745717695868257 
4.63904211907392 0.9845446639637737 1.0014959030062076 7.694086022561888E-7 1.0001467160692739 0.004628586061062294 
4.174815485750973 0.7465879874202436 1.0003138889183136 2.628811258638462E-7 1.0000167185883637 0.015860150874560323 
0.19929022959101275 1.80364005750427 1.0839625005535058 7.22956018503734E-5 1.0023589216671682 0.010083978729981378 
0.14049331609774374 1.8739263225856555 1.0002139509914685 7.063247228419985E-5 1.003193970554291 0.013682276461580128 
4.99874088668631 0.9998742215178342 3.578883240042665 7.547652572971186E-6 4.929622816754877 0.33233701521300985 
4.999267614526136 0.9998399001977539 4.165981320219963 3.2524250242513843E-6 4.737719351941231 1.0154197333333126 
4.70457251299733 0.9240665787896014 1.000232595603311 3.1626393109227718E-6 1.0003281265488353 0.022935003138982314 
4.999267614526136 0.9998390600845524 4.471460420464071 3.2524250242513843E-6 4.880767271950127 1.5019909350546623 
4.998746101645107 0.9998742952935169 3.5384909160740636 6.281461009445587E-5 1.0002925983088902 0.0021596563234259833 
4.392098211325943 0.8026776700363096 1.0040605036615893 7.574467211426706E-6 1.000007940808562 0.0774805653828335 
0.0069342342575174154 1.9969121956650255 2.5618925811660143 2.8056977411315457E-6 1.0029672748593679 0.01779484129734934 
4.999267614526136 0.9998390600845524 4.471460420464071 3.2524250242513843E-6 1.0418939899165696 1.5019909350546623 
0.006932171870401849 2.003137058949698 3.5435763562459957 3.6876961069026807E-4 1.0000157702514223 0.24686050113349767 
4.999003783911922 0.9997565295477022 3.0212044116273464 9.19240809465125E-6 4.958920423712918 0.753431305078099 
4.425250829656762 0.8362410244038326 1.0004003051081443 2.5843350518745816E-7 1.0000159495418732 5.341317330969653E-4 
4.550875008196916 0.8757968074902842 1.0158859541155918 3.4025673315387153E-4 1.0000986898737578 0.06088667415498729 
4.999267614526136 0.9998399001977539 4.172267544030442 3.2524250242513843E-6 4.737719351941231 1.0161072112308245 
0.09854055629354674 1.9025413353185627 1.0007465841042935 5.638866687498274E-7 1.0003611569936843 0.022637552040674917 
4.998839859270543 0.9999582462331459 2.4149200360397733 2.4516509241037827E-5 1.0000121020571169 0.018213987487441324 
4.999007638281894 0.9997543910654306 2.9115128312519802 3.8178407059334175E-6 1.0002949600021513 0.0021596563234259833 
4.569064558871082 0.8572095828612117 1.0945842869167883 5.1365121434606234E-5 1.000060533201554 0.27491865088035433 
4.787580699182759 0.9694510488390065 1.0154079529441014 2.5653196421159848E-6 1.0003538137133057 0.011484924515818243 
0.01006347050115873 1.9970731440786123 3.180533840083565 0.0545039325025041 1.0029437691424534 0.016862008403641153 
4.999325031914661 0.9999842650501547 4.226789523560747 3.295808196131868E-6 1.000899758027921 1.0007958441729288 
4.059704133272274 0.7835041956738191 1.0005840022519357 7.096164796099141E-5 1.0023710560746004 0.026120352008596873 
4.723202947420239 0.9994891448852137 1.0071904690347542 3.8125164282536044E-6 1.0006073156118607 0.002565957981187839 
4.999267614526136 0.9998399001977539 2.940830607951381 1.2438936514449723E-5 4.939624080163801 0.33233701521300985 
4.332723089160769 0.8091471374650516 1.000175340771675 1.431470539971245E-6 1.0000882778484939 0.004755974419881583 
3.9617910057312966E-4 2.000063947659443 1.0059500428383068 1.3383988457534152E-6 1.0000775695655122 0.014832077651980802 
7.085194966352515E-5 2.000063947659443 1.592968260793763 9.125347817414367E-7 1.001095116034641 0.09615087216003665 
4.999267614526136 0.9998390600845524 4.471460420464071 3.2524250242513843E-6 1.3312847442865108 1.5019909350546623 
4.998819232677721 0.9998664552089261 2.6859593446585714 6.0278921783671204E-5 1.0272729225632484 0.5906552950353977 
4.969015342967262 0.9997565295477022 1.0225520466455544 8.264467962680624E-7 1.0001239084456937 0.001762520885026958 
2.3110948679487282E-4 2.0000200357481233 2.2844962589230566 6.230208681250387E-7 1.000272444145244 0.01455947157026058 
4.895075617769053 0.9806458733848286 1.0001601309674024 4.855824080990131E-5 1.0010883842140967 0.007155834670526613 
4.999267614526136 0.9998396761611181 4.571542822382931 3.2524250242513843E-6 4.737719351941231 1.1179073489798692 
4.044904027433271 0.6912956432370535 1.0003731860895042 5.235701152115491E-5 1.0000000766669928 0.0038029474448792334 
4.7528092147035155 0.9255564446257706 1.000232595603311 3.360448362390607E-7 1.0002893077200148 0.022934196151849915 
4.857903961303491 0.9869284906061365 1.0058967632545097 4.060532040800286E-7 1.0001467160692739 0.004628586061062294 
4.30003009917864 0.7923932915961858 1.061100063413102 8.504078346159579E-7 1.0000557525465446 0.07481397047668492 
4.253816515750618 0.7705716000189443 1.0004003051081443 3.02463272332331E-7 1.0000242848662095 0.023143611663431235 
4.95476137929186 0.9937005120158986 1.0001711463577325 1.4191934242023288E-6 1.0000622922653977 0.004874799341806284 
0.28706370282972427 1.7170096063007172 1.0394725121105164 1.434924151226526E-6 1.0001322759801041 0.09377962422664143 
3.9617910057312966E-4 2.000066523989933 3.36713023864906 1.4888726202621072E-6 1.0024568293883283 0.010669197565097578 
4.99928059868421 0.9997713442262806 1.0002284234103043 1.481324705631762E-6 1.0003059251641244 0.007486656416242913 
4.604161159706677 0.8759996862567627 1.09135404249724 7.766936417777851E-8 1.000092384339665 0.007188377169242077 
4.998745821012597 0.999756547185744 1.5738900683648458 0.007046503009822139 1.0002089770181206 0.003560064740267488 
4.999325031914661 0.9998813229915289 4.172267544030442 3.2524250242513843E-6 1.0256405217797147 1.0007958441729288 
4.288503342046077 0.8023855736999493 1.0004313105587836 1.2430451557269515E-4 1.0000088166885097 0.0020536948062746217 
4.999250901325043 0.9997565295477022 2.0888658750191933 3.180204112208198E-6 1.0001239084456937 0.26520898388554953 
4.353977693773451 0.8098224628393182 1.0291499023129413 1.5008046858264969E-6 1.0001696576436343 0.010038312721481674 
4.991996817471912 0.9999061617224397 1.0165879085979113 3.7310093609318465E-5 1.000322168340454 0.003907119712258211 
4.998733301869018 0.9999582462331459 2.304479540383161 0.0029319859505485706 1.0010329091884882 0.32253467085615994 
4.829500810035736 0.9650321521121304 1.0004154139526298 7.694086022561888E-7 1.0001484734799548 0.004931499007337881 
0.3607528552725242 1.64150779260335 1.0483941406241675 1.4497982797435667E-6 1.0001441649354734 0.05342179562626795 
4.604161159706677 0.8759542131394826 1.0004003051081443 3.02463272332331E-7 1.000092384339665 0.003756556732127214 
4.829500810035736 0.9650321521121304 1.0460595026476804 7.694086022561888E-7 1.0001484734799548 0.002274103708833945 
4.144265294640924 0.8094124572551106 1.0004003051081443 1.1930552429045464E-5 1.0000499700191223 0.023143611663431235 
4.4146062382652955 0.8362410244038326 1.0254865323927043 2.392914326402586E-5 1.0000163027163875 8.714731162600686E-4 
4.999267614526136 0.9998390600845524 4.471460420464071 3.2524250242513843E-6 4.876202526928191 1.0339522681251982 
4.263422274256376 0.7705716000189443 1.0004003051081443 7.344764098171514E-5 1.0000242848662095 0.022905073050727268 
0.3051988168434924 1.7004892957063418 1.007189647946324 1.6491208738787228E-7 1.0003662273081717 0.0021848733066204967 
4.800515703599914 0.9684020559947115 1.0003931078584496 2.3901909849281297E-7 1.0003538137133057 0.022917779181903464 
3.9617910057312966E-4 2.000063947659443 2.148371472326565 1.4888726202621072E-6 1.0024187451682012 0.010431094710036865 
4.991944203546189 0.998320958162279 4.1886979431266536 2.3284625955724146E-5 1.0006270074981967 0.027106123456967446 
4.9992970856375525 0.9998688006510584 2.5986220920148346 2.4130204891512476E-6 4.927720575881851 0.4994178511461178 
3.9617910057312966E-4 2.000063947659443 1.831672740277946 7.0017215159387E-7 1.0000495071482396 0.07981865540925957 
0.006932171870401849 1.9942319914624744 3.323508609589309 2.6067532411508734E-4 1.003123256654801 0.10944233831450702 
4.857903961303491 0.9869284906061365 1.0014959030062076 8.576359492778824E-7 1.0001467160692739 0.004628586061062294 
4.103184358531641 0.7835041956738191 1.0005840022519357 7.096164796099141E-5 1.0023704867753496 0.02654606359178439 
4.136594016773711 0.7264710578951141 1.027462415500876 3.498007366514231E-7 1.0008370512560272 0.004874221043908784 
4.750369853572444 0.9255600975353564 1.0009348672557106 3.203738914204825E-7 1.0012417065702002 0.006038762263533587 
4.998735563154761 0.9999085298070134 3.5749144700623052 1.0322846987141881E-6 4.997296922118022 0.036766056517883394 
4.918845183044852 0.9765124683494696 1.0170624705683518 6.714474157099392E-5 1.0000262156549902 0.07845814811374707 
4.998733301869018 0.9999582462331459 1.8207609193233685 0.002905319153412094 1.0007137917297937 0.32253467085615994 
