4.998962391411381 1.0007442897595458 4.984745124529439 2.1655806314372484E-6 4.998553615110795 0.011279949711283196 
1.0225804484855565 0.9828801351290578 1.0000704026082001 2.358310227310903E-5 1.0000399152594985 0.012268953235315988 
0.7623827838616322 1.2459645287689145 1.130122327203044 3.5351034434719373E-6 1.0003519929938864 0.01442245217901298 
0.40832055837398507 1.594546239555134 1.0003615857245656 2.604507975147839E-4 1.0002315874526653 0.0135021038061513 
0.20981700143082588 1.7932130472956709 1.0008250165247807 2.8456879595593952E-5 1.000166269456152 0.012790585705270044 
0.40832055837398507 1.594546239555134 1.048786318961885 2.5500281653425476E-4 1.0002307494858793 0.0135021038061513 
4.999067453320409 1.0008314718001234 4.383555918873008 8.264315498965414E-6 1.010398898431521 0.06850878792886723 
0.7623827838616322 1.2459645287689145 1.0006008792970547 3.326620602089613E-5 1.0003519929938864 0.01442245217901298 
1.0225804484855565 0.9828800494842381 1.0467047866351706 1.7982091389882144E-5 1.0000399697029836 0.012749035377566512 
4.998818686819487 0.9997231242549058 3.842321838768786 3.3367020376458697E-6 1.010634562116687 0.0692488468925708 
4.999027510680938 1.0006755424565912 3.757723724092302 1.326591691579663E-4 4.999600927686505 0.019831087161427736 
0.008205041976368843 1.992330418868695 3.2164083564749104 3.286905714531909E-5 1.003257730312028 0.015911813096260552 
4.529947070557539 0.8541109211078314 1.0005891640361222 6.678976899303373E-7 1.0061870053462383 0.02785176156161212 
4.439020177414799 0.8355348088911649 1.0451039488026146 0.003033424201894697 1.0008156537294708 0.27746880113078876 
4.999053678106072 1.0007558143721886 4.612678255104359 3.884142641445633E-5 1.010434083290656 0.34650306483334625 
4.999055555905198 0.999777649414946 4.053660321604541 8.372338891119503E-6 1.010398898431521 1.0150043300528782 
4.788872455688467 0.9848199723989508 1.057390057265415 7.406196100259928E-7 1.0064141535915825 0.049167068448738964 
4.364649881954941 0.7988862882410318 1.0007365751003412 2.484310356876352E-5 1.0005244538427431 0.010558532569929594 
4.203651104876247 0.7681901478572736 1.0003258885193715 1.0451474068057683E-5 1.0000285144303929 0.00514843160453507 
4.038823175004636 0.7314900461277846 1.0004461346194844 1.9307875810722647E-4 1.000435191734821 0.021644436249520442 
4.999053733580099 1.0008058919895266 4.173462367319763 1.0280682039568922E-6 4.9157067427498 0.5016512388821042 
4.642999482596621 0.9132093430016327 1.047918332905517 2.997460067931417E-4 1.0005312138589415 0.2791064110387378 
4.998990467246319 0.99996462642576 3.9394388556522277 7.3019740968019435E-6 4.982798014021392 0.1408658305192691 
4.999027510680938 1.000678254602213 4.686792021535622 1.3000765164500761E-5 4.998431573982206 0.019830143334611305 
0.008205041976368843 1.9923195112357392 2.782256881813609 5.400258487427577E-6 1.0311144226588582 0.18093673900739324 
4.999055555905198 0.9997770320002313 4.028531091499028 8.352801292461385E-6 1.010398898431521 0.2729834604050512 
0.2047865840379024 1.8020158413846747 1.0707858570260749 2.8966349066903824E-6 1.0100922315216865 0.2844628937923656 
4.761000535352967 0.940074801113376 1.0021632547697465 1.7866906253934909E-4 1.001774100845214 0.019039818773371353 
4.999027510680938 1.0008321364411588 1.0584778019203527 2.2938433710514448E-4 4.998431573982206 0.03694775763072211 
4.998818686819487 0.999723455765455 3.0336623844308064 0.07138001701409968 1.0103887339417097 0.05622999216341562 
4.99926568302049 1.0006451004142252 4.706713114782804 0.002474026194560727 1.014936534291105 0.2721603375543189 
4.575811186774734 0.8603129266956683 1.0001259793829271 1.4364892475017283E-5 1.001952231612839 0.011415268298138423 
0.008205041976368843 1.992330418868695 2.129843006179524 3.313588039182704E-5 1.029753317768363 0.14980225586245646 
4.619214947966396 0.9132093430016327 1.0011596876324604 2.9776005745576865E-4 1.0010921487709308 0.008647851140593516 
4.998962447438737 1.0007442610330504 4.513664334800189 4.143136183868453E-6 4.99763751212566 0.021172258453178633 
4.111626245620329 0.7276053103943112 1.0071184776491586 6.774529024153179E-6 1.0000172158711376 0.005774510489582163 
4.998991720805217 0.9997267437015568 1.7531117552272368 1.720824181321749E-6 4.995088822116552 0.304466033537632 
4.979003601883966 0.9947239123092309 1.0005773163434786 2.944229118464748E-5 1.000137953296257 0.005549481657858003 
4.998838587294369 0.9998901959272634 2.6953934755839155 6.1821676681760786E-6 1.0000891893650594 0.14574506150279506 
0.11267954083771886 1.8904972502094473 1.0033357229630164 2.812266833878606E-5 1.0000062413383148 0.006024134340774229 
4.875380899579904 0.9605764254385217 1.0006969280645472 3.164363358773266E-5 1.0017775728574176 0.07008529084499227 
4.999027376106628 1.0008058919895266 2.668025571771824 6.162179586570048E-7 4.997805545639937 0.04014459504929685 
0.008205041976368843 1.992330418868695 1.712903084909641 3.313588039182704E-5 1.029753317768363 0.16144507551281242 
4.2371538600408165 0.8443237630494304 1.0158520476244801 0.03891649040416694 1.0061472643877627 0.04909524092589296 
4.998962379174756 1.0007442610330504 2.3106909477775823 1.857302086590083E-6 4.996680509608327 0.021172258453178633 
0.008205041976368843 2.0027157834640716 1.2404535665775334 3.394235710759406E-5 1.0000346462498746 0.06136366605606003 
4.998835981812355 1.0008326909851792 3.3754894525605037 7.932953209387E-4 1.03094217466088 0.27467288944206797 
4.998961972900308 1.000749099548121 3.0244484383815964 7.49341329614032E-7 4.997640433305943 0.11817157384515153 
4.488769956341335 0.8542629906571391 1.0005891640361222 6.708322081936809E-6 1.0061870053462383 0.02785176156161212 
4.831873406250014 0.9828894247128188 1.006252564208441 1.7662330578785162E-5 1.000022242958077 0.010907209766794858 
4.998996505169858 1.0008673896849893 1.7154633394130971 0.0010106777851228573 1.0206850609146945 0.15791175125159457 
4.998983341833323 1.000854565521543 3.475955338064739 9.962463283020497E-4 4.982798014021392 0.16022429132535193 
4.9990517544236575 1.0007494505679888 4.869101019704733 2.1655806314372484E-6 4.998672687091385 0.15120991611189238 
4.278503351590317 0.862346735917428 1.1150568210362226 0.002089192556260328 1.0019272617090806 0.009789579082334507 
4.68928568101361 0.9142689867205963 1.023694357220169 2.6294430865584945E-4 1.0009368725398602 0.041773286766509835 
4.998835981812355 1.0008326909851792 3.5601612438430417 0.001013922278005072 1.03094217466088 0.27467288944206797 
4.729791158466581 0.940205917520711 1.001497975256681 8.341999722068045E-6 1.0007518856628232 0.01755002615444758 
4.683724165624938 0.9117120704766423 1.023694357220169 1.7908506816398764E-5 1.001182485319964 0.1666846585511071 
4.439020177414799 0.8355348088911649 1.0451039488026146 0.0030208891587376616 1.0008156537294708 0.44786849113450855 
4.588310002779747 0.9577885580816509 1.0011442548129108 1.1413945999195564E-5 1.0019436874297254 0.010705370196933978 
4.998961985136933 1.0007533115519234 4.771555672599196 7.49341329614032E-7 4.998556536291078 0.4437510727085185 
4.998961284034238 1.0008548985495334 3.3124911703738893 9.962463283020497E-4 4.982798014021392 0.16022429132535193 
4.829054680998116 0.9587413252023165 1.0003536972830323 2.4371555894920706E-5 1.001302369015792 0.010893476847945092 
0.008205041976368843 1.992330418868695 2.5054250385848325 1.3787665052938139E-4 1.0027137316788892 0.32522875931565465 
4.9990565136532465 0.9999683342657836 2.6104329926821217 3.284071387540373E-5 1.011554327073738 0.063521654437106 
4.999053612915004 1.0000112168510082 4.871484332904293 1.4980532475999966E-5 1.0110821490582727 0.15688440526474273 
4.359868856406093 0.7988862882410318 1.0079588820478405 1.8461362236732504E-6 1.0005291902185296 0.09506585857136467 
4.153962861521171 0.741579372496616 1.0033943729906696 2.454620257121232E-6 1.0010597967858903 0.047137886783134596 
4.258028781365875 0.8630781567608506 1.0775010743759328 0.002089192556260328 1.0019272617090806 0.009789579082334507 
0.02007853983490862 1.9933126493633284 1.0003615857245656 9.791443226723855E-5 1.00010301299176 0.03259958153016512 
4.999028009832802 1.0006270117745177 1.693876868544784 6.162179586570048E-7 4.9731729308746395 0.15418252338995114 
4.875380899579904 0.9601864387779393 1.1582744782284466 3.164363358773266E-5 1.0017775728574176 0.07011315450205498 
4.495751479168123 0.940074801113376 1.0021632547697465 1.7866906253934909E-4 1.001774100845214 0.019039818773371353 
4.998991725882231 1.000835271275807 3.177733351695392 2.377549213343584E-5 4.995088822116552 0.3224692824536328 
4.999052009653912 1.0006244080999482 2.3241136986049877 1.2593144574012097E-5 1.0268428634189235 0.15536900022105998 
4.998962379174756 1.0007442610330504 2.390967618152472 2.2176099616112086E-6 4.99763751212566 0.021172258453178633 
4.998965415751369 0.9998900855623034 3.1251443640559557 3.292492048856703E-5 1.0000815866555381 0.069277616917473 
4.95081740207819 0.9998611813969963 1.067815175879589 4.222037099275327E-6 1.0028572124121717 0.12200867737934035 
4.999027510680938 1.0008321364411588 4.259109551647181 1.0133432467893954E-5 4.998431573982206 0.3051127835205104 
4.074070437983072 0.7363978803071791 1.000590493338081 3.0417464864487233E-5 1.000018309240426 0.006936495668752284 
4.910501357798507 0.9894966712165324 1.0016148639326559 2.661594148695061E-4 1.000527112182847 0.1621093598107889 
0.008205041976368843 1.992330418868695 3.0077831325179245 3.286905714531909E-5 1.003257730312028 0.015911813096260552 
0.008205041976368843 1.992330418868695 1.961770347449836 3.313588039182704E-5 1.029753317768363 0.14364115467109997 
4.912216341589609 0.9894890265702988 1.0016148639326559 1.4348817111523179E-4 1.000527112182847 0.45141966500109043 
4.3146510823036 0.8443237630494304 1.0392813195079897 2.695425077065747E-4 1.0035231361864203 0.020784760898457044 
4.998820723319195 1.0008326794795859 4.259109551647181 7.51868514721135E-6 4.996703779164605 0.3045927923620163 
4.998835981812355 1.0008326909851792 3.5601612438430417 0.001013922278005072 1.03094217466088 0.27467288944206797 
4.153962861521171 0.7415749481126725 1.0005378537454042 1.2560008288315053E-4 1.000157385179242 0.0011365685494128877 
4.998969328609648 1.0007471805125343 4.481224274688647 1.2678382447027948E-4 4.945325113344684 0.4739793613262602 
0.008205041976368843 1.992330418868695 2.5054250385848325 3.114645385146438E-4 1.0410431018002622 0.32522875931565465 
4.998996505169858 1.0008673896849893 1.3625687800840385 0.0010106777851228573 1.0004043992942362 0.10386389856147343 
4.999027510680938 1.0008321364411588 2.63788092501873 2.2938433710514448E-4 4.99840606916262 0.03694775763072211 
4.999053612915004 1.0000178464856873 4.871484332904293 1.5023602078989338E-5 1.033523727909207 0.4663047534859404 
4.998818686819487 0.999723455765455 2.3066558579600223 0.07154701135259448 1.0103887339417097 0.05622999216341562 
0.0679076528520115 1.963479832389702 1.0028115655805134 5.7763373306806646E-5 1.000534553172385 0.006093586260236546 
4.7320241767929225 1.0010385087111815 1.001497975256681 8.263770071682205E-6 1.0007518856628232 0.01755002615444758 
4.998983341833323 1.000854565521543 3.475955338064739 9.962463283020497E-4 4.982798014021392 0.16022429132535193 
0.11267954083771886 1.8904972502094473 1.0033828743423714 1.4194881505881842E-5 1.0000062413383148 0.03597525485413462 
4.944303078761617 0.9830017537157426 1.0001400196969534 2.922092049707212E-4 1.0000121765058867 0.04014275502178958 
0.008205041976368843 1.992330418868695 3.0598611911733506 2.3913625173529013E-5 1.0005749685793204 0.023347901773091678 
