1.0230356166553156 0.977727073100064 1.0000925162490173 2.4007012987655653E-6 1.0000114402368403 3.382601123185589E-4 
4.999743850720912 1.0001105268435 3.1759283787306214 8.979542691325387E-6 4.99314894651145 0.37027312364860177 
3.9441375399131626 0.651115145024695 1.0010488670536635 1.7413124768110568E-5 1.0000605994095102 0.0033060739172475016 
0.04268303053947786 1.958522845537293 1.0011202156033538 8.248836201548332E-8 1.001006402954465 0.012929102624353782 
4.999758682591232 1.0001119336511985 3.192405729267741 3.069549950678501E-7 4.909781607658049 0.37410039213374374 
4.999801916683506 1.0001105278646483 1.0852084198300276 0.0029398042364397517 4.99314894651145 0.369367019312428 
4.999599149795385 1.0001118919152905 4.061661458594514 4.4257518241364407E-7 1.0005987454536889 0.29488106669481196 
4.999599149795385 1.0001105861884625 4.664306960247016 0.002951784703078007 1.0001351563863499 0.21041791690728717 
4.031681644342849 0.6960952952523201 1.0000724168897166 4.0483185978465724E-6 1.0004130867192804 0.2710615972973232 
4.98767467990344 1.0032788633614953 1.0003108103089684 1.918637913112594E-6 4.937117469806953 0.34667450944103545 
0.6256173145577213 1.3764975197892866 1.060404195105788 1.6630149499110916E-6 1.0000653148778227 0.054357858720203475 
0.7959102285930278 1.2043871506178203 1.000026651017064 4.70329617867138E-6 1.0000528758689065 0.02026174355233995 
4.998125648486669 1.0001118919152905 2.4657471612965827 6.735342492831195E-6 1.000093664444119 0.06628903143940518 
1.0230356166553156 0.977727073100064 1.0002712999714003 9.509861934705523E-7 1.0000114402368403 3.382601123185589E-4 
0.5004408686132225 1.50377152894223 1.001855720863542 2.2510854580363008E-7 1.0000909346714755 0.00300369057547982 
4.999860976051925 1.000110176677529 1.0115496948237044 1.8203772054210177E-5 1.2885680414934066 1.3257399291374528 
0.6694101377513118 1.332929138857559 1.000313699969488 6.759183559074562E-4 1.0000130692450795 0.0017330247400625838 
0.31450979867207907 1.7145558077421403 1.000048374173973 1.0169577405340951E-6 1.0000008266298461 0.0014717236907971082 
4.303580249454601 0.7872782434351815 1.000908482220285 5.31035366962012E-6 1.0000024153741607 0.004822786293635797 
4.999599149795385 1.0001105833798125 4.679676746826313 0.0018097840819737525 1.000594723032034 0.060963412354192864 
4.255522959429222 0.7950940528926121 1.044563282661147 2.5393446607012935E-7 1.0000783556327482 0.02668268422079778 
4.63946833928434 0.8853412135419566 1.0000883054887713 3.2541703558820326E-6 1.0001748857925858 0.021937858696447488 
4.999860976051925 1.000110505187209 1.1740373637265573 2.267442733639921E-6 1.008704850732808 0.2227250232185079 
4.824319242429111 0.9458106581658186 1.000047454601645 1.7688474377516602E-5 1.0000010918432527 0.0033279709432338725 
4.75279695430098 0.9655064047129371 1.0000090221198008 1.6754826647649331E-6 1.000438214655849 0.007594860941111538 
4.930087314559317 0.9781598079695123 1.087064028026614 7.265601553709673E-7 1.00134014001065 0.08618823387257732 
4.997935385810603 1.0001118919152905 2.8591491186461915 6.178110472294243E-6 1.033532947049244 0.2582498425834818 
4.545031993224333 0.8650148119055691 1.0000299604935565 4.889260252957799E-7 1.0000405704478676 5.298258908800462E-4 
4.129675939708876 0.7872782434351815 1.0009214009529732 5.31035366962012E-6 1.0000121022924067 0.2766586922499946 
4.999618151783878 1.0001118919152905 3.858498496035617 1.6499322577587972E-6 1.0005987454536889 0.1990539415246158 
4.401576772592039 0.8119728117300151 1.0013180169808464 2.3786720768157494E-8 1.000031932685746 0.014490617852529909 
4.99893775961343 1.000533282012921 3.687500612510603 8.291913790286011E-7 1.0013640640205606 0.1659834729184685 
0.7897396456831769 1.2177440789749636 1.001871768464306 4.70329617867138E-6 1.000005702415889 0.003578416608653436 
4.610195403170864 0.9205021695822568 1.0003132739821763 7.297058386517858E-6 1.0001649272521493 0.12167676173145431 
4.09777321609608 0.7456482634259993 1.000397980600209 9.361595988884389E-7 1.0000648745694138 0.026035598943366704 
4.997935385810603 1.0001118919152905 3.1296590962468853 6.178110472294243E-6 1.033532947049244 0.2582498425834818 
0.1927726776393115 1.8079142372059143 1.0000063295389003 1.5464588767022494E-5 1.0000001745032705 0.005312791827481678 
3.9990290917210434 0.7123873507095483 1.0002655984753375 9.493022060585484E-7 1.0005210516432723 0.00532159840150942 
0.4649268321673925 1.5367750880152438 1.0076489776147244 3.553634946928627E-8 1.0000909436067704 0.3774973490849179 
0.374869057449857 1.6350325417867282 1.00016335237208 2.995409461857829E-6 1.0010108405179616 0.025445217559425665 
4.999599149795385 1.0001118919152905 4.061661458594514 5.191101503209344E-7 1.0005987714552929 0.21005479043194053 
4.972208380806645 0.9942147864912025 1.000265254098556 3.10713964800529E-6 1.0009727791138754 0.004461066889011652 
4.5700258616035265 0.8580937463922647 1.0003090820720053 2.5966768556151476E-6 1.000007592709578 0.022510475527841585 
4.212922157625043 0.7490718646299511 1.000397980600209 3.933879831185531E-6 1.000159647952852 0.026035598943366704 
4.998076964724954 1.0007446002059563 3.342211776299589 1.6199363991700566E-6 1.0001536497685535 0.4989490325293959 
4.589890429186114 0.8679659231032985 1.0003057641535344 2.7615262429750686E-6 1.000021492625975 0.022510475527841585 
4.998076964724954 1.001508044460442 3.5318393623795385 1.6199363991700566E-6 1.0001536497685535 0.0011162019125932274 
4.435009996292238 0.8655932646481366 1.0000351601060662 4.888276058494327E-7 1.000165915864435 0.004832317797040742 
4.999599149795385 1.0001118919152905 1.0310156816647582 4.4257518241364407E-7 1.0002120157377186 0.016559247186636372 
4.998064762486933 1.0001118919152905 3.3112772177915164 0.0604661901682519 1.0000297222005943 0.21041791690728717 
0.17192789773160622 1.8530367834639032 1.017321959716264 9.26323964644349E-8 1.0005049223860787 0.006976503153174258 
4.236072419154593 0.7456482634259993 1.000397980600209 9.361595988884389E-7 1.0000648745694138 0.004902668293477486 
4.184958742717611 0.7356989977933077 1.0006897558178651 4.70391715736745E-6 1.001006991846577 0.004821790385357394 
4.371641742940645 0.8119728117300151 1.0012243315346638 2.4989511885364934E-8 1.0000027258454947 0.002965469325817739 
4.5167352188395 0.8397934571882586 1.0000433094981895 4.959234417794435E-9 1.0000347156563636 0.013074917254351765 
4.773465223075493 0.9463933936080143 1.0000722451100152 5.345381600883495E-6 1.00049550324114 0.012286043453524763 
4.359502603333634 0.7950940528926121 1.0006532814203954 4.477409942293865E-7 1.0001674631287578 0.02668268422079778 
0.09333831430075379 1.9101087110746366 1.00034585811539 5.037641897031079E-6 1.0068466006235415 0.2650635782856472 
4.994060522529913 1.0001118919152905 3.852673214583714 4.738335346369943E-4 1.000505710184127 0.21041791690728717 
4.7898463575967085 0.9473693078430191 1.002937120912285 1.496515820483384E-7 1.0016197292158757 0.019712186727068676 
0.25451321738301447 1.7846205071293564 1.0003503678924583 6.561315031601222E-8 1.0000004307637278 0.00505711287238084 
4.991999778138851 1.00204424513936 2.404929277431834 1.304606863131009E-6 1.000082342415337 0.011449824862075395 
4.991857913531671 1.0001118919152905 2.147345359491542 7.846184659362133E-7 1.0002122158472782 0.002899008721255064 
0.374869057449857 1.6350325417867282 1.01542850064061 5.319609856029648E-7 1.0011858568983019 0.25695021507024773 
4.505385827605309 0.841360393558619 1.000002693414264 3.554716203421788E-6 1.0000124353269015 5.316671455253778E-4 
4.468331644401582 0.8749521168850957 1.0074424091189367 4.9232410354408675E-8 1.0000648632167954 3.229786199724339E-4 
0.25406263048985256 1.7846205071293564 1.0000483002654499 1.4323854640977142E-5 1.0000008266298461 0.14213698792053864 
4.998007004607614 1.0001119873670834 1.098904993340487 3.069549950678501E-7 4.944078717535495 0.37410039213374374 
4.840857124711318 0.9829461190946468 1.0002759674404322 5.151226453543386E-6 1.0000020404540784 1.8673484902616277E-4 
4.720775879751724 0.9644856215871176 1.0012245230829167 8.111332397747016E-5 1.0000252213192689 0.020768941095223693 
4.912102908184118 0.9777874445704299 1.000274879020697 7.457471278362238E-7 1.0000113327060962 0.002985015109921474 
4.99893775961343 1.0005149587343214 3.582132564020129 7.695848457870002E-6 1.0013652109540023 0.16566452751731553 
4.972208380806645 0.9942147864912025 1.000318115046913 1.2863296058084887E-7 1.001625553371015 0.23063361455485135 
4.42532321668935 0.8671674678148449 1.0000241020240128 2.7615262429750686E-6 1.000025487319533 0.02325666259054879 
0.12880582087380166 1.8745035282633813 1.002964912522405 2.2509873272210155E-6 1.000017462317382 0.0024345008701568294 
4.09777321609608 0.7456482634259993 1.000397980600209 9.361595988884389E-7 1.0000648745694138 0.026035598943366704 
4.468331644401582 0.8749521168850957 1.0008414180166572 3.0246642211443714E-7 1.0000234503003373 3.229786199724339E-4 
0.059754480691262435 1.940616857440157 1.0003428494957403 3.2579340648973277E-7 1.0000006420927632 0.004559284274256099 
4.6665758451238215 0.9136334855634625 1.0001490258865664 2.2556037907237698E-6 1.0000318149631382 0.05198308618889787 
4.992130176279689 1.0001431413744264 2.232106477315626 6.800067413107356E-6 1.0000820857601083 0.06638242155814514 
4.701475924128808 0.9177321527141796 1.0004614349696759 5.524484016905577E-7 1.0001674619213243 0.05158161751415913 
4.692305935660478 0.9177321527141796 1.0067100685986454 5.524484016905577E-7 1.0001674619213243 0.05158161751415913 
4.161108296933291 0.7212196485998202 1.0000047620446175 8.543024238164125E-7 1.001043204952479 0.07977700021488779 
4.330275088788643 0.7926806080031993 1.0000225403521554 3.026380513901146E-6 1.0001837789434722 0.05054812108750459 
0.12074405716370906 1.8845676925110129 1.0448926521168997 4.5692556252024645E-6 1.0000190932085131 0.07823920399851314 
4.330275088788643 0.7926806080031993 1.0000225403521554 3.026380513901146E-6 1.0001837789434722 0.05054812108750459 
4.922700037214281 1.0005149587343214 1.0191188045582418 7.695848457870002E-6 1.0013652109540023 0.16566452751731553 
4.8724773617771495 0.9836161510096675 1.000145158358954 3.2683476773679487E-6 1.0006185094912918 0.008743576893455885 
3.9726354613104196 0.7361361958289164 1.0012224665094263 4.703298054267993E-6 1.0006191202877799 0.004873910196466237 
4.671729445543462 0.9644856215871176 1.0012245230829167 8.111332397747016E-5 1.0000250102774273 0.007210596357116683 
3.967855457011761 0.7356989977933077 1.0007458202708857 4.703298054267993E-6 1.0006191202877799 0.004821790385357394 
4.998076964724954 1.0015156018574887 3.0148768583350205 1.6199363991700566E-6 1.0001536497685535 0.0011162019125932274 
4.894165677428947 0.981931508550868 1.0072034335290125 7.348700467024515E-6 1.0000815198659632 0.07434156941355513 
4.720775879751724 0.9644856215871176 1.0012245230829167 8.111332397747016E-5 1.000006651935831 0.02079609578175476 
4.998076964724954 1.0015156018574887 2.890981121502972 1.6199363991700566E-6 1.0001536497685535 0.0011162019125932274 
0.4649268321673925 1.5367750880152438 1.0076489776147244 4.8124367275062405E-8 1.000017977415392 0.08424693646152576 
4.894165677428947 0.981931508550868 1.0072034335290125 7.348700467024515E-6 1.0000815198659632 0.07434156941355513 
4.166538602281867 0.7356989977933077 1.0006897558178651 2.3345741571655532E-6 1.001006991846577 0.006274227486381954 
4.999743850720912 1.0001105268435 3.1759283787306214 4.2696721530394643E-4 4.99314894651145 0.369367019312428 
4.998076964724954 1.0015080098918985 3.0103812983858207 1.6199363991700566E-6 1.0001536497685535 0.0011162019125932274 
