1.1266941873497012 0.8778777103806364 1.0008040666344034 1.3865040594144369E-5 1.0000126637050708 0.02289568480579629 
1.1266941873497012 0.8778777103806364 1.0008040666344034 1.3865040594144369E-5 1.0000126637050708 0.02289568480579629 
4.999234204847714 1.0001638037750218 4.997515485295343 1.3622455365678727E-5 4.996120424506749 0.1115089803230518 
0.6252988146580387 1.3747402656804204 1.0007102509969206 3.6779843579351143E-6 1.0090092711067897 0.09281616385972552 
0.2258493217172814 1.7858744660268957 1.0022983753822938 1.3587483279726287E-4 1.0000163580673864 0.031052143889667302 
1.0318090081261528 0.9980825861963893 1.01897390888359 1.507068503968247E-4 1.0000123604069153 0.009073908513896127 
0.006360538192291099 1.995287920974258 1.4314669152885797 1.077393195167699E-5 1.000027852588345 0.1694070850197556 
4.998805569835076 1.0000730733567889 3.6881844504436554 3.612798048728029E-4 1.0021073339373223 0.1462708544430122 
0.02573133869272448 1.983149891192413 2.5043775120298655 8.615225929220163E-5 1.000017381177787 0.006499301484069284 
4.999224490161616 0.9998900428084262 4.891757708203048 1.2617919306656717E-5 1.0000360042619265 0.021278521888363607 
4.998805569835076 1.0000730733567889 4.681812311430413 3.4665607915606195E-4 1.023769327872119 0.21137865579638226 
0.01910221105550791 1.983149891192413 2.8911530578525477 3.5784967753465125E-4 1.0000169748538634 0.18748327466903486 
4.043117817989381 0.7650347387448951 1.0024359751831033 5.210216668733139E-6 1.000005871730165 0.0028167098186524554 
0.2258493217172814 1.7858744660268957 1.1013538290793472 4.290991462535484E-5 1.0000163580673864 0.21887580457575526 
4.907106725161897 0.9739032550913463 1.0016823271992625 4.983210636059573E-4 1.0002692369675923 0.0020410032822168896 
4.998823614811632 1.0001699694594735 4.175284507952533 6.494921863359491E-6 4.979026665404392 0.4137348335950679 
0.10935482230631854 1.8943656916659488 1.0002746940813907 5.895459493273017E-7 1.0000022604455425 0.008117599862301927 
4.998580268696036 1.0000225920414507 4.561679784901593 4.916912897088221E-5 1.0018531925062697 0.07419165778284847 
4.255706096443472 0.763274975773732 1.0413939173224658 7.421466613464454E-6 1.0000245406260047 0.01985368021862373 
4.856851677410326 0.9987598456705837 1.0344041858939448 3.123640962890802E-4 1.000114766816809 0.0048749510692060755 
4.999289544404794 1.000165776878317 3.027935054489978 4.0916292562204185E-6 1.0000017066635418 0.07544745929901975 
4.532742756360392 0.9370151975281499 1.1012029289795715 2.495527885834558E-6 1.0000194253370205 0.10087048927370142 
4.998566202829045 0.9999814722522878 3.074639318611549 1.2114754642489112E-5 4.978643860450972 0.17045622644138053 
4.999289544404794 1.000165776878317 4.395577109244282 9.938208861220059E-6 1.0000016090653032 0.0011764551544253634 
4.299537423561815 0.7706811607047643 1.0413939173224658 7.567658107298628E-6 1.0000133135954252 0.028210702885978822 
4.999285246964287 1.0001631966136095 3.348681608402388 7.260136552078139E-5 1.000046839945601 0.008495735701513948 
4.0984770403487545 0.7719952674962283 1.000361111249131 9.330535653645362E-5 1.0000050417131725 0.008174504631700007 
4.998459601620121 0.9999917770878733 2.6109620896208483 3.5539261489268413E-4 1.0000205748486277 0.005567773183544702 
4.999234204847714 1.0001638037750218 4.853631065551296 4.4805848620944324E-5 4.976296714686672 0.11109415947925283 
4.3277358242991575 0.7920155093333612 1.0210284058414574 2.7673968578949764E-4 1.000109422235418 0.004452076131888846 
0.007284428348580008 1.9979054265992526 3.0289432670918783 3.325515058810054E-5 1.0015151076138618 0.0752007021720914 
4.998811373507322 0.9999837652211708 3.3055851444907405 0.02523766416913117 4.9669976040166794 0.21083018163993394 
4.781056948990661 0.9356728943024546 1.0001870416835286 4.7080695276384714E-7 1.0002217447709143 0.009616641634663275 
4.998763978945237 1.0001347102402995 2.1795575863000547 1.620273988812023E-4 1.0010597392692115 0.01802911541279295 
4.999325826976765 0.9999962367152159 2.925769458978261 2.481908075093924E-5 1.0002912783174944 0.023237916902926564 
4.998823614811632 1.0001699694594735 3.585801985059052 6.5036514243242206E-6 4.979026665404392 0.4137348335950679 
4.687046001382287 0.9987598456705837 1.0339027289038358 3.123640962890802E-4 1.0002010986352161 0.003422715419657052 
4.99880805762346 1.000162768325822 1.8505510020855302 5.251011480034531E-5 1.0315854539472824 0.23980066510425346 
0.05913732541925798 1.9438920517755323 1.0010396218042417 1.4959504532653233E-4 1.0000058057587211 1.4308070822136726E-4 
0.02573133869272448 2.0034671639171644 2.519663916968115 4.283789606818057E-6 1.0000167687569683 0.17178353276387218 
4.99850667138565 1.0000316145412178 3.517300534189604 1.3329691041529733E-4 4.927621917996506 0.3377508867789564 
4.578588169008538 0.9999917770878733 1.0752270044233598 3.5501177590532753E-4 1.000006937818039 0.005567773183544702 
4.224802307150302 0.766986211749656 1.02460918978412 9.378533248035486E-5 1.000551790413745 0.010253368811496806 
4.878093490637265 0.9701974878005536 1.001332612870519 1.688356623817192E-5 1.0000332868376 0.006261356478672736 
4.999568301940718 1.0001698248242241 1.8127167314632593 5.250909782312701E-5 4.960530273831193 0.23980066510425346 
4.998847728302174 1.0000740882084225 1.954000510087916 6.056812293820278E-4 4.992996187314356 0.2102535926428192 
4.50343950401062 0.9298374163140555 1.0040991423274381 4.961274478306225E-5 1.000006676956868 0.003281852677048336 
4.998580268696036 1.000022583826698 4.277461652288496 4.916912897088221E-5 1.0018531925062697 0.07419165778284847 
4.998833641159627 0.9999880309762491 4.2527105520187725 2.2329666886166897E-5 4.968086418386296 0.9766642315215586 
4.760029881607677 0.9298374163140555 1.01897390888359 6.155342251733883E-4 1.0002010986352161 0.003440365468974693 
4.998449107475559 0.9998858410550459 2.457044130743278 3.543932376265436E-4 1.0000205748486277 0.005567773183544702 
4.405923238675439 0.8319695031384856 1.0063292513399407 7.218747413187098E-5 1.0002177003770392 0.006526667209793696 
4.996664874301567 0.9999902846898566 4.606489188392479 5.1089763850951065E-6 4.928079053314981 0.4126900465566175 
4.998811475836715 1.0001657286696828 3.9370946000376317 2.2668773525865587E-6 1.0008159241105852 0.03828860163064325 
4.47298395308866 0.8384404993698142 1.0013140449253066 7.40067298298567E-5 1.0000656100370746 0.06784462469725724 
4.992141135518204 0.9979046105987109 1.0272631398891463 6.14030400392013E-4 1.0001992536617659 0.0027819038749382916 
4.62326152460593 0.8974495642968571 1.0436417755496676 2.222596718444422E-8 1.000011451365692 0.009696067135934738 
4.998805569835076 1.0000730733567889 3.442634891106823 3.475103695726536E-4 1.0021073339373223 0.1462708544430122 
4.115931747239222 0.8353651262098041 1.0577117282416344 4.183713896828124E-5 1.002024604251897 0.028966610284704847 
4.569608091657959 0.917862508853855 1.0008422057709943 1.0891458067265554E-4 1.000007393615378 0.006348739451952898 
4.718585834844589 0.9304560086351187 1.000803475936233 1.3865040594144369E-5 1.0002071713983727 0.02014173004033988 
4.999295605150651 1.000165776878317 4.072913855698573 4.0916292562204185E-6 1.0000016136126704 0.07544745929901975 
4.369791626483402 0.7920155093333612 1.0027479729510511 3.5419876708717838E-6 1.000109279100888 0.0028026697308997984 
4.7281476888572875 0.9963585284499139 1.0821285408064858 1.620273988812023E-4 1.0010750915257889 0.14532465117037846 
4.941555479008294 0.9986875337407981 1.0004148014732148 1.7024619249529115E-5 1.0000483789389742 0.013877028191121035 
4.999220419894299 1.000165776878317 4.0807029075577566 4.1593481409657004E-6 4.881515790585119 0.6209993811716802 
0.006411676979460288 1.995287920974258 3.395272066072352 2.3179024187716668E-4 1.0044371453632712 0.8116194682739675 
4.9993168717412 1.0001632831594376 4.158352442310671 8.049272936195336E-6 1.0017400378611065 0.15312802236290413 
4.953032652035517 0.9986586919907467 1.0689391969872848 1.2908717879223893E-5 1.0000230104316354 0.19126906771205288 
4.999234204847714 1.0001638037750218 4.995134779108047 4.415407663726188E-5 4.976296714686672 0.11109415947925283 
4.430418329877762 0.8528811518889083 1.072526201848628 3.8348461519042045E-5 1.0005431786948913 0.29073096428800005 
4.998834014916415 0.9999802757514528 4.632853925771606 6.652418599538657E-4 4.998883733759408 0.12356202095628574 
4.816516374958237 0.9999299187400672 1.0005616948569782 3.867086296146196E-5 1.0000155305158653 0.0043395340408732 
4.63068781189895 0.9395269493318196 1.0034926037263214 2.478009472856154E-5 1.0000040011388223 0.012438971286055613 
4.999638348839687 1.0000756226227627 2.818607976190406 7.2691616752617076E-6 4.998199311041786 0.20083336938307628 
0.004037425751893142 1.9982087792801713 3.240269843702134 3.8348461519042045E-5 1.0006847031553248 0.14464271356594383 
4.999638348839687 0.9998889482638484 2.818607976190406 2.314394391122955E-6 4.967589474683312 0.20083336938307628 
4.998250002085203 1.0000299734972262 2.336721758919906 1.6626014736735532E-4 4.969096366731237 0.2137824593144465 
4.998495330589807 0.9999811312011279 3.7743550073033276 1.231844884146859E-5 4.97935567143262 0.21737323827655153 
0.02573133869272448 1.983149891192413 1.0136600601406944 4.650819953522486E-5 1.0000437985593593 0.047782526098793215 
4.999568301940718 1.0001775669987805 1.2941696035537766 4.988276152094898E-6 4.960530273831193 0.23980066510425346 
0.006360538192291099 1.995287920974258 3.436622442265713 2.918298003052808E-4 1.099694253684579 0.8032101970458198 
0.005813322279823646 1.9975371803550548 1.0002746940813907 2.31895484749827E-7 1.0000022604455425 0.14037264659316195 
4.816516374958237 0.9999299187400672 1.0005616948569782 3.867086296146196E-5 1.0000177662900032 0.0043395340408732 
0.005712592546364175 1.995287920974258 3.240269843702134 3.8890200975520794E-5 1.001518450559427 0.13925053411068528 
4.998837401427124 1.0001698704924356 3.9423284804790604 6.4329489462432985E-6 4.949138716272023 0.4137348335950679 
0.10935482230631854 1.8943656916659488 1.0132055250126788 5.895459493273017E-7 1.0000116852508645 0.004345698936704223 
4.998794925958532 1.0000284790571592 1.2203386293223317 1.2428633904239359E-5 4.9948301894917915 0.21371064409812865 
4.155661958309385 0.8353651262098041 1.0577117282416344 8.19748360486031E-6 1.0020422126916808 0.04265330856740068 
4.999460839509085 1.0000299734972262 2.544460291069562 1.7395628187976924E-4 4.989249048604798 0.21376012042590198 
4.662770790669638 0.9147628013918403 1.0005054944219818 5.855863807535894E-4 1.0000109906218582 0.025334478738125915 
4.999234204847714 0.9998819762332338 4.743439980051672 1.387404956318687E-5 4.976296714686672 0.11070511911884784 
4.484076526253586 0.8404128182476535 1.0625781820277727 7.298494120694409E-5 1.0000642043838226 5.424589920967129E-4 
4.152069514857886 0.7583016125697364 1.0588879316308049 1.2600660031010512E-5 1.0020422126916808 0.04265330856740068 
4.19476623634815 0.744577515562129 1.0243081515106807 7.559500228658688E-5 1.0005519873033735 0.009978446840842432 
4.999208133588872 0.9999880309762491 4.408214639933447 1.3486061061050467E-5 4.979066599158609 0.6010525564253874 
4.998250002085203 1.0000299734972262 2.336721758919906 1.6626014736735532E-4 4.991626336715217 0.2137824593144465 
4.662770790669638 0.9156664124909837 1.0005054944219818 1.2423832775109952E-5 1.0000109906218582 0.025334478738125915 
4.998811475836715 1.0001657286696828 3.9431045268432934 2.6890521092833436E-6 1.0008159241105852 0.03828860163064325 
4.998837401427124 1.0001698704924356 3.8273379188354095 6.4329489462432985E-6 4.949138716272023 0.41586041032916177 
