4.997507701304761 0.9992723569771588 4.999824825855289 3.8126671388197416E-4 4.997169195400281 0.04057152484375236 
1.0215498698325078 0.9949524236815138 1.000265932480554 5.8145449109853466E-5 1.0000769975200718 0.015286790277805357 
1.0215498698325078 0.9949524236815138 1.000265932480554 5.8145449109853466E-5 1.0000769975200718 0.015286790277805357 
0.9981415071288974 1.172797114364884 1.0268457723514552 9.000805044318433E-5 1.0021514346323306 0.04059343989248791 
0.48983524391619027 1.528739449200545 1.0169515736664823 1.5232518629360983E-4 1.0000199472888753 0.060300162381896644 
0.0018833653245580173 1.9981899948988027 1.0639896888071916 6.98997592108609E-5 1.0000570955236476 0.013861744895394741 
0.00521746792587563 1.9981899948988027 2.543528093614025 2.8872380860646153E-5 1.000031259725005 0.031266528948639113 
4.997478362221691 0.9992028566718416 2.453730696207931 7.104006055239649E-6 4.91434769625908 0.5909318110751356 
4.997253519579013 0.9993563014905463 4.028609867120107 1.5229253446849688E-4 4.98663328443554 0.2170321697083212 
0.0018833653245580173 1.9981899948988027 3.086885434549495 7.170194286743083E-5 1.0000909968821632 0.03292583488100808 
4.4946610453736415 0.8976770070380462 1.0088762349790363 2.1010738592230233E-5 1.0000375939946538 0.004991552339280416 
4.147904286693144 0.7741824985509711 1.0020675675332869 1.4581875778161256E-6 1.0106366987897646 0.04447569991061037 
4.201436544417067 0.7699895322884329 1.0153447266900366 9.610681276144058E-5 1.0000673492569625 0.015332426014847822 
0.13677774449603364 1.8737504938060672 1.0023060693402939 5.900295056351477E-5 1.0000812655050206 0.005117117844729176 
4.102101869403799 0.7594687315865071 1.0001076904094783 8.058739080083865E-5 1.0053712690344125 0.02626248858898235 
0.2628116978290722 1.7376587817999378 1.0249449669512525 7.273291837715845E-5 1.0122221818784716 0.060947231823734 
4.997463920690925 0.999240177095192 4.857747920235543 5.861486711800058E-6 4.937162109789771 0.5915241421919659 
0.34826363930139914 1.6542844353832604 1.004842899641615 3.4917257765292357E-4 1.0016653395047321 0.012111351694667271 
4.0488803000095706 0.7158855795195632 1.0496934941822877 0.012745231383460877 1.0000359713203735 0.012213204056953569 
0.48983524391619027 1.528739449200545 1.0169515736664823 9.136191185700029E-5 1.002197234544285 0.11272541471139966 
0.014030771431330802 1.9860280136256963 3.406815731469042 2.1224757930527467E-4 1.0020969794132275 0.05953583196495593 
4.99724110049033 0.9993545264253153 4.295917172172334 7.810211022720302E-6 1.0187047256287562 0.5478244173929436 
0.0018833653245580173 1.9981899948988027 2.7823098588273023 7.170194286743083E-5 1.0000909968821632 0.03292583488100808 
4.747970644092617 0.9865639291128501 1.0084419639834112 1.1378462571440064E-5 1.0299119570723005 0.13272691599634698 
4.4382311546924615 0.8976770070380462 1.0000946167791855 3.7770464698294083E-4 1.0000358837665164 0.012130127547321604 
4.997512115997073 0.9992723369958078 4.873335100764774 3.8126671388197416E-4 1.0082519826504857 0.04057152484375236 
4.997207361837189 0.9993846848484433 3.6484723891116784 8.556722680705E-5 4.9157441217859095 0.5232433735479449 
4.852038511115428 0.9986737810898009 1.0119005368520537 3.461838761893438E-5 1.0000392758832173 0.015294550680247368 
4.554799586912633 0.8745065851042033 1.0002606650486683 5.858656398562223E-5 1.0000456197500875 0.04962192597452578 
0.014030771431330802 1.994085373551305 3.575717599766496 7.410155672931826E-5 1.0020969794132275 0.06148330516485251 
4.997207361837189 0.99920185986979 4.3251891395266036 8.8290484703907E-5 4.9157441217859095 0.5465483614600304 
4.997507802871047 0.9996079024773669 3.0323695981873238 1.4525757808213032E-5 1.000054680744597 0.014014167392482844 
4.997160980860046 0.9993846848484433 3.8886186014719697 8.637376122547867E-5 4.9305217612860694 0.5232433735479449 
4.995029787070316 0.9992030291786209 2.735827627220406 8.100007975048488E-5 4.999585798291535 0.09042315510400445 
4.995106484751214 0.9993641850101359 2.6774438200000423 1.673526792808179E-5 1.000089546635467 0.013446171596578814 
4.997496261471033 0.9992082996818954 4.678834101970179 8.683651475331703E-5 4.991413606802531 0.06335582131504547 
4.997511027467314 0.9993543479482491 3.8509811384454475 2.8734638163314767E-6 1.0001621316486644 0.46904956094663564 
4.39782320672768 0.8052863973660076 1.0059871839562502 8.975137513061147E-6 1.0104755645305776 0.1367200607037887 
4.997225173906598 0.9993555147655873 1.0064378797796234 0.0017230043928840397 1.000067505370477 0.023209905514443928 
4.997463920690925 0.9992029518486589 4.482193065872201 5.861486711800058E-6 4.937162109789771 0.5915241421919659 
4.30336026241483 0.8094004441573354 1.0056221580900402 2.7547875539226645E-5 1.0000384265711078 0.014879150391518929 
4.461888837294246 0.8833368410991769 1.01303433104321 1.338193258756501E-4 1.0001496566076267 0.4060738804185724 
4.997495893685196 0.9993543479482491 3.7247678158914077 3.0163087596327628E-6 1.0107653600227156 0.1283406320470366 
4.99724110049033 0.9993545264253153 3.272108529557983 8.122924887914336E-5 1.0113677111180466 0.3287766590293721 
4.997510439918527 0.9993545051871688 2.871156832162611 5.798898156048979E-6 1.0001621316486644 0.006784289785272346 
4.997463920690925 0.9992064475545775 4.609808896873076 6.020225736046271E-6 4.937162109789771 0.5915241421919659 
4.997240266851584 0.9992046156399204 4.66059078500904 7.821149139631572E-6 1.0187047256287562 0.5479224445857522 
4.997495203010675 0.9996079024773669 2.234830492235452 2.182732551652568E-5 1.000042119890275 0.022979522360862894 
4.249121114569501 0.7985756388542422 1.0177086144526115 9.136191185700029E-5 1.0000115274566412 0.04623861463452735 
4.997217311463615 0.9993555147655873 4.512063937355686 2.240090191784873E-6 1.0001303467614426 0.5415959564699881 
4.997422461786602 0.9993551675830351 2.4025615373235314 1.2682922156938021E-5 1.0000101656573483 0.010038840936570592 
4.997556599303409 0.9992746624733586 3.694617977956124 8.486412079025229E-5 4.999432720722474 0.027623961648452378 
0.34826363930139914 1.657924139080553 1.1047394681698142 7.490649748405796E-6 1.0001601512558265 0.011212646576468518 
0.021821132942338783 1.9855491637011635 1.0084474239895054 1.9725660799901714E-5 1.0008545088068892 0.014797047252056644 
4.997511027467314 0.9993543479482491 4.211350206652115 6.083946019083378E-5 1.0000653436750202 0.015723925141658143 
4.997802903779878 0.9993546006176306 1.3462698772583395 1.477391885772354E-5 4.997169195400281 0.31384060711287554 
4.88436728912331 0.971576406359203 1.0080150337547733 3.070985820380497E-8 1.0000392758832173 0.015554679166958896 
4.957773186842473 0.9993598688077712 1.1243581398505587 7.131327312867442E-5 1.0009962253317233 0.06760912469803526 
0.265289980040341 1.7378971529512381 1.0004155555007834 5.8229656713632904E-5 1.0000492742564129 0.01654514011645908 
4.997224520571468 0.9992028252824232 3.3367038030147045 1.0078332505101958E-5 4.985654844675604 0.30089753333181485 
4.923284385019324 1.0142476532444467 1.0074696530764973 1.6074517950160557E-5 1.0001232467219408 0.03655570546771876 
4.997424381420175 0.9993555166082569 4.034179477878581 1.765850510681433E-5 1.0000002072680674 0.006885958763898067 
4.997253519579013 0.9993747660671083 2.8386504712156544 5.820469904553787E-5 4.987373529313376 0.06449834092353682 
4.997228787567293 0.999240494938561 1.8863139264673316 4.3043096538268225E-6 4.999991293746188 0.007222229085399767 
4.923284385019324 1.0142476532444467 1.0243524236086239 1.6074517950160557E-5 1.0001232467219408 0.05129782862983795 
0.13581359217446387 1.8737504938060672 1.038098614993428 6.454591674454226E-6 1.0000842297178998 0.2528672273626706 
0.07218290104915448 1.9355138730925248 1.000695214215043 5.8081003448937454E-5 1.0001232959389632 0.013345713831032308 
4.790208712853689 0.9375449761372587 1.0095718984330322 3.4693508512254225E-5 1.0001170199722749 0.015319011763300645 
4.9972309873573995 0.9992018117364252 4.316924975441486 8.100007975048488E-5 4.999585798291535 0.09042315510400445 
4.615878891633966 0.909973509977111 1.0095654904043816 8.195251896692757E-5 1.000144620279194 0.01483060607588383 
4.997795690673782 0.9993564430922207 1.2050680043827904 1.477391885772354E-5 4.997169195400281 0.013308130102828664 
4.99724110049033 0.9993545264253153 3.331919735249289 4.715988928002061E-5 1.0187047256287562 0.5193910212250604 
4.242947949332134 0.7509490405983902 1.0616881937664955 1.6526863831538497E-4 1.0002702498256573 0.007245839414510437 
4.715062400285588 0.9375449761372587 1.0099964180473966 3.4693508512254225E-5 1.0000359408159962 0.015190955546041458 
4.997255222341919 0.9992746624733586 3.2487014346421557 1.5706703582150035E-5 4.9849548218195086 0.20622285923775435 
4.359792770891772 0.7971005077056513 1.0020725783367044 3.561451045356373E-4 1.0001030455593554 0.027229945103149897 
4.816295453027785 0.9950948737173202 1.1334903739991664 8.458627571708867E-5 1.0000478565867965 0.24314336714743034 
4.997228787567293 0.999240494938561 1.8863139264673316 4.3043096538268225E-6 4.999991293746188 0.007222229085399767 
4.99724110049033 0.9993545264253153 3.4858486464828133 7.810211022720302E-6 1.0187047256287562 0.5479224445857522 
4.726555097711773 0.9104102149631963 1.005291893420648 2.146882141401129E-5 1.000144620279194 0.028897657103595643 
4.997513024745407 0.9992721043077772 3.5847006692645893 2.5637023265396945E-6 1.0000317221550166 0.01156277533494074 
4.37767236332605 0.7973751258405436 1.0003781577157997 3.81837807656467E-5 1.00000302292165 0.04775600070106896 
4.682431124585436 0.9181648023723263 1.0080150337547733 2.1176492915061482E-4 1.0021551989418072 0.015319011763300645 
4.997240400821157 0.9993545092544738 4.539799557722662 3.4055485866340784E-6 1.0113677111180466 0.3287766590293721 
0.07218290104915448 1.9355138730925248 1.0681074501942693 8.026380123633447E-5 1.0001232959389632 0.07902293076263306 
4.652745269402133 0.9374007708599682 1.0092840000288503 2.9847680519313102E-5 1.0010009260085713 0.032062718054570775 
4.957773186842473 0.9993598688077712 1.1243581398505587 7.131327312867442E-5 1.0009962253317233 0.06760912469803526 
4.881520992364983 0.9745257580869424 1.0080150337547733 3.4693508512254225E-5 1.0000392758832173 0.015319011763300645 
4.688837548175728 0.9009135604994376 1.005613875086281 3.94399650555521E-6 1.0026626494398323 0.027171249574125204 
4.997557491307817 0.9992746624733586 3.1563575635390846 6.260865969516592E-6 4.897631206785768 0.5433552400263324 
4.652745269402133 0.9374007708599682 1.0092840000288503 2.9847680519313102E-5 1.0010009260085713 0.032062718054570775 
0.0018833653245580173 1.9981899948988027 2.5718037442649933 1.496560892066421E-5 1.0000909968821632 0.007276598194986241 
4.997495203010675 0.9996079024773669 1.9082999183418923 1.4525757808213032E-5 1.0005413706752604 0.014014167392482844 
4.5604554142515505 0.8821608067585669 1.0003440574296816 1.7593942494692296E-5 1.0007604449807117 0.014797047252056644 
4.790208712853689 0.9375449761372587 1.0095718984330322 1.153599358542462E-5 1.0000479083934135 0.11046465148924595 
4.816295453027785 0.9950948737173202 1.027129945943921 2.174946238673087E-5 1.000042119890275 0.022979522360862894 
4.612330588200449 0.909562324030182 1.0095654904043816 8.079706795384504E-5 1.000144620279194 0.17444204338881364 
4.588427783389009 0.8745065851042033 1.0001930487076378 1.0830558406958247E-4 1.000044061860264 0.0294009024465178 
4.997557491307817 0.9992746624733586 3.1563575635390846 6.260865969516592E-6 4.897631206785768 0.5433552400263324 
4.585581486630681 0.8774559368319428 1.0001930487076378 1.0830558406958247E-4 1.000044061860264 0.029165235042864238 
