0.9689913719281675 1.0342990204058924 1.0025427263278714 1.5396344432136482E-4 1.0000232868652468 0.01290546676185736 
4.994415889197499 0.9999469059601862 4.935723143551383 5.15996897339582E-5 1.0005861365347286 0.015015301604280286 
4.992888568212496 1.0049622503599813 4.397422700410696 5.2214148672728884E-5 1.0000713691528036 0.07095390602021831 
4.994415889197499 1.0003227360950273 4.8836899780970535 8.115688329270651E-4 1.0005861365347286 0.004020141163161189 
4.995664879773175 1.0010704784485558 1.1370578314069437 1.797029639146238E-4 1.1491355481097405 0.9307959455774225 
0.9382376126247267 1.070745124489518 1.0592954681823599 1.0817922001800948E-4 1.0006089317297528 0.002734871529056563 
0.14566953525897652 1.8565861272180566 1.00008031636394 6.295875870984127E-5 1.0000240235477955 0.0017803219846271277 
0.31703568404014804 1.6849741755606649 1.089049500377972 6.907880168027444E-6 1.0045183536423583 0.0893372634611913 
0.6712547231185635 1.3288096972802521 1.0000474534915642 1.3241597223762427E-4 1.0000010303460496 4.2643377722790914E-4 
4.99009568844922 1.0049544187448494 2.281566544919819 1.8433692115146083E-6 1.0000057730924081 0.22397319397891052 
4.992876167110557 1.0049544187448494 3.867293192333513 8.061941821083843E-5 1.0000010820768817 0.014427539010253522 
4.995689607182078 1.00107574912868 2.830423517068999 9.073691815440393E-5 1.0001341105553896 0.010181416197335584 
0.4423572658077741 1.5600070193589788 1.1017314894109582 2.9192222154577968E-5 1.0000271989310847 0.008395000183739485 
0.31703568404014804 1.6863684296123498 1.0005028794923938 6.907880168027444E-6 1.0000211946071837 0.014503423709374484 
4.324934139267712 0.797868882893733 1.0159142490962658 3.387797313371737E-5 1.0000050528498552 0.04143059812103128 
4.363750977773861 0.8090837940569717 1.0010449641679002 1.4549683892299358E-5 1.0010854630661534 0.05848580662751332 
4.598899343998793 0.888891199473481 1.0016050291558654 1.3315973902329425E-5 1.0008918280283936 0.06409819955872714 
4.38858582723299 0.856966857194464 1.0010449641679002 2.1155946494318614E-5 1.0039538916533413 0.05848580662751332 
4.9761707024665265 1.000198348917679 1.0010449641679002 2.8607253185569182E-5 1.0005783489906313 0.06663007194436636 
0.0031226883602228014 1.997740181267373 2.7438779441582453 2.3776073333399836E-5 1.0000110248335936 0.008076416170038035 
0.002872814363115464 1.9977593411307921 2.0530714522971483 4.0195924822561466E-5 1.0001153557057838 0.06961982274313729 
4.994415889197499 1.0049076908292944 4.1151304762247385 8.77370589297175E-5 1.000611180087565 0.01623302785641048 
4.994307454818695 1.0039832713550845 2.338337051662242 5.235636894659023E-5 1.000174887928873 0.01863287602586492 
4.572885011905178 0.9166863018410562 1.0010415295069128 3.532468246686697E-7 1.0000129852639272 0.051444936381296276 
4.804156078292708 0.9745706324455133 1.0003538527029612 1.8488879269157365E-5 1.0000807336001305 0.020197074428774775 
4.465594263289184 0.8710359519518533 1.0142062991928726 1.78653810918142E-5 1.0000005615425924 8.482385692719986E-5 
4.994415889197499 0.9999469059601862 3.629520344841359 6.845968011570447E-5 1.000584912522236 0.05300901667090328 
4.838247832071381 0.9726359745636219 1.0004207667852576 6.881901821962299E-6 1.0000099224441061 0.013679396151622787 
4.174631779090986 0.7262334429827861 1.031465458288288 7.368427235371767E-5 1.0004614562520016 0.03977275284452314 
4.921767430278852 0.9751352934936424 1.0024946337487088 4.967339566423976E-5 1.0001312756421938 0.010181416197335584 
4.994066857704098 1.00024585957251 3.3965509895736927 0.0017694455895656616 1.0000759822967336 0.0653616279299652 
0.5373579251049168 1.4760991939441879 1.037520070072468 5.895632852987364E-6 1.000132711623802 0.021394905985506446 
4.722736132823833 1.0523760623136613 1.0342136911743987 1.3282871391221698E-6 1.0000235770933512 0.07051156799803757 
0.0031238947082083478 1.9975921453987657 2.4205150650766556 2.383546561223106E-5 1.0008549390684802 0.008185151707979961 
4.994415889197499 1.0033525387625744 3.5173589769584797 1.5557007952854114E-5 1.0006959566271458 0.016914257892720993 
0.001958515250768851 2.001312584093224 1.7903856565179572 1.5294742787403325E-4 1.000835729192164 0.06646520790534452 
4.425651730640708 0.8129716215309745 1.0010449641679002 1.4549683892299358E-5 1.0000139144912816 0.013941424059213742 
4.119171702163444 0.7262334429827861 1.031465458288288 7.410888782381666E-5 1.00047108798925 0.002549007071667702 
0.0028482712087800947 1.9977395080258247 2.622878629114027 2.6033452872777713E-5 1.0000946982838885 0.001829534108283768 
0.4423572658077741 1.5600070193589788 1.0025487475589063 1.7782875101920642E-5 1.0000230873065314 0.002951698253941388 
0.0031514327783955156 1.9976982947083675 3.185211450154267 1.0238564712060431E-5 1.0005901508171482 0.01408244727713933 
0.0024199254968773364 1.9992134955001721 2.2691509485629076 2.681614086729631E-5 1.0000337475765915 0.014443170577408466 
4.995664879773175 1.0010509061157398 1.1370578314069437 9.173972557075869E-5 1.000175957784898 0.0703260741442171 
0.022166129811385438 1.978661764471347 1.0025924350408884 3.286350695243694E-6 1.0000945863545228 0.046685510801020305 
4.086499394862752 0.7978420274759129 1.0138646762546286 3.437355226979203E-5 1.0000050940184464 0.01293577060905041 
4.872233297176947 1.0001431025461958 1.000389142518527 2.117479848389116E-5 1.0000769453585558 0.06617877572365372 
4.994294725092267 1.0039754397399527 2.6407776564744436 0.04815103736805919 1.0000098370480255 0.018277991581257966 
0.0018887400977756533 2.000609364281726 2.9407035418327645 8.566421867207242E-7 1.0000173026317718 0.3005215794868916 
4.665105708264078 0.9561285857808643 1.0017262602297807 2.9032438831559215E-7 1.0000433373779454 0.005023468547225737 
4.787705471536123 0.9867871687916161 1.0005874045438825 2.429866607725267E-5 1.0000809812445615 6.698122808365715E-4 
4.147410956849446 0.7262334429827861 1.031465458288288 7.410888782381666E-5 1.00047108798925 0.002549007071667702 
4.630606329593935 0.888891199473481 1.0244199494423658 1.7884221236408353E-4 1.00013050514829 0.003125584652685612 
4.531575668985478 0.8679426457283659 1.0010415295069128 3.7734809563338804E-4 1.0000072413777745 0.05271549071972815 
0.14566953525897652 1.8565861272180566 1.0980097434042373 7.19016142452772E-5 1.000023973922535 0.0017803219846271277 
0.0031514327783955156 1.9976982947083675 3.2907019315452346 1.0238564712060431E-5 1.0005901508171482 0.13553640079041074 
4.540193822999858 0.9867871687916161 1.0005874045438825 1.5911413333363437E-5 1.0000809812445615 0.18452889753727691 
4.294678264846247 0.8710359519518533 1.0142062991928726 4.527882826742021E-5 1.0000167889445468 0.01318711296513041 
4.992876167110557 1.0049544187448494 3.9741066174682036 6.21955860480833E-5 1.0000112378436719 0.0023106442449071915 
4.707486163005694 1.0064278202484953 1.0273307007000991 4.347941240082266E-4 1.0000221398772269 2.086886881780877E-4 
0.077206290773824 1.9229844785098351 1.0024097740451476 2.1634082557861944E-5 1.0000118966191374 0.0028636169235850464 
4.442774044606414 0.8454286483152814 1.0000426534669682 4.4202672536333523E-7 1.0000152500015 0.06477544887586502 
4.209328269016261 0.7634436605872545 1.0001302516771124 1.155285194329739E-6 1.000131685819426 0.038604819980324376 
4.24083533067983 0.7672628384331834 1.0011931367552283 1.2651526771707971E-5 1.000009123153095 7.180763207783915E-4 
4.992875838486069 1.0049544187448494 4.381271665045961 0.04815103736805919 1.0000139727664725 0.07059900937317139 
0.0031514327783955156 2.000652194660794 3.76877058704832 7.649935713009836E-4 1.0001090136192938 0.0019397263681313927 
4.85159312287686 1.000037641174705 1.000389142518527 2.117479848389116E-5 1.0000769453585558 0.06617877572365372 
4.994415889197499 1.0000779404202573 3.195670999921324 7.643503713929086E-4 1.0004395558659938 0.03992900547417413 
0.07707348410851367 1.9458462735658544 1.00008031636394 6.295875870984127E-5 1.0000240235477955 1.8797340880882807E-4 
4.992876167110557 1.0049544187448494 4.039441343723585 8.032871170845493E-5 1.0000113143773086 0.002258166934293193 
0.0031472811631388193 1.9975921453987657 1.5767421750895467 3.376991130711934E-6 1.0000702374245376 0.06603920935924745 
0.0018887400977756533 2.000609364281726 1.061550300465794 8.566421867207242E-7 1.0000190134361893 0.021909593932733642 
4.643144406148522 0.888891199473481 1.0244199494423658 1.7832703061743016E-4 1.0001299417136065 0.004778175648714159 
0.0031514327783955156 1.9975860777861185 3.566500927608742 2.4735384676656796E-4 1.0003132743173269 0.01447576092903963 
4.995689607182078 1.00107574912868 3.0423141064565375 4.274065106510213E-5 1.0001341398785975 0.07030542685719464 
4.994415889197499 0.9999469059601862 4.2483675495844615 8.115688329270651E-4 1.0005861365347286 0.010526137904789429 
0.001299615046326606 2.000595794993157 3.430919364991576 5.308843125127092E-7 1.000003163975315 0.014594193876103542 
4.994307454818695 1.0039832713550845 2.656929167813954 5.2214148672728884E-5 1.000174887928873 0.01863287602586492 
4.260660522950845 0.888891199473481 1.0016050291558654 1.3315973902329425E-5 1.0006330267802057 0.011615403022890172 
4.759220280463234 0.9745706324455133 1.0003538527029612 1.8488879269157365E-5 1.0000807336001305 0.020197074428774775 
4.953151890116439 0.9859307373760208 1.0000991829730475 8.445713639694499E-5 1.000532542309461 0.06236791663026886 
0.5509327054802424 1.4507672254080102 1.0273307007000991 4.347941240082266E-4 1.0000221398772269 2.086886881780877E-4 
4.500188654406303 0.8369233209221677 1.0001623528241894 8.310686867430707E-5 1.0004752345956207 0.1835386743932655 
4.498499864074218 0.8390635690418888 1.0016050291558654 8.299724747045506E-5 1.0008918280283936 0.06409819955872714 
0.001299615046326606 2.000609528713359 3.02867034381664 5.308843125127092E-7 1.000014073491146 0.002477041623319607 
4.760036589379231 0.9745706324455133 1.0004207667852576 4.596697721048476E-5 1.0001319850227866 0.016877798294212664 
4.994415889197499 0.9999469059601862 4.2483675495844615 8.115688329270651E-4 1.0005861365347286 0.010526137904789429 
4.278268827013966 0.8053757638449872 1.0011861998866396 8.034653335667906E-6 1.0054547105875278 0.039353674037778404 
0.002392402593905987 1.9978234630699714 3.693838086523798 7.649935713009836E-4 1.0001090136192938 0.0019397263681313927 
4.896014742582119 0.9745706324455133 1.0004207667852576 4.617677352083264E-5 1.0000029124206726 0.00847620691282236 
4.994415889197499 1.0003219336037072 3.2677844925801396 8.351212572730606E-6 1.0000171866727545 0.06664706504990206 
0.0031514327783955156 1.9975860777861185 3.401940711068384 2.4735384676656796E-4 1.0000171122158235 0.01447576092903963 
4.995689607182078 1.00107574912868 3.0423141064565375 4.274065106510213E-5 1.0001341398785975 0.07030542685719464 
0.6712547231185635 1.3288096972802521 1.0289121506574892 1.373763727754773E-7 1.0000018205720382 2.7711017759481007E-4 
4.953151890116439 0.9859307373760208 1.0000991829730475 8.445713639694499E-5 1.000532542309461 0.06236791663026886 
0.6079767127675133 1.3946586351518644 1.0342071705844493 6.6367676743949E-8 1.0000025354569242 0.05526270160804575 
4.220696687614244 0.7634436605872545 1.0001044151482583 1.155285194329739E-6 1.000131685819426 0.038604819980324376 
0.6079767127675133 1.3946586351518644 1.0342071705844493 6.6367676743949E-8 1.000020792196279 0.05526270160804575 
4.994415889197499 0.9999469059601862 3.629520344841359 8.066981356822217E-4 1.0005841446074302 0.003999282751730289 
4.9049922588805295 1.0049544187448494 1.0240928911255782 3.2527417551142935E-5 1.00004779208407 0.0016969543131184518 
4.689611795357321 0.9028245227063086 1.0034181041785686 9.30333436990908E-5 1.0005841400394502 0.05259046427307119 
