0.378885249511684 1.6211264493245074 1.0161766202385656 7.855230981844966E-6 1.0000001843740647 5.434093274250193E-4 
0.378885249511684 1.6211264493245074 1.0161766202385656 7.855230981844966E-6 1.0000001843740647 5.434093274250193E-4 
4.5165772036696405E-5 1.999994758036539 4.999298477584681 8.16953262288602E-7 1.003408074114203 0.14701421773612217 
0.18795153518764193 1.9564761775325623 1.000593687639001 1.0203200375543849E-8 1.0000022950642864 0.0012438164064777837 
0.016283216493090794 1.9863898903358754 1.000396884431971 9.046987116439249E-6 1.0000609298431353 0.0010035584782695532 
0.3541866984828758 1.6566672611925264 1.3031857413047432 1.0247339056437558E-4 1.000012912166753 0.001296090148495757 
0.0013628152828002345 1.9986488895003738 4.163758180919961 2.594547945632633E-6 1.0000002940503738 0.004658890434679069 
0.0013666761152592913 1.9986655399307613 4.376778562214314 2.189249811471739E-7 1.0000019024530706 2.8038086985123466E-4 
0.0016650815788836273 1.998650162909656 2.083332788500212 3.5472465758263537E-6 1.0000088191606535 8.5667768727298E-4 
0.0013627414802149015 1.9986544587318533 2.7985142721277314 4.198481585605347E-8 1.0006977064480098 0.29320015714858416 
0.0013413104045907202 1.9986589654427334 3.0676822702369835 5.591756630019664E-7 1.0000150623632043 0.00637029041425282 
3.919344116876729E-5 2.0000335204020603 2.715211931410778 7.749708593895636E-7 1.0000017872810734 0.2079558520958507 
0.0013569864764951796 1.9986508093972346 4.92655450294029 1.9829768234095407E-5 1.0000031462937762 0.01671278490007135 
0.0013520107389180275 1.9986498001504773 4.296251206941249 9.884454855547363E-7 1.0000031900326167 0.0027131311100649803 
0.001366647640176234 1.9986660813576573 2.411876071527683 8.18592043575534E-7 1.000000145441559 0.0207815055669954 
0.36504451317748143 1.6438386422743965 1.000649208948945 1.7361220763604878E-5 1.0000018758686724 5.656682627002403E-4 
0.0013657674928560866 1.9999709992570591 2.211157117635124 1.631833038268163E-6 1.0000017919401996 2.296676761417843E-4 
0.0013466577811168494 1.9986618538835905 4.2247480274152815 7.324220396845267E-8 1.000000227047609 6.11581562459895E-4 
5.855601626152886E-4 2.000014478153838 3.3864192792160774 1.2175901605433808E-6 1.000009314551284 0.0051012814378571525 
0.0016607929051032926 1.998398224837524 1.000593687639001 2.6674686877046604E-7 1.0000000483930678 0.0012438164064777837 
0.0013629455698651533 1.998679976700298 4.530071409652521 9.812769743262872E-7 1.0000165519452067 0.155798320566658 
0.001358158601065622 1.9986465342004929 3.1928513480576064 9.982990838864153E-7 1.0000102297643751 0.0031032748116618433 
0.0013569415062548783 1.9986585385101099 1.819618843166823 4.065282648493692E-6 1.0000163821049122 6.533498499238148E-4 
0.0013572080141470977 1.99864589746241 1.9266631126826688 9.873700021120371E-7 1.0000031761153634 1.4593102980974644E-4 
0.0013569944779079223 1.9986486096190343 3.6502803644186397 1.0401468941973653E-8 1.0000036651750506 5.280930197783908E-4 
1.9522152091671415E-4 1.9999774909546348 4.55919404990001 4.5576392671087203E-7 1.0000011690579478 6.784860397503808E-4 
0.0013563501973903659 1.998650475799729 4.242706281620368 2.6102500225932377E-7 1.0000009700713541 0.0017340034647857286 
0.35446628170496886 1.6535773526905655 1.0911640001996223 0.013025596218208617 1.000012825535449 0.0019922499764512143 
0.0013563958763703364 1.9986459590703602 4.116149010361027 9.75678885010501E-7 1.0000163076613113 0.10006869921333893 
0.0015586519937454174 1.9986986222243777 4.030176054329392 9.57923796463711E-8 1.000001381672261 6.572894266778773E-4 
0.016275886066688894 1.986013960131792 1.0161766202385656 4.534105435451915E-8 1.0000000022529427 8.825591048434289E-4 
0.0013568777494664017 1.9986617064305812 3.001958116214632 2.3404940500632317E-7 1.0000007043397126 0.08282436560003684 
6.012840317565953E-5 2.000014478153838 1.9855007279024832 1.2175901605433808E-6 1.00000142280326 0.0010880751345203811 
1.9522152091671415E-4 1.9999774909546348 4.488237494022706 4.5576392671087203E-7 1.0000011690579478 5.465049812126352E-4 
0.0013599434897973663 2.000042004480963 4.09335695863467 7.87476189795804E-9 1.0000094716459504 2.573238088788176E-4 
0.0016420192740693492 1.9986624461409999 3.758944207816058 9.72221660447119E-7 1.0000165566517991 0.02606687158971225 
0.001365003363640917 1.9986484730562715 3.9275457015646835 5.192143462954889E-8 1.0000006451567445 0.0011631423413460892 
5.6575496439454764E-5 1.9999864265610536 3.9716069602023856 4.6381933904804325E-7 1.0000022526808927 7.269878597161019E-4 
2.501909488709787E-4 1.9999586278785517 2.920008873256721 4.5576392671087203E-7 1.000000201310236 5.465049812126352E-4 
0.0014961784708065317 1.9986605817539402 4.691237412410571 3.521319053697155E-8 1.0000002213621708 5.241203542417723E-4 
0.0013520107389180275 1.9986499465633436 2.4884663378609804 9.908060026698439E-7 1.0000008937722527 0.0023289531720436683 
6.127067951703052E-5 1.9999864265610536 4.043262467949244 2.682806433732842E-7 1.0000016388610786 0.006334498295011807 
0.0013669164569946783 1.9986497324141992 1.7361163176327676 1.1544598575509213E-6 1.0000011575044525 0.009295740206889825 
4.0507493963772165E-5 1.9999864265610536 4.726232677293315 2.746411329759487E-7 1.0000027633835826 8.727367428581975E-4 
0.0013580871372451116 1.9986493991285863 2.6624387679306367 5.0081679501161336E-5 1.0000009722305925 0.012449297577613146 
0.0013518674752595998 1.9986583580029595 3.3498637271160803 9.74698215756867E-7 1.0000019304396301 0.0026987414590272547 
0.0013572698014355778 1.9986497272593275 4.893702682114258 5.704385022567113E-7 1.0000160710575803 0.05514330232684343 
0.0016580983839917156 1.998400043611045 4.597363937041775 5.671610957197174E-7 1.0000030970454212 0.03716947243649468 
4.5461143979872516E-5 1.9999864265610536 4.872977179948195 4.6381933904804325E-7 1.0000000479026183 5.35653157955172E-4 
0.0016590335549032885 2.000014478153838 3.450562515308952 1.2175901605433808E-6 1.000009314551284 0.0010880751345203811 
0.0014961784708065317 1.9986605817539402 3.2882546873020515 3.521319053697155E-8 1.0000002213621708 5.241203542417723E-4 
0.0013666761152592913 1.9986992985031031 2.6340080569119806 1.1742269653317606E-6 1.000000978553797 0.01592604721684117 
0.0013520552169615232 1.9986497672824863 4.292945914559112 5.539572496633542E-7 1.0000002940503738 0.004658890434679069 
2.417879332756198E-5 2.00001858586928 1.314859664376623 2.566723419426207E-6 1.0000005912912195 6.225379797513678E-4 
0.00136664787156604 1.9986464904576449 4.799048004632734 3.761523715710069E-6 1.0000002376457362 0.006607604124895028 
6.489517386455441E-5 2.0000625804211474 1.084998487470886 2.754359162906712E-7 1.0000612783630307 7.111115448879028E-4 
2.417879332756198E-5 2.00001858586928 1.2734056822102324 5.941938004496696E-7 1.0000005912912195 6.225379797513678E-4 
0.35446628170496886 1.6525126699521209 1.0096947043308018 0.013025596218208617 1.000012825535449 0.001982566450221272 
6.012840317565953E-5 2.000014478153838 3.5920135102354784 1.2100386155571176E-6 1.00000142280326 0.01678483274859851 
0.0013569402581943258 1.9986614720299236 4.655955793395824 1.8960394411471054E-6 1.0000165990210355 0.02053132208911678 
0.0013413104045907202 1.9986589654427334 2.97194088528789 1.2209399370182133E-6 1.0000150623632043 0.00637029041425282 
0.001366647640176234 2.000028795229116 2.328241156260378 8.18592043575534E-7 1.000000145441559 0.021075436758039537 
0.378885249511684 1.6211264493245074 1.025802904539315 5.891680064650498E-6 1.0000000868367607 6.753903859627649E-4 
0.0016816509835395196 1.9986497766405844 3.135846257536749 5.030354979119079E-5 1.000003682627003 8.596348702844363E-4 
0.0013457167172048119 1.9986615296596542 3.9620177896487156 3.4796248396557336E-8 1.0000004978341226 0.002470763764096723 
5.6575496439454764E-5 1.9999864265610536 4.424629192978588 4.6381933904804325E-7 1.0000023579395048 6.784860397503808E-4 
0.0013857640492378912 1.9986563109368602 4.630490551788313 1.1533946787275008E-7 1.0000109771425014 0.013865084664658849 
0.001360304348624742 1.9986653848471494 1.490930691255591 3.678712447088488E-5 1.0000086856024304 0.0034299764071714454 
0.0016724493737096838 1.9983676606105485 3.805043303701674 5.215362811804263E-6 1.0000010636217107 5.298870831465269E-4 
0.001387477193119789 1.9986483502077839 4.774567767175338 9.845442458017266E-7 1.0000006030951512 0.03784579458420492 
1.8724937281831117E-4 1.9999864265610536 2.8689132414772844 4.036909258845793E-6 1.0000000609627326 0.010978354583526945 
0.0013629455698651533 1.9986800286022994 4.456850974443048 1.0647941932380465E-8 1.0000020565813494 0.155798320566658 
0.0013567849716763344 1.9986590031121743 3.683691340847327 1.6343790786650222E-6 1.000003665198563 0.01611955159251849 
1.8724937281831117E-4 1.9999864265610536 4.978624655181571 3.829193625798393E-6 1.0000001451515996 0.38335942594641614 
2.1984804941688673E-5 1.9999875108526066 3.135846257536749 5.053785766369204E-5 1.000001984707289 8.673552125942891E-4 
0.0015107709059886873 1.9986605817539402 1.6545114999418027 3.625175916891306E-8 1.0000000354893113 4.769181322916748E-4 
0.0013666761152592913 1.9986656863436276 1.496814200783601 1.017618551499674E-6 1.0000013764180327 0.0034196092161977634 
0.0013674617473993236 1.9986486277154532 3.8071014078248493 3.7023056361500576E-6 1.0000031447018478 0.015467348774290002 
0.0013738431304336305 1.9986461649938134 3.7305605962938304 9.748809287746485E-7 1.000009909061033 0.02073552295782797 
0.0013749825269721906 1.9986466624944466 3.24517538716166 2.4660625576900045E-6 1.0000009633717764 5.015108540846586E-4 
0.0013563958763703364 1.9986585648223123 4.676371563047374 4.083268831160971E-6 1.0000158992821768 0.001857879294573253 
0.0013669164569946783 1.9986475995474096 1.6182339096262883 5.803457002955903E-6 1.0000031447018478 0.015467348774290002 
0.0013567849716763344 1.9986591352226715 3.847767042026738 1.6343790786650222E-6 1.0000001800157692 0.01504137340867967 
0.0013475879831652423 1.9986631773962522 3.8877477277425743 1.3717529962003215E-6 1.0000007717183892 0.0997464688396345 
0.0013738603185750621 1.9986578778253858 2.569539000309719 9.748809287746485E-7 1.0000099212031048 0.020529705075607745 
0.0015278897130644412 1.9986459670034158 3.5604266683153436 9.750297925188594E-7 1.0006827932367017 0.05885528873966642 
0.0013713071933429753 1.9986606137270722 4.615928228808155 1.1321152951521797E-6 1.0000030970454212 0.03716947243649468 
0.0016648967901824732 1.9986494009727902 3.5091390763271617 8.495884703626535E-7 1.0000013775183407 0.016907765857557464 
0.0016607929051032926 1.9983989628178247 3.481044739502436 2.7323193825831245E-7 1.0000000483930678 0.0036718119099472812 
0.0013868324145174893 1.9986485332768553 3.8500071406245766 3.6480531693140914E-6 1.0000153740478392 0.006778501991225655 
6.127067951703052E-5 1.9999864265610536 4.465172546825 2.682806433732842E-7 1.0000017147026559 0.0022306868537230354 
0.001366647640176234 1.9986660813576573 4.96914666604339 8.267752849549905E-7 1.0000000360715084 0.0207815055669954 
0.0013569181597650232 1.9986616459076274 4.845313721553167 1.936061069420927E-6 1.0000014140792781 0.02053132208911678 
5.6575496439454764E-5 1.9999864265610536 4.755626618832517 4.6381933904804325E-7 1.0000023579395048 6.784860397503808E-4 
4.2952038147072596E-5 2.0000027074147404 4.407367290465044 9.970051530556824E-9 1.0000002603742137 0.15510065070932294 
0.0013569402581943258 1.9986614720299236 2.5248592055432804 1.88785619981484E-6 1.0000173656426812 0.02053132208911678 
1.8724937281831117E-4 1.9999864265610536 2.8689132414772844 4.036909258845793E-6 1.0000001045823104 0.010978354583526945 
2.591482625519852E-5 1.999987310103663 4.737642041987956 1.049139874157035E-6 1.00000142280326 0.0081367157388939 
0.001387477193119789 1.9986483502077839 3.8927632850114557 9.845442458017266E-7 1.0000004978341226 0.002532665960204985 
0.0016724493737096838 1.9984306573188364 3.591445225673218 5.215362811804263E-6 1.0000010431880193 5.298870831465269E-4 
