4.999877900482035 1.0000293583348916 1.2981282510607528 2.1375338522128635E-5 1.0000608655243655 0.002528131018495368 
1.1036562598849797 0.9096790295842383 1.000598708602334 6.618332793288428E-5 1.0000584150433287 0.0026194374296502725 
0.02403434280864092 1.981348139403571 1.0003883713350763 3.530561373286659E-5 1.0001422985036075 0.005099463001104309 
3.966754245195382 0.6637949176102127 1.0001239724291853 2.073848698783853E-4 1.0000983690430618 0.02872890310647075 
1.0356018449878812 0.9939949802257073 1.0002141822384603 1.1091410307114693E-5 1.0000596636511698 0.059277213504596166 
0.6789089852692098 1.3221678575842448 1.0003641255295994 2.7885300192056464E-4 1.0001537902614424 0.005640320440152629 
0.22628249604829292 1.7758594511664827 1.0003643929388135 2.8133076354907866E-4 1.00011721843632 0.002957416428784673 
0.2191306188610005 1.7870641139224532 1.0761046288663554 5.614547791336066E-6 1.0311169228269332 0.3292620504764993 
0.10770465158449843 1.8995719776982747 1.0006372430270138 2.2584752296732697E-5 1.0000626920312903 0.016581630152889885 
4.695654247031266 0.9240233519829072 1.0004256602105488 3.101596178859948E-4 1.0000009178750364 0.005777147844509656 
0.5167002076803477 1.4935139350583535 1.0014203746345811 1.844709393046979E-7 1.0000644446983218 0.012373259011287583 
4.861795635613084 0.9745642347676576 1.0000143060366276 3.5298298210370636E-5 1.0001922312487153 0.0029507275511451783 
0.32680806264779916 1.6751397932799934 1.001450540641699 1.4840975084281339E-5 1.0000548104344198 0.01172875564833048 
4.35014518521597 0.786774406035671 1.0586420226924196 2.609057280284196E-7 1.0000217853024673 0.042779095449490025 
4.384795320995816 0.7958310133864375 1.0013848643115513 9.456247785678052E-5 1.0000176844997288 0.007677915921474257 
4.070414806141847 0.6912133895949855 1.0004880658938176 3.963893351265578E-6 1.0001171366450572 0.004221843856754226 
4.8353761341635995 0.9546308906795377 1.0000214225031465 4.4015110350937645E-6 1.0000200790538898 0.0030859085858151625 
4.7166486091760085 0.9309835649479599 1.0000908892463147 7.846710308875923E-5 1.0000750044022673 0.002992134244576582 
4.050372038835704 0.7162006406322939 1.0012603992427023 4.485385041634249E-5 1.000044264756723 0.0036083944936459965 
4.877022125928023 1.002369469893682 1.000433616643171 3.4573775231284043E-6 1.0000138114466384 0.008717086350414072 
0.46285579232141166 1.5398201749077944 1.00008772170708 2.0903137973328424E-4 1.0000811496670865 0.0444866859650728 
4.614992920192871 0.9071089288402648 1.0000858053048294 9.041786776195567E-5 1.0000952629230437 0.002330861863596914 
4.663951809797646 0.8929502548679811 1.0004789186485918 1.914123170507153E-5 1.0000624500701654 0.0027747133199369427 
4.100513508949278 0.7005243195470454 1.0003141164499403 2.702626029327954E-5 1.0001245140834951 0.013427509761675421 
4.812617382135737 0.9437663997523122 1.0007152305742473 2.3000777881972178E-5 1.0000554747272854 6.349554391082805E-4 
4.794925233349223 0.9467943284082015 1.0000272023057346 2.014090829317752E-7 1.0000332844460105 0.06840533728052073 
4.67134399697942 0.8929502548679811 1.0004334571814777 1.9115371173784124E-5 1.0001921827432476 0.002767722719772868 
4.577447860606704 0.8633999079207185 1.0000413578132767 1.234151628108268E-6 1.0000655168623394 0.0030335358063939034 
4.730525094693399 0.9445978014028379 1.0005898560306397 7.391872995073913E-5 1.000061581381889 0.00232675323441383 
4.450618882640484 0.9108416988436256 1.0001916301755616 1.2580490241384944E-5 1.0000624807457905 0.002306440250411289 
4.601827575536792 0.897296356556182 1.0018102491108076 5.437905815974422E-7 1.0000140330139065 6.98121917536664E-4 
4.280641679362583 0.7866589881616303 1.001058042095426 3.6626225293590575E-6 1.0004431018377007 0.01092913521088784 
0.4400656541882908 1.5781065330723023 1.000780665879616 4.1685774949625133E-7 1.0001209475209554 0.0029902834838073417 
4.189349621624784 0.759930442657977 1.0029162782263974 5.46784048576826E-5 1.0000168535012224 0.012276567968039026 
4.977529378781695 1.0015662685662718 1.0110845369022454 5.5981985677461585E-5 1.000144239322806 0.04238283182167124 
4.02486011156599 0.6799435854230655 1.0126582984068313 3.101596178859948E-4 1.0001183973838326 0.005788422416443555 
4.636811976039416 0.8974065364304853 1.0004380333556437 5.437905815974422E-7 1.000050712687289 6.98121917536664E-4 
4.747959824538041 0.9343878452490393 1.0017681359624422 1.0124740480112638E-5 1.0000608226205852 8.259933561250314E-4 
4.517306211698677 0.8666774513727402 1.0007952450498836 1.3157645156748336E-6 1.0001172240752065 0.002949142876452914 
4.929226995936032 0.9939949802257073 1.0029761412420897 1.1091410307114693E-5 1.0000596636511698 0.06082639218403306 
4.481103102701294 0.8498332671971637 1.0006577050443688 4.892826830996895E-7 1.0000624376228802 0.0027549807563663326 
4.337961869563792 0.8068171862968767 1.0004058385127728 1.2035323488612036E-4 1.0000598058513177 0.0011278315706114543 
4.587044154713181 0.8631146838245101 1.002632381766112 1.3597607293308318E-6 1.000034647712429 0.0030335358063939034 
0.6445443877295877 1.368212073752978 1.0012576601944916 4.442621187865431E-5 1.0000992179340682 0.0031842210960424614 
0.5752322131049643 1.4256372790170677 1.0006577050443688 4.892826830996895E-7 1.0000624376228802 0.0027549807563663326 
0.32680806264779916 1.6751397932799934 1.001450540641699 1.4840975084281339E-5 1.0000548104344198 0.01172875564833048 
0.5752322131049643 1.4256372790170677 1.0022261943292181 4.892826830996895E-7 1.0001488054676095 0.0027549807563663326 
4.475115299143946 0.8385463254217841 1.0008061027152284 6.069925660609818E-5 1.0000076412876076 0.004105000205751554 
4.826375209391606 0.9676510473058083 1.000183617487038 1.1681892817027364E-4 1.0001147579368792 0.0010011600558147674 
4.303824482307492 0.7927678887204577 1.0002230318627683 2.3504150471103138E-5 1.0004335548950165 0.002553715942852308 
4.768573783575553 0.9305792956632383 1.001703766517522 7.061010000969184E-5 1.0000954426329738 0.002992134244576582 
4.158550844122703 0.7454820471841109 1.0000887542550185 4.225022203454662E-6 1.0000641205200416 0.029338360792925292 
4.552722573562543 0.8633999079207185 1.0000752408383922 8.509850924067593E-7 1.000034647712429 0.002740330103856911 
3.9907165820452546 0.686053879642689 1.0780144400868483 3.101596178859948E-4 1.0000098863347162 0.005777147844509656 
4.127247289679417 0.7162006406322939 1.0022688523726084 4.972640461269284E-6 1.0001279549659232 0.004204039978888499 
4.9473781831782055 0.9835992361870316 1.0007952450498836 1.3227395388408904E-6 1.0001172240752065 0.012490589701970289 
4.272786503292101 0.759930442657977 1.0028945876726 1.5066229751305221E-5 1.0000184459097499 0.012276567968039026 
4.999877900482035 1.0000293583348916 1.2150454087242695 1.019162307520717E-5 1.0000224472764399 9.841743389752758E-4 
4.429949190226355 0.8181711680396831 1.001110861149844 2.261934398108352E-5 1.0000160516835885 0.0026674266220994705 
4.109188563380822 0.7454750067383729 1.000561716805535 2.8632971418965673E-8 1.0000641205200416 0.0046953311398577995 
4.416623536017668 0.8437456478346607 1.000426901799531 4.652584582129753E-5 1.0000820144802707 0.0027649648740935727 
4.907096650740838 0.9978987666610744 1.0001575171453465 2.3712155880021597E-4 1.0000328818920114 0.044330323046518474 
4.017552747226258 0.7063038709757373 1.0001611162852428 7.789339246648947E-7 1.0000550542982454 0.002576058295154721 
4.636811976039416 0.8974065364304853 1.0004380333556437 5.437905815974422E-7 1.000005474424695 6.98121917536664E-4 
4.757317299532207 0.9309835649479599 1.0004277284297132 9.041786776195567E-5 1.0000963844687671 0.002992134244576582 
4.20868869023953 0.763985784219932 1.0004844996887152 6.012671671686261E-8 1.0000625135606966 0.0023646358924596907 
4.394973776482622 0.8631146838245101 1.0026874748496393 1.3357493056064864E-6 1.0000272871587446 0.0030335358063939034 
4.255176630338886 0.7577263928793512 1.0022259631136745 5.46784048576826E-5 1.0000168535012224 0.012276567968039026 
4.232730339071391 0.7454820471841109 1.000561716805535 2.8632971418965673E-8 1.0000641205200416 0.029360095174272693 
4.50307635240981 0.8366790765503358 1.000561716805535 2.8632971418965673E-8 1.000061664410446 0.029360095174272693 
4.174761265821736 0.7963721228586104 1.0014905814579915 8.080510817193561E-7 1.0000217853024673 0.003114121139625378 
4.20868869023953 0.763985784219932 1.054032601840637 1.0938984555051682E-5 1.0000469981369564 0.0023647719157321137 
4.967129430424794 0.9907838547859709 1.000905524782442 5.7046781267676254E-5 1.0001240339410609 0.009647056756227875 
0.397136305435984 1.611133933717528 1.0000670130395533 1.2828829963941187E-6 1.0000452023242863 0.0027549807563663326 
0.08165405715775265 1.9236180530941547 1.0000117263896062 5.703405984862792E-6 1.0000008254403103 0.0031206481136308393 
4.945608096974189 0.9871045736123361 1.00078778622062 1.1969375331949328E-6 1.0001160519740249 0.0029900159711648347 
0.400841531137854 1.6016277804527952 1.0000668805251398 1.4881372383679934E-6 1.0006521058621363 0.004161690721212549 
4.405872876528812 0.8198067137942632 1.0006506820050376 3.4573775231284043E-6 1.0000138114466384 0.010802230243591908 
3.988850068263801 0.6740843016222244 1.0017894698141527 7.36150157089918E-5 1.0000097341218546 0.0010182398660291171 
4.543890129372006 0.8630302195611061 1.0014792265127967 5.498285658369598E-5 1.0000122573819608 0.005788422416443555 
4.139547276939135 0.7162006406322939 1.0004220896739044 1.6484484849188074E-6 1.0000978478550386 0.004201814445425432 
0.36272374764963206 1.644757612928803 1.0005005609310966 9.071621689915465E-7 1.0006641268406917 0.007007953814281069 
0.05441987447237118 1.9511772314959002 1.0028354361354224 4.082606375482152E-5 1.0000143087162163 0.005089924888373407 
4.894806718194757 0.969498174902604 1.000205210727577 1.1847908239617718E-4 1.0000557805229253 0.0010011600558147674 
0.08165405715775265 1.9236180530941547 1.0451441899207354 5.703405984862792E-6 1.0000191592928085 0.0034851023747071953 
0.36272374764963206 1.644757612928803 1.0008802901094702 2.4239444473010717E-5 1.0000080726240952 0.007007953814281069 
4.443046050046253 0.8181711680396831 1.001110861149844 1.5839178319370685E-6 1.0000161732862891 0.002292171093612891 
4.529247564569243 0.8661072824323697 1.0018219382196645 1.3147790340471773E-5 1.0000202675078578 0.011295020513987234 
4.322041825885561 0.8403255999315467 1.0000908892463147 9.180472540838483E-5 1.0000073778760692 0.002992134244576582 
4.167743184514659 0.7290915827255778 1.000082472213739 7.501350311318356E-6 1.0000628783307093 3.7802764619570065E-4 
4.999877900482035 1.0000293583348916 1.051456773720671 1.1163664785060006E-5 1.0000202502947206 0.011272528942009693 
4.255176630338886 0.7577263928793512 1.0022259631136745 5.46784048576826E-5 1.0000598703386554 0.046048932078586784 
4.967129430424794 0.9907838547859709 1.000905524782442 5.7046781267676254E-5 1.0001240339410609 0.009647056756227875 
4.232730339071391 0.7454820471841109 1.0000887542550185 2.8632971418965673E-8 1.0000641205200416 0.029338360792925292 
4.50307635240981 0.8366790765503358 1.0018406054824576 2.8632971418965673E-8 1.0000100211256804 0.029360095174272693 
4.899719921251014 1.0101287140921953 1.000561716805535 4.414543616916038E-6 1.000054999880178 0.0046953311398577995 
4.305607331517757 0.8267419815210686 1.0028185553991908 3.898731930628128E-6 1.0000143310695793 0.002321872586737039 
0.10770465158449843 1.8995719776982747 1.0004888477556897 2.560751222146459E-7 1.0006952063697798 0.016581630152889885 
4.921843944837187 0.9775487336766816 1.0005205018926726 1.6073166697001384E-5 1.0000007332829008 0.006104964695588772 
1.0356018449878812 0.9939949802257073 1.0002141822384603 1.1091410307114693E-5 1.0000166468174994 0.011887415382622384 
