4.997369843493136 0.9998956954026358 2.2007452237053027 1.8379404406655036E-5 1.0000439331297382 0.07290925295690695 
1.0609693470624006 0.9552125677823844 1.0002722449802448 6.944977492256387E-5 1.0002472636246105 0.014860653766495886 
0.008436005439199423 1.9918183644357206 1.8834925640081324 1.3719611578181688E-6 1.0000188001467984 0.020440653963662445 
3.9834968756863653 0.6649710992746476 1.002240312158373 6.875055668628429E-6 1.0000341164928974 0.002475922435697386 
4.997369843493136 0.9998956954026358 1.0407597242161732 0.01157189644369287 1.0000018900144152 0.013090124038139616 
0.3062166182374031 1.6957811020816003 1.0003706673158914 3.113312166004714E-5 1.000150843452764 0.08243712185200636 
4.996317228640722 1.001806128114065 1.7402251225206307 4.255286961754107E-5 1.0000447752580854 0.05618698079661838 
0.46376257798803255 1.5364700665306148 1.1474117237536372 2.4815235345400735E-4 1.0000157458482364 0.004239110616702336 
4.996656356441484 1.001513856135131 1.7550278693625938 4.483138897652573E-7 1.0000087830647046 0.05298296505669267 
0.6417098597169322 1.3602138110492874 1.0002300532833446 2.1480486600021823E-7 1.000000211730822 0.018899963380727663 
4.997369843493136 0.9998956954026358 2.2007452237053027 0.011403064732608015 1.0000439331297382 0.013768237873063787 
0.8136121385278332 1.1870773214418966 1.0002736847992164 9.71604431915775E-6 1.00024708864224 0.025224181622043887 
4.310130303235734 0.7711905733973984 1.0206333656678357 1.2010586676122264E-6 1.0000391488964624 0.009938221363514202 
0.008436005439199423 1.9918183644357206 1.6173880743469524 6.0688403021017965E-6 1.0000191072378743 0.023655504472393955 
4.2161405229043485 0.7726634435649438 1.0205077569979257 4.376910432773294E-5 1.0000000364843562 0.02577629883975801 
0.46376257798803255 1.5364700665306148 1.000134592113887 2.4178216172627545E-4 1.000015128908763 0.0031107616336966994 
4.046484871648108 0.6882933987297423 1.0006661190827275 0.0025660300154335754 1.000023221526917 0.02516702367830289 
4.448434998229586 0.8390638402358679 1.0012698793576358 5.806676599155256E-7 1.0000463941191102 0.03696754164616821 
4.92275648086612 1.0047792965341513 1.0043551743310282 5.192301198347115E-4 1.0004574415424186 0.01184520118382167 
0.5519081329580819 1.4483582688289056 1.0022607321023056 2.640982847907378E-6 1.0000071110401216 0.024195270711113485 
0.7428075326213344 1.2597838641906431 1.004307369978259 3.7656183349815263E-7 1.000958859311284 0.007212094417820066 
4.249702409220358 0.7726634435649438 1.0000728140876232 4.256091287218471E-5 1.0000000364843562 0.02577629883975801 
4.372119447243571 0.7930389490153453 1.016973791503203 7.60540793100048E-7 1.0000519240457144 0.003029636941645363 
4.720968701291499 0.9265690999954863 1.000112478778474 1.982198322473714E-6 1.0000342311364392 0.011645510340835132 
4.110002874505596 0.717106740558512 1.0003075490193996 1.2612590452597494E-5 1.00030236984412 0.010880557282838522 
4.556915628821434 0.8543394605698365 1.0004237451520344 6.5381418191480905E-6 1.0001104253912738 0.00993331637606943 
4.088662165501949 0.717106740558512 1.0008033776066794 4.010064940566611E-6 1.000040917683796 0.010880557282838522 
4.189321650058265 0.7583545404813568 1.0000790236507104 5.806676599155256E-7 1.0000463941191102 0.03696754164616821 
4.135206023521366 0.733671290367331 1.000137113628854 1.263785406148743E-5 1.0003085662359192 0.0029559487785869912 
4.901257426556779 0.9747765093470974 1.0381305811135584 6.949664634757946E-6 1.0000344060497894 0.10546786314756729 
0.5576457710161875 1.4449671536123287 1.000213571366883 1.121913322702696E-5 1.0000243342438362 0.014129499970202566 
0.14665574068895393 1.8677614671633962 1.0030925610111574 1.4779014441793012E-6 1.0002404929410242 0.001748802868980678 
4.877899280596078 0.9688125575989305 1.0007093758592969 2.368667846660309E-6 1.0000706736834692 0.014442591987732746 
4.858156534386351 0.9645272507223329 1.0002337988038574 1.084852266690652E-6 1.000514061843947 0.022172904745310557 
0.17530642375817457 1.8249818536421092 1.00015627479476 1.0425898389709998E-7 1.0000200563490376 0.0026672715997211813 
4.539529634351196 0.8591669096970961 1.0012698793576358 5.806676599155256E-7 1.0000463941191102 0.03696754164616821 
4.576546233615991 0.8874921076010124 1.0009273605240376 3.2114497522698574E-8 1.0000289585547224 0.004806084765940459 
4.150507859974728 0.7779814771459186 1.0028192086179726 5.138867608865337E-6 1.0000000364843562 0.06274698592096928 
4.797713649640374 0.9350849077352554 1.004358671535943 3.774952754958406E-7 1.0000215856692198 0.0016398145656919948 
4.625168438368247 0.8834234186106679 1.0427832245671842 1.8915131444234096E-6 1.000046347174152 0.014417834610223 
4.7522511200846775 0.9263911949198769 1.0008680614925136 5.163186930927628E-7 1.0000431266256464 0.010447820226089748 
4.6148825355675145 0.8834234186106679 1.000071216473178 2.404405343483176E-6 1.000046347174152 0.016245810142121606 
4.9515923019865715 0.9849148125394618 1.0018240426511635 1.9693214756370916E-6 1.0002054006376417 0.0024667542658337593 
4.677224252444837 0.8948188224340342 1.0001184452413332 1.2814507140757797E-5 1.0000110483309916 0.004393793563240364 
4.399600809898686 0.85419835125312 1.000062051501382 6.958288298212948E-6 1.000082954473284 0.004066295743127962 
4.1701050126729236 0.8528980808418052 1.0000299613817192 1.2220752518712312E-6 1.0001104601518946 0.004073302855194971 
4.477437898795281 0.8374159324069781 1.0004037740949556 9.268243249703956E-8 1.0000177894140483 0.008601679313388358 
4.519765420106177 0.8591669096970961 1.0012698793576358 5.149048167444679E-7 1.0000475544433423 0.03696754164616821 
4.947027479197427 0.9846557232765836 1.001361417458514 4.358274603572423E-7 1.0002093030108545 0.10833534136759296 
4.656661783971547 0.8898475220908673 1.0012111710897924 8.841740556117692E-5 1.000000796518436 0.013113751884592451 
4.889697991346411 0.9747460072121756 1.0159066834486195 2.1369299167621047E-6 1.00005111844618 0.08096674848373733 
4.295254863507819 0.7803228746565181 1.001826687492967 0.0019620059536279025 1.0000092305500112 0.012694955371231907 
4.648048280459696 0.8898716866349918 1.0002057109952638 4.022252945843543E-5 1.000000796518436 0.011166633634117244 
4.702363718849051 0.9083683073889385 1.0013359712266743 1.3832784614116754E-4 1.0025983463847035 0.036642296968729594 
0.25905312576351736 1.770904747089016 1.0001486410516092 6.715699458222291E-6 1.0000137634577668 0.005419697815076847 
4.783704761946712 0.9350849077352554 1.022057127165379 1.4992459960957473E-6 1.0000431365503515 0.0016398145656919948 
4.278942329981164 0.7794441495821818 1.0013300033029207 2.9603957643420734E-6 1.0000408212852767 0.002169677874172035 
0.008435968418607517 1.9918183644357206 1.4758483378601568 5.943127716337307E-5 1.00000546103441 0.011648102221785115 
4.97491319849281 1.0145883635128923 1.0004959304519707 4.501588581191385E-5 1.0000001906897196 0.06195175115649093 
4.354205419359423 0.7923254400334685 1.00183267302575 1.5035392856582397E-6 1.0002060150833103 0.11743539666672072 
4.009215591703923 0.6709585359230472 1.000043303102474 1.3638721375034033E-6 1.000035879858084 0.003908359406740669 
4.687557723743624 0.9083683073889385 1.0013578455147618 6.561254214754465E-5 1.000028958331961 0.003987538814400678 
4.8442943206020574 0.9719665023677339 1.0001738408127057 1.0982703394989726E-5 1.000550891541777 0.007925916135660557 
4.97491319849281 1.0145883635128923 1.0005608950498828 1.704533144822997E-6 1.0000001906897196 0.06195175115649093 
4.264020355935855 0.7685843978044811 1.0001992498977035 8.73566542303916E-6 1.0000746024475917 0.026237904863247417 
0.21433718080121938 1.7971580561646803 1.0009020909606257 3.59823920641443E-6 1.0000011191650344 0.008048270680085897 
4.4944887847716215 0.836135831941694 1.0002889500168508 7.359891457796228E-7 1.0102998002319685 0.06152969719501128 
4.508099055341853 0.836135831941694 1.0002889500168508 9.268243249703956E-8 1.0000168702337544 0.008601679313388358 
0.7552732224963274 1.2494674025605623 1.0018711213906648 1.9650116006443184E-5 1.0000903846257723 0.008233989730791036 
0.25905312576351736 1.770904747089016 1.004209045564309 6.715699458222291E-6 1.0000137634577668 0.03343814171553158 
4.028879908909532 0.7065162336789409 1.0000180981477078 7.050103275305878E-6 1.0000044549570446 0.0013196770694266055 
4.425380511404037 0.8387505309336076 1.0010058963062147 1.1386267703403762E-5 1.0000441136046816 0.02808607700533084 
4.817017822491623 0.9552125677823844 1.000777793020095 6.911219408677185E-5 1.0003142852979743 0.011629688056387588 
0.20870071279861427 1.7942891048207974 1.0232627890356631 2.864421453438121E-6 1.0000076780623157 0.022770265216464802 
0.023689260836439185 1.980752115137843 1.0001765387703891 1.2578125448511632E-5 1.0000032293830399 0.0030325407687588693 
3.9849297779663564 0.6928588574256023 1.0001822319100375 4.000125674735689E-6 1.0000378340960812 0.03740397923760504 
0.008435968418607517 1.9918183644357206 1.11818776237022 6.547304113915678E-5 1.0000053239170625 0.011648102221785115 
4.715247481294569 0.9063894085489556 1.0090363552994193 5.989289339381569E-5 1.0000288176709695 0.0032251094720970267 
0.11547399890596309 1.8916173360312554 1.0004782368070009 1.4752377551881798E-5 1.0001831248246729 0.0058792811534817664 
0.08137401322561316 1.9188608948914512 1.0001177745613032 1.4725772532440083E-5 1.0001817252803444 0.005711687356532105 
0.8136121385278332 1.1870773214418966 1.0206357925296556 6.738028076923333E-7 1.0000010527839454 0.025224181622043887 
4.59290178657758 0.8850263506817482 1.0001370379663288 1.1010018145938443E-5 1.000306454357975 0.2407285397100022 
4.76898107730802 0.9263637558912352 1.0000605271955791 5.650517363659929E-7 1.000030537718724 0.009324313929821623 
0.008435968418607517 1.9918183644357206 1.216701265436665 4.288026003873696E-6 1.0000077416188065 0.0037621823243858057 
4.40695163699837 0.813579164342182 1.0027129812906246 1.965496809094922E-5 1.0000030818061827 8.65089730238799E-5 
0.05443442465447526 1.9464721993669367 1.0159066834486195 2.1369299167621047E-6 1.00005111844618 0.08096674848373733 
0.02284976060293653 1.9924876719526918 1.0001776309198815 1.2578125448511632E-5 1.0000032293830399 0.003253867633798529 
4.42178006657258 0.813579164342182 1.0027129812906246 2.58245376295032E-6 1.0000047279111697 4.3221123310334115E-4 
0.08137401322561316 1.9188608948914512 1.000464597567832 1.4725772532440083E-5 1.0001817252803444 0.0058362697501597146 
0.05443442465447526 1.9464721993669367 1.0159066834486195 2.1369299167621047E-6 1.0000234242432455 0.08096674848373733 
4.817017822491623 0.9552125677823844 1.000777793020095 6.911219408677185E-5 1.0003213131432893 0.01487897461612294 
4.088662165501949 0.717106740558512 1.02225099257431 4.010064940566611E-6 1.0000473132163148 0.010880557282838522 
4.769335448106463 0.9255078898698844 1.0006985246129643 6.937233841245841E-8 1.000030537718724 0.24919339649394032 
0.11547399890596309 1.8916173360312554 1.0000853066956163 1.4752377551881798E-5 1.0001147293069452 0.0058792811534817664 
4.7522511200846775 0.9256958082463145 1.0090584125873188 5.997306087713359E-6 1.00004397294369 0.04843674203041041 
4.019062529491009 0.6882933987297423 1.0006778326890864 0.0025660300154335754 1.000023221526917 0.06026011811460957 
4.480889446159169 0.8540258518071031 1.004307369978259 3.7656183349815263E-7 1.0001067877658725 0.007212094417820066 
4.3574084736701435 0.7891034205615455 1.0001822319100375 1.4214726539720718E-6 1.0000384870357781 0.2258365552912769 
4.354205419359423 0.7923254400334685 1.00183267302575 1.5035392856582397E-6 1.0002060150833103 0.11743539666672072 
4.59044429253539 0.8850031396961814 1.0018733328714529 1.1010018145938443E-5 1.000306454357975 0.11415002560652603 
