1.0299272895833649 0.9707094067261214 1.0007918375657725 1.0140579109916821E-5 1.0000009288949663 0.001960699945431777 
4.999766678246745 1.0000429654167098 4.422332744130237 6.23980883465473E-5 1.0000044430630488 0.006756826426471476 
1.0299272895833649 0.9707094067261214 1.0007918375657725 1.0140579109916821E-5 1.0000009288949663 0.001960699945431777 
0.31494904581399163 1.6859150893486863 1.000129706769769 2.3964482341294916E-4 1.000183301987562 0.011323616771641482 
0.5618595410423833 1.4430675761492608 1.0895538520546912 1.195175638375078E-6 1.0112567867591595 0.04525924276438535 
4.999766678020396 1.0000429654167098 4.422332744130237 6.358004290897302E-5 1.0000044430630488 0.006756826426471476 
4.999768382741892 1.0000423328924644 4.006707730905846 8.770125093387755E-6 1.0002248221683863 0.15385037840749569 
0.7421174871276894 1.3066937556723734 1.001079069757053 1.4992228338721806E-6 1.0000149687422741 0.0074339145521522265 
0.8330750814333854 1.1876605021597175 1.0003397102923082 2.9173848131114696E-4 1.0000070334473103 0.01881483579017198 
0.5839332869250886 1.417591655523788 1.0003372000033615 2.667749617541491E-4 1.0000802013146102 0.0059238058965771015 
4.874227799534511 1.0002106409072644 1.000340519042975 4.584989057385139E-5 1.000023853482824 0.11164395926611535 
4.794379121730146 0.9504937885429947 1.000247538469128 2.03123519619799E-6 1.0004016422142505 0.00914195432952503 
4.999767594460688 1.0000423418484075 2.861997108868243 5.9454274323816935E-5 1.0006733872807445 0.12203997636291099 
4.9998882154810795 1.000042250892355 3.5639441271418697 5.94529186502418E-5 1.0000576284063452 0.004791240137105614 
4.9998882154810795 1.000042250892355 3.1711386172384572 6.088031369749746E-5 1.0000576284063452 0.10758415634821522 
4.837615408262832 0.9696983681836874 1.0229422097891645 3.117712531264738E-5 1.0006865853001605 0.00636818900155274 
1.0299272895833649 0.9707094067261214 1.0431338558468812 5.681046310665019E-5 1.0000009288949663 0.001960699945431777 
0.0010092433683394494 1.9990165105678328 3.560870581805861 4.083119502144503E-6 1.0000149687422741 0.016714927806167568 
9.446409727485443E-4 1.9996378636267127 1.7034750576622788 2.4781333724046097E-5 1.0002288089837996 0.015868999675897263 
4.320215825305639 0.780857790200334 1.0006264334828618 5.7239290148449346E-5 1.0002048445811103 0.007890385774279028 
4.979533502535256 1.0000247992495948 1.0000716163179793 3.0148351081752063E-5 1.0000576284063452 2.933805499937929E-4 
4.731823456925961 1.0088214388818866 1.0006304432537974 3.08415850718297E-5 1.0000174790916583 0.004610046015400475 
0.0010092433683394494 1.9990165105678328 3.699668384195018 4.083119502144503E-6 1.0000149687422741 0.019049082456850525 
4.508579598554989 0.8384203699439835 1.000478728975517 5.902619430297925E-4 1.0001192631809896 0.04090347589733244 
4.256938043094498 0.7584822781165754 1.0005298671555967 0.001098593439118929 1.0003589526647676 0.12286043320885211 
4.603161684508805E-4 1.999617123290699 1.3043575443240387 4.185884813977556E-5 1.0000077161956034 0.007762180735981193 
4.089119330144711 0.741817402823915 1.000665553687408 2.3842341166522597E-5 1.0004174095839793 0.011078514870088565 
4.349913762059266 0.8384203699439835 1.0005774007944614 6.980573456385043E-5 1.0000459823967207 0.041086500992062104 
4.999766638050713 1.0000423328924644 3.3469554880302184 2.368874995851345E-5 1.0001052485426807 0.11263475358610713 
4.999869851157765 1.0000369283002104 1.1072838325810184 7.451618033723489E-6 1.0328047354994534 0.24751037205007254 
4.954121205797942 0.998097046524294 1.0009985890687514 2.3136364890355253E-5 1.0000148869546486 0.3270707587563317 
0.128833103146492 1.970418474859581 1.0003372917017948 4.19424780230801E-5 1.0000135875675684 2.504227934813502E-4 
0.004551756553786923 2.0011002664026765 2.7943742130997933 6.85357875734741E-7 1.000230011386782 0.002318296032850369 
4.722061998169982E-4 1.9996977294071718 3.261798171623945 2.788814168551502E-4 1.0000063066124896 0.007605954849755596 
0.0012208217293240716 1.9997094037863354 2.4343359896952736 2.0734319139242006E-6 1.0000511531668728 0.0040605849901617225 
4.819704953819523 0.9698767184435662 1.0001836577192824 7.317308771549968E-5 1.00055682512359 0.0022634417161327223 
4.9998882154810795 1.000042250892355 3.44272664138625 4.617407735210772E-5 1.0001793482257935 0.0042268043971867945 
4.377636321556407 0.8762539606038595 1.000071675917087 1.8677901004431145E-4 1.0000576284063452 0.019527833077965052 
4.141302324252481 0.7397908527437166 1.0005298671555967 2.6364811383954077E-5 1.0003594506512579 0.007501687479049267 
0.20722759853449602 1.8128503778612712 1.0001200520912479 1.326029659451573E-5 1.000545000499331 0.049256131825386684 
4.9310055899017815 1.000052180142178 1.0005716284902246 1.0115840685720593E-5 1.0000152223587393 0.14782156805192295 
0.0010049041507721988 1.999220349573466 1.9106208059180876 2.717798874065447E-4 1.000040096982298 0.02004764007027094 
4.701879886755122 0.9040950072529186 1.0002188050555234 8.387447107644335E-5 1.0003453690089494 0.001638018282124844 
4.901339558140283 0.9940522285670086 1.0009985890687514 2.029460992342556E-6 1.0000148869546486 0.021273063202767784 
0.0012039243638463796 1.9996048099952894 2.918968902613126 2.0971788522011262E-6 1.0000164314137552 0.5449211484170944 
4.437554552525055 0.8200579038695326 1.0198566354017764 6.150986331964378E-5 1.0000564870735549 0.2135308067216779 
4.472945940567632 0.8323193795481496 1.0000641760900888 5.861120554194791E-6 1.000083528996042 0.014702598456058806 
4.9997684719528905 1.0000422554278499 3.7125343982837222 6.245716250262856E-5 1.0000077415597928 0.006756826426471476 
0.28303568568991244 1.7226944647250642 1.0055638842251344 4.968495822401245E-4 1.0001989643387101 0.0039035787817149666 
4.999768493502194 1.0000422474895616 3.8471219372648053 5.7530570390491756E-5 1.0000618956774212 0.007492086874644824 
4.999791850724739 1.0000423328924644 3.9156462203477407 3.167344174480723E-5 1.000350189116819 0.02579047514375122 
4.757116689454151 0.9318709617342773 1.000933721453276 3.157684324912882E-5 1.00023346221718 0.015132299128816154 
0.08626584115223768 1.9729027191775266 1.0006267048321031 3.08415850718297E-5 1.0000174790916583 0.005698804523575559 
4.645775929670984 0.9241666043971485 1.000665553687408 2.3907471553143487E-5 1.0004174095839793 0.011078514870088565 
4.661475462020999 0.9377855823155473 1.0644078838878896 2.9597304340771326E-5 1.010046286829033 0.06280982336812005 
0.05680513588265801 1.9765234837500463 1.0209785345051425 4.19424780230801E-5 1.0000135875675684 0.0010093581067178031 
0.0010092433683394494 1.9990165105678328 3.4401782308197464 3.634622228377589E-5 1.0000888702646478 0.03669946176488315 
4.99976850147872 1.0000422468202868 2.299954802750536 5.986767385882241E-5 1.0000576284063452 0.057685754047886756 
4.999766727825839 1.0000423328924644 2.4853351959077634 3.2219714769879444E-5 1.0000241275130641 0.01797064736049292 
4.528440702706542 0.844262952471918 1.0475477862875633 4.476807847686059E-5 1.000083528996042 0.004665450215565548 
0.0013281012424782722 1.9989399067791644 2.265191049370842 1.1419591316830409E-4 1.0000154861591564 0.0013608761175544198 
4.722061998169982E-4 1.9996977294071718 3.382341114025487 2.788814168551502E-4 1.0000063066124896 0.007848737444076352 
0.1605670757689137 1.8422684806562404 1.0001465881707619 3.898505315385258E-5 1.0000499257129885 0.016104974718128134 
4.547288255527164 0.8760625457085445 1.0008066376242462 2.530346005335759E-6 1.0000009288949663 0.010743431657581725 
4.999886753922667 1.0000423328924644 3.1837969411445752 2.367512391974021E-5 1.0001059120053832 6.932581681428213E-4 
4.184730562959561 0.7334271764921698 1.0184199623153025 2.775658119896908E-4 1.0006253946771144 0.07224287318745083 
4.999768382741892 1.0000423328924644 4.006707730905846 8.770125093387755E-6 1.0002248221683863 0.15385037840749569 
4.999767918029603 1.0000423328924644 1.8615157286843171 1.7033208166081985E-5 1.0006344232058049 0.012360808399996643 
0.0011797989694168466 1.9996374894129294 2.627999399892773 5.1957555855262146E-6 1.0000820622791688 0.011522261047785119 
4.416348780792679 0.8146675087836668 1.0139528454589317 3.710187760562899E-5 1.0000077415597928 0.006756826426471476 
4.403468533342354 0.8091841989853228 1.0004073469939345 5.861120554194791E-6 1.000083528996042 0.024035163696524697 
4.999767937370665 1.0000423328924644 1.7880806135158758 1.7033208166081985E-5 1.0006344232058049 0.012552242220210688 
4.999767942033809 1.000042364961072 1.5298976461634894 9.16119618557892E-6 1.000236818494802 0.035156813001344434 
4.1448135178922385 0.7788698439333027 1.0003965596034783 7.779010160161501E-6 1.0019654006677223 0.2466289437040067 
4.915924481605447 0.9747736637574282 1.0005573137756527 1.4540513160384345E-4 1.0001977860774371 0.04301438550080912 
4.717617591819482E-4 1.9996964681115492 3.1437497269801753 4.3731524760329705E-5 1.000007700556942 0.007769321062627012 
4.99976850147872 1.0000422461801441 3.74668593982495 5.9678218434313735E-5 1.0000576284063452 0.0021466513420062804 
0.0012039243638463796 1.9996048099952894 2.918968902613126 2.0258530509421008E-5 1.0001170022885708 0.008841302994674172 
4.9997915357642 1.0000423328924644 2.820871003525473 5.9454274323816935E-5 1.0006733872807445 0.12203997636291099 
4.9997915357642 1.0000423328924644 2.678884189215565 2.8736103873564206E-4 1.0001594007338774 0.12203997636291099 
4.184730562959561 0.7334271764921698 1.043276322185466 3.9432099936615005E-6 1.0006253946771144 0.3392644068597488 
0.0013289828772099141 1.9989421722196004 2.0977922947149255 2.3885953791747024E-4 1.0000154861591564 0.0013608761175544198 
4.4619789852950635 0.869378196467729 1.0005920027855002 1.4869074916631602E-6 1.0001757272415077 0.002759675773099564 
0.0011797989694168466 1.9996486916896292 2.582020039378289 6.275326503677104E-5 1.0000820622791688 0.014722355895613333 
4.285742246969898 0.7807675722729533 1.0004854039125732 5.6481584839296095E-5 1.0004982212573506 0.16664632057576081 
4.222611788841581 0.7585684703347018 1.0005298671555967 2.8035217430371603E-4 1.0003594506512579 0.007501687479049267 
4.621547506093549 0.8780536283151762 1.0417274968831172 1.2179386331179475E-6 1.000172561690783 0.0016253134406375286 
8.139146589071753E-4 1.999220349573466 1.0159606392043543 2.717798874065447E-4 1.00001362604415 8.954111648432732E-4 
4.99976792898577 1.0000423328924644 1.4419141973672533 2.823023914498231E-4 1.0000118131877016 0.06016291480504006 
4.591081212375599 0.9707094067261214 1.0007918375657725 1.0382374875803736E-5 1.0000183340482622 0.002332242569991089 
4.999768382741892 1.0000423328924644 2.0829108598126638 6.170162708247562E-5 1.000023256698264 0.12073206122558733 
4.999768493502194 1.0000422474895616 2.1657611816319022 1.1211102040679644E-4 1.0000058040880562 0.007442908385509863 
4.999766727825839 1.0000423328924644 2.4360351685753225 3.293114144082167E-5 1.0000241454598533 0.11236193228538471 
4.222611788841581 0.7584822781165754 1.0005298671555967 0.001098593439118929 1.0003594506512579 0.007494741582404091 
4.717617591819482E-4 1.9996964681115492 3.1437497269801753 4.3731524760329705E-5 1.000007700556942 0.007769321062627012 
4.285742246969898 0.7807675722729533 1.0004841328754874 1.460004445644384E-4 1.0001252689856739 0.0073087207888206385 
4.701879886755122 0.9040950072529186 1.0002188050555234 8.387447107644335E-5 1.0003453690089494 0.001638018282124844 
4.568293994513281 0.8763249658246882 1.000042233218755 2.6233414769030744E-6 1.0000559294500662 0.011241312332386209 
4.9997915357642 1.0000423328924644 2.678884189215565 2.8736103873564206E-4 1.000350189116819 0.12203997636291099 
0.2461091577383634 1.7957843683216814 1.000324391115593 1.2851557669766935E-5 1.0000174790916583 0.005181955037076065 
