0.7110498445354394 1.295081564707389 1.0011825328312363 1.2312546800807917E-4 1.0001797082611077 0.0021979939873835383 
4.99823601926529 0.9994517775549799 4.9997024954498315 2.8473118731654313E-5 1.0003125400693036 0.03574456217597315 
0.5258953640092956 1.5562744582389547 1.0001157760765897 7.941402442186913E-6 1.0001028286537679 0.006136367425233909 
4.0889166040554485 0.7237559182617376 1.0449719972036755 8.699677530029646E-6 1.000911567942943 0.01657339088396765 
4.998080637226349 0.9994501570469556 4.05564704922397 2.776631420867237E-7 1.001467923830098 0.01903834724263577 
8.713071498029972E-5 1.9999249216881174 2.684120372744658 1.6716849944841715E-5 1.0010134470776055 0.02753347475421049 
4.998087383158634 0.9994601343992298 3.8799323420729808 1.930800942780522E-6 1.0014710549253956 0.0264312477236363 
4.980060725084438 0.9984773857221174 1.0000433026629632 4.034939345550995E-7 1.0001287069590623 0.005923721253321237 
0.24138879896510534 1.7765985572822278 1.0000223764758605 1.3933172696571709E-6 1.0001143973925595 0.006125064209051789 
4.998237065169795 1.001080912650127 3.551226539321124 7.18956213882432E-6 1.0010833647053703 0.03655127846272824 
0.00219681233212259 2.000039459231647 3.544527618483722 0.009453901967245708 1.0051310226360501 0.5555117707223054 
4.194565220361311 0.742228493630896 1.0021719278369603 7.471867111665201E-5 1.0001508844435716 0.0026395309348333403 
4.998237065169795 1.0010677121204115 3.710497870913814 5.616597371710551E-6 1.0005306984265836 0.03812795913005206 
4.997762905875143 0.9994417203154067 4.242472836169631 1.5429085805926692E-7 1.0011441805455037 0.00854345005577518 
0.3986834000605284 1.602244232961766 1.0011655319015809 2.905884262661788E-7 1.0000746037588295 0.007056318383713563 
4.99815801438523 0.9994062663245348 2.489075723221454 2.814950315859669E-5 1.000292757215561 0.03570027206884713 
4.575290787863299 1.0627735577865272 1.0010267711240632 3.9331732311032E-4 1.0005614562680782 0.09757795400775642 
4.163130838765229 0.7570459924984665 1.0023127829644325 7.939011145867203E-5 1.0000820316133747 0.0034086318529120453 
4.499358166483904 0.878951867615312 1.0022360707906208 1.2349026794673823E-5 1.0000237756534347 0.042753049689077574 
4.470990137369734 0.8661255311720577 1.001837137392971 1.2915721783255828E-4 1.0001370841984645 0.04542224600590273 
4.572921396057755E-5 2.0000394142995175 2.8529432141982785 1.6899594666247158E-5 1.0011373463087951 0.025761474968840473 
4.430529907823636 0.8692917623466295 1.0023684853541355 1.227676270351697E-4 1.0012024051375716 0.4851327205660931 
4.68104829008856 0.9066359910975562 1.000138882541725 7.882481924076278E-6 1.0003516727364097 0.0062550524090357 
4.949104166865982E-5 1.9999858553661225 2.049935107444563 3.541128999007256E-4 1.000519863386342 0.1345500803781008 
4.7324431053988345 0.9987050567007324 1.0114834302928524 1.1413518608803118E-4 1.0008910694300854 0.04542224600590273 
4.998159969369515 1.000860137365422 3.343859651345005 5.492659224709293E-6 1.0018699698204725 0.029680004423586523 
5.098831606766829E-4 2.000182786535506 2.3075613188962016 1.7531617273922876E-7 1.0066147134375354 0.0398146228837597 
4.287707402694773 0.7909484285638768 1.000904180798025 3.607458898217985E-5 1.0000096462503074 0.01661478492116264 
4.935561951491827 0.9989249558262416 1.0022966142235752 8.667870264383402E-4 1.0002022446709475 0.0298059395147262 
8.713071498029972E-5 2.0000394142995175 3.0439353186292473 1.731381991195753E-5 1.0052456411462314 0.02672092856963907 
4.998237065169795 1.0010680091045696 1.0937660348299023 9.594414963089738E-6 1.0005306984265836 0.007214679135863895 
4.998222209032625 1.0009482102396665 4.479905672107886 8.741892027475123E-6 1.0000048847853915 0.03560726261095511 
0.03265840405923193 1.972595829430023 1.000336799842979 1.6184682548527063E-5 1.001670448268063 0.05316837125804076 
4.407404192747421 0.8978478139529918 1.00019600722567 3.370169027957224E-5 1.0029680294401915 0.014838898462142579 
4.760676361220645 0.9586128465596658 1.00153106715854 1.3440916033303586E-6 1.0000800028465964 0.0017118090750289708 
4.383797008519318 0.8978478139529918 1.00019600722567 3.360294907972985E-5 1.0007988237076202 0.014838898462142579 
4.244094122211539 0.7548262170819038 1.0316440933982243 2.4901394436687906E-5 1.000175790980062 0.03556364798722812 
4.533906728608258 0.8747760155796178 1.0001462760816728 6.885108918454405E-5 1.0003293740472794 0.015015050751160566 
0.38785134184418424 1.6143876483465018 1.0524406452028816 2.5744155293661993E-5 1.0014605673346988 0.0903594199373387 
3.8206930415486185E-5 1.9999858553661225 1.7903514747458171 1.606571445507382E-5 1.0004932414857177 0.017310682034554 
0.0010255394275586333 2.0001546583526792 1.0007289053847759 2.6183337225855526E-5 1.0000801365836214 9.844705677442278E-4 
4.338099164739772 0.7799917212480658 1.000856183788057 1.2430368957963092E-4 1.000080755864129 0.007847491940048721 
4.998174847152228 0.9994417203154067 4.3416652040332115 6.216688427267543E-5 1.000794737430785 0.013496259639260322 
4.3533956285720405 0.9580815655082925 1.000215512024321 3.861963794239915E-6 1.000997745088697 0.005617221879941612 
4.306465051768662 0.8588330292072096 1.0000215739735232 5.393361668166797E-7 1.0001282039599098 0.014387847925999182 
4.780254091393525 0.9483692887041606 1.0003523250217543 1.1225001448221983E-6 1.0065144513794337 0.04337299134336388 
0.18241334157461742 1.8254023311878447 1.0000440616627013 8.501526113371347E-5 1.0007366399767696 0.014707724732420518 
0.6106808775619003 1.3905656456646447 1.0141111985103322 4.919053773161983E-5 1.0001028286537679 0.014667166773032987 
0.6106808775619003 1.3905656456646447 1.0875216343009864 7.679838856900493E-6 1.0001028286537679 0.027158730756254554 
0.7110498445354394 1.295081564707389 1.052407393958242 1.200311489110328E-4 1.0001797082611077 0.0022198024383136648 
0.3120643204474574 1.6915513200761905 1.0372221271263615 1.588107893703665E-4 1.0000390500912306 0.043335532486298595 
4.649121296005766 0.9059134371219517 1.0130908174352102 1.2915721783255828E-4 1.0004558564954926 0.015138514083302333 
4.99815801438523 0.9994430545779717 2.1210999843258973 3.6261507155152696E-5 1.000698640108342 0.026288852409671333 
8.214005435739418E-4 1.999924966620247 3.217208749390478 2.4855995199983246E-5 1.0014199596938136 0.11394397335500508 
0.3120643204474574 1.6916283396786473 1.000949919558562 9.136354044972077E-4 1.000081762843781 0.041088335499092965 
4.998232297606918 1.0010803059904483 2.9491601899542625 5.486960104174679E-6 1.0010454338383175 0.03675004830839518 
4.949104166865982E-5 1.9999858553661225 1.3961747782906289 5.574135288606116E-6 1.000519863386342 0.1345500803781008 
4.842619316993727 0.9983181096394138 1.0007289053847759 2.6183337225855526E-5 1.0000793766703493 0.005811610570912631 
0.00219681233212259 1.999924966620247 3.5250411372137944 1.0144238583167733E-6 1.0007007279647417 0.03963204229701784 
4.99815801438523 0.9994430545779717 2.245311550035006 3.6261507155152696E-5 1.000698640108342 0.026288852409671333 
4.998165379137343 0.9997664240391433 4.853462649286605 2.528844176010801E-5 1.00047855855899 0.03563247327389629 
4.24750125421164 0.7548998515818416 1.0316440933982243 7.951528505000023E-5 1.0000822430417642 0.03556364798722812 
4.998158836296907 0.9994124408855971 4.615315521524649 1.942623377538913E-4 1.000592143553892 0.06119163325625439 
4.998168558753192 1.0010803059904483 2.6980936159127333 6.0440900455165026E-6 1.0004087339151813 0.036614250466599954 
4.99815801438523 0.9994133872796738 4.748321397616477 1.1236374099070703E-5 1.0003224889132445 0.1095466847935426 
0.17195916579701853 1.8443499068374511 1.0382902221978991 5.597451839432949E-7 1.0014242505703062 0.050410475604226956 
4.998158836296907 0.9994124408855971 4.612039150690879 1.945681950253849E-4 1.0006028099041062 0.06119163325625439 
4.998222209032625 1.0009482102396665 4.4191129693985145 1.0479815379440645E-5 1.0000048847853915 0.03560726261095511 
4.802364163707471 0.9586128465596658 1.00153106715854 1.383577139575182E-6 1.000128900907566 0.013861630503703128 
4.118903017277238 0.7248133148736454 1.0611028931981212 2.9799425023726456E-7 1.0065411157320168 0.04426228612777222 
4.592034301709916 1.0008156938619264 1.0045530153377373 7.18956213882432E-6 1.0010833647053703 0.037625346993117634 
4.998158836296907 0.9994118563709188 3.1425996190597205 2.2512772344364742E-4 1.0004324918987744 0.008770063720146562 
4.998176691032859 1.0010179209293866 4.928103024477062 1.1167371375379241E-4 1.0006984422778096 0.02629566626186003 
4.998240509697445 1.0010803059904483 2.909713695806885 1.3913632552312867E-5 1.0010454338383175 0.03045373983777805 
4.998176727626797 1.0010179209293866 2.7361692371317963 1.1167371375379241E-4 1.0004091543745977 0.1703562760855263 
4.639997549031776 0.9062237732338866 1.0010267711240632 1.2309731282007623E-4 1.0009691900911504 0.09757795400775642 
2.0319885709506476E-4 1.9999272465716884 1.5849631257373447 1.606571445507382E-5 1.0001065776942022 0.050798398947940915 
4.871618221520192 0.998133324664205 1.0006164689013128 4.564598947480953E-6 1.0000713991781562 0.05218496229720489 
4.533906728608258 0.8747990907600167 1.0001462760816728 6.885108918454405E-5 1.0003293740472794 0.006262746677392037 
4.898172445466586 0.9984636122634424 1.0194658626587438 1.4107194815397124E-5 1.0004363015054312 0.02914658592408509 
0.08108415675590841 1.9247662736357674 1.0516523220666616 1.300017045104705E-5 1.0005223351418024 0.03294514317736197 
4.903210082584785 0.9984636122634424 1.0194658626587438 2.1126596755764E-5 1.0004363015054312 0.4383586059962797 
4.998927981370902 1.0009748002813172 1.8223688438917227 1.0127106659373106E-5 1.0011105580516204 0.0270948766922297 
1.2378124795618195E-4 1.999928976535134 3.380217807746889 5.06786124515869E-6 1.000352603015685 0.009612293317100944 
4.998235932097187 1.000992466721876 1.8233942130955714 7.448457860822399E-6 1.000432389271772 0.03692188123579097 
0.0010712787055995356 1.999985918683947 3.164120597108891 1.2584674677737597E-5 1.0011277988812357 0.04142548368696674 
4.998159969369515 0.9994879832682907 1.481416144346536 5.492659224709293E-6 1.0005321775814318 0.12913903729995352 
0.1236920786511729 1.8803589515647434 1.0014447391987606 3.8948029810299134E-4 1.0005607025045955 0.014962669417913061 
4.871618221520192 0.998133324664205 1.0349063079964365 4.564598947480953E-6 1.0000240769969486 0.05218496229720489 
4.707222479352615 0.9062237732338866 1.0010267711240632 5.767490298721244E-7 1.0009691900911504 0.09757795400775642 
4.998239453786321 0.9995085589578335 4.748321397616477 2.482905572735581E-6 1.000340117429954 0.11445678334168956 
4.149957960545382E-5 1.9999858553661225 3.3805487310379694 1.5540470296906694E-5 1.0005064358732834 0.041624642592313146 
0.08108415675590841 1.9205253853516135 1.0007289053847759 2.6183337225855526E-5 1.0000801365836214 0.007854376080794784 
0.1236920786511729 1.8803589515647434 1.0547960485902985 4.368962048184972E-4 1.0007287231488915 0.014855162731687088 
5.098831606766829E-4 2.000182786535506 2.3075613188962016 3.4109052305333643E-7 1.000698640108342 0.0398146228837597 
4.707222479352615 0.9062237732338866 1.0003413976605908 1.0272475852759119E-5 1.0005945572146422 0.005548168573800624 
4.998159969369515 0.9994879832682907 1.481416144346536 1.2461078280149474E-5 1.0005321775814318 0.042601925760252776 
4.9323997200192835 0.9989187741680496 1.0022966142235752 8.615336085006622E-4 1.0002022446709475 0.02977799422714408 
4.118903017277238 0.7249312112710017 1.0072772412176616 1.775178678431855E-6 1.0004020146850503 0.0037606394423970527 
4.823712970866321 0.9510237952796283 1.0006396940193025 1.0605089323428358E-6 1.0001171095219865 0.0033718628405902482 
