1.014064374564768 1.0001743902579487 1.0002697881495042 7.675985143695743E-6 1.0002977695753468 0.010886174468333527 
1.014064374564768 1.0001743902579487 1.0002697881495042 7.675985143695743E-6 1.0002977695753468 0.010886174468333527 
4.9970655115103995 0.9997568999900024 4.999493445576393 2.2472554760442443E-6 4.999658382942247 0.08111393356294558 
4.9970655115103995 0.9997568999900024 4.999493445576393 2.2472554760442443E-6 4.999658382942247 0.08111393356294558 
0.10357434654512421 1.8969023777156402 1.002185850606143 1.1931897944336364E-5 1.0002963592427556 0.007738914847468834 
0.5392435042158548 1.4840223578860894 1.1522640371588992 2.4680563801972E-7 1.0000358748938631 0.06898039119820172 
4.99796463201862 1.0014195178404917 2.8760541612440877 1.2879076576741692E-4 4.984404812242225 0.24760536332586972 
4.998146731117017 1.0014157204172098 2.206888706905791 7.921001579490234E-8 1.0670056897357663 0.2838387456924572 
0.0014226093452015247 1.9986588650042778 1.7647285834591346 1.921304157994025E-4 1.0012944360706661 0.19761019702169932 
4.310194619746569 0.8476516937785176 1.0017269649624683 3.6818525151434476E-6 1.0006871267358046 0.026531642422286145 
4.997768247295743 0.9998910629834405 2.7257947804144687 0.00176387479893092 1.018058246007057 0.3639573890262555 
6.94728608883967E-4 1.9995068455499718 3.194317109845312 2.1605425313523015E-6 1.0005697036607542 0.036961929858059794 
0.8797402050332721 1.1400611932702205 1.0421829587701241 3.317957455940389E-5 1.0000507146520943 0.1596903225326682 
4.422304306955099 0.8512346727460882 1.0017269649624683 1.510704015491172E-6 1.0006871267358046 0.08618874674432304 
4.997763686260668 1.0016813063330534 3.2644452231778245 1.9086263879269564E-6 4.966106811720081 0.2013458945538168 
4.065713292801044 0.693157049851568 1.0008425072339915 1.3248742423154777E-4 1.0001364381156927 0.023051239894608656 
0.70078341449637 1.3516229873781738 1.146333389108122 3.469031603113698E-7 1.0000892893564297 0.005360784309970281 
4.996441813214589 1.0013469059030773 3.76131998703224 2.730938109107369E-5 1.0031299620379976 0.061891237761852014 
5.175188470793144E-4 1.9995068455499718 2.2928443177772895 4.496853257097119E-6 1.0000336416503026 0.004933314372524051 
0.70078341449637 1.3580847345469833 1.0112516904637094 3.819020710482944E-5 1.0000476554904663 0.03524270192438081 
4.755020257748773 0.9868394352099094 1.007346762177989 3.9177300696088195E-5 1.0002530907755833 0.00776133311002803 
0.5392435042158548 1.4840223578860894 1.1500495616194175 5.732084947626223E-7 1.0000358748938631 0.06753110510793774 
4.598187747405203 0.8681805990582515 1.0077578686353708 4.955372566094513E-6 1.0004722247767173 0.0030602399410622344 
4.213515487772683 0.8479883537240739 1.0008491641072323 4.91471812650666E-4 1.0008119728345886 0.057953930698525946 
4.996496442916531 1.0025342926058822 4.206730650230758 3.568563039314285E-6 4.970754177953008 0.2562514783092434 
4.997344935507641 1.0014179752507497 4.507573361184583 9.638950418405505E-5 1.0028059530230453 0.056854230031745806 
4.996368298390762 0.9992034196995402 3.557036217302642 2.2095205434110903E-5 4.996025644457797 0.3508075154484113 
4.996432478476999 1.0014195178404917 2.8760541612440877 1.2568967065375823E-4 1.1368448442706809 0.5372250595994117 
4.6366441257589806 0.9977873641577366 1.0072369080426786 3.9177300696088195E-5 1.0002530907755833 0.004994149618133187 
4.6914984885740365 0.9616218333550405 1.0024002025895304 1.5942391263480075E-5 1.0002081300523267 0.00775205722289726 
4.25858655323805 0.7933926251811294 1.0244285867992733 3.32545097029023E-5 1.000171666278257 0.03866212547699319 
4.956806810470955 0.9992047143587716 1.0110456994597694 2.0358966230595443E-5 1.0000638372573556 0.03652136876681261 
0.001119246813732629 1.9994230263915698 3.5214283111926825 1.1422856830288697E-4 1.000537448670435 0.05994838925435349 
4.453045942765246 0.834865504260486 1.0267310431405652 2.183520426745064E-5 1.0000104855556118 0.005389611030632856 
4.997786598061787 1.0013869232587262 3.7802389201488333 1.9098328821959962E-5 4.976201356113527 0.3541686151742531 
4.996441813214589 1.0013469059030773 4.3435618011400825 1.2555583279230188E-4 1.0031299620379976 0.05827956098443454 
4.999462594402506 0.9998352617826919 1.0016159104635434 1.3228774181852466E-4 4.966106811720081 0.14501900116726593 
4.99796463201862 1.0014195178404917 4.028210821021394 1.6486422959126183E-6 4.99579582694872 0.26273635015156804 
4.364928565959595 0.8253079039112079 1.0252474571622452 8.452747649109103E-6 1.00029641595524 0.04170561393568721 
4.9970655115103995 1.0013925248838467 4.6232133950508505 5.961363126095436E-6 1.0013884239142792 0.4840178970919514 
4.996368298390762 0.9992034196995402 3.400266729349259 2.2095205434110903E-5 4.996025644457797 0.06197040514441693 
4.997344935507641 1.0014195178404917 4.556661737105494 1.2280312368247778E-4 4.984404595892125 0.28796200868575506 
4.9970655115103995 1.0013925248838467 4.838068712330376 5.961363126095436E-6 1.0013825493893926 0.48819231867255075 
4.658512895884041 0.989725448086523 1.0003029595745723 5.916849204814367E-6 1.000054808445324 0.036845353266984064 
4.9963559638246 0.9992034196995402 3.551470028843934 1.9747454875388217E-5 1.041935069773872 0.3508075154484113 
4.9972914546902025 1.0014195178404917 4.165697706084482 1.2632528997662493E-4 1.0002862011473619 0.056854230031745806 
6.94728608883967E-4 1.9995068455499718 2.724574213156606 3.912035306052616E-6 1.0002452839288452 0.004933314372524051 
4.998149729716147 1.001615983693618 3.9288543298078644 1.1418494356186939E-5 4.955744912241141 0.2680841141304372 
4.999448828504627 0.9998391159292763 4.740368604013174 1.0805696303114109E-4 1.0092529941121156 0.06808502908291748 
4.997768247295743 0.9998910629834405 3.4318603324794577 0.0017667497359172646 1.018058246007057 0.3647350377298133 
4.9963633144143 1.003537286477173 2.1550864593230066 1.4505125591678996E-6 4.965689882911082 0.16037632208841054 
4.99712081489557 1.001387293492645 4.838603093928145 2.7910690805078876E-6 4.874686760589599 0.5616678025670137 
4.361124607878573 0.8252388306251298 1.0081557439065945 1.6488158048701055E-5 1.0002531462156445 0.015389745947537281 
4.996352146226879 1.001084365986383 2.566829525860474 1.4182228441185614E-5 4.932910024410537 0.2929147672097274 
4.155486806007502 0.8306343473482104 1.003569776966972 1.2514357385964237E-4 1.0079265505553874 0.041550575939169 
5.160406523444989E-4 1.9995068455499718 1.0287181289737877 4.630021720453709E-6 1.0002500160004393 0.01598153572971031 
4.998019548078469 1.0011002633827744 1.7500840939654996 1.7457647619752732E-5 1.0003472388833454 0.005455517745461113 
4.99728958195827 1.0010557657436714 3.2106376544100073 1.2632528997662493E-4 1.0028763300944084 0.05719812127137913 
4.998019548078469 1.0011002633827744 1.8216074292631343 1.0853606789228474E-4 1.0003467406465352 0.20409553808963593 
4.998121869225849 1.001445491204807 1.3337885770006526 2.497538381404817E-6 4.997589249227859 0.5464409611438557 
4.7902256923142525 0.9618790008923784 1.0018876085092483 1.0877713789417517E-4 1.0125665402162563 0.0667508105131635 
0.0011324698820723749 1.9994230263915698 3.5633555193817488 1.1422856830288697E-4 1.000541007067686 0.059437275854297075 
4.567763346915908 0.860197526754751 1.0023335812931162 7.101326765041266E-9 1.0002520695341448 0.06760713959169709 
0.9256107183544997 1.1462654271117514 1.0024002025895304 1.5942391263480075E-5 1.0000535652072557 0.00775205722289726 
4.996352146226879 1.001084365986383 2.566829525860474 1.4182228441185614E-5 4.932910024410537 0.2929147672097274 
4.999448828504627 0.9998391159292763 1.0446578516992 1.0489133999303187E-4 1.0000283220794703 0.06808502908291748 
4.797958691492457 0.9868436622102326 1.0198413716463408 7.5672758724316125E-6 1.0002530412982187 0.02243627664981704 
4.553240829368201 0.860197526754751 1.0000426976494174 7.101326765041266E-9 1.0002520695341448 0.06753110510793774 
4.997344935507641 0.999864584025626 4.355501291863407 1.2632528997662493E-4 4.997002317126003 0.3581017352665078 
4.998021420810401 1.0014104017845749 3.979709015886897 1.1517291207756923E-4 1.0002887916194418 0.04110993771463933 
4.998168955671307 1.0014195178404917 4.4797450476272935 1.2632528997662493E-4 4.999283786484134 0.2877370861223553 
4.998021420810401 1.0014104017845749 3.979709015886897 1.1517291207756923E-4 1.0002887916194418 0.04110993771463933 
4.997285068182736 1.0010944017381587 3.2644452231778245 1.1633919816357965E-4 1.0002208380607385 0.07203597217978032 
4.112118313205681 0.8252466082679264 1.0252474571622452 1.002667979699766E-5 1.000294879371089 0.03701773307390976 
4.924698618652308 0.9893003734344296 1.0014377199559907 1.2871071265898053E-4 1.0001957776864383 0.012033649297951823 
4.23915690951013 0.8476516937785176 1.0008491641072323 4.911445237347308E-4 1.0008119728345886 0.004241863443471647 
4.525403291177171 0.8512346727460882 1.0017269649624683 3.6818525151434476E-6 1.0006871267358046 0.026531642422286145 
4.86369238452432 0.999492094833733 1.0890008399974647 1.2478168886637791E-5 1.000296418865523 0.04844109741442834 
4.9963633144143 1.003537286477173 2.1550864593230066 1.4505125591678996E-6 4.965689882911082 0.16037632208841054 
4.997344935507641 0.9993011803071314 4.240839439287841 9.378190043880491E-5 1.0016614965466677 0.05684807662088417 
4.9334301322226874 0.9898649811961006 1.0002167871943375 4.0864720745883895E-5 1.00007748614768 0.04404082360039764 
0.004612835281849448 2.0005753031465394 2.9684622269053746 1.2445159250230078E-4 1.0400512276118936 0.37290538186968525 
4.861765466093765 0.9998804943726294 1.0092054108886166 1.2155207162793235E-5 1.0003024270803702 0.055302397921941054 
0.10357434654512421 1.8969023777156402 1.002185850606143 7.838662425709421E-6 1.0002963592427556 0.29950468064297414 
0.05156739060125522 1.959561036074635 1.000438576202019 1.265233818804733E-4 1.0011276107488922 0.06398327661328816 
4.149682107759847 0.7172801530701934 1.000066056236253 2.3429191356669275E-5 1.0001338089147205 0.04153611366464186 
4.988405595235318 1.0014092654980977 1.0045513862916544 1.1158621336853497E-4 1.0003468876559936 0.005359591460196745 
4.833227727816367 0.968348142796257 1.033080618671196 0.001684777031029941 1.0029509048820289 0.05621539573530812 
0.004612835281849448 1.9959975178636669 1.0035403879567237 3.5503930983797394E-5 1.0000190384432663 0.025568930210322333 
4.997970933547069 1.001391553877999 4.839181356233777 2.510454605306521E-6 4.980161468246299 0.394244898986001 
4.897017496785369 0.9898596302840358 1.009251368308767 1.250988971775758E-4 1.0001984969131414 0.0447090364660329 
4.828428328736046 0.9896304775602665 1.0200083938609878 1.2474334067591779E-5 1.0002971912448329 0.02243627664981704 
4.486051734582582 0.860197526754751 1.0000425973306672 2.174200836862748E-8 1.0002520695341448 0.06753110510793774 
0.05112199040986011 1.962940384467429 1.0262158164659227 9.484345739576731E-6 1.0011392015658271 0.06385010918549296 
4.998121869225849 1.001445491204807 1.3337885770006526 2.497538381404817E-6 4.997589249227859 0.5464409611438557 
0.004612835281849448 2.0005753031465394 2.9684622269053746 3.5503930983797394E-5 1.0000124856739505 0.005641266004731527 
0.004579950029472967 1.9958494510864566 2.5445506734798653 1.5039102000746233E-5 1.0000478269405393 0.0015902728010927236 
4.897017496785369 0.9897873584228962 1.0264003916112308 1.320458781422067E-6 1.000069702611501 0.03729074888374609 
4.112118313205681 0.8252466082679264 1.0252474571622452 1.002667979699766E-5 1.000294879371089 0.03701773307390976 
4.720074582070304 0.9073531972210218 1.038611728105927 1.2033872518539947E-5 1.000262811035912 0.012571707523490985 
