0.943503488358444 1.0574121018448832 1.0012044045159343 5.056736749184125E-4 1.000089649455598 0.006079276026774412 
4.996591744370782 1.0012398216268994 4.997740186109793 7.138453166165718E-5 4.99989133613392 0.16196880219940168 
0.03078714856360998 1.9716505978183057 2.159499934400663 7.638418674753908E-5 1.0017624052496534 0.09693190419494202 
3.9738079045456307 0.698350158217508 1.0006712034075809 3.94122911126458E-6 1.0001514360842183 0.1166182677130572 
0.5831756685506395 1.4441051822552857 1.0256447148484442 1.5974397447035068E-5 1.001761657693227 0.01442967533285916 
0.3120014652977634 1.6890377945327146 1.0001032216391021 1.5631549380797555E-5 1.000013638957608 0.02123023244989837 
0.2679184477656973 1.7443146658368922 1.2520056859770632 4.275496191245995E-6 1.0000250821229664 0.013804942608815957 
0.5861648005886696 1.4347121055672283 1.001194839192592 3.845462536855172E-6 1.0003984887781652 0.049857011507315786 
0.8184176111508421 1.183409795416408 1.0014811907056385 1.0568854010301846E-5 1.000080634395722 0.009650821635927065 
0.11420367903038642 1.913102276422692 1.0095090672019458 1.481382783298294E-4 1.000115071525729 0.03198046707433577 
4.048851223139872 0.7517106418752892 1.0000950898791894 1.511327039366778E-4 1.000082490070565 0.04336426035413502 
4.996532660350682 1.0009834165573068 3.577185168749239 5.074794104169209E-6 1.0005187790574084 0.02192044304408547 
4.997509249959992 1.0020027041660815 4.272304166220238 6.673228157732334E-5 4.9977400369128695 0.015764719307859193 
4.295934378916208 0.7769725256748672 1.0000831379107014 2.3958383767154845E-5 1.000041983194851 0.051506228199542495 
4.99758586801802 1.0011705649671667 3.9959245605120195 1.0008538184380473E-6 1.0070533325347777 0.11181881126724205 
4.997565674347309 1.0001511399377454 2.989710490343179 2.1449476235319096E-6 1.007325491603252 0.11643453019786372 
4.997468134217729 1.0018648188722397 3.7327956379413694 6.673228157732334E-5 4.997761099961145 0.6431419310644844 
4.996615706595411 1.0012223436027476 3.5836952367576145 3.95960309695357E-6 4.999774059332111 0.011842654482468726 
4.996617585063036 0.999687137991106 4.857210703239803 4.05605594903288E-6 4.9999508218851085 0.08077724994088822 
4.671876623925918 0.893739894058105 1.0000215619338753 1.368244225957847E-6 1.0000903758094546 0.025107586416946742 
4.997510909956173 1.0020029657963898 4.485961636781135 6.673228157732334E-5 4.997815951610535 0.010747949457866543 
4.522620491845912 0.8745397449586021 1.0001641080528763 1.1542730500206522E-4 1.000015066475144 0.001603487422807963 
4.997467301609703 1.0020038253730867 4.662109212515431 6.695668510347077E-5 4.999065040055452 0.08479187382128484 
4.996442555006877 1.0020440148122243 3.366145136430064 6.453459979783962E-8 4.999836193707072 0.36180310705422625 
4.350384461919046 0.786016299098677 1.0006645486309351 2.0176173024599976E-7 1.000058354927755 0.0140198467409572 
4.611643666103852 0.8762438342811698 1.000093360851702 2.019809551745259E-5 1.0000019206214912 0.008183513451597957 
4.752669717081169 0.9499056879453268 1.0004425500962117 4.009394643829163E-6 1.0001975161299401 0.08902978689102001 
4.633496870443334 0.9575423215421421 1.0000271343690599 6.923877682068725E-5 1.000061424875076 0.05377659755191739 
4.983913802105453 1.001156604560875 1.000156915755544 1.467498541079951E-6 1.0000744879241523 0.0013668777244611255 
4.830734932298887 0.9993842025920554 1.0000969117718135 8.136536427974988E-6 1.000001554391674 0.0017998088790935063 
3.981034341393981 0.69879478714435 1.0402491982690687 3.939149442130098E-6 1.0000763505466788 0.11181816415124088 
4.997524928777482 1.00034635499357 3.18096417427687 5.1666245566306875E-6 4.997772972561933 0.3291083442203472 
4.997585598774653 1.001487438182406 1.1192893160589057 1.6119519664733492E-5 1.0957564935769581 0.6098742150459113 
4.997019922398356 1.0011570096197455 4.73784913324094 3.989053412477029E-6 1.0025809618794352 0.35243808027305734 
4.205962315535904 0.7394065601681901 1.038897614021424 1.6539213205020057E-6 1.000116305784456 0.05599434351659957 
4.996440956805463 0.9990363398750938 1.6760058216101053 4.738149639714803E-5 4.999701083144372 0.306174427852034 
4.996440956805463 1.0011148798124783 4.174747084277156 2.1726335951089384E-5 1.0079882149237394 0.1889706070459125 
4.958439338784558 1.002976042205011 1.0001571438566004 7.644035070001141E-7 1.000221368358808 0.05322963366607713 
4.996613754582713 1.0019885791700633 2.345228488402684 6.76332478102933E-5 1.0122267091737969 0.19601011317285943 
0.1087497778463804 1.913102276422692 1.0703919046963688 5.572267433776566E-6 1.000021554973218 0.11815882455863923 
4.997585598774653 0.9997629458463541 2.5944506226882855 1.6119519664733492E-5 1.0018422072884736 0.11170032843048058 
4.178592200944835 0.7849392883147556 1.044485566174289 1.6118366964432194E-6 1.0001957751319643 0.003185512239651918 
4.995519128957133 1.0019950242068711 3.97529953370185 6.374010576391628E-5 4.997781773601485 0.01172405435405614 
4.9974508142649166 1.001994260656944 2.6036239804896386 5.88484320599909E-6 4.9977583086553 0.08479187382128484 
4.99757663275635 1.0011717716854727 4.504058335771447 5.495090840512039E-5 1.0732767565847228 0.8153552798445975 
4.997585476737652 1.0015114319357632 2.7756699863716365 4.136106931403177E-5 1.000331298421561 0.3518131340499069 
4.996437527308578 1.0020237417445568 2.871562648658952 5.544621543673259E-6 4.99804296525385 0.1150881097900367 
4.788220884575036 0.9472972543089446 1.0000271343690599 5.448804284583888E-5 1.0006128953149036 0.05462769134952082 
4.997636113428415 1.001865856776821 4.3774827164878225 1.594421768419267E-5 1.0301401801306664 0.19234094685671566 
0.03078714856360998 1.9716505978183057 1.00731184604829 7.638418674753908E-5 1.0017624052496534 0.09693190419494202 
4.143526003354518 0.7394065601681901 1.008283938000918 1.2955714916342194E-4 1.0000423339224518 0.0554382799436981 
4.549976445749007 0.8745176157193255 1.0003066287906663 3.859011468301904E-4 1.000015066475144 0.0018246234451666848 
4.933402627631729 1.002976042205011 1.0001490554993624 6.73132717224663E-5 1.000221368358808 0.05322963366607713 
4.12257910123219 0.7391732876415662 1.0000831379107014 6.320719485170142E-5 1.0000416945289257 0.051506228199542495 
4.99702035287345 1.0011570129662997 1.7416083169599035 1.3420446298053105E-4 1.0015669086776533 0.04289338837836403 
4.914614859293866 0.9993778357038705 1.0000477345661858 2.4275734188354737E-6 1.0000282185453935 0.0018697265561415702 
4.996454605676352 1.0012181675808758 2.9981901045319126 1.608253707059919E-5 4.999326814592939 0.0061373262011383545 
4.385828751160657 0.9606966049890623 1.0000957350264552 2.7073054395289003E-6 1.0002248735108903 0.005740445879405601 
4.9970225200869445 1.0011570096197455 3.28907963213696 6.217103685847361E-5 1.0003727399611397 0.18483964105617973 
4.996437527308578 1.0000660237406538 4.903556777752595 6.251588834031703E-6 1.083061555482491 0.3621158380548478 
0.03171649408809474 1.9716505978183057 1.6911241877373782 1.0564568078464275E-5 1.0017624052496534 0.09693190419494202 
4.997019922398356 1.0011570096197455 4.28427410767673 1.7740281015439516E-4 1.000163883168301 0.004259408224240802 
4.996592451963026 1.0016072467414068 3.779175062788708 6.609179072694926E-5 1.0168536260684164 0.1946648372209099 
4.9970225200869445 1.0011570096197455 3.28907963213696 6.217103685847361E-5 1.0000220178217132 0.18483964105617973 
4.998328591388096 1.0005595773190779 2.144379510241572 4.178936862956544E-5 4.99787156633395 0.04927760949423532 
4.995525835155163 1.0012103853337704 4.121912562021598 3.622755762820207E-8 4.999960449672541 0.011948246834055647 
4.860697819891744 0.9807210647859628 1.0627170623476034 2.457073667298195E-5 1.0002250753938875 0.14738188204282682 
0.943503488358444 1.0571239091037896 1.005395368943639 2.5538803016416713E-5 1.0001682361130033 0.10070632212005665 
0.8184176111508421 1.183409795416408 1.000004484695486 1.077966558360944E-5 1.0001196539211377 0.010361265947422767 
4.9975759194898215 1.0019885791700633 4.827591837705875 6.374187186186528E-5 1.0035074255564387 0.0266232480037895 
4.99757663275635 1.0011717716854727 4.504058335771447 5.495090840512039E-5 1.0019255262843973 0.349846501381045 
4.2488909452165675 0.7850629104673036 1.0003111838596241 1.590310506824827E-5 1.000452723925819 0.03790014549806173 
4.996440956805463 1.0011148798124783 2.0137841460433386 4.738149639714803E-5 4.999701083144372 0.1889706070459125 
4.480779757415596 0.8430135047299321 1.0341903025389256 1.951586199292724E-7 1.0000663642364573 0.09493621523191995 
4.9955824942389295 1.0019495492819965 4.620865430920882 2.727458737175132E-6 4.9662720459303245 0.14757163627917788 
4.887331848160287 1.0072174661630322 1.0627170623476034 2.457073667298195E-5 1.0002216575212635 0.0224619121855342 
0.030231098785389765 1.9798904334659906 1.0048283372674038 1.0564568078464275E-5 1.0017624052496534 0.026373586158662532 
0.3120014652977634 1.6890377945327146 1.0001032216391021 1.561233236045788E-5 1.0003310187511532 0.01714288586122799 
4.427261315365246 0.8360873508761825 1.00010649993507 1.1930927758174239E-7 1.000463090960091 0.02891437008620179 
4.26245500540671 0.7625917579281652 1.0000828541525748 7.891999601214459E-6 1.000054302696314 0.06033202212266045 
4.996442555006877 1.0020237417445568 4.946162409249506 8.981921282152391E-8 4.999836193707072 0.3621158380548478 
4.573348703960274 0.8617445800653935 1.0001997265346767 7.738105593073157E-6 1.000015066475144 0.005957542820599654 
0.03171649408809474 1.9792475374106726 1.783536309153553 1.0740923756889685E-5 1.0017624052496534 0.028823428949336483 
4.995495467704156 1.002058829387914 3.7673908775438236 5.074794104169209E-6 1.0005187790574084 0.15410694224848792 
0.03508785742992113 1.982097835642628 2.1041424922813308 1.0505530748544986E-5 1.000021554973218 0.11933660254153573 
4.8080747088319225 0.9785432412034681 1.003104481850146 7.742335304753584E-6 1.0000560525373907 0.004562173922450244 
4.998091698296733 0.9999014807965093 1.0731584559918075 6.174101835472183E-6 4.997030270056012 0.5263073471933155 
4.998255606629419 1.0003482579895489 2.429231329878062 3.8778579183669124E-6 4.999594473774909 0.13679978269055196 
4.997019922398356 1.0011570096197455 1.9946218926208545 1.859997589312574E-4 1.0025809618794352 0.050805351446925606 
4.084567374504661 0.7391732876415662 1.0039151709210477 2.6138327747725287E-5 1.0000451153984438 0.01336833328935734 
4.728062803576392 0.9543756334035823 1.0000271053897571 2.6044201867724925E-7 1.0001233355389603 0.07702117040840545 
4.452803462018612 0.8745176157193255 1.0010178205265357 3.611199253409164E-5 1.000015066475144 0.0018246234451666848 
4.700135541618573 0.9231434346371046 1.00056849685073 1.5641156284283009E-7 1.0000717547759075 0.11869724851251606 
4.995525835155163 1.0014119183575287 4.0641865810773545 9.321287732330679E-8 4.999960449672541 0.011948246834055647 
4.700135541618573 0.9231434346371046 1.00056849685073 1.5641156284283009E-7 1.0000717547759075 0.11869724851251606 
4.084567374504661 0.7391732876415662 1.0000274733196217 2.6138327747725287E-5 1.0000451153984438 0.051506228199542495 
4.480779757415596 0.8430135047299321 1.00010649993507 1.951586199292724E-7 1.0000663642364573 0.09491247746577344 
4.573348703960274 0.8617445800653935 1.0001997265346767 7.738105593073157E-6 1.000015066475144 0.005957542820599654 
4.997561438499415 1.0019631163376315 2.0858739442626777 3.788997218967648E-7 1.0003670900316604 0.18472943508473752 
4.996437527308578 1.0000660237406538 4.998122190896424 5.380995031949159E-6 1.083061555482491 0.3744618064295585 
