4.998736395751692 1.0002566925948069 1.0081527627583649 1.2515595606954156E-5 1.0003899010403734 0.004777678400812023 
1.059995497511249 0.9403469188824131 1.000002205072839 5.6508222178745765E-6 1.0000053398279132 0.0023327566950043822 
3.9786805898862605 0.66591582822871 1.0000746596381729 5.926602901234147E-6 1.0000051933783944 0.002345023514941985 
0.005669018703501116 1.9947497923089204 1.0616475751467007 1.1615360498531054E-5 1.0000180193596442 0.21230626825538745 
0.7761302664411338 1.225628241467046 1.0000143964280332 1.7677233648998991E-6 1.0004839316743266 0.0038259725299263723 
0.5335329187019057 1.4669690257250587 1.0000292253924836 1.2756048203695251E-7 1.000040710895842 0.028061488726146687 
0.3744733462257195 1.6316706396638279 1.039630171862171 8.907349238105304E-7 1.0003514867462473 0.004125478021695861 
1.0582390455318353 0.9530444355299373 1.000141955207639 6.233948061149621E-7 1.0045751593810113 0.025678540770844444 
0.7320407504863298 1.3168790968707282 1.0078385601625737 2.6122075582162136E-5 1.0001178975461527 0.0047750194533568826 
0.5085460751700892 1.4975241632508214 1.0628652425155438 2.5304181606627923E-5 1.000026112797118 0.013184386731409014 
4.973157688481094 0.9914008531299194 1.0033659136838784 4.317935398185877E-7 1.0005045724947743 0.004062587760504721 
4.78958946280209 0.9493257205703044 1.0000750786491657 9.054669607639968E-6 1.0000011719777415 1.1789026985221219E-4 
4.0867255819632 0.6958755266323037 1.000277222415932 7.612039289919402E-7 1.0000006707837428 5.512142633068706E-4 
0.3313195072792713 1.670724014880589 1.001700265769621 5.045251887404223E-7 1.0000095167754626 1.5537174034868997E-4 
0.13949852718095127 1.8630462845026168 1.000088410625456 8.787849667886141E-6 1.0000036347969141 0.0067999005053931486 
4.936684996826555 0.9799070409299311 1.0000721041750602 1.0251969848573634E-6 1.0000749548637242 0.003271288758593262 
4.671452100898469 0.9518196653616984 1.0000031304845827 1.3629608932024653E-6 1.0000052289364494 6.393492935421064E-5 
0.19552431386756775 1.8046730189134643 1.0002226395057556 2.4952295794338148E-5 1.000004544385271 6.470486765232219E-4 
0.2627393029362639 1.7460063448814582 1.0006474393466112 1.550471857302682E-4 1.0000000276653933 5.448483718271421E-4 
0.06338208275634472 1.937468464306092 1.0001691064467655 2.528417511984243E-5 1.0000074307225562 1.9434612093547992E-4 
0.2627393029362639 1.7460063448814582 1.0016410816340824 1.5185896125059262E-6 1.0000003471169878 0.002742288403779384 
4.1261030663315825 0.7314749355522295 1.0000428897805023 1.9151354740688005E-6 1.0000150220107722 0.0022223510085390735 
0.02579803864826371 1.9786250880163059 1.0002786186488082 8.029026006996853E-7 1.0000182179385282 0.001852157597793212 
4.417105906989837 0.8225266070423569 1.0002246960013403 1.0962245000805326E-6 1.0000300027509266 0.0019154481622086252 
4.630720135468464 0.8798036189864008 1.0002666978419859 2.5805915655155374E-6 1.0000040645540305 6.41206892568023E-4 
4.749631817546799 0.9379379358232921 1.0024803656166443 1.0490044543355918E-6 1.0000048072333327 0.0042238378820370175 
4.702073462148254 0.9231557960467047 1.0000474020339707 8.844017188991643E-6 1.000081387295144 0.012417630446912017 
4.199038466454375 0.7974293106599525 1.0000651656860793 3.172281848048394E-6 1.0000528024307387 0.001836824837290313 
4.649076671063999 0.9582058613613215 1.001810644586545 1.4470055256029004E-5 1.000067478798105 0.005133997029220996 
4.56006793373582 0.8599058548774857 1.0117855399570264 4.8329260492551186E-6 1.0000170781515865 0.015074831134007979 
4.443062872949261 0.8201674567730637 1.0000493222324363 4.771687343871982E-6 1.0003922368757172 0.00354341149975956 
0.1638809252402405 1.8384125215522684 1.0000122483789187 2.681624025178779E-6 1.0004874305185414 0.00582302008816676 
4.823727663729826 0.9726018295984797 1.0032923716142248 7.269757717149852E-7 1.0005087172680522 0.004062587760504721 
4.611142660040808 0.8748757680245551 1.0010136470299347 4.129956736096613E-6 1.0000093529881466 0.007993701127624549 
4.99338536002912 0.9994407069746254 1.000148130375697 1.4099966456377087E-5 1.0000044927209706 0.0034116345976531143 
4.686885703542595 0.9470864171058805 1.0000750786491657 7.600687520535554E-6 1.0000018780759283 0.006855573589853113 
4.2233264846535725 0.7411549134949659 1.0000941530273801 4.18164219157259E-6 1.0019988830587296 0.020945826325429136 
4.007893741115511 0.6952050233418321 1.0002437582793604 1.4726065395347653E-5 1.000047453022506 0.005744114594833784 
4.585070984633455 0.8640776411679736 1.0040745772150619 0.0046738763284452645 1.0000004450902302 0.014801467899266296 
4.866580206910878 0.9567213212296488 1.000075493400525 1.369275282467446E-5 1.000051666145486 0.03513394842549077 
4.534902352728457 0.8783535950345084 1.0002413583815595 1.0850459830953623E-5 1.0000509672809303 2.0915108561877062E-4 
4.475720978139082 0.861264253308652 1.0000733663486885 1.939256842977177E-6 1.0000427762716195 0.0018630212340033714 
4.313222894771705 0.7805418905775013 1.0628013816500417 3.621041989750596E-6 1.0000317939748102 0.00578478638599254 
4.349251974359425 0.8384369091426621 1.0002434144758965 8.547518654457876E-6 1.0000006141976474 0.014591551914619364 
4.3870515456523 0.8201493834866497 1.0000025772460681 1.233926917827726E-8 1.0000052022595605 0.007381576622976532 
4.601761914993066 0.8687877876086268 1.000140813044405 9.076290310788842E-6 1.0000493583604917 0.0034688147961485605 
4.725950798307172 0.9148463603210344 1.0035971386854698 1.9101912324714275E-6 1.0004873744701652 0.0025782224188715536 
4.894256620540387 0.9801709296931019 1.0035747803459567 4.6444943655008536E-5 1.0000080316817943 0.003527594341658405 
4.90962644108554 0.9851056928056336 1.0000315008924365 1.233926917827726E-8 1.000008006929096 0.02143286933598529 
4.235062534263733 0.8201674567730637 1.0000035601592128 1.233926917827726E-8 1.0000051992421215 0.02143286933598529 
4.954861545534134 0.9925005828359406 1.0000431203141507 5.707066521335144E-6 1.0000027430608276 5.357371730990192E-4 
4.809094114237404 0.9567213212296488 1.0004330302695743 1.369275282467446E-5 1.0000512392424503 0.03513394842549077 
0.053143401141201974 1.9493351758364859 1.0001209728798302 2.536658282830628E-5 1.0003950304200293 0.005102689829858408 
4.523402736783698 0.8461793830790031 1.002357189122539 6.12916686508331E-7 1.0000071220358357 0.0010048068038147218 
4.27798105489947 0.7805564561047104 1.0000661197425034 2.98384771942723E-6 1.0000529213114633 0.0110702517072077 
4.756024221875908 0.9493257205703044 1.0000466743820393 8.825604591464283E-6 1.0000039246273458 0.0013164690721964006 
4.880283752762863 0.9729172642978294 1.0002865655163513 1.899087740882019E-6 1.0000007419022552 0.0022220246502578887 
4.8535360289673015 0.9914008531299194 1.0000403329144305 2.851268378983537E-7 1.0000320151102837 3.988558645903221E-4 
4.838552071106946 0.9799070409299311 1.0000721041750602 1.0576329265880838E-6 1.0000749548637242 0.003271288758593262 
4.126679763062184 0.7329841906147048 1.0000428897805023 2.219364579333059E-6 1.000004698789052 0.002302434089227929 
4.03071342783869 0.7411549134949659 1.0000897861812126 4.18164219157259E-6 1.0019988830587296 0.020945826325429136 
0.13949852718095127 1.8630462845026168 1.000088410625456 8.787849667886141E-6 1.0000036347969141 0.0067999005053931486 
4.182223098100715 0.8140442995021903 1.0004268817250248 2.6070135314476203E-5 1.0000420441136901 6.735933719773522E-4 
4.152321341883662 0.7266743197711514 1.0000012124405933 1.4372370754179831E-6 1.0000006518076534 0.0022223510085390735 
4.261445884054996 0.7800730346083765 1.0000095335933226 1.6143419634252366E-6 1.0000526512647647 0.011392789954843987 
4.9514497726835245 0.9925005828359406 1.0000393582764222 5.707066521335144E-6 1.0000027430608276 5.357371730990192E-4 
4.9182316481134984 0.9761529658658146 1.0003933929138098 2.155875452176988E-6 1.0000412371704501 0.0010059467579980532 
4.042528416679513 0.7194709958110541 1.0002599661646794 6.12916686508331E-7 1.000018533887917 0.002296309146277314 
0.7320407504863298 1.3168790968707282 1.007621151902398 6.569038018317469E-5 1.0000286082325538 0.004768970097040124 
4.36265261053881 0.8215799707389753 1.000088844726318 3.3668615086358105E-7 1.000004716884774 0.02168450394859069 
4.7211789432599565 0.9148463603210344 1.000004117964051 1.9101912324714275E-6 1.0004838756259504 0.0025782224188715536 
4.772299603492908 0.934255105940465 1.00144000249551 7.01855532060549E-6 1.0000419072538427 0.14086641792475618 
0.005669018703501116 1.9947497923089204 1.0616475751467007 1.1658124316074476E-5 1.0000466183272552 0.007662248051166545 
4.172586561117209 0.8201493834866497 1.0000025772460681 1.233926917827726E-8 1.0000052022595605 0.02143286933598529 
4.066862960698837 0.7254221926558652 1.0000249432402193 1.0424824696639904E-8 1.0000194292732083 0.0027463044811843118 
3.999944317230609 0.6687720520592214 1.000088844726318 6.058725360086596E-6 1.0000051933783944 0.002345023514941985 
0.19552431386756775 1.8046730189134643 1.0223232716702138 2.5045836685083102E-5 1.000004544385271 6.470486765232219E-4 
4.4954168361862035 0.8403450234073704 1.00003760757945 2.686309281581394E-6 1.0000302091553686 1.669932597830069E-4 
0.3343683336602027 1.6673471530946222 1.000045593148023 2.7809162874447896E-7 1.0000549554450655 0.04184520636644854 
4.45042269507127 0.8168200701878731 1.0000047189344918 1.2572946942404246E-6 1.0004069134192757 0.0022084880207291877 
3.9829804609537183 0.7314749355522295 1.000042106860093 1.9151354740688005E-6 1.0000150220107722 0.0022223510085390735 
4.4609919534418285 0.8273482177646304 1.0039111898293631 3.2174256815836137E-4 1.000049763804055 0.0037663538775074955 
4.772299603492908 0.934255105940465 1.0013439688135322 7.729089980081952E-6 1.0000414650316285 0.0014909829009509456 
4.8460510387530995 0.9493257205703044 1.0000185614860553 1.0735528241622697E-6 1.0000093708032354 3.296427572537265E-4 
4.812392474710809 0.9515970384100666 1.00022279058255 2.5332249267861493E-5 1.0000046030398728 0.006669350309865702 
0.5085460751700892 1.497506191382444 1.0004844712921417 1.0472424147095454E-5 1.0000031679750174 0.012924220805363384 
4.2889742385734095 0.7797449233213549 1.0016921442532813 1.3574292716354067E-8 1.0000040395353025 0.002997529830927709 
4.305351640151746 0.7938295608052647 1.000007787319596 2.5632678323988675E-5 1.0000300027509266 3.0040916874638564E-4 
4.8859171263444425 0.9834252493175202 1.0000050623559085 3.4681339419600907E-6 1.000000126689361 0.003949973579850148 
0.06338208275634472 1.937468464306092 1.0001691064467655 2.528417511984243E-5 1.0000074307225562 1.9434612093547992E-4 
4.335745211270892 0.7829105530833774 1.0004243876003867 1.697107568111873E-4 1.0000071694441552 0.035245607801419096 
4.335745211270892 0.7829105530833774 1.0010071019812208 1.6673204204295424E-4 1.0000306917720498 0.035245607801419096 
4.400264756810397 0.8251423523606602 1.0000197162968567 2.6802282739670115E-6 1.0000266460384724 0.018514480741434004 
4.0817257127234985 0.6950638694392914 1.0001198990478668 1.3012718426107762E-4 1.0000006707837428 0.0023002150618789507 
4.261445884054996 0.7800730346083765 1.0000128881908625 1.6143419634252366E-6 1.0000526512647647 0.08597051901372425 
4.371851368184003 0.8215799707389753 1.000088844726318 3.3668615086358105E-7 1.000004716884774 0.02168450394859069 
4.231126442967154 0.8201674567730637 1.0000036000392587 1.233926917827726E-8 1.0000046789287325 0.02143286933598529 
4.495653762527311 0.8403450234073704 1.00003760757945 2.686309281581394E-6 1.0000180982880653 1.669932597830069E-4 
4.508153418146764 0.862633168907248 1.0040753194275789 5.660970653096997E-4 1.000029949110633 0.0033343642754070477 
4.508153418146764 0.862633168907248 1.0040753194275789 5.724671727941572E-4 1.0000037632092182 0.0033343642754070477 
