0.7802969766322471 1.2198616003493405 1.019300353842868 2.3475707608515417E-6 1.0001686995357044 0.01069197596709939 
0.7802969766322471 1.2198616003493405 1.019300353842868 2.3475707608515417E-6 1.0001686995357044 0.01069197596709939 
4.9976902733927195 1.0010290184821768 4.998058641058807 1.5967084960527128E-6 4.999990143211141 0.2801766556985766 
0.7012920591963758 1.326681638374752 1.2460401517820479 1.0689816742730967E-4 1.0001635022709103 0.008036246237401285 
0.3472453073047437 1.6543741998961077 1.000414911025075 1.210648293432809E-6 1.0000273138450335 0.042258112148850294 
0.0027072401999170825 1.9993315580902133 3.691200817123693 1.4511440971298848E-5 1.0001313476391203 0.035723770216480995 
0.1233058503743214 1.8785245638473167 1.0002167679195402 4.2301811786577955E-6 1.0003944052896208 0.007679017060933703 
4.998913622374227 0.9999209916747369 2.7016574552118953 8.85039445614959E-4 1.000948096108251 0.0077288407697727185 
0.07793071167819024 1.9363254845775255 1.0346626210850867 2.05794270014138E-6 1.0423279024748504 0.23766303157842622 
4.868568353042269 0.9731620937666807 1.0008283577543347 9.992656860300615E-6 1.0020141044958772 0.0743492388369317 
4.997277562233682 1.0001557924524604 4.671130699470931 1.0458923985980334E-4 4.923905675371426 0.3205113948571644 
0.003003182249801644 1.9990481223432086 2.503082499131213 4.601757068093239E-8 1.0024847359288187 0.3473793790134529 
4.997279609782574 1.0026504797463596 3.534849946365653 1.4339857385551471E-5 4.993656874768035 0.32176707276780425 
4.997660822555502 1.0016562721387108 4.582861875248181 4.034684002767894E-6 1.0023127679803157 0.03195177672847681 
4.998913891860688 1.0010558329286563 4.790045870611843 1.1305178586025567E-5 1.0289268621207532 0.3301290742327292 
4.998913891860688 1.0010495666216008 2.259503370052075 6.658789674307909E-4 4.955826135151833 0.2756926037991366 
4.826287485920755 0.9743538990026457 1.0000250521912502 2.0986891245340365E-5 1.001959672005349 0.012218453972549018 
0.0024310366253900676 2.00233035351762 3.3329201949982328 2.0954267870535364E-4 1.0013341346670734 0.045883670668527415 
4.804307810287183 0.9407836875177608 1.0009227284024433 4.2653646463875046E-5 1.0001445429174958 0.013071698286287224 
4.626795119854551 0.8932251049539284 1.0000167482109141 3.588026349121129E-7 1.0001185898992653 0.018943071372722952 
4.997284512510173 1.0012327873243803 3.338093424345616 2.464114605905173E-5 4.929603767618334 0.30742039207748845 
0.002068225551563163 1.999049811654024 1.9464637174791748 6.608030838285952E-5 1.0422347761281416 0.2340860670118063 
4.99721153285709 0.9998350535561863 3.7853243237322216 7.978413209552883E-5 1.0001891114615655 0.003405297222108583 
4.316249353337106 0.8436431890145341 1.0060492426850283 4.8222176121188244E-6 1.0007326755769121 0.01134193813656724 
4.997220001178089 1.0025491504938193 3.9974749709520436 1.1851305486828495E-4 4.999837018952269 0.08867705575040509 
0.21320434937342936 1.7901610198409488 1.0821274430564691 1.0175253504841078E-5 1.0001650126186703 0.02133670207628302 
4.719175221577616 0.9289383677700029 1.0568708335586872 1.1294394298513535E-4 1.0000129489543663 0.007126126973688559 
0.0029751736826097996 2.00233035351762 1.8223424808257997 2.2751227165533237E-5 1.000793184411494 0.03111116489651867 
4.961991785379502 0.9959077976990334 1.0356353930151094 4.401735130487036E-5 1.0001702020464134 0.08815976560209443 
4.405980994985614 0.8437883131383049 1.0002589438573515 1.204379680313967E-4 1.000401181759374 0.0020838871221686567 
4.997845242251522 1.0012491026922972 3.790477311157435 1.1349984246900491E-4 4.997768132554428 0.01641666814820289 
4.997857863744566 1.0012836020176843 1.7755153850424685 2.2566430130232634E-5 1.0000885885004385 0.30895950743890943 
4.466884321852345 0.8432677435721867 1.0113460260914355 8.431500961279111E-5 1.0000145332707409 0.026995566174491226 
4.761984507781151 0.9289383677700029 1.0003672055804431 1.1290306069388465E-4 1.0004275823450144 0.007126126973688559 
0.0032880674938242094 2.00233035351762 2.673041740472292 2.3275004536192268E-4 1.000399773100534 0.03185638692159836 
4.437092378467671 0.9406603192507127 1.0009652744453483 6.228397264582733E-4 1.0001672277092633 0.009647484176324522 
4.997286974502106 1.001996630405448 2.8538209794478733 1.3042054585784157E-5 4.999859317786737 0.13053698643603473 
4.09334003225746 0.7224362085279847 1.0002075952693859 3.5995604678803663E-6 1.000168522245287 0.018974487182838014 
0.0024310366253900676 2.00233035351762 3.2663085984583295 2.0954267870535364E-4 1.0013341346670734 0.045883670668527415 
4.360625904920764 0.8457319564754983 1.0000306400822263 6.85049588813341E-6 1.000084525636289 0.002146492142273617 
4.997264281339893 1.0025645619530903 4.472031608918662 9.345814938280239E-5 4.999906385246392 0.008793154855598367 
4.249820836192422 0.851030185575224 1.000798656406602 3.6596727944377764E-6 1.0001728025225598 0.019764261908977825 
4.651972258974235 0.8932251049539284 1.000011065102159 2.460141973789134E-7 1.0001184643789307 0.01894297612365541 
4.21735206700533 0.8475935895806932 1.0187210723569993 1.0253242972213216E-4 1.0001195827059655 0.00326104815720764 
4.190773373468083 0.851030185575224 1.017905832960118 3.6596727944377764E-6 1.0001959885944798 0.020595459814260288 
4.998913891860688 1.0010567546395552 2.285728678240798 1.1096934890869384E-4 1.0029339246746118 0.024448681157040117 
0.0024310366253900676 2.00233035351762 1.00644137474387 5.346605500605926E-6 1.0013341346670734 0.045883670668527415 
0.002407721951699432 2.0023413998418476 1.03221743354856 4.1407483221014233E-4 1.000115151856923 0.01902170507314145 
4.508548455617165 0.8513658132392052 1.1271152670925737 2.4769899590775013E-5 1.0000153234168787 0.004133869890576146 
4.997277562233682 1.0001557924524604 4.867085606123364 1.5080581223917984E-4 4.999558464909964 0.16756500754110126 
4.997862215560487 1.0012344141837706 1.7784385504008788 3.0606065383763045E-5 4.952815579711465 0.30198907990886126 
4.997857863744566 1.0010143356858023 1.8402286075224563 2.139422786420581E-6 4.989730582882481 0.30895950743890943 
4.690147760214188 0.971140240314519 1.0008255375494592 1.4493003193285695E-5 1.0000824897843197 0.04579936505356122 
4.49993902360003 0.8513658132392052 1.0016739045186178 1.7189178281303343E-5 1.0000153234168787 0.004133869890576146 
4.997853050735134 1.001060286469576 1.9953254544016459 3.169181305902388E-5 1.0165580021910203 0.30198907990886126 
4.999186911506985 0.9999683043810341 1.1495220296108797 1.1115861961157782E-4 1.0001727913036338 0.08815976560209443 
4.99768976820566 0.9999694217482289 1.0882974118806508 1.5967084960527128E-6 4.999990143211141 0.002351081105865821 
4.999002272487411 0.999945067445947 3.011983803496773 1.1414376879314886E-4 1.0001963045272566 0.0014037398195841516 
4.997211410335732 1.0026376962725672 3.680764129898318 1.1102676988282874E-4 4.999954334750546 0.014306789655688185 
4.998927873573796 1.0010525205692902 4.068224441683678 1.0969907644745654E-5 1.0001396847040807 0.705225038494997 
4.159164801274562 0.7229193048398365 1.0000306400822263 1.600068636006665E-5 1.0478785147978271 0.24799972184629085 
0.7111042639735188 1.326681638374752 1.01930113553048 0.004631181871567143 1.0001635022709103 0.028860097864602568 
0.0029751736826097996 2.00233035351762 2.9728546216665372 1.8611005672573388E-4 1.000793184411494 0.03111116489651867 
4.582595941579203 0.8962086635338757 1.001235367979551 4.239996624487599E-6 1.0001125739531602 0.0036626529209341655 
0.29344391998727226 1.7239069607499327 1.002231666181614 8.324673719899259E-5 1.0001056931269692 0.0013142145116263187 
4.750030603937298 0.9286038918180908 1.00035773617015 1.1794428895482397E-4 1.0001125739531602 0.0036626529209341655 
0.27303595462678376 1.727902318045791 1.0362483640139692 0.0011699066623062524 1.0000043581518068 0.0385087253335882 
4.935315408614066 0.9965461402881052 1.0044466086846071 1.532694682221487E-4 1.0000387718479924 5.040850067758451E-4 
4.997208610610851 0.999978109485883 4.40569341167048 1.0264877616800988E-4 1.000005147458084 0.18292743730797362 
4.99103930912321 1.001334547109745 1.0086179714909578 8.12785516200438E-6 1.000005147458084 0.18292743730797362 
4.372050985826873 0.8252471169248466 1.0292151213902638 6.667546426835845E-5 1.0422347761281416 0.22110105311709816 
4.6765374076028 0.9731620937666807 1.0008255375494592 1.019580359577523E-4 1.0000063768067968 0.0026313861686390674 
4.140455501466828 0.7155895635410547 1.0250443105258376 3.402311822495521E-5 1.000046437153956 0.01484029155135388 
4.114601632135918 0.7229193048398365 1.0000306400822263 1.5907336223830612E-5 1.000120222718801 0.007068501039693622 
0.0029751736826097996 2.00233035351762 2.9728546216665372 1.8611005672573388E-4 1.0005077171780017 0.03111116489651867 
4.997842968860937 1.0010124714339128 4.787272749666472 3.8261398145165734E-5 4.999962145367424 0.336626824674886 
4.997856170524023 1.0011137060853983 3.9023431110481117 2.8355568615792034E-5 1.0001396847040807 0.32937019951524876 
4.997279609782574 1.001229381060212 3.534849946365653 1.0305354901833568E-4 1.0391930855458402 0.32176707276780425 
0.22166518655910655 1.7830016253887533 1.0002075952693859 2.724967792986426E-6 1.000168522245287 0.018974487182838014 
4.99717471717562 1.0025375776912662 4.490171753347807 4.799601129284244E-4 1.0000813255708125 0.15140991544343002 
4.997842968860937 1.0010124714339128 2.6425815317052095 2.0481120384178235E-5 4.9999319047535895 0.3660740382406661 
4.899635267598256 1.0564469579871143 1.000168806203266 1.0711590319218976E-5 1.0019149780773209 0.016778111535966186 
4.997279609782574 1.0012343543165108 4.20626348871955 1.0317690231813405E-4 4.923883780902789 0.31744681088899074 
4.9976902733927195 1.0012982848140588 4.884899118299452 2.203594273021926E-5 1.0102699022809023 0.2801766556985766 
4.997842968860937 1.0010124714339128 2.5258142680460747 3.169181305902388E-5 4.9999319047535895 0.3660740382406661 
4.894432560437604 1.002461120189912 1.0353699463896127 7.258437594506597E-5 1.017242551742012 0.23355157759785727 
4.997279609782574 1.001229381060212 3.534849946365653 1.0305354901833568E-4 1.0391930855458402 0.32176707276780425 
4.280285192389768 0.7607057099138028 1.0002075952693859 3.5995604678803663E-6 1.000168522245287 0.018974487182838014 
4.549236629198655 0.8508570577555574 1.0016739045186178 9.992656860300615E-6 1.0020139331625075 0.07449302396612854 
4.99727608314692 0.9999511570467434 4.354172711535299 7.074746794516804E-4 4.979100266382143 0.16036058876444398 
4.997276355476951 1.0016454949214275 3.3427203788657383 0.019685644181430546 1.0011531810219523 0.2719666648169593 
4.582595941579203 0.8962086635338757 1.001235367979551 4.239996624487599E-6 1.0001125739531602 0.0036626529209341655 
4.287194409006986 0.851030185575224 1.055685669628157 1.9849655996299815E-6 1.0001728025225598 0.019764261908977825 
4.997284418614862 0.9999508266518927 3.1102622497488195 5.2790662726897E-5 4.986774352834832 0.16036058876444398 
4.99768976820566 1.0017012348717003 4.998058641058807 1.5967084960527128E-6 4.999990143211141 0.07465979313539411 
4.997266068603163 1.0005810328250215 4.272006677324652 7.359504464655434E-4 1.0039902988597085 0.4573833582498121 
0.34466700871435374 1.6554579890344332 1.0000450489650563 7.05740290251472E-5 1.0000273138450335 0.042361590692420424 
4.9366743994952715 1.0081768083477733 1.0353699463896127 6.822397085307872E-5 1.0067338013635514 0.23355157759785727 
4.997276355476951 1.0016454949214275 3.3427203788657383 0.019685644181430546 1.0011531810219523 0.2719666648169593 
4.999002272487411 0.999945067445947 3.1323331375390633 1.1198264099577015E-4 1.0001963045272566 0.0077288407697727185 
