4.996628784480714 1.0004173745938516 1.894773989381045 1.8872997267663808E-7 4.9996925509233945 0.01379569844504515 
1.0298591648491757 0.971725609338442 1.0000084883753828 5.055985996034665E-7 1.0000214265206866 0.005259126508659877 
4.999253002718465 1.0004354355001261 1.3673556214892715 2.2019560127522944E-7 1.3666084634870854 2.5990689885323226 
4.92862143749264 0.9989530683587039 1.001778423731151 5.554083574202147E-5 4.5910446123954305 1.4716126845258073 
3.9813496032005093 0.6861001376888953 1.0001413889300594 1.4947059176780283E-4 1.0000118804382132 0.0076246997778794245 
0.008951647797864615 1.9930746043941057 1.6559521092385023 3.572928841237454E-6 1.0000131544976738 0.16157929901768045 
4.997824349864704 1.0004354355001261 1.4704745131781531 1.6377190116311925E-6 1.0009210365476693 0.25165519535787007 
4.997874321408875 1.0004354355001261 1.3366138046009803 5.5408587024649954E-5 1.4612367498518637 2.114868712566865 
0.7533074846674572 1.2895217647864736 1.0014532092653703 4.4554895993255895E-5 1.0000136643874293 0.011432928082704349 
0.5962741403298493 1.4049206266485372 1.000088121847704 1.7496767714972707E-6 1.0000190863868337 0.002640507266965327 
0.3862305014083409 1.6196924866645057 1.0001109507590238 7.405428458506475E-9 1.0000064742562034 6.693157202679674E-4 
0.646858227055177 1.3539563649046569 1.0005399808159736 6.6203678393637025E-6 1.0000136643874293 0.024914772797204512 
4.756939336232474 0.9232550610006771 1.000097665928974 3.8504091744344383E-7 1.0001806305351735 0.008291552966724968 
0.13708918076460552 1.8675993496808452 1.084682533929037 3.4207841369756384E-7 1.000137724385836 0.18790812158978523 
4.655874550296281 0.9038882125364991 1.000843502909461 3.682909881034118E-6 1.0000189395606334 0.006341062025713441 
0.008295957658364661 1.9930746043941057 1.0029320600313536 2.240206398274891E-6 1.0000188098447835 0.004475179977479942 
4.997874321408875 1.0004354355001261 1.3366138046009803 5.5408587024649954E-5 1.5126689415020729 2.114868712566865 
4.484533715110865 0.836614919916398 1.0024531961507333 1.4689777317359709E-6 1.0000118549598225 0.01205755220292691 
4.994454243373173 0.9990437904167092 1.0439168961541492 4.644615656675621E-5 4.8902343513916176 0.8250278482100586 
4.692440575927175 0.9194727964426773 1.0024531961507333 1.423497662417657E-6 1.0000049011670815 0.012732197899514675 
4.427327607186145 0.8094019929019025 1.0000035699348326 6.697787307676493E-7 1.0000563647659348 0.005749715101103472 
0.3416121478525888 1.6590497883306465 1.0000469691126204 9.22588426764684E-8 1.0000038910520828 0.0010831127190895494 
4.844317812651714 0.9657832256957145 1.0001048947478999 5.932641847312503E-5 1.0000016810366574 0.13871028404870125 
4.0021507426542025 0.6852210778455803 1.0433310675001517 1.4947059176780283E-4 1.000052858953093 0.008265459275984686 
0.06802807545753425 1.9375638702174804 1.0001109765765663 4.659240367860148E-9 1.0000064742562034 0.0012924834717065667 
4.9313516797030506 0.9796795491973255 1.0014924881214342 1.6362594796329513E-6 1.0097377695333918 0.05177468994211683 
4.266215925330196 0.7688983167902184 1.0017628497298194 8.939273744351785E-7 1.0000722977360792 0.020521759805268033 
4.727606535787139 0.9146974300458632 1.0113814655295545 3.1081384868425365E-7 1.0000255066389259 0.0608791757552799 
4.996570801194182 0.9990437904167092 1.3064044122556382 8.0636815911417E-6 4.999809317964608 0.0011167301329326924 
0.008403727615041046 1.9917886469034467 1.3414297371224562 2.1992281213413292E-7 1.0002098190500865 0.02563218136959316 
4.177947937625387 0.7272225954785642 1.0008861687275772 6.109816039187729E-7 1.0002747573415935 0.008068206752694202 
4.133839227246615 0.7363292454972856 1.0000849986209632 1.5545350110029843E-6 1.0000249113299675 0.011223484435334562 
0.17922890069161723 1.8282472917312442 1.0067545075347601 1.361745285525364E-6 1.0000213810498093 0.10172246012379949 
4.514876328475898 0.8449696418504767 1.0000465400501883 7.940021244749932E-8 1.0000061006683614 0.010575492929411755 
4.209472239664369 0.7415637552544148 1.0000581272367817 1.1311551882435834E-7 1.0000233646109318 0.0608791757552799 
4.825808735937677 0.9468450047643624 1.00003775588339 7.282395216314842E-7 1.0000420681262034 0.0010424582510306236 
0.05718129707706954 1.9450121989804303 1.0000385174348836 1.5718168889908058E-6 1.0001812657020732 0.0010251835091150147 
4.103871297487093 0.7250302022623069 1.0000147594801236 1.4698713086778455E-8 1.0000070823812528 0.023287789714349756 
0.22576822820542986 1.7859401317411008 1.0012171136431474 6.376009789800095E-8 1.0000213810498093 0.10005173726814298 
4.291105916459733 0.7726461836740712 1.0000586125340123 3.648423368720913E-7 1.000274675784542 0.024060096038151978 
4.950342485242617 1.000387666964579 1.0000140251998488 1.2722449005701793E-6 1.000045188571928 0.00933534165790615 
0.3000429703930223 1.7190870372808567 1.0001437620965268 2.3061353599981935E-6 1.0000016854381375 0.008814856503360986 
4.948583976569683 0.9838602415786781 1.0007615413715516 1.1936236590417439E-4 4.591068019244289 1.4750321358449583 
4.239939672508696 0.7617145213985715 1.0001005885098608 4.103156832432057E-5 1.0001631800405728 0.001443021132291479 
4.039820387441247 0.689353665902815 1.0125277447496928 5.867522060032447E-5 1.0000576609018446 0.0342007076934472 
4.867657167783381 0.9590790168848338 1.0332276227444173 7.100184291606757E-6 1.0000956158432472 0.01766835144132317 
4.968311917697727 0.9898135019287213 1.0001913931235054 2.976648999885463E-6 4.595414217295916 1.468769206292766 
4.908643891647018 1.0010495257180032 1.003051437726741 3.6081782960309994E-8 1.0000302148588829 0.006357942341558327 
4.996286320939094 0.9989541497774722 1.0010992019174847 1.773157817118714E-5 4.591180406725812 1.4760567000263722 
4.574708317103927 0.8589619061649361 1.0001800659233708 4.0895427945525446E-8 1.0000657120226601 0.0015163491719289665 
4.405657587163218 0.8098349494043173 1.0000097310451863 2.9097908259123544E-7 1.0000286635767512 6.428819509313836E-4 
4.3127287131219925 0.7747468008119571 1.0006038921880578 3.159253432154095E-7 1.0000526228793263 0.001990804842853428 
4.583482841190373 0.9960124237726146 1.0000913265920093 5.320076203227787E-8 1.0000819572871933 0.010716252224730407 
4.548898846890902 0.8559321166161629 1.0001014515738835 8.32987926538155E-6 1.0009068852719145 0.007738710370982931 
0.27737728906002046 1.7360608601809158 1.0016533879388085 2.266448611063055E-6 1.0000116640498384 2.2412513664178766E-4 
4.3446668630905405 0.8094019929019025 1.0000035699348326 6.697787307676493E-7 1.0000563647659348 0.005749715101103472 
4.051058916607415 0.6882911116227467 1.0006038921880578 3.5440485179914516E-7 1.0000526228793263 0.034178564871415025 
4.996597831445101 1.0004443139774322 1.088972073959187 6.845776027038092E-5 4.8150921089633645 0.8095865375260548 
4.976528719476046 0.99918439042786 1.0163646944379208 4.300844509177918E-6 4.604891381005869 1.4630258088375865 
0.5962741403298493 1.4049206266485372 1.000088121847704 1.7496767714972707E-6 1.0000190863868337 0.002640507266965327 
0.15586209646871846 1.844999817268572 1.0000432572703228 1.618780774193957E-6 1.0000326950551457 0.0013991115440913707 
0.24217901512534246 1.762114114950113 1.0012149927920906 7.14548490283534E-7 1.0000009010906392 2.6835880535924783E-4 
4.0792846963027465 0.7266064483297834 1.00014786270188 2.873892986525814E-6 1.0000139710400888 0.024764116367055104 
4.996286320939094 0.9990151416024603 1.0010823925429466 1.773157817118714E-5 4.647868580381099 1.4760567000263722 
4.368164369900865 0.8094019929019025 1.0000035699348326 6.64149714627195E-7 1.0000570648832383 0.0010870832755242885 
4.876221025271921 0.9590790168848338 1.0444227131916377 6.864928806910519E-6 1.0000956158432472 4.962415900298259E-4 
4.457193520429843 0.8196227276044303 1.0000280045368843 9.591020045615288E-5 1.0000031945995347 0.007644571041336589 
4.614942047473515 0.9099261841989501 1.0000402471219743 6.186632413864068E-8 1.0001643282118218 0.0026359434919080295 
4.997824349864704 1.0002244797311879 1.0935422441624958 8.310530334638551E-8 1.0515009193019778 0.238952107138378 
4.996570801194182 0.9990437904167092 1.441193139362652 1.7073423857740268E-6 4.999993368109556 0.013668525398663034 
4.779801733742629 1.0003270557301345 1.0011959092050766 5.9208697947345045E-8 1.000155429777465 0.00419408072975401 
4.220953844002777 0.7843567589838183 1.0444227131916377 0.002109725754179204 1.0000956158432472 4.962415900298259E-4 
4.459741254253569 0.8589619061649361 1.0174200139923915 6.660727450219828E-7 1.0000663462251362 0.005783366998350064 
4.9652515468955 0.9952633384509182 1.0000915049244876 2.696472279629223E-6 1.0000788214421334 0.011013694689546678 
4.527027246161224 0.8449696418504767 1.0000465400501883 7.940021244749932E-8 1.0000016314967286 0.01520747315191659 
0.008951647797864615 1.992960897357399 1.6268421496932248 5.527429906444853E-5 1.0000335356928087 0.026185239057419853 
4.800617763802033 0.9657832256957145 1.000129869795024 2.299746590314046E-6 1.0000016810366574 0.13871028404870125 
4.805762121021443 1.0050989235745575 1.0011959092050766 2.968584577788855E-7 1.000155429777465 0.012046769124613594 
4.714630044669493 0.9165346328978451 1.0002460284740449 1.2238062032955901E-8 1.0000016958698457 0.1400222776008354 
4.996570801194182 1.0032341941373133 1.698225388819431 1.7073423857740268E-6 4.999993368109556 0.00528722964756842 
4.895025185915571 0.9657425254048687 1.0000040696559556 1.6947996743460817E-6 1.0000302148588829 0.006357942341558327 
4.391450156026729 0.7976311297923447 1.0010015692138439 4.670761890060477E-5 1.0000520000323456 3.496574522364026E-4 
0.3862305014083409 1.6196924866645057 1.0001109765765663 4.659240367860148E-9 1.0000064742562034 0.015577089277267933 
4.986488503890082 1.0061391148385144 1.0000978799681188 3.781161128188522E-5 1.0000006143980864 0.005282820967420707 
4.703342172747255 0.9165346328978451 1.0001885854612815 2.2002510359459565E-8 1.000055608947099 0.1386719358657889 
4.636471719613439 0.8866725399436914 1.0024980753614512 3.5440485179914516E-7 1.0002209271242055 0.011145962505998239 
4.996570801194182 0.9990437904167092 1.6439930480074196 1.7073423857740268E-6 4.999993368109556 0.013668525398663034 
4.154130227994267 0.7298218446605812 1.0008861687275772 6.109816039187729E-7 1.0000086804416233 0.008068206752694202 
4.997824349864704 1.0002244797311879 1.0072464531207823 7.379018029677482E-7 1.0515523706245595 0.238952107138378 
4.541388244449479 0.8559321166161629 1.0010209959397638 1.8612657253570646E-6 1.0008871970255542 0.007738710370982931 
4.347750107177049 0.7974194498712122 1.0000910117731925 1.0671133160957776E-6 1.0000431719208944 3.496574522364026E-4 
4.379697199884404 0.8050630815598944 1.0000097310451863 1.673929581762166E-6 1.0000286635767512 0.007994055456577604 
4.779801733742629 0.9954209690991598 1.006300146057756 3.5673300778013227E-7 1.0001574658625656 0.2531989970379904 
4.086902236759382 0.7250302022623069 1.0000047702545574 1.4698713086778455E-8 1.0000070823812528 0.023287789714349756 
4.15628144475664 0.7267156508382254 1.003032115900017 1.492008641648958E-6 1.0000171901315011 0.34644995294037595 
4.636536748596175 0.8883281236312626 1.0394971056079445 3.654120107715105E-6 1.0000307462923193 0.04248887226305954 
4.3088162773630785 0.7729222546913965 1.0000026864975384 5.055985996034665E-7 1.0000253542655724 0.005259126508659877 
4.9739467604552505 0.9987360239646992 1.0001014515738835 8.304381682267074E-6 1.0009068852719145 0.007738710370982931 
4.614942047473515 0.9099261841989501 1.0000978799681188 5.320076203227787E-8 1.0001760487027158 0.004132871356999527 
4.898795719281196 0.9966363479810514 1.0001428382266484 1.2722449005701793E-6 1.000045188571928 0.13261706535713136 
