0.9274874751877507 1.0755405686738495 1.000456451324541 2.3709535130773084E-4 1.0004379414794748 0.0018631737545068139 
4.998378780494302 1.001154862822708 4.994761563868746 9.098795131099633E-6 1.0000466505463375 0.030082484292952336 
0.3685883065206109 1.63181703214013 1.0000603335295695 1.6958373401009506E-4 1.0000082537645976 0.0010753861101280775 
0.6219475366382987 1.4091635940719633 1.000456451324541 1.445082598152771E-4 1.0004474316218783 0.0055324646981876995 
0.6219475366382987 1.4091635940719633 1.000456451324541 1.590302217996149E-4 1.0004425423639591 0.006175821789335448 
4.990639039538865 0.9974855677864183 2.218446449509128 1.808584599578162E-4 1.000207490726273 0.11693669166663456 
4.998693887609163 1.0011659858853756 1.5311086259921736 2.780589583804474E-6 1.0000239345147486 0.0010097221701259596 
7.414713113337708E-4 1.9993082713119943 3.6722499950296137 2.5019335109510786E-6 1.0001865837779926 0.003205776251443665 
4.998390413439243 1.0007835678779526 3.903810955283553 0.0010863503821902099 1.0000162487018405 0.2843639122136291 
4.9983785736012525 1.000751766257138 4.6024740318113695 5.119879345358593E-4 1.0000463296609137 0.001980146117293071 
4.769667645675527 0.9541037953135998 1.0000899091090922 1.3074208483088886E-5 1.0000275810212158 0.006188886200122838 
4.9987192894228984 1.0005852103872963 3.1790022020707838 3.5783191223579225E-6 1.0000371319784902 0.005306368057162005 
4.331890610069915 0.840747580731391 1.001093570757412 2.0976321628139432E-6 1.0000117107779072 5.189326679818966E-4 
4.9072196692899865 1.0753339867194813 1.0004819525001292 6.6726425610473085E-6 1.0000471224159524 0.008798856717563013 
4.7030502258549465 0.9115366042360298 1.0014310366605983 5.848959347729216E-5 1.000210781698317 0.009754875843299576 
4.9983785736012525 1.0011548734914317 3.7408723194883335 7.552413415835119E-6 1.0001859077492132 0.0012626894941991191 
0.10319402373967934 1.897788595651515 1.004335129952545 7.472390325627098E-8 1.0000513606459673 7.454852011521953E-4 
4.998372681085223 1.0011549479174167 3.387124455341869 6.622818764218702E-6 1.0000149251826098 0.009703624083825347 
4.99838299778239 1.0007260460572782 4.426763439081158 4.157624601470998E-9 1.0000060287831567 0.0017706287280837632 
4.998693887609163 1.0008549929097263 4.04789210884751 6.443528374082036E-8 1.0157104247905497 0.27882188541230174 
4.459890246101739 0.8886120642490165 1.00111537598966 9.619662435288204E-7 1.0000115584711111 0.009707225342111747 
4.670561021568437 0.9658551932548418 1.0024338505699228 3.8399509022688166E-6 1.00005995330589 0.010093064251995363 
8.13554444741413E-4 1.9993081895385199 1.0699298931335104 1.8303861243869547E-6 1.0001857504004759 0.001484699451122997 
8.137052932566049E-4 1.9992625339331866 3.565970037215341 6.820213036912376E-8 1.0001247376015217 0.009968048063277002 
4.998526120541614 1.0011849579799366 4.84870634798907 1.2029282952451985E-5 1.0000197038191054 0.0016159887368378135 
4.825604694815656 0.943320932314447 1.0768762278547501 2.2236109101319527E-6 1.0000173764599052 0.001541506605613714 
8.13554444741413E-4 1.999731297539056 1.522012843412545 1.3963531922088268E-5 1.0000241955557303 0.006788484413819513 
4.998195446353467 1.0011462087769054 2.9003806235298137 8.373496640413439E-10 1.0006559335255572 0.07274885689170413 
4.6457897409036395 0.912831537307627 1.0006945466878954 1.6288688009343532E-6 1.000007075078946 0.0013023349325922869 
0.02805864198473465 1.973295958939262 1.0007726207867786 1.7488757303237094E-4 1.000016977449674 0.0023761321585343735 
4.241752195219031 0.8436928287842023 1.0013221886078643 7.801815644479895E-5 1.0000173391998783 8.459588928794548E-4 
4.998378615332258 1.0011462942760703 3.0345261287858873 5.751637230811123E-7 1.0000653811132636 0.006412117475475394 
4.9983785736012525 1.0011549479174167 2.4917044860188775 1.0172294661176844E-6 1.0000139005300384 0.001931827384274146 
4.9983785736012525 1.0011548734914317 3.625922231751206 7.552413415835119E-6 1.0000015640107183 7.280339961745581E-4 
4.566055235109957 0.8721984728761886 1.0027069264854873 5.630674242413822E-6 1.0000000649669927 0.0018884652180673634 
4.870817275338834 0.9946667969604667 1.0706425774728001 3.566755875103075E-6 1.0000046913903395 0.002189526886833098 
0.07510751259367857 1.9313954123333328 1.0307374105180458 1.3123888281684881E-5 1.0000609805011766 0.009952341678417173 
0.004762480918570814 1.9953621875368377 2.6666233652468123 6.658961031713775E-6 1.0000023045897228 0.06482369692759002 
4.160596376205969 0.7615744844910406 1.0007742369919568 1.7324745562359274E-6 1.0000138694441296 0.0023568164985523416 
0.17829322924997865 1.8220779639874665 1.0579220125184787 8.140212692831273E-6 1.000047515513365 0.009857703881587554 
0.2555462955826724 1.7467500674315573 1.0089771309016158 9.511280604377817E-5 1.0000149509853324 0.0038811658966359077 
4.9983898887918325 1.001169124219088 2.3902331025753627 1.798836095627354E-4 1.0000277401110405 0.009821683810872804 
0.23321709486407488 1.7956185406607819 1.0000994698593653 1.2305898627220757E-6 1.0000002910745314 0.0010864632247100624 
4.13057275298991 0.7766360874998718 1.0006945466878954 8.544312074493883E-7 1.0000050648574368 0.0013023349325922869 
4.10335851596992 0.8430571874091496 1.0013221886078643 7.788406096028293E-5 1.0000173391998783 8.459588928794548E-4 
7.405277373415536E-4 1.9993082713119943 1.7946478060994013 8.20696561227044E-6 1.0012817293922593 0.43883479914820617 
4.962417680327968 0.9878726974462315 1.0576011143246413 8.603310429199258E-7 1.0000515798302136 0.0029366405298470594 
4.9983785736012525 1.001154862822708 4.949142047848232 2.2677935426146183E-6 1.0000466784952289 0.005957964835066899 
0.004876082931795336 1.999750926575547 2.168836159312373 6.747112054446131E-6 1.0001050105458384 0.0067796782238881 
4.998210158991043 1.0011549479174167 4.316225541814336 5.73876007404929E-7 1.0000025389933527 0.01337166210518157 
0.0014224370889251922 1.9991869386114258 3.0022312748776794 6.691691270384576E-6 1.0000106402683275 0.001905366384886871 
4.277120116430293 0.7652996609680504 1.0006965102189544 2.321964383747859E-7 1.0000035420123612 0.11033041816686 
4.584809232467039 0.9117658339907048 1.0012848221075132 3.231506153842294E-5 1.0000029383582911 1.3831901749591924E-4 
4.535741147153061 0.8462782933944081 1.0017577603088625 4.1186275009984534E-5 1.000082958318505 0.004135361577917202 
4.620433241911349 0.930139568357641 1.0000447376371298 8.92364138836649E-7 1.0000067935402972 0.0010831369857736165 
4.52389988151855 0.8783896195419192 1.0017577603088625 4.1186275009984534E-5 1.0000826464839925 0.0041035105234639895 
4.9983785736012525 1.001165717080573 4.204305940144443 1.188425470815291E-5 1.0000015640107183 0.1957088237136896 
4.218971105929555 0.76128021638194 1.0056421705251954 6.122273945556031E-8 1.0000024819871474 0.0024285377218947785 
4.293505897078198 0.7668706935885025 1.001116456877906 1.757489389807308E-6 1.0000036905541867 5.120236962241946E-4 
4.736635305262936 0.9308866248021647 1.0031359289845403 1.1593404029710088E-6 1.0004964407196495 0.007659941181641783 
4.998539763296914 1.0011539656652255 4.769039672609749 2.0493413787003948E-4 1.0000197038191054 0.0016983037690891413 
4.998693887609163 1.0011659858853756 4.156656490645949 2.3041680901766538E-6 1.0000076000654563 0.2757569085565121 
4.9983785736012525 1.001154866651073 2.7267055135371923 1.0172294661176844E-6 1.0000139005300384 0.005515753328642001 
4.608287686878351 0.8721984728761886 1.0027069264854873 5.630674242413822E-6 1.0000000649669927 0.0018884652180673634 
0.0015373851476263736 1.999102010866382 2.3987268750876733 9.4864847798099E-7 1.0000294302771064 0.003998448103269488 
4.735056654527406 0.9306531531873503 1.0000444159781057 3.2290552720280315E-5 1.0000215294676078 0.0016796844642537273 
0.0014224370889251922 1.9991869386114258 3.1473176874988247 7.975588547886522E-6 1.0000336293530863 3.1429829184728697E-4 
7.918731383182656E-4 1.9992625339331866 2.8375069050721464 2.2158587560376414E-6 1.0001234277198603 0.009968048063277002 
4.934416222404788 0.9931340231337245 1.0004819525001292 1.0625413473821844E-7 1.0000471224159524 0.008798856717563013 
0.31224941482136354 1.6902905248661595 1.0133514797896934 4.109425375172152E-7 1.0000829608843789 0.004203711343550196 
4.9983898887918325 1.0011549888046702 4.697623097194565 4.3926456514474077E-4 1.0000148433632488 0.009702991466225386 
4.401444874464129 0.8093421183863437 1.003422545627709 6.548746815366021E-7 1.0000889225845762 0.12336305305431133 
4.8012670883053605 0.9598956354364284 1.0000526686118598 8.072346940654614E-5 1.000017371971939 0.006188886200122838 
4.364278621832523 0.8430571874091496 1.0013221886078643 7.788406096028293E-5 1.0000173391998783 8.459588928794548E-4 
0.0014224370889251922 1.9991869386114258 3.2716872148212253 7.975588547886522E-6 1.0000514996961987 3.1429829184728697E-4 
4.4936419442511255 0.8349576383477685 1.0011586714618035 1.2672185926077038E-5 1.0000339157994367 0.0055341943113452145 
0.00493243573435187 1.995552366191883 2.23860341850485 6.637065720074928E-6 1.0000492089959612 0.0017410989732725979 
4.10335851596992 0.8430571874091496 1.0013221886078643 7.788406096028293E-5 1.0000173391998783 8.459588928794548E-4 
0.3155928776918072 1.6880444517209265 1.001358150400715 1.046269647925587E-6 1.00007147537712 0.00539429217317937 
0.17829322924997865 1.8220779639874665 1.000328185278945 3.5973590891883714E-4 1.0000340816894149 0.006418909067875386 
7.405277373415536E-4 1.9993082713119943 1.7433783772114226 6.729975266528401E-6 1.0012717775410322 0.005818709853127907 
4.364278621832523 0.8430571874091496 1.0013221886078643 7.788406096028293E-5 1.0000173391998783 8.459588928794548E-4 
4.801771533965931 0.9658551932548418 1.0024338505699228 6.51563595294341E-5 1.00005995330589 0.010093064251995363 
4.9983785736012525 1.0011549479174167 4.374873378126434 1.0172294661176844E-6 1.0000139005300384 0.001931827384274146 
0.3685883065206109 1.63181703214013 1.0127711250185836 1.39351755459602E-4 1.000076487091774 0.0021947715312882954 
4.994531629615607 1.000643217645585 1.0000447376371298 2.861417343229153E-6 1.000001988905928 5.1960094299299E-4 
4.998688727527756 1.001154948492712 2.7267055135371923 1.0172294661176844E-6 1.0000139005300384 4.511038837496156E-4 
4.431120665278097 0.8449338312577144 1.000456451324541 4.304212387056749E-5 1.0000335369999167 0.0018450611614876933 
4.431563852390103 0.8450354114881146 1.000456451324541 4.27910943320722E-5 1.0004379414794748 0.0018502575044092497 
4.496107010431148 0.8325705960486609 1.0000671636456382 1.3422091357444841E-5 1.0006863331711089 0.005523224092472499 
4.401444874464129 0.8093421183863437 1.003422545627709 6.548746815366021E-7 1.0000889225845762 0.12336305305431133 
4.9981937401036864 1.0011549479174167 3.51072976644768 1.7560026142438305E-4 1.0000148433632488 0.009821683810872804 
4.998688727527756 1.0011549484798155 1.2761995787045093 1.0172294661176844E-6 1.0000134402534373 4.511038837496156E-4 
0.0014224370889251922 1.9991869386114258 3.4214877726952233 7.975588547886522E-6 1.0001825130808333 0.002366642332720108 
4.2005829095726845 0.7599968049023544 1.000136102396308 4.6489457108957203E-7 1.0000886207716995 0.001552753212336104 
4.933911207443289 0.9929627320983253 1.0005511414341735 5.626401316877154E-8 1.0000465651528394 0.009868116743930854 
0.004762480918570814 1.9992305468079492 3.095879617097469 6.461780117990499E-6 1.0000023045897228 0.0015418000248594438 
4.865036587234682 0.9942095044886482 1.0004819525001292 2.305497821555771E-4 1.0000471224159524 0.008917220083300063 
0.0015373851476263736 1.999102010866382 2.482568069510099 9.44954944962047E-7 1.0005639920369322 0.003998448103269488 
4.9981937401036864 1.0011549479174167 3.498013292706112 1.7188823204993353E-4 1.0000148211356061 0.009853970011685202 
