1.021370163512723 0.9813415768609056 1.0006852007877 1.5878860196967353E-6 1.0001329059278605 7.730786810514478E-4 
4.998250367424327 0.9995546228336604 4.998483289004506 3.409145786619619E-6 4.999887818273623 0.42008456235997027 
0.0070707851867129745 1.9937784584874227 3.3393291800016907 1.3313654130452261E-6 1.0002350612048045 0.03632537436515289 
0.7197566467766212 1.319484898621926 1.041313367974327 5.312715892841628E-6 1.0000886761959649 0.06463559776103016 
0.47125089229212247 1.5404776465133199 1.0027823624612444 1.4783044207369736E-5 1.0002235077759865 0.0032630854073915656 
4.994451334181814 0.9994183402835289 4.149586112733072 3.118254621415855E-5 4.966467565838578 0.1986733324295398 
0.001329715184467136 2.0001638352945554 1.5626254527919161 1.2277651016736197E-5 1.0062960885323609 0.20763378220876677 
4.507561484433808 0.8462816106769201 1.0001521423725188 1.4667220095655855E-5 1.0003485926603413 0.06966052253485502 
4.996874231845112 0.999971445622468 4.4389272968985845 1.623674258767661E-5 4.986583926772966 0.48076117032004906 
0.3734807809988103 1.6303860211556906 1.0426414188872943 2.977645635475103E-6 1.0001347734745687 0.04121696901960596 
4.997995431150006 0.999533859683636 3.681402405266109 0.0024240117857588566 4.997963215491708 0.19841759687219415 
4.997632947186317 0.999533859683636 2.3001649504602746 0.0024240117857588566 4.966858546377083 0.23834507933400254 
4.9985562971250435 0.9995617955573516 1.4451667467403957 4.137815582800229E-6 4.999895969107658 0.19617835845241188 
9.512267846396305E-4 2.0004779489698397 2.3977096067451087 2.9855405628394574E-4 1.000073771510128 6.141258939782009E-4 
4.996896321618368 0.9994085555431133 4.644093922984615 4.2408045378110044E-4 1.0006282401137072 0.336275553559986 
4.5721506975600095 0.858144810634332 1.0001130726006766 5.027104689721824E-5 1.0000705145100584 0.04323854139189694 
4.84827385965964 0.9822020199116807 1.103327448611143 1.6556084084237845E-5 1.0067183316830282 0.045678928277800325 
4.056144825676679 0.8178029262030966 1.0265448726153228 3.1700791551751463E-6 1.0034038025262635 0.0519189061918334 
4.220445983343481 0.8316740001147871 1.0005725835544215 5.623482543334662E-4 1.0003533211912075 0.15437177674725094 
0.25075174382912147 1.7513395958988913 1.0012499966069661 6.708043170623534E-8 1.000226838119705 0.01353545999416432 
4.987056629794295 0.9993126730101614 1.0003081947598444 1.530518177432136E-6 1.0000908356713383 7.039192371701558E-4 
0.8832012765137578 1.1323783750443173 1.0419817299962744 6.328962874885781E-5 1.0014320122108944 0.15150847081566288 
4.958851825000346 1.0030383099203637 1.0002217912953606 5.3921530429128715E-6 1.0115699002096699 0.06484082089697026 
4.997721013720757 0.9995554036740205 3.2685371830888856 1.2870334542095188E-6 1.0175272430343394 0.3372203960624028 
0.0019994664328055467 2.000474226682259 2.999371320830842 8.596247846657569E-6 1.0001157121676656 6.140999282563953E-4 
4.994359926683186 0.9997242407612023 2.3191593859930135 0.09809666217844157 1.0001848443662664 0.021892777192183632 
4.998557839136017 0.9995614869661533 1.4250580277517642 4.110682071203187E-6 1.0326248268493128 0.31019391103097727 
4.894914672910258 0.9973566124942187 1.0001521423725188 1.4667220095655855E-5 1.0003055451836236 0.0687572598265943 
4.663902130819949 0.9230227014963417 1.1349046156230362 2.4462815358492634E-6 1.000029330233181 0.007580885124094251 
0.7197566467766212 1.329731575659049 1.0018465824840348 5.312715892841628E-6 1.0001143508122334 0.06463559776103016 
4.115875158398711 0.724816805090977 1.026667095554763 7.387616727380097E-5 1.00011377703976 0.0519189061918334 
4.997615083057729 0.9994812218176499 3.406949405990229 0.0011834827656694554 4.999665036246769 0.019315199281301043 
2.4839734779848665E-4 1.9999413885969608 1.0003810156038073 3.4239457455355414E-4 1.0000572727960115 0.013841116848306134 
4.186887768780217 0.7716375614994684 1.0018465824840348 1.0228237721535529E-5 1.0001472443007247 0.06551579062311738 
4.151932167470786 0.7716375614994684 1.0018465824840348 8.444643725839373E-5 1.0001472443007247 0.06324197617518472 
0.001329715184467136 2.000127024535168 2.676651690359477 1.126841556484833E-4 1.0001102203640138 7.552775648199117E-4 
4.5749161558369 1.0010480841773846 1.1384362157052725 6.357877315726065E-6 1.0001966906829556 0.06493656749711887 
4.997632947186317 0.9995256328080174 4.4974651512363195 1.0828843854353287E-4 1.0520968033334284 0.4866871102996897 
4.994359405723543 0.9981739857166272 2.411425176970852 2.991687192637926E-4 1.0005545697449223 1.1672946582828878 
4.996823531437681 1.001430744115313 2.4216265791939016 6.420676343110921E-6 4.999476006487469 0.007635916499220505 
4.99444290832437 0.999331412832696 3.069360130122729 0.0024240117857588566 4.966688484307707 0.19865419754487545 
4.687686933491597 0.9230227014963417 1.1349046156230362 3.4640210503404287E-4 1.0000290384981652 0.007580885124094251 
4.3483263258795475 0.8032778590391728 1.0013003846363036 3.3593536851883837E-4 1.0000489290284325 0.07357521622380898 
4.927129401954565 1.0030383099203637 1.0053311273499883 5.387214512128348E-6 1.0001341780424675 0.056625851918671075 
4.392305944907145 0.8070689849381235 1.0450834264803275 8.533676615158972E-5 1.0003201349811135 0.01120275535278277 
4.475557559135265 0.8469720374187129 1.000084994816535 1.3092223325929209E-5 1.0000725220967672 0.009673390658981658 
4.435922041640841 0.8433459860908223 1.0002230363465838 5.719962252067866E-6 1.0001320075138014 0.02749685930222967 
4.815330760589302 0.9822020199116807 1.000076839851224 1.2763226915039777E-5 1.0067183316830282 0.045678928277800325 
0.4039275730579156 1.6037105289350182 1.0426414188872943 1.9898543490906568E-5 1.0037475656233545 0.04184543941800944 
4.998287270826635 0.9995569396497014 3.112134576127871 4.058390644665587E-5 4.999429508395625 0.3071133010319107 
0.17327635969870459 1.8408897416805137 1.0005389799798687 1.642336747375696E-4 1.0000307582181414 0.014055489279240935 
4.746471906059736 0.9544360653942604 1.0001672880258636 1.8577145754081414E-5 1.0034004055542458 0.15334553638640966 
4.996903423870289 0.9994085021783032 4.640500175583858 0.0011834827656694554 4.999665036246769 0.019315199281301043 
0.24738604872999215 1.7584349582182361 1.1132933870624286 6.187692881689074E-5 1.0015763211616848 0.01329863369805595 
4.628141976579643 0.9562747667586412 1.0001417203729488 6.469587532341187E-7 1.0002236415591041 0.013936772152610343 
4.997721013720757 0.9995554036740205 2.986226199519816 1.6066916519442034E-6 1.0002385750185703 0.3372203960624028 
4.270807869755444 0.7804442417935562 1.001862365791381 1.0228237721535529E-5 1.0001097705014173 0.06463441429644705 
4.0741971069771905 0.726296647756518 1.0709642204228136 0.0059842382656419115 1.0001420280842293 0.004149267918288379 
4.997687162239674 1.0009987660756248 2.7276271840837447 2.7830318734822487E-5 1.0000115543119557 0.0704044266286709 
4.996909353594708 1.001430744115313 4.968130923323891 3.3238590893290565E-4 4.999476006487469 0.005706435558008691 
4.995078467919955 0.9994542529577485 4.733937574050446 0.0011101889470315298 4.996547385380796 0.040360596065995125 
4.773020092665242 0.9865001788325125 1.0438447591613436 6.247783474083776E-6 1.0001966906829556 0.3191992811952408 
4.99816166365292 0.999555896186684 3.325970392530828 0.0012199935156180118 4.999665036246769 0.004178253179484802 
4.997632947186317 0.999533859683636 4.4974651512363195 1.0828843854353287E-4 4.997973311441014 0.34741979562304104 
0.894826737761099 1.1064070477255374 1.0054437522738047 2.2063546293438473E-6 1.0000448411662173 0.00991547944836968 
0.001329715184467136 2.000474226682259 2.8799619067268036 8.596247846657569E-6 1.000115463505106 6.140999282563953E-4 
4.996690596454514 0.9994536517011684 3.537914803327597 0.001143925611038396 1.0003019052860402 0.04028569681642269 
0.1625233907434782 1.8927746939048073 1.0008708833297484 7.492627770664237E-6 1.0000042821549877 0.02727771405718586 
4.9943415641870095 0.999564119410392 4.411856894298626 0.02524120809740575 1.0244656115473372 0.14144906732588647 
4.997936724278292 0.9995408787736176 3.889517513082357 2.465360289960239E-5 4.999895969107658 0.19617835845241188 
4.994359405723543 0.9981739857166272 4.226573703908335 1.3420665880459835E-5 1.0005545697449223 0.15501298459933407 
4.995085598308345 0.99972301667969 2.3191593859930135 0.09809666217844157 1.0002256391102191 0.021081076688319163 
4.377614791673586 0.8032778590391728 1.0013003846363036 2.000426513684662E-5 1.0000489290284325 0.07357521622380898 
4.996896321618368 0.9994085555431133 4.045927206673172 8.196424634718091E-4 1.0008695205349005 0.3336582945815727 
4.994359926683186 0.9995335118663271 4.8626904515827185 7.758615387651489E-4 1.0061513231310766 0.25383544002830105 
4.630282653438462 0.9562747667586412 1.0003294964898433 2.910403091866507E-4 1.0000090558544172 0.014146933827498619 
4.994378528540337 0.9995329389773959 4.883846065672519 7.833017006501769E-4 1.0001194549124024 0.25383544002830105 
4.311790140649071 0.7735523942653231 1.1015861735626369 1.9500948409182338E-7 1.0000870631318073 0.026586435183748036 
1.0131238572141785 0.990353138295316 1.0022805857038806 2.56873765273316E-7 1.0000525399709594 0.06699272405332768 
4.820541917807189 1.1323783750443173 1.0333256973141078 6.328962874885781E-5 1.0014320122108944 0.04480604365172158 
4.997936724278292 0.9995338065433532 3.8771412871112583 0.00250774043726203 4.9979931961803326 0.19624939865037683 
0.051830319709827787 1.955221489175769 1.0009141938425792 1.0250122020086992E-4 1.000036874500047 0.014832952796203221 
4.996974456025685 0.9995555799076399 2.7186309590425894 7.959351917592092E-6 4.999518483407685 0.10243133587002579 
4.996974456025685 0.9994835608052444 2.7186309590425894 7.959351917592092E-6 4.999518483407685 0.3336269461060711 
4.996708261660057 0.999564119410392 1.1657464012220085 7.735366604664871E-4 4.992182555264632 0.07570030647653483 
4.998551207518502 0.9995614926503177 1.4250580277517642 4.110682071203187E-6 1.0269705507552054 0.3098693036769419 
4.450540504635862 0.8462816106769201 1.0001521423725188 1.4667220095655855E-5 1.0003485926603413 0.026711199593109525 
0.4697629487815437 1.5454262673902042 1.0010394522412995 6.708043170623534E-8 1.000219754577157 0.0028305416165007938 
0.10307899811884759 1.8998139788536377 1.0323417657498237 4.4392089227931716E-6 1.0001102203640138 0.004483217792569771 
0.10586143705951137 1.9011252895222885 1.0002238452017143 5.723600340184079E-4 1.0000957363509126 0.022045522691113057 
4.910102722700022 1.0012349382153145 1.0023644512221181 1.0744621179916415E-5 1.000306900836715 0.025663761976901275 
4.298339347295069 0.7696881684688417 1.1132933870624286 6.187692881689074E-5 1.0015763211616848 0.01329863369805595 
0.046405287303293186 1.966632215023143 1.030479268650848 2.7830318734822487E-5 1.0000115543119557 0.01382835317255212 
4.998551176355264 0.9995564098667964 3.7072759030995153 9.045307675533386E-8 1.0002320775664422 0.3098745372945996 
4.994967583155914 0.9994447532601215 2.9759157918042174 2.7830318734822487E-5 1.0000115543119557 0.02177460067095087 
4.723489163137426 0.9562747667586412 1.0000953836510276 1.9151212288778374E-4 1.0000171859752043 0.014204023643052843 
0.001329715184467136 2.000123921703979 2.4186488682761844 3.421251448117043E-4 1.0001102203640138 6.088727525629091E-4 
4.99686921004724 0.9995349554013151 4.832135818705324 1.623674258767661E-5 4.996079406162362 0.19783289929594933 
4.994359405723543 0.9981739857166272 4.022904521987582 1.3420665880459835E-5 1.0005502283555696 0.15445492137397704 
4.77190663678396 0.9865001788325125 1.042544263456115 6.247783474083776E-6 1.0001966906829556 0.04190742417680314 
