4.999152753219579 0.9997799644870492 4.99020794024966 4.57646381295556E-6 1.0000223572475655 0.4417655647347467 
1.0081624858964118 0.9934801931465103 1.0001852398211235 3.888575695134272E-6 1.0000457611975953 3.3920090772147395E-4 
4.999152753219579 0.9997799644870492 4.99020794024966 4.57646381295556E-6 1.0000223572475655 0.4417655647347467 
0.02472590479072867 1.9815887186394963 1.0431726801881034 5.7837270964866276E-5 1.0004096761052281 0.012602899915531467 
3.96067957745663 0.6667938606438132 1.0002144515159228 7.142425800684554E-6 1.0000065602431 0.03706162010412707 
1.0045490024501045 0.9958495532394013 1.1207073721796794 1.3167549675537635E-8 1.0001831337832618 0.014820154883571733 
0.6431839532054013 1.360260055239294 1.0049222701650766 5.0904333647636916E-5 1.000021660703379 0.006867743538541041 
0.5092337001919165 1.4914656655536018 1.0440660478694943 2.496314928109884E-5 1.0000130811502665 0.033156442750630455 
4.291403753485529 0.8094702756825358 1.000270745286762 1.9265116903223077E-5 1.0006508946447004 0.014339450613034446 
0.07454749071491373 1.9295812589017434 1.001239545840747 2.3836561008587113E-5 1.0000168230828788 0.005108252285797258 
0.4089643844334825 1.5929957075498224 1.0003698282171787 6.946578223955178E-6 1.0000066189650911 5.088664689219917E-4 
4.99611284953317 1.003009410761904 2.0354665151740607 2.0279936593377773E-4 1.000058859882563 0.014378408047032054 
4.231979538046953 0.755560816562993 1.0000754358257664 2.03276288322285E-6 1.000059969055901 0.002161498631951422 
4.999142314297144 1.0002770786922226 1.469666365925116 1.3596256934351653E-6 1.0010153979109233 0.20357079314642645 
0.31321058326040263 1.6959737313786596 1.000962983389452 6.773129866828193E-8 1.0533260714156958 0.24144321790060533 
4.998914408539281 1.000032386522722 2.393981867762285 4.22493734102694E-4 1.0000077912600174 0.02184126129527063 
4.998607227837372 0.9998295050742567 3.7489215076072533 5.1603093327226515E-5 1.0414069050777073 0.21037321840773432 
0.20763010676769406 1.795369902043027 1.0000291110967456 3.905869610416424E-5 1.000000092986622 0.003288079923541027 
4.999083541581801 1.0000348375903063 4.333994611699813 6.795291086773546E-6 1.0000136239542383 0.021516460207555065 
4.998672335783965 0.9997820259370728 4.206779719287182 1.6367982751848475E-7 1.0000219441530556 0.004335838433130063 
4.607140433904125 0.9990513620856869 1.0001461381115722 3.865286143313421E-5 1.0001638426389283 0.002678778723978643 
4.848391490040354 0.9515506658661308 1.0011112937706044 1.091814018020329E-6 1.0000002312932808 0.03662988589127954 
4.999152753219579 0.9997799644870492 3.8914849042865094 4.57646381295556E-6 1.000021965675659 0.0033237123571494276 
4.998920243818058 0.9997796512081892 2.5481658053988205 3.4442816208601955E-4 1.000007787020318 0.4579326912956937 
4.320464058072006 0.776677905466323 1.000498337546761 2.255044824325605E-6 1.00004165076078 0.009097594316412373 
4.772105114165646 0.9429201037868271 1.000127204994838 3.160128352666781E-5 1.0001378804932097 0.00939045335270296 
4.999102725590236 0.9997693073163266 2.8339115996656425 3.740166638350406E-5 1.0002501623512123 0.07111376583607713 
4.480254350770387 0.8473646885216359 1.0002000487205023 3.713460797497649E-6 1.0001028111034573 0.006261241789720235 
4.999152753219579 0.9997799644870492 4.1236757468401795 4.391696372274815E-6 1.000021965675659 0.0021089493571479767 
4.998920243818058 0.9997713988513274 2.159184544178623 1.36782910351376E-5 1.0000003601050087 0.01510138493375679 
4.9961377070038235 1.0032428063264518 3.5683787349887384 4.715648190981971E-6 1.042880495704791 0.222724129364889 
4.57366015318094 0.9025782260501443 1.0036071605392873 1.5369125515841506E-5 1.0000275314502822 0.00875657573067383 
4.994913675789354 1.000398284154981 3.058516498751962 4.059480456768923E-6 1.0000482260918295 0.009140389611998142 
4.380699304331662 0.814442606005661 1.009410396350082 2.03383924201994E-6 1.000056386602863 0.0019146735692521586 
4.996030227644739 0.9998281759761865 4.709502115955082 1.7085025631458224E-7 1.0000726654392633 0.0032642210121128887 
4.995290896847146 1.0024420179401823 1.00568157255722 9.808735697395092E-4 1.0000033043788659 0.016453017813778732 
4.879822694625901 0.9702473675159796 1.0015320707702926 9.200615261688214E-5 1.0001387189943143 0.012462460634578315 
4.436699620802271 0.852446778892732 1.0007406065409972 1.5967390637324008E-6 1.0000006190461392 0.05377992345941782 
4.025794134296401 0.7000839455828286 1.0001344732254125 1.0359555795970416E-4 1.000089541392457 0.010887906047443748 
4.005303883473908 0.6698629198926238 1.032047516465837 1.1002840845496801E-7 1.0000192813355582 0.034876602768858095 
4.7983227220663816 0.9766765130571972 1.0002159080009367 3.888575695134272E-6 1.0000458419812825 0.006261241789720235 
4.996130084062342 0.999780864963652 4.796270024795333 4.220819581545236E-6 1.0000239120301044 3.465813051763585E-4 
4.955876723329883 1.033865083538261 1.0033745361227444 5.230169597716651E-6 1.0000136239542383 0.011863064560514017 
4.998607227837372 0.9997726590980716 3.6296080118888963 4.595663543499068E-5 1.0421849111932195 0.21037321840773432 
4.7516945368948615 0.9185265286505699 1.0000613865572678 1.2210628698021222E-5 1.000045937318353 0.013122374592302456 
0.14085437629775333 1.8730612355065863 1.0000620109022826 9.534431326226403E-5 1.0000005859513812 0.008680334136295847 
0.20763010676769406 1.795369902043027 1.0000291110967456 3.905869610416424E-5 1.0000007440112384 0.003288079923541027 
0.14085437629775333 1.8741978721075228 1.0006384044730623 2.221090092509046E-6 1.0000619612353492 0.00908866445015717 
4.999146917940801 0.9998295767744841 4.922352592113945 5.1578570442086837E-5 1.000005908956505 7.166049336055358E-4 
4.998925006642987 0.9997797615808482 2.7389356873414945 5.156208879243073E-6 1.0000541328545864 0.0026123168997468638 
4.998591990652122 1.000032796679616 3.1058206310290486 1.0544809677887534E-5 1.0000111401933118 0.08075361752227384 
4.999085606568295 0.9997832490589277 4.482569379282135 4.22493734102694E-4 1.000006490128178 0.003240460739174949 
4.190246348702855 0.7463165864533985 1.0000754358257664 3.2414948412446494E-6 1.000059969055901 0.003585390837042037 
4.40456404693555 0.8446521168622642 1.0240507893795288 1.2050986151804384E-4 1.000102851845639 0.04905243334232991 
4.062565122043378 0.7000839455828286 1.0001344732254125 4.777585941165104E-5 1.000089541392457 5.866294676593739E-4 
4.498307706479235 0.9770573562272516 1.008827474397754 7.2059223294904676E-6 1.0000927118426923 0.004437333545587268 
4.170524010602341 0.7619387097341056 1.0088717985850957 3.0342301997632653E-6 1.0000936112519976 0.0021663166269448135 
3.9677539088765745 0.755560816562993 1.000065766294487 7.4189863697473884E-6 1.0000168246445618 0.0011352413300315181 
4.729641006517817 0.9583679462927773 1.0266633347475715 2.980185365687982E-6 1.0001360772399253 0.0027729863450074487 
4.9532264630439 0.9976779142601856 1.0035761393185008 3.865286143313421E-5 1.0001661589274338 0.0029515819826008653 
4.216215722352953 0.755560816562993 1.0000754358257664 1.0061714206203643E-6 1.000059969055901 0.002161498631951422 
4.922011767846475 0.9775933085465937 1.0341724816420794 1.1002840845496801E-7 1.0010153979109233 0.20357079314642645 
4.9986983023538825 0.9997716113773272 3.4133879818222628 3.745086143859055E-5 1.0000088410562082 0.014851196785712544 
4.132650630263967 0.7668543594103803 1.0008087810344568 4.350211063303347E-6 1.0000010864015356 0.0010119602291310966 
4.999085606568295 1.000032386522722 4.006468411441704 4.22493734102694E-4 1.0000076765954455 0.008903309864584413 
4.676289399816602 0.904982154766868 1.0215655161813197 4.309507294403965E-5 1.0000007304205307 0.002397031771807001 
4.995290896847146 0.9997804564017684 4.429341657841671 0.0012139761772790147 1.0000027478693985 0.029712978441886813 
4.920041497934411 0.9770573562272516 1.0008026828773486 5.309873474204931E-6 1.0000558224724572 0.0032698414619377163 
4.349050897035501 0.8057277984825459 1.0035846431109745 1.691603977829574E-5 1.0002597400017124 0.04992836163971985 
4.994620039750343 1.0003361413042229 3.269908620997343 9.883768913518396E-8 1.0010153979109233 0.012715843918275918 
4.999156497625327 0.9999273585694495 1.0239777397058414 4.463761789946888E-5 1.0000221452228037 0.8018530200782586 
4.146560969781486 0.753440748769715 1.0000242204970902 9.395926325920675E-5 1.0004118462929106 0.008782445959867777 
4.996081072013736 1.0031598960685237 4.609012216437863 1.5948492385703552E-7 1.00002233735722 3.8306043146735247E-4 
4.891892013107043 0.9710643888657523 1.0286473093936617 1.7716266927893652E-6 1.0000029739451874 0.0026742920962648797 
4.676289399816602 0.9050057790224254 1.0003803175855837 4.309507294403965E-5 1.0000002382307587 0.002397031771807001 
4.645523196161105 0.9088775800743583 1.022001919127869 2.191909313577469E-7 1.000090741986188 0.012007813571526114 
0.5800780937459344 1.4260311140727944 1.0010370866161205 3.179043114325943E-5 1.0000699804309732 0.0015891982383523656 
0.5800780937459344 1.4260311140727944 1.0010370866161205 3.179043114325943E-5 1.0000699804309732 0.0015891982383523656 
4.35495969094104 0.8057277984825459 1.0088038016661895 1.631624298938396E-5 1.0002597400017124 0.004090439589953965 
0.31321058326040263 1.6959737313786596 1.0000570792122847 1.7951712040027452E-5 1.0011258463869894 0.013143471788981037 
4.527432130083504 0.8697751098654213 1.0030129242432302 1.051406745561852E-4 1.0000019510227014 0.08444821962236944 
4.5457587373656105 0.9022301794848079 1.003291959994803 1.2447047156037606E-5 1.0000002312932808 0.03682625666707229 
4.996130084062342 0.999780864963652 4.631637941657477 4.220819581545236E-6 1.0000239120301044 3.465813051763585E-4 
4.066853018856369 0.870972862777749 1.0155510658648415 7.850869661992624E-7 1.000089567123851 5.866294676593739E-4 
4.106917368319641 0.7143117530328346 1.000011658173127 1.617708172297911E-5 1.0000067511511712 0.0023145076297744803 
0.36237783750289854 1.6393359610822023 1.049815383083194 4.243007878493207E-7 1.0001803453086406 0.005767623599757403 
4.999085606568295 0.9997721323169874 3.987660504168718 4.22493734102694E-4 1.000006490128178 0.003240460739174949 
0.6431839532054013 1.360260055239294 1.028498552784661 7.783101540988157E-7 1.000021660703379 0.006993560545921182 
4.998792291975014 1.0003211955763243 3.298692061263887 1.761882896793407E-6 1.0010153979109233 0.012715843918275918 
4.561049262483367 0.9050002492948488 1.0002159080009367 3.888575695134272E-6 1.0000647659415514 0.006261241789720235 
0.36237783750289854 1.6393359610822023 1.000264027501374 6.529563868448814E-5 1.000028379818885 0.005767623599757403 
4.420769674734569 0.8651793676264176 1.0016941628450917 4.065598995158002E-6 1.0000600705617744 0.011617303462316195 
4.713892133487552 0.9665065151420483 1.0177405755408038 1.0280377475140551E-5 1.0001007978510974 0.052137874795004646 
4.9986983023538825 0.9997716113773272 3.411558185391776 1.2834231648916914E-5 1.0000463485872177 0.014848309534033235 
4.999152753219579 0.9997799763499031 4.837600706350623 4.595663543499068E-5 1.0000223572475655 0.3687854149573702 
4.106917368319641 0.7143117530328346 1.003296469671266 6.469074880963139E-6 1.0000004263014526 0.0023145076297744803 
4.485071469687384 0.973895031170859 1.0006189765976068 2.221090092509046E-6 1.0000270684066266 0.00908866445015717 
4.705658294175441 0.9660300540475038 1.0177405755408038 3.2180492899818305E-6 1.0000491347120017 0.052137874795004646 
4.999152753219579 0.9999079105166853 1.0071042700245296 4.391696372274815E-6 1.0000218695450664 0.0021089493571479767 
4.999148730480488 0.9997614418918912 4.968441556358705 3.5617012284034434E-6 1.0000059047168057 0.46713247916978046 
