70.14368214697483 -69.27287329745643 
147.4742790302412 -147.19411598050704 
201.2815993552544 -201.01486559707536 
75.88422540066915 -76.1061488069802 
174.2815687546542 -172.99135963718936 
134.9485589937224 -135.1983468472521 
19.307594007308502 -17.84891606740509 
150.51552078848022 -150.23535773874605 
48.23864593342411 -45.442409375543164 
36.74000045180835 -36.26282021790263 
126.12824969024375 -125.83626636274792 
26.954414680779966 -27.198819089570904 
115.94954129450606 -115.63802747363829 
97.993438710546 -98.1335899742248 
38.88048384380454 -37.61285888569309 
59.13685959651957 -58.31428113725437 
169.05545472978636 -169.1864720433748 
25.883241236029722 -25.96929766221935 
53.374673594735384 -49.78197994953939 
83.72034583503384 -83.94648176372844 
83.72034583503384 -83.94648176372844 
196.76333637345593 -196.9031881724576 
194.81656447856705 -191.66310346937394 
126.42089340041854 -126.64316868583134 
189.7761784810337 -188.16636827893535 
