185.45650736661258 -185.56714923252 
171.79208767617885 -171.90148889956964 
63.4804131307832 -63.58883356119386 
55.60858864907144 -55.84680709495757 
71.24455263197017 -70.74221922376147 
106.61661855958073 -106.46130375061499 
99.17086350152668 -95.76256777392979 
44.030006348454485 -42.72692981685023 
152.88253106043072 -152.85249783196448 
80.72280337332602 -80.22046996511732 
35.93306748334339 -34.71854480019454 
78.53806630178076 -73.90266338642827 
91.64984980180115 -91.70885854920519 
131.65864691267367 -130.27653384683327 
109.63734380997747 -109.03594209470357 
