32.81260601757646 -32.421055917608996 
51.984276999579826 -46.42622261848432 
199.8864334578867 -196.04514789855634 
62.671672957649555 -62.69317581995527 
153.76003933241026 -153.3016850203788 
178.1851465773682 -178.43084997970587 
167.29343098808064 -166.8350766760492 
112.27496791561808 -112.33449681567157 
125.94050913154979 -121.58099408181192 
211.27315866482317 -210.5065193097924 
15.411991236105031 -9.035100934052533 
87.3343132499549 -86.91115770761454 
63.14360631253867 -62.91779644798705 
38.980008287239976 -38.93693293738225 
