83.77082700576159 -80.56415474963339 
100.19099804155707 -100.3160116952868 
51.22237008448195 -46.39784607503649 
144.43426161112927 -144.1750647282428 
165.79811124264722 -159.23148019809398 
157.80022685978037 -157.91033124321592 
58.34175523209539 -58.49499109977921 
70.02461790584117 -68.92261226268563 
115.8380135032557 -116.07083462611408 
70.02461790584117 -68.92261226268563 
94.759972339124 -93.7070487050131 
59.6413397024716 -59.53319668845546 
170.15889110194405 -170.35768062205105 
200.50629004719215 -200.72702608060368 
122.73639334931664 -122.8614070030464 
109.68581425612281 -108.62411469225187 
