-2.932358771976541 13.93164041152815 
-2.2427926502632802 11.681157950486135 
-2.9194279803328755 9.663348664563792 
-4.028559261899419 8.229156801911804 
-2.2427926502632802 11.340111344822375 
-2.2809287592623106 13.255450665027745 
-1.4988633847772437 11.340111344822375 
-2.891514913701911 8.814178006905653 
-2.4751858723115254 8.27339626526302 
-0.7916947604538658 10.895586724611443 
-2.932358771976541 12.299834956164531 
-3.009674719872631 10.240768894010312 
-2.9194279803328755 10.405080680769998 
