-2.126692976100661 13.900655504570846 
-2.125034966151233 13.3602659439111 
-2.123729393136614 7.668978109348113 
-2.608542867632462 6.689457029125487 
-1.6326284485823288 8.48655883477319 
-3.136643392305099 9.844858010158733 
-4.41266717637881 8.48655883477319 
-1.2537750878736802 6.607401717907066 
-3.0291816592307996 12.206688310954636 
-1.6326284485823288 9.094863428611774 
-1.2898253501461656 5.807298269181875 
-4.710294757572502 6.613377821621823 
-2.9370254598944405 9.079333475612653 
-1.2224581940928887 11.921282438431728 
-3.4227143194260523 9.844858010158733 
