-1.3897635384923657 12.130607255269991 
-2.6792556392951243 12.56324610040582 
-2.6306598597842483 14.613508462144003 
-2.3530302369417377 9.784242950655013 
-3.9167455451562567 8.403183077607533 
-3.789666705407858 7.9491472840898565 
-1.3596764068119125 6.134650649405872 
-2.714698866345573 10.171409648286549 
-2.8181807349097996 13.392778273309531 
-3.9107589817309636 12.220386607279638 
-2.8222118733141652 3.3764336360086284 
-1.6997773878188362 14.613508462144003 
-2.6792556392951243 13.9641079768403 
-2.3265352499710152 8.403183077607533 
-3.0710921950783927 3.564807156684899 
-3.9145685067218148 4.582864765413388 
-2.833439610500961 14.162900533462466 
-3.9145685067218148 4.582864765413388 
