0.5357847705096123 5.192080143530532 
0.565551299273354 4.44116177944873 
0.5518914789997449 5.154638153498514 
0.9335548775531142 1.388089939008583 
0.6427905517149672 2.7744777908262734 
0.5048370585611412 5.746871458777428 
0.5831927295623927 4.031671858551066 
0.39997493468521894 8.844851478840694 
0.9655213406184172 1.0992697144586112 
0.9038537678233701 1.4284197250073702 
0.5946304306048722 3.6790558038409364 
0.712314412494582 2.5816425461288715 
0.9455141153204473 1.116852903135005 
0.7776973782782949 1.5895963163401876 
