0.5149595772647122 1.8874386062370268 
0.7356892219017218 0.11022220869304766 
0.8064895625109627 0.0013988800307257465 
0.4942936079282412 1.8921674782833682 
0.6758393002411865 1.827209587011756 
0.4629445898757063 2.0550967101530904 
0.6831016571816053 1.3899490673363468 
0.4387345287916695 2.718249808415999 
0.4449786234486174 2.202042621977907 
0.7204730576870554 1.510748597209361 
0.47520129285053225 1.9984473645335699 
0.48527934077526347 1.9805544104143231 
0.5712705840436961 1.451949797894852 
