0.3896232253578076 8.972974904661058 
0.3896232253578076 8.972974904661058 
0.9999999999828922 1.0000000000171083 
0.425922387299265 7.480736142824157 
0.6315614703834921 2.092508841046855 
0.536026748118431 4.062241624915949 
0.9483978020944551 1.0544114672609977 
0.6650884893878746 1.5321008831782736 
0.644920726678087 1.869110992665036 
0.6537482567863709 1.714862447628318 
0.5777420292994879 3.116171746318459 
0.8475110094077313 1.1799276337022162 
0.5843287394410164 2.9828611381270513 
0.42172419132187966 7.716943559785182 
0.3962364955258098 8.674923984649707 
0.4559166828818359 6.372334002504609 
0.6402064512924882 1.9747819780042413 
0.44607216689694124 6.713286053410594 
0.5034100978010624 4.914762752641025 
0.7309776403640958 1.368044713111895 
0.6925331179018928 1.443988779027815 
0.5647194876518895 3.4088811815699875 
0.8647016293098972 1.1712755421663728 
0.9705971108338749 1.0302951728285925 
0.5935917912700825 2.7965080649570884 
0.6029559012931609 2.6596480381520586 
0.46457574093072335 6.073702400764585 
0.4983964432560617 5.050162022519593 
0.8070100751555117 1.2623272948049997 
0.4886263546907636 5.33377243369701 
0.7509317339232965 1.3316809387895077 
0.4837934183775537 5.570228197790486 
0.6210028828146534 2.2832558755966916 
0.8346198362619308 1.1981552398480972 
0.3991174214788177 8.612306287944945 
0.6622423457474231 1.6589054036516555 
0.3918134864467916 8.922815432192827 
0.6274784280836412 2.257619615922021 
0.7714944931267854 1.2961878255906918 
0.417427732823266 7.88115286728055 
0.5243748885828451 4.353228844786553 
0.4966538993626763 5.190557384858541 
0.5906246140153756 2.8698204166862524 
0.43008205406411465 7.375946980847465 
0.5539933338442806 3.7293606449070436 
0.9056170438820552 1.104222031104389 
0.5586009920385991 3.5360497379160503 
0.5094709027360504 4.807541446063174 
0.7482570724998745 1.3502284137927498 
0.5445426782290045 3.918147278936186 
0.4692646852479134 5.9541108929998625 
0.8901607032580398 1.1261499353777988 
0.7813928696901236 1.279768913808196 
0.5152440543935637 4.6693929512820445 
0.41420978300989214 8.053187665823634 
0.405524173688327 8.262374390687407 
0.8168045409036968 1.2242846498179147 
0.5514024934501763 3.746883558419006 
0.46405887128667217 6.254383926524462 
0.47346883751583824 5.901241544838287 
0.5463552637371039 3.905148452993116 
0.4027355469149082 8.425321414428197 
0.610128849379685 2.502930559926541 
0.45127522613945886 6.563267292983499 
0.8243708394545098 1.213053376152062 
0.4746195630440922 5.762811105469227 
0.5710555815627008 3.269847980070676 
0.4091343844457417 8.20710297140148 
0.4837934183775537 5.570228197790486 
0.5309265038470844 4.184889592912448 
0.6049173057050385 2.5757262606334574 
0.4430184668703941 6.851968259083209 
0.9205288891384095 1.0863320138027548 
0.5729640428608451 3.2589565840074575 
0.9332731548757525 1.0714992848869107 
0.8756125198517588 1.1448607640050794 
0.5178366849705296 4.521052920220471 
0.681125883805049 1.4681583469196213 
0.44052502073856087 6.890751558434541 
0.706760079123929 1.4218614768379525 
0.9878566526607164 1.0126412421679778 
0.45967567947990395 6.272926403916495 
0.41961655002226317 7.807134439478983 
0.41018476342344523 8.066200988273975 
0.9394426867347445 1.0644630727583722 
0.681125883805049 1.4681583469196213 
0.7920631772271872 1.2625318023107523 
0.45127522613945886 6.563267292983499 
0.4746195630440922 5.762811105469227 
0.560191405729053 3.5074307965601053 
0.5178366849705296 4.521052920220471 
0.6138917247335152 2.433821147269466 
0.40348653591434624 8.40963979153432 
0.5299389567837159 4.235169270456369 
0.5261836156559795 4.313736146974854 
0.9746796534373028 1.025978121604816 
0.49288839282272173 5.287650955020233 
0.9839380884846222 1.016324107891927 
0.9226096236304313 1.0850930737590967 
0.4389966752367329 7.031482206950211 
