0.39029815333269685 8.9357182454839 
0.39029815333269685 8.9357182454839 
0.9999999985795425 1.0000000014219368 
0.9319391609399857 1.0730316653845196 
0.5596056132079884 3.5389551523420666 
0.655050672991679 1.6926463232755866 
0.4336729584638523 7.145784445993818 
0.5443308130948538 3.8605139937764132 
0.9470117668520128 1.0560219735827923 
0.8072696536315227 1.2393961216242555 
0.9088013628478819 1.1005694514996271 
0.455799858445466 6.407947969790906 
0.5084304075872086 4.7767241827155695 
0.42812250534335705 7.354289312356165 
0.6211484411436524 2.3178695475721414 
0.6109634900640777 2.4629830607221646 
0.47667447947421887 5.853565199441926 
0.5389843938458209 3.99597421324224 
0.5266889183132837 4.331628590760696 
0.7876077607914623 1.2696675297587718 
0.6673514684865394 1.5626777247811303 
0.4124858095639395 7.978155394812709 
0.5667957264325993 3.351396424616926 
0.3991054626042061 8.63042229739779 
0.5344589734402635 4.169475226176586 
0.3936908473657063 8.806913765007547 
0.49466312304591525 5.168762114755265 
0.4906221649338267 5.337927644024889 
0.4781387852057287 5.662498606617382 
0.625262789585086 2.2040502277865723 
0.4225266635888284 7.793921321760094 
0.5751699020543771 3.1710069367826583 
0.650674199703779 1.86299968029125 
0.4677252165588701 5.966910472954396 
0.6324173557568681 2.0957628496021425 
0.7786284361196361 1.2846836990701345 
0.8544224527286757 1.171408483593155 
0.595101507153238 2.76356274695675 
0.6015535850235864 2.6372230680871684 
0.6713886526958701 1.4898335847307822 
0.46082780974040366 6.204482820000896 
0.6379229751880228 2.0175871187762673 
0.5176977691882328 4.532362953695627 
0.4844422028344155 5.580792682595328 
0.4431943021660373 6.82079151290093 
0.4853850390115426 5.425457147022873 
0.7323476153109036 1.3661912142515977 
0.40352474198009003 8.353681580333141 
0.6426399011814851 1.8952272979677938 
0.5850617910693586 3.102527428189556 
0.4983079681051521 5.055771192269133 
0.5547833768678165 3.720971350401146 
0.898686308987974 1.113069376630278 
0.41833762077910247 7.8719661077195395 
0.4104775301397722 8.182699863358064 
0.7441130651966162 1.3438818110987067 
0.605816896149584 2.563157749698303 
0.5024223850361969 4.950796233925489 
0.4466846702009777 6.76422066861816 
0.5730152156616817 3.3112034239007313 
0.8205935780877063 1.2260111063425045 
0.4525216499773398 6.566748670171697 
0.7638638876839323 1.3091347073862174 
0.4259665448061917 7.506105152236985 
0.7225249803267879 1.3852956274416937 
0.9887745023257588 1.011394079921294 
0.44879393006192325 6.603092140755887 
0.4227299380156365 7.5635752027860255 
0.8866212371663712 1.1279311246543515 
0.4070499312177571 8.21973808875943 
0.4672346670392691 6.092978662688989 
0.5082862677592722 4.893681001146209 
0.9657809582231901 1.0355357917295056 
0.517071064700217 4.53785630344639 
0.43814790811483645 6.976510260186371 
0.7135823053773744 1.4013800623519421 
0.752464535748912 1.3289663621956507 
0.8650575181586305 1.155992562071572 
0.43814790811483645 6.976510260186371 
0.6895746121449388 1.450170452150894 
0.5547833768678165 3.720971350401146 
0.9716246456254484 1.0292040290493087 
0.4642535825803197 6.180862760909484 
0.4010234404086787 8.504025321036545 
0.6853808196970738 1.4591029859531806 
0.8377308886713377 1.1937450070131301 
0.4011672105562456 8.463812573019531 
0.8409509283018339 1.1891537252951545 
0.587940410096116 2.975444204890555 
0.6994979120170353 1.437932269444845 
0.7591821398850591 1.3172069824434864 
0.5852765651272087 2.9829640823565065 
0.5901078817332672 2.8667372810505647 
0.8277604950944625 1.2081236921773604 
0.5301083662785283 4.274627566943039 
0.5921682473634051 2.856762874299088 
0.8713603974456289 1.1477878585213672 
0.8797450248769836 1.1367471948128791 
0.9805085439346906 1.019953002974483 
0.9798143357946008 1.0206015195661764 
