0.39062215843272124 8.921543069820501 
0.9999999999999998 1.000000000000011 
0.39062215843272124 8.921543069820501 
0.43158071199122255 7.220750258331301 
0.5417706798110273 3.9210596029644087 
0.5630813275264231 3.491473226620753 
0.9916750175933008 1.0083948695479927 
0.5339577536100759 4.1253309142798305 
0.9289061023531586 1.0765366620948928 
0.948116386288766 1.0547795159987499 
0.8793207504443202 1.137484452479626 
0.6420697492415824 2.026316786809877 
0.3958106750007943 8.693291265673281 
0.7311292417109142 1.3677472366717296 
0.489963386153891 5.407815962238418 
0.5075816055063606 4.791580908431333 
0.5153694386437409 4.639786865109467 
0.5974309727512123 2.7330878134003047 
0.4381585740772914 7.0347135060213395 
0.44818198059176206 6.694985134185475 
0.815826851681128 1.2257502899535078 
0.5000537346082229 5.005530386250702 
0.4630055762431062 6.128546871704157 
0.8605623433525911 1.1620308722551145 
0.5925873233626694 2.8132904590432957 
0.4767655179692513 5.704933165467248 
0.7996451769233457 1.250673747190466 
0.46771715351508253 5.984248472305637 
0.6123782127703732 2.4348160065498763 
0.45548563487198557 6.377293685710487 
0.6316487587258004 2.158025334907121 
0.6463068874316835 1.9244748152091438 
0.4087571567727319 8.136245688311083 
0.44443169004120614 6.872666717913873 
0.5818351213616803 3.046169589420787 
0.6230087837138759 2.3399566564037406 
0.9672943539800882 1.035405688198614 
0.39923672634144025 8.538868003143032 
0.5332170111239302 4.261802571978143 
0.42653742329904465 7.548525762733553 
0.578454424708157 3.1812660832489335 
0.42038643427698713 7.658973901192511 
0.5251034593664143 4.331699020989209 
0.505042348586659 4.920633465712648 
0.662010099222469 1.5779430658261406 
0.6512265362776275 1.8059306829875115 
0.4931300365666182 5.203311553593599 
0.7503714148370322 1.3500515318156132 
0.5213776094834058 4.561073895340324 
0.4819745426965296 5.537144017103478 
0.627592567180626 2.1798785976191715 
0.8275111850801697 1.2154780830668548 
0.49545553614935295 5.1791991649794 
0.4130904416882585 7.971837906536925 
0.5544925820247019 3.6282809030596685 
0.4180046263006706 7.88302393133981 
0.4036927490001081 8.345655174805547 
0.5245220923776484 4.4623483245348305 
0.4045393639366793 8.328189491719218 
0.47138016621342427 5.878420288655882 
0.5523382402218411 3.7986936412367633 
0.9596308045037675 1.0437023448794398 
0.5738901327244212 3.260732133150879 
0.7910231632883966 1.264354104773599 
0.8532498593318099 1.177163722213756 
0.9173938242634764 1.090139613173498 
0.548704888943276 3.823847396336058 
0.606055612389117 2.579416532095619 
0.7206787447414134 1.3875808150257238 
0.44064976227879804 6.931652178221035 
0.4760146039306683 5.821188488457736 
0.8421297651366471 1.1874816162019686 
0.45106986247968744 6.540290900316377 
0.8903539888811174 1.1231487963857507 
0.606055612389117 2.579416532095619 
0.7513593466039644 1.330921089249585 
0.7651809351632409 1.306880456667157 
0.4835812025445453 5.49737264273181 
0.6183981253317865 2.3855978937166276 
0.7672191877927474 1.3034085003087978 
0.9105160881461537 1.0985620042573 
0.6691564572632744 1.5203182725161761 
0.41063439753647984 8.069577152821642 
0.5720106830659226 3.365022274741712 
0.708574943520705 1.411298032252486 
0.8360505931419533 1.1960998630978918 
0.4600712197744984 6.267241692516544 
0.5867228999023948 2.960920934692939 
0.6537289577271911 1.7124576976822445 
0.7809767308402823 1.2804478808530726 
0.9011059896386324 1.1097498364805598 
0.6926036819693615 1.443827149686218 
0.4266317635618271 7.420169931295953 
0.398119355142543 8.595135732856745 
0.4266317635618271 7.420169931295953 
0.4503398584016418 6.551021024300827 
0.7139184871096228 1.4007201354998 
0.6823019739415219 1.4656267139653814 
0.4581298099408181 6.281865105129116 
0.5544925820247019 3.6282809030596685 
