0.390158480752173 8.943018534709465 
0.390158480752173 8.943018534709465 
0.9999999999985962 1.0000000000047709 
0.5316455989007532 4.201104703395226 
0.44250966661039437 6.857253113930512 
0.8521348393196015 1.1810640837767654 
0.5143578107667 4.646177749613287 
0.5378167869366071 4.072219553972057 
0.586132087990383 2.9608765320406336 
0.8317762275776769 1.2024180654465324 
0.5722653136492228 3.252436068506248 
0.44856233366918946 6.6907073098998575 
0.5436744453513025 3.884899403118763 
0.6214050491043903 2.2650222433658342 
0.5010509661203747 5.002019165738013 
0.5646664754879152 3.4290146402127872 
0.4291396075103953 7.314436556725116 
0.482604116170686 5.575893503012718 
0.6485786735563173 1.831841293816522 
0.4007605457207514 8.610371563377837 
0.4514965680820872 6.524268376206693 
0.6302543211220829 2.1307688099265674 
0.40369896777071557 8.345146599264835 
0.7578280810601074 1.3195656318549163 
0.6555608553740764 1.6788445333788293 
0.9039018589862166 1.1068916104783595 
0.477576242785403 5.659569177139761 
0.7275036555104546 1.3745636514976036 
0.3939281137990144 8.80174611470097 
0.5963845180389638 2.7755706712580737 
0.4282133025945402 7.507911135903788 
0.5211961369172876 4.433105009244392 
0.43521178441707287 7.1845516270143515 
0.6137768442966893 2.4986888989773153 
0.5519231290631277 3.8268382262244716 
0.7042221147256451 1.4299379668631909 
0.9669042470860761 1.034239059908013 
0.48815846518826334 5.386457408210881 
0.41983308183761536 7.687620577473109 
0.5211961369172876 4.433105009244392 
0.6058153022376035 2.5563158484120088 
0.5954048267527452 2.7875282414709592 
0.6904800330138934 1.448734595223949 
0.4116775244711385 8.043648210520315 
0.8824600090033811 1.133304248745478 
0.6418815980126434 1.9088752629376142 
0.4736354831268564 5.83732007878815 
0.49641887818914165 5.196893488346326 
0.5800556726269475 3.1746450676202347 
0.5813757709492049 3.076829237904009 
0.5527954514943612 3.670425234250649 
0.4225750975965371 7.588692492124862 
0.5043911136296233 4.878608056097544 
0.9224834163343797 1.0916119695162876 
0.8193741106155936 1.220534108476634 
0.9389915120800182 1.0653763502553892 
0.7418661468070145 1.347957303248689 
0.4717107062341333 5.880922982808522 
0.5598140367562271 3.5073826646622934 
0.46533302127748105 6.045838233395613 
0.7683110097569664 1.3015571459163708 
0.8674636390383845 1.152893409707468 
0.4916927600570562 5.36938950818582 
0.5582173909049776 3.618640042083189 
0.6269414676911906 2.245020198687138 
0.46670960175873444 6.022404966428428 
0.4586660711485773 6.388049629211841 
0.510937250086879 4.7942985893394585 
0.4367447686589623 7.076772302104254 
0.9844257588971476 1.0158206355419308 
0.7942154158181086 1.2607882682207476 
0.6398107334828951 2.020478389026911 
0.943934372608493 1.0597371386892978 
0.41674905986978467 7.834024250684885 
0.4956731114301073 5.22818809454631 
0.7138464169412502 1.4012567817740504 
0.41497599241708816 7.977937853784837 
0.4624995809989534 6.23530140511203 
0.9947840091437727 1.0052470453013571 
0.8700608441801946 1.149432704194502 
0.7395403966666543 1.3632772243675424 
0.9239216208032295 1.082907209745577 
0.40603835956169276 8.287795671727505 
0.4624975340576546 6.235329001574749 
0.66587977029231 1.513727832576713 
0.7763444103887439 1.293243780751452 
0.7996449665593366 1.2508797416790443 
0.8915209654619414 1.1217913734554035 
0.8072131458238286 1.238855884931689 
0.4367447686589623 7.076772302104254 
0.6058153022376035 2.5563158484120088 
0.9556438020766154 1.0467522616323153 
0.7834708239818374 1.2766161884965006 
0.3973196272426431 8.669173361272291 
0.8121865866657164 1.2312442830671628 
0.8952797756827277 1.1170815598366177 
0.6826986362399952 1.4647804138519178 
0.40763043263504695 8.193065909547226 
0.5080761563190701 4.807523245275892 
0.415218774584833 7.8628964808598445 
