0.9999999999982739 1.0000000000019278 
0.39109066692372796 8.903048391891641 
0.5693391190179026 3.3073937336733312 
0.6417863111405959 1.911254714402335 
0.8341674835211377 1.1988000249586594 
0.7142009346435915 1.4004383556621232 
0.4143823273715489 7.987025755645998 
0.6330328834698269 2.0969060996506723 
0.4488782538586711 6.5968336863099735 
0.41787596642867103 7.7837460557056914 
0.8542680184693081 1.1705928097793243 
0.547157575472089 3.7970798685827303 
0.5811059822805038 3.050119663068287 
0.422426031839902 7.604062483977106 
0.729340883098303 1.371101608431811 
0.6954345627531083 1.4379504722231915 
0.5103741500073152 4.725595904500027 
0.5556339894495512 3.6050020586573885 
0.612034770319567 2.443069363060365 
0.9504778884723304 1.052517138543135 
0.43893183632767957 6.983577879678148 
0.600023621444377 2.7198639812975727 
0.40423820946837175 8.362880270870441 
0.567442602404566 3.431731905209026 
0.6510689200368815 1.7703045044828531 
0.43041371716212545 7.282947094070784 
0.46972541296948966 5.914330470150017 
0.5067980786340249 4.861619041621768 
0.963190424812125 1.0382163010537575 
0.39828222185518614 8.597714297436523 
0.4432983568983221 6.841132394404757 
0.9156804845314485 1.092087082585468 
0.5244387564568963 4.364489923526692 
0.625680727719527 2.19665647344649 
0.3961846793258957 8.733968170713531 
0.8177637216680894 1.222850575519874 
0.530360479583028 4.242560975988446 
0.5603543697232757 3.570100771727208 
0.5353512230529912 4.149049197677073 
0.742540395265836 1.3467280788703684 
0.7746167922881899 1.291126054981378 
0.6103477360452926 2.5783461918326873 
0.5815912014768699 3.0387518428222458 
0.40212867067469904 8.456553717058695 
0.4987698970855444 5.201471001923606 
0.6666929996108831 1.4999425456475646 
0.5905953895090946 2.859594140019336 
0.7510021934080288 1.331555372902734 
0.678596033600533 1.4783954969901045 
0.4797316985685405 5.714822974208771 
0.516347286568164 4.577096240736437 
0.4526426238196861 6.470017531798144 
0.9335762180684327 1.0712998341464928 
0.9765899747537221 1.0239711914433236 
0.6225742036377103 2.3425629421203813 
0.602651517200046 2.6357859158646435 
0.5450243311583689 3.924703346719163 
0.6501995523802949 1.7929669476106203 
0.4080954191850119 8.154046626828672 
0.7855098929115569 1.2730597217402484 
0.6862999354128059 1.4573720108775563 
0.5905953895090946 2.859594140019336 
0.5011612197310658 5.014087381161155 
0.516347286568164 4.577096240736437 
0.43442996056482963 7.140246750272034 
0.8842474049696608 1.1322876555884265 
0.8671312446413905 1.1555489277801083 
0.40815839022594474 8.152788613233454 
0.6624981199130978 1.5763144680458219 
0.4670411924436272 6.049717341865585 
0.8716320415100727 1.1472763621087478 
0.4904303909993478 5.276924570809699 
0.9355371415719153 1.070211300698298 
0.46073355290395107 6.26043920675811 
0.4268607993223738 7.455167987578414 
0.3925590723197468 8.856604280550936 
0.48261416189116657 5.581089651171522 
0.5379279848394294 4.017078278787923 
0.4841528608655242 5.539357951727648 
0.502692506121423 4.9988136230021665 
0.6624981199130978 1.5763144680458219 
0.47444551671387136 5.770621855863096 
0.42626968283825173 7.465743142922907 
0.4568755210140505 6.410073591275678 
0.441847580805795 6.85445177702267 
0.525515890558616 4.350860194718804 
0.7925878203839581 1.2642932533587972 
0.4331571803003384 7.161227506359333 
0.7628405030433472 1.3108900169964441 
0.6225768611635829 2.3015046831362165 
0.9034402036799569 1.1092330689016736 
0.49443221310724794 5.234214341076736 
0.9913376966563492 1.008737994691314 
0.4637302021534555 6.205596975652783 
0.8098724540720496 1.2347627825247005 
0.4877353261837799 5.389362627000861 
0.9092281306436508 1.1021719587444547 
0.7638233906249168 1.3092031809009959 
0.8960640667190966 1.1159999398826406 
0.4641024543722152 6.088024690827724 
