0.3894941133026723 8.972504008942545 
0.9999999999903642 1.0000000195139889 
0.3894941133026723 8.972504008942545 
0.8216342026360339 1.2171232007473276 
0.8599251898262272 1.1628947649059145 
0.4789469385563619 5.616489098087394 
0.4859900273346619 5.403660640593706 
0.6883844743140928 1.4535972889394915 
0.4417586253501587 6.88358691327199 
0.6773854650172046 1.5250581192873185 
0.8977742175246564 1.1138716752046183 
0.5790335626340863 3.1140568803622335 
0.7067028919961394 1.4150218024173797 
0.491249647711054 5.275858412503632 
0.4240767446455803 7.62290621694381 
0.9536153272923187 1.0486408862052379 
0.6181049244898797 2.3986069129984844 
0.39606656150636477 8.675793552981578 
0.6473435676266754 1.8890731776854148 
0.39389713629665024 8.88334503808074 
0.4958641672298213 5.1189616983681345 
0.4317713993979248 7.231854941041058 
0.6307463111655464 2.212580448414391 
0.41023268336947305 8.181989081011112 
0.5030660598566238 4.9153871466816295 
0.540075723863259 4.09560931517015 
0.5251149573285979 4.343820646993929 
0.6252364136744304 2.297463138401673 
0.6353518801735741 2.058866167792973 
0.5513701643938604 3.727072521983789 
0.4715595255537787 6.029353019799478 
0.6386972363060303 1.968335900200806 
0.5089565604759558 4.763690245969623 
0.44935541566969756 6.672623881954263 
0.5658853546344293 3.406504744136232 
0.4134377131928881 7.990134251199536 
0.5424579305840278 3.9258063439985977 
0.5948682584290329 2.7859007510344913 
0.5482583386740286 3.882536758060664 
0.7505025541335395 1.33244050472379 
0.6136965633595668 2.53461926961617 
0.5555003590497424 3.6342161472043943 
0.4478984642763635 6.774848166824799 
0.4257676329601772 7.4730878018796085 
0.4189638345439728 7.7942633130474945 
0.9086457433007066 1.1005416674567574 
0.7770339919416172 1.2871511811907215 
0.8065933713922256 1.2397889455433222 
0.4723976787329524 5.8254592060943935 
0.5014349520056235 5.032225399310071 
0.47536356445917616 5.78127455608638 
0.4602767064097954 6.309823692759601 
0.6536151347470189 1.7214767553502572 
0.9190526086365529 1.0880797160710782 
0.589150853119726 2.8933754208817053 
0.9322705976634105 1.072652812393601 
0.5307189809960939 4.236151099751925 
0.8773712696016872 1.1397741259683214 
0.6024042534016877 2.7502533229470703 
0.5111646030203493 4.694821008855632 
0.6629714153043226 1.583552602680811 
0.41687827867543625 7.833256401497903 
0.5322162995759819 4.156090610742066 
0.6613394223962594 1.5874603488843508 
0.4658307878860002 6.073316248865935 
0.717418833249221 1.3938933480669073 
0.40357742601377417 8.347592229888146 
0.5169710497310559 4.593417616618507 
0.7934029510074703 1.2603936063964891 
0.4353204600985184 7.089051232733774 
0.5839426142217871 2.9918726355060854 
0.5722399302574301 3.2810524942046575 
0.6515501922120973 1.7520904971568414 
0.5592464712596998 3.519462688636693 
0.6030283847495835 2.614692917238006 
0.7838718767845843 1.2757187217773855 
0.41162637975668087 8.085913621193662 
0.4003374755078056 8.582530363544846 
0.4353204600985184 7.089051232733774 
0.6071845473859796 2.567487679338655 
0.5722399302574301 3.2810524942046575 
0.9876622590792017 1.0125340823003666 
0.4517180250427018 6.499056243852656 
0.40225129322689257 8.529333738663642 
0.5640206265197498 3.496381348351395 
0.4293623047547736 7.38442897048553 
0.4030138727701912 8.412809307330196 
0.7636275610448845 1.312374862081985 
0.7636275610448845 1.312374862081985 
0.8010722856567631 1.2483267963575357 
0.46225890470578 6.163749674816703 
0.7422843504337069 1.3471926215625365 
0.9291423357507486 1.0762642493171046 
0.7236979899751684 1.381799303905469 
0.9772824467719426 1.0232883056712003 
0.7295322769320425 1.3707412702990032 
0.5180017200747653 4.5301234247687585 
0.521349073479127 4.475091623009922 
0.960805363305117 1.0407935468540377 
0.5874738307833174 2.9738889404938305 
