0.38991222920131885 8.976673608973075 
0.9999999999885747 1.0000000000114253 
0.38991222920131885 8.976673608973075 
0.9999999999885747 1.0000000000114253 
0.447259190633252 6.679019715476328 
0.6056827182101754 2.601804909715857 
0.45274370365160194 6.479847964902263 
0.6454389124034485 1.8708322046834556 
0.5598934514042546 3.5031792724729898 
0.5747491638250489 3.226198206551618 
0.6175638882075903 2.428903218762673 
0.4332778683507273 7.1627351984469865 
0.5521027637189343 3.7044401745026097 
0.4704611710322401 5.9135602941448635 
0.4409721977271897 6.963164536506123 
0.9615254860751722 1.0400140344901276 
0.4959386967386888 5.123151672812085 
0.5359650335810346 4.089671648129997 
0.4226771951549056 7.587736579608074 
0.39609977609842983 8.686683009048185 
0.5245559701774323 4.401623882475517 
0.48781177321694325 5.381322344025758 
0.6564811755224222 1.690214691510238 
0.49318471965779437 5.261427234427343 
0.5204000595927032 4.549212685049744 
0.48079592250321845 5.658328378414214 
0.6404970605146505 1.936324750345679 
0.4022757970297268 8.5054955283731 
0.41593057456490223 7.858968485611816 
0.6341331045396565 2.0682323692288707 
0.5690193900416737 3.3556109132546794 
0.46464121109850715 6.115993717833727 
0.4325298705129204 7.315249650197325 
0.5484670786753667 3.7650882276570226 
0.4101471117265113 8.06905278124368 
0.619559690592586 2.358405205187901 
0.6649944859350014 1.5359580617388393 
0.5819474758274388 3.0464436661190772 
0.4404122354187934 6.9997449208527 
0.8602366293448703 1.162470845061421 
0.46271439930579755 6.144740071974607 
0.5282786992879609 4.274682930857386 
0.7590903233325158 1.318433562705989 
0.5333008136826446 4.230131697822355 
0.5962516709058031 2.75579376274439 
0.6991840737061514 1.4408937795836525 
0.5441810575205914 3.9249222101686874 
0.5113046542820475 4.692808233738562 
0.4055056823047208 8.29158101086405 
0.41593057456490223 7.858968485611816 
0.5803883401011174 3.0688634516000373 
0.697202623776382 1.4449887998560906 
0.4830259916658101 5.5050018870730675 
0.5411610816861885 3.9482740679871617 
0.9270503529332806 1.078690076907298 
0.6683877124733265 1.496137618353202 
0.6301433408469793 2.1356020966734626 
0.5670636891709424 3.458883316299729 
0.9731187370491674 1.027656340638481 
0.7152053596742123 1.39824405227922 
0.6570132654089663 1.6553683300623518 
0.4055056823047208 8.29158101086405 
0.5173965123885355 4.662641315577143 
0.40099207185117225 8.574443557292001 
0.9445015948536057 1.0602085457864254 
0.5017763207110881 4.967608029551842 
0.7710153160953704 1.2987252537141796 
0.4587587223389118 6.332169568088721 
0.8453501884660475 1.182941713275016 
0.980395707986572 1.0200285784363965 
0.5902571244204833 2.894477376471072 
0.680465784499707 1.4695881073809491 
0.7277696004229102 1.3740612406138102 
0.8301771472569472 1.2046002996191474 
0.42665687673735125 7.407748045472554 
0.7871869261041055 1.2703463012897525 
0.42273818908825034 7.56750325902456 
0.7986734105301675 1.2530677749718138 
0.4581552878344634 6.340509643401315 
0.5902571244204833 2.894477376471072 
0.5959259944333284 2.7572998175228394 
0.62562620762303 2.2250600494087185 
0.9431332054448833 1.0602956131445969 
0.8802678399795609 1.1360178752904364 
0.8658051545565042 1.1549942791186623 
0.8944839906687371 1.118729540743802 
0.39282183450759967 8.847539026386679 
0.41098697342122464 8.044992498423689 
0.7402996788600638 1.3508098504238932 
0.473198826566333 5.8174208725940675 
0.473198826566333 5.8174208725940675 
0.9135961227555145 1.0945755770836518 
0.5111994903922731 4.859929689547569 
0.5028981100979265 4.94015294699601 
0.8372803436006635 1.19434311074963 
0.680465784499707 1.4695881073809491 
0.4821116361852528 5.579924725606586 
0.7185895062041547 1.3916150895668884 
0.7765038707628721 1.2878235868363106 
0.39282183450759967 8.847539026386679 
