0.9999999328557997 1.0000000712700945 
0.3898941732440539 8.955789168179686 
0.719455524028748 1.390308232281971 
0.508880683443048 4.760368882306977 
0.6669397358408464 1.4994004540373729 
0.8426946770153942 1.189726626697272 
0.6105280387010036 2.5374499673272477 
0.745494416199241 1.3658353644912322 
0.5199346227879207 4.561174001008286 
0.8217340030788586 1.2169473129536856 
0.6821000618928659 1.466060561969934 
0.6183306988036191 2.3973218345102443 
0.4074978255355675 8.264417057788659 
0.9784548308200764 1.0220195858211971 
0.6575614560463886 1.6462696198311348 
0.548985234130217 3.813193678554306 
0.41092732547546895 8.047713849121257 
0.4969329304689584 5.118563655545668 
0.9014899560867844 1.1092824498570721 
0.535800398500828 4.0684018744314745 
0.4786566244735947 5.848153458811502 
0.4339113620336911 7.185676687681631 
0.39524053591671865 8.725217867721591 
0.6956319196817883 1.4375866348116044 
0.47942804958384827 5.635359125956847 
0.41331242168549776 7.9416667448561835 
0.5756881542991812 3.162461431060813 
0.5555046985535818 3.6076659772924464 
0.7065912168067624 1.4152455953878396 
0.5208872885333573 4.4643435248678704 
0.425878488326338 7.527649735032274 
0.4220240649781488 7.596401143550177 
0.4926668283307872 5.231991552748915 
0.5326622015125373 4.277966825672167 
0.5272830805331387 4.303193241120217 
0.6478111373064632 1.8067477389169049 
0.8123403033041398 1.2310113239877585 
0.6312341734898459 2.1230329145219318 
0.5407877540238493 3.9919424890096633 
0.5846822900061439 3.0905819016090903 
0.8734645172031965 1.1448661985375568 
0.4611722279653127 6.198781026831491 
0.505102537260637 4.996536177795148 
0.9642532925318198 1.0370719086689943 
0.8552079061370984 1.1693186214023397 
0.9938308619791663 1.0062074442084656 
0.45038433398209843 6.548107190800544 
0.5654971390760842 3.4692225062496087 
0.7857366289866241 1.2726910827292102 
0.956614295546396 1.0453533960154333 
0.39519495827469664 8.850669867991792 
0.6395378125833044 2.0954678530683886 
0.4698883153561634 6.021224310379496 
0.46357863876777455 6.103177996092073 
0.65703253993418 1.7813901693375676 
0.47154224549220275 5.913037862068674 
0.41949620825907674 7.794380702956329 
0.4286726956641473 7.33184083920416 
0.592790624722763 2.9315683030438695 
0.5707165657364779 3.284266407418503 
0.9295416118887403 1.075858028768652 
0.5852092378723946 2.968596949952174 
0.8858553311798328 1.1288524941798554 
0.4424822107300999 6.837484392631478 
0.8637296717353494 1.1577696526467944 
0.4574354622735381 6.338963144149786 
0.48518704160827336 5.4717099570164125 
0.9197253894253774 1.0872810641304032 
0.6232286788319727 2.272031911394612 
0.4819343928779974 5.525317037187165 
0.4533316586045055 6.46970041981252 
0.6435685889505609 1.94280567494792 
0.43698242372153895 7.021359454275348 
0.6035981489711801 2.6787497162820237 
0.5954541035443173 2.7607531357395776 
0.43698242372153895 7.021359454275348 
0.8919417139881658 1.121152003438088 
0.7663999431739748 1.3048019069313812 
0.5589677075851471 3.5853151693786787 
0.43024457777164055 7.307343769691994 
0.40352696527287674 8.394119811516608 
0.4425549656384958 6.830683192566015 
0.64309961696841 1.9814986327465 
0.9431305517614009 1.0603045570047067 
0.5077257833497593 4.925326296858387 
0.5629476640726613 3.484933906483528 
0.7987448168090737 1.2519730531766657 
0.7637993958632391 1.3204743979120015 
0.44655034230763135 6.683932958938076 
0.39938235435394015 8.530856948896012 
0.39927442747794006 8.533162903589664 
0.798579237394063 1.2522662562669422 
0.44655034230763135 6.683932958938076 
0.48915045196309015 5.366401434578086 
0.4553621183614576 6.376445087661013 
0.7528555579170454 1.3283151841634908 
0.6268129807156148 2.259039761406893 
0.4040244422743361 8.38378409635488 
0.9384070416584132 1.065639108310087 
0.41949620825907674 7.794380702956329 
