0.38904739773775854 8.996080793446627 
0.9999999999993424 1.0000000000008513 
0.611152054547831 2.5000676301053573 
0.8442962698795757 1.1854387369492767 
0.6578751983566427 1.6526898557947034 
0.6744161946775251 1.4827639936076957 
0.4837714325248719 5.536358783422642 
0.6296133893528526 2.1210164164583665 
0.4314010744575721 7.242852229659252 
0.4768990470589368 5.687767903047991 
0.875953859207127 1.1416212101302958 
0.3964397104773457 8.666625464047648 
0.778459544372784 1.2846015516722435 
0.5363752965201447 4.100498911688246 
0.47240014163749344 5.843286614430745 
0.44052224389573746 6.8914951285249595 
0.5994839358016566 2.7456156403669363 
0.4676980999293417 5.976901707633532 
0.8029685530203663 1.245379165746154 
0.6078631994823016 2.6314716103407023 
0.42522525644441417 7.519740566480856 
0.5526757013863808 3.8226508435496918 
0.5268332320418837 4.307317970392153 
0.5580101450086996 3.5447956405029353 
0.6458879804622277 1.8385704146688524 
0.5959718156770428 3.006645183572093 
0.7884438770106256 1.2683258992212987 
0.5650921495204339 3.3897575812233502 
0.4356234292291144 7.110043111219251 
0.5552726253801032 3.6484266146567723 
0.6522804740921858 1.74769998522572 
0.8358908016478788 1.1963476884727309 
0.5212082225143904 4.437027940028003 
0.975976115178502 1.024615238476 
0.9449570317940146 1.0582491757341628 
0.5080542656537008 4.879972856005406 
0.5098087909670749 4.758508291951607 
0.40084114105782415 8.504138855523719 
0.6239629603467883 2.260081376769909 
0.5990857971858315 2.9204767122308826 
0.6239629603467883 2.260081376769909 
0.9076642694705521 1.1017289561328774 
0.4444328165234729 6.820106325022028 
0.5373812787254937 4.029678042433116 
0.8210250237278466 1.2185562332477033 
0.40293150404513256 8.43449237176505 
0.5141765521220002 4.634918204147241 
0.5012201623593818 4.971805844079417 
0.4566262624514278 6.404597804889537 
0.4171100473694197 7.876947865272148 
0.9308699597337203 1.0742653566987999 
0.9255951514378207 1.0803859620153593 
0.9643352326806774 1.036985184657953 
0.5698905542208782 3.343182942511885 
0.6404654379990893 1.9635423003250594 
0.8157459659126918 1.2264420568682155 
0.40602458586803314 8.282737032424874 
0.5774216178109967 3.1997799933866182 
0.4226339470175065 7.729953577770095 
0.9116222655085673 1.0969497204383833 
0.7306176244780176 1.3687247271139065 
0.5813953832593439 3.056307480416797 
0.46302104200359784 6.121974493660831 
0.7602672921015311 1.316464686371196 
0.890562859963262 1.1243367493631866 
0.7376467909780284 1.3556629219285208 
0.424526935172254 7.543358838981253 
0.5731376645809734 3.2236969485705953 
0.4602649026977645 6.314194201163206 
0.4085222864069602 8.244840602211687 
0.7160388011531165 1.3965727062044848 
0.48875119614567397 5.329185828904168 
0.39364991142589145 8.839555995741904 
0.875953859207127 1.1416212101302958 
0.4988984334718187 5.135764659104821 
0.4109799540727346 8.075411187549726 
0.6404654379990893 1.9635423003250594 
0.4466002652460703 6.675901463335199 
0.5430111776822862 3.8924060684254522 
0.9874562333894678 1.012704477950393 
0.4529723110142773 6.4993646952516775 
0.41449367578385343 7.926668823105126 
0.6987349037544327 1.4311579340141116 
0.6852443768818968 1.4684159364638731 
0.7471633031106307 1.3384005680307889 
0.8902764222355523 1.1243395719694718 
0.4466002652460703 6.675901463335199 
0.5267058274882492 4.361259143727493 
0.40993644679977925 8.095967423454333 
0.5434468349943878 3.8816946729903905 
0.5806270448436109 3.060351863930019 
0.5008250890256565 5.067844884841687 
0.7520362561483386 1.3297281628637045 
0.39364991142589145 8.839555995741904 
0.4352364630321074 7.1790268036019835 
0.7206245260816572 1.3883938675789655 
0.7027328675355022 1.4230158392729835 
0.46302104200359784 6.121974493660831 
0.4529723110142773 6.4993646952516775 
0.9919395023217191 1.0081273575585545 
