0.39057602348954107 8.922335167758243 
0.39057602348954107 8.922335167758243 
1.0 1.0000000000001363 
0.4677989228228328 6.021460252260855 
0.4774662913300858 5.666472404030096 
0.9865752647841952 1.0136594539393862 
0.5574878546158976 3.6446713358074754 
0.6912959704376745 1.4465762077826683 
0.6772569804419167 1.4767738513887945 
0.5157876447800593 4.582674684129909 
0.4317744523136738 7.214363157161583 
0.6288986879349592 2.2414526516000226 
0.5080796348644543 4.837494838050229 
0.5329828804315522 4.1343658527287435 
0.45523971287999726 6.431524887001645 
0.9627158981226341 1.0387280421462584 
0.524878930490402 4.436704957476128 
0.40440426071304836 8.351690235481144 
0.5492022028524369 3.8009287332784893 
0.5267577129755139 4.3123605122858955 
0.39949927088341797 8.566957836579038 
0.6634932304390164 1.5514789003692908 
0.8044052572102054 1.24318234756422 
0.48384252146257745 5.554766717346297 
0.8280494875765232 1.20888719214498 
0.46536664746705636 6.052931887491006 
0.6028647515814998 2.612959620804794 
0.5460694507530588 3.9082364548868767 
0.396684959179773 8.649963608890943 
0.5123161399910636 4.732984712862843 
0.3929309548785555 8.845066583774505 
0.4259686039639852 7.477458745221594 
0.8753063886374166 1.142457840896692 
0.811738152590713 1.237414181139209 
0.7304962292670948 1.3689324597929613 
0.4297262305866819 7.388309118684831 
0.6314583499220155 2.113273582112467 
0.7847801638702496 1.2742707602595833 
0.4161182516501735 7.842698483030463 
0.8571964399568238 1.1702028344245174 
0.4087669248467962 8.180081906157064 
0.5962569231490538 2.743150052558323 
0.7196841820315667 1.3894991433489552 
0.4602070562005212 6.303840055780204 
0.8377665978668217 1.1936498811798124 
0.9296975546083536 1.0756188806315083 
0.4507717540271666 6.5976373561310195 
0.6600233721490443 1.6468432581471482 
0.65029735344646 1.9150784404031378 
0.616167723695843 2.361494284576357 
0.4370403499424943 7.029306803668226 
0.44249032447343123 6.822440647867516 
0.9139095999363738 1.0945356546947176 
0.6089786512587014 2.5319028028675032 
0.896213946675338 1.1158049969091492 
0.5709636315978039 3.317497200736627 
0.41994330538971925 7.771263261238309 
0.49237252449334873 5.24098486569881 
0.4384555766151822 7.001589243548324 
0.7726921799981007 1.296968288147836 
0.5962511592684948 2.8481025854734776 
0.9382786176455971 1.06581961864294 
0.4477396848725667 6.640947192478157 
0.6448529772954539 1.9344768946344386 
0.6159517755275467 2.497694143484877 
0.487846450789763 5.364557050878068 
0.4973019144323272 5.185123477207352 
0.7555279862529052 1.3237833906689502 
0.7093178007893632 1.409805374790614 
0.5776357991922101 3.182435570596675 
0.5619280545011139 3.4682440127616023 
0.653088448401993 1.7397504806189164 
0.44688377103389043 6.813569887975911 
0.4083906029753715 8.270168536634566 
0.5380517513992666 4.023823160356888 
0.9163336854080331 1.0913445335086098 
0.41254735150333294 8.002767565470078 
0.582781331175499 3.0421040139751745 
0.7424625155110854 1.3468694070018297 
0.6366065179971108 2.003436519071827 
0.41254735150333294 8.002767565470078 
0.5792252189631771 3.17370282580219 
0.5672125170529939 3.357062281533939 
0.4986195008410274 5.059928318037864 
0.8498371537732421 1.1771843292679727 
0.4602070562005212 6.303840055780204 
0.4801971297656775 5.649277547897919 
0.4222285958615667 7.641138256101372 
0.5850899209716391 3.0301007815937364 
0.5009970218709593 5.023158053768683 
0.9999999999999993 1.000000000000282 
0.7452387080202714 1.3418609507533847 
0.948800651022995 1.0543819733159923 
0.6532536113265183 1.7219524710326308 
0.48874082610706104 5.354740135330498 
0.4222285958615667 7.641138256101372 
0.8870484925889331 1.1273536029693654 
0.5377501927116229 4.026079633433037 
0.5882466567504099 2.910100573075648 
0.7093178007893632 1.409805374790614 
