0.3901010056033143 8.966866099385914 
0.9999999999032596 1.0000000003964906 
0.9999999999032596 1.0000000003964906 
0.3901010056033143 8.966866099385914 
0.7741525283416238 1.2917632721968124 
0.8007090562903871 1.2488958921287299 
0.9213317990758049 1.0855710853923193 
0.39776408807315966 8.639586228967119 
0.63938565168509 2.003963237852314 
0.6301371585030591 2.1385965840983925 
0.44503218749114776 6.738948321388791 
0.394881478839847 8.845147625846524 
0.5206674406936954 4.463324755580678 
0.4347068455734082 7.225194433248382 
0.6976860859731353 1.433313896180705 
0.4216278435375084 7.614347644882089 
0.8215053773469534 1.2172774854721848 
0.6233536745782579 2.23401015974459 
0.42825783725875405 7.470252177723866 
0.5053368415598822 4.857051296311677 
0.5146658884234053 4.64276069073962 
0.6438455157638638 1.8725307486552858 
0.4995783404425853 5.077005989020448 
0.5852991846298368 2.965974775283139 
0.4609903361393273 6.184739347363321 
0.6519286775552233 1.7782609454797 
0.5737728091515266 3.3012317608266337 
0.5538155016331149 3.662521739921722 
0.4832045426501937 5.491587321446996 
0.7422303809230186 1.3472913136026212 
0.4439308626804979 6.914232443386179 
0.5950412286847481 2.7731671458836997 
0.4916168286638453 5.2923795968510765 
0.564922483200516 3.4980079153034302 
0.45168435397596696 6.502000001544002 
0.47622507850963747 5.702606828945734 
0.5346588952185883 4.222605564696372 
0.537500909574989 4.029734200786863 
0.4293564253539599 7.3152311116402995 
0.5475463136621265 3.8353451399712153 
0.4514887384303336 6.578396600984256 
0.4967597470768874 5.13309405267874 
0.6589385101944295 1.6877844359711334 
0.5277101388744002 4.399046194311037 
0.4104432772473156 8.056757828727678 
0.7313209340742519 1.3673899568884313 
0.5673819542901778 3.3653947969703535 
0.5580648410375708 3.591406763566853 
0.9579424699128695 1.0441069890148629 
0.4910728259783542 5.425244340676013 
0.756397239494551 1.3220566493515997 
0.9431655420521823 1.0627251603242382 
0.8092748093759193 1.235678321945855 
0.47857450893787373 5.639707238180786 
0.8374993249967843 1.199370163847653 
0.47188315458804414 5.891064738758109 
0.6187007348167235 2.390881370093465 
0.4377189662665992 7.012496576452344 
0.577790546085768 3.119769833411106 
0.6660881464876129 1.5174336287054966 
0.8422211052797619 1.187336666977879 
0.6742978114739497 1.4835583134881507 
0.5292015982034626 4.260068602365906 
0.9085117494976669 1.1010881077668202 
0.7120730837906402 1.4043502476178238 
0.66258871690509 1.6014285034530895 
0.7630072053012081 1.3106042441883534 
0.4054293315540067 8.309708212947992 
0.8557871391658061 1.1685148727241519 
0.8894902667510307 1.1246442612947058 
0.964840964358254 1.0364402394206784 
0.40124153025348164 8.450446927426162 
0.7212628433169906 1.3864583622754352 
0.6100740111174393 2.483850152165107 
0.513144250015557 4.755242680302794 
0.6849969053841384 1.460386340604055 
0.6094436921844503 2.6198354622081657 
0.9908316858774688 1.0092531499199038 
0.9796225650254144 1.020801312369577 
0.4191514211718904 7.757226087434276 
0.9431655420521823 1.0627251603242382 
0.8641657907069963 1.1571853581714362 
0.5908513741261864 2.9027378443899114 
0.4576124121654406 6.314866476085132 
0.9752487590947302 1.025739816441172 
0.577790546085768 3.119769833411106 
0.5098498936218884 4.814058004281405 
0.8746044990995911 1.1437758257225696 
0.4149611553615624 7.897324773876344 
0.41784200266553345 7.78153540849842 
0.6047571630154156 2.6401377191512507 
0.9085117494976669 1.1010881077668202 
0.40124153025348164 8.450446927426162 
0.5947793599702247 2.8775269588788426 
0.8781722175811972 1.1425668940027398 
0.407202410264451 8.273525306484316 
0.4149611553615624 7.897324773876344 
0.46973723213730745 5.917853002819371 
0.4594389495878205 6.310830370637739 
0.5408533058590039 3.970680900160889 
