0.3895719073624184 8.970350151016513 
0.3895719073624184 8.970350151016513 
0.9999999997703147 1.0000000002376477 
0.5130002023542677 4.698047699661034 
0.8472263310585395 1.1803221481077257 
0.593709495311473 2.8660227361678348 
0.4367456190302112 7.028046974404171 
0.4738716623571241 5.780180958935262 
0.5224626243133237 4.433350839562904 
0.5808683935661458 3.071788059339735 
0.6242154560834033 2.2161475856357975 
0.824801825694078 1.2124124473009066 
0.8630528246487894 1.1586777983242398 
0.5681934017304565 3.3473553758250394 
0.43102194642469216 7.255367551474889 
0.4650915180089795 6.058696214018841 
0.4607990664927819 6.263085576119668 
0.4511598867956438 6.523584315309719 
0.6341812646202573 2.104479750520236 
0.7097836288727185 1.4092498227434203 
0.8003767354646614 1.2644611956985572 
0.6088604286388085 2.525527764929438 
0.8803963127988336 1.1358521320772357 
0.6923871229945976 1.4445022099906095 
0.4719368226690064 5.956552390452094 
0.3974321862739897 8.656479428542013 
0.5502750521084507 3.7823078547945026 
0.5619764296748653 3.4830852677190216 
0.4555444508437853 6.367276399013694 
0.40034548360098926 8.489392990662 
0.5450982599106837 3.855830706534396 
0.5842723244221352 3.0538920308592017 
0.8136858014693381 1.2302327054335214 
0.4246733641220241 7.5525911875066605 
0.4917329378402395 5.238664120655637 
0.4879009915851345 5.38347649127121 
0.50015179676854 5.180459193937237 
0.4197898278780336 7.793571097329314 
0.5022398127429681 5.013949911372385 
0.6185690570271319 2.398332042072841 
0.6027007169999729 2.6916145728017935 
0.7852689807351351 1.2734490060873387 
0.4298692625892043 7.397061232836104 
0.9777719138812537 1.0254784771647398 
0.41019366802999 8.135287892250041 
0.5330175665178964 4.168091591639083 
0.5083950388393151 4.823764380382102 
0.5975674879057254 2.71473610219428 
0.40733925578738417 8.216188295017474 
0.4188456586291568 7.837672305577856 
0.4832690954847657 5.490595139800422 
0.6659293318568745 1.512065808112 
0.504436294973473 4.878337680970586 
0.39606407660523596 8.823310732933214 
0.9878587269689919 1.012294161080467 
0.44102688264467144 6.880134157330687 
0.4469143204618442 6.676164163764384 
0.7472317450242639 1.3382729144630512 
0.6133051780023415 2.418916459396482 
0.64543656372837 1.8487511861529633 
0.5554976901116181 3.6037530543257166 
0.9509740057215967 1.0515536488915682 
0.5386156890442814 4.004873992288527 
0.6607614343533269 1.5943310015264387 
0.9665440246315293 1.0346140227584204 
0.5270028865788536 4.376194957322751 
0.39380608196867184 8.873901592810505 
0.6542241984782063 1.7421269961427137 
0.4469143204618442 6.676164163764384 
0.4831161997746443 5.597497540890437 
0.5308528576806004 4.310101737457711 
0.6837249378507754 1.4625770654108925 
0.9247509071944776 1.0813774458937138 
0.44102688264467144 6.880134157330687 
0.7200730869341979 1.3890571581561486 
0.42581364384875264 7.505334280017973 
0.7246539112872338 1.379969095895134 
0.5386156890442814 4.004873992288527 
0.6533475820580386 1.826365698057052 
0.6396486301642392 1.9986433071511702 
0.9604311828535131 1.0411991661188051 
0.9429211837252715 1.0605360348596629 
0.8940779693058178 1.1184793768580665 
0.7770703358506961 1.2868848007192057 
0.5558118538312455 3.601716090816641 
0.8917733703324285 1.1241526510146145 
0.4050191822055164 8.376059633361727 
0.7538497762325913 1.3265242383852003 
0.9065269606135045 1.1060704790249316 
0.6731698229053714 1.485511222895545 
0.4831161997746443 5.597497540890437 
0.41265869533691224 7.986478295837487 
0.73643379601887 1.357903099083706 
0.6396486301642392 1.9986433071511702 
0.9134412242283971 1.0947613074410967 
0.7349538600812844 1.3606306716926135 
0.9962443548676938 1.0037734381098695 
0.5316761017890637 4.211472606261345 
0.7676491827048812 1.302678393758512 
0.6775356632153643 1.4759370752933139 
