0.39240241032347123 8.842818122551293 
0.999999999992875 1.000000000011833 
0.39240241032347123 8.842818122551293 
0.480336993774928 5.596918788422731 
0.7169888824380398 1.3947221765030307 
0.7535886747575546 1.3321337303315413 
0.5974528223241532 2.7274817367217388 
0.6357221852595207 2.028496188838106 
0.39741051557274354 8.617848430245502 
0.659184867300942 1.6282588548990786 
0.4865406989043536 5.394115620734962 
0.5747428397060473 3.2308207047493624 
0.5433466285215531 3.894375872247538 
0.4688331880080491 5.959734085993381 
0.5183557604531508 4.514897139424143 
0.5673942314252932 3.3480608351418564 
0.41957926467784 7.695694559398402 
0.43851619250061735 7.08791897442273 
0.6144111744634455 2.393407463211821 
0.4010613273788058 8.458286721743177 
0.5913855045149803 2.8697798529144714 
0.4236995410511276 7.564908048988787 
0.4075586321625987 8.19665373442632 
0.5856011560850523 2.953720410910937 
0.4904706101460952 5.299467784438512 
0.4407884977353668 6.898510715062948 
0.855768405499398 1.1685405128704225 
0.548648323761202 3.834789570540782 
0.8755558742621355 1.1429184148529206 
0.46511864730898334 6.086398252272068 
0.6727742139979802 1.5739227953495454 
0.6542474147064162 1.7639464486840932 
0.9117480391165979 1.0967984014576144 
0.4499820399551403 6.586594194992701 
0.41268980417307427 8.035995859652957 
0.5544410188493931 3.6789239424417586 
0.5283323522105571 4.31158037334743 
0.41556202935606024 7.845578931889025 
0.5349835698314882 4.0916837504290555 
0.460822527073655 6.204719063784028 
0.4585099480665211 6.320985485660838 
0.7901101692215461 1.265883500828969 
0.8354420364953958 1.1969712504390793 
0.5213467826186879 4.46038539883916 
0.535599234297348 4.084216941709318 
0.632775596371784 2.311441702469313 
0.5007518283253647 4.996752240103052 
0.5649872419304196 3.4907616496325566 
0.6059031858510849 2.5730848901266024 
0.39343231635402204 8.820822212074123 
0.6077260472853319 2.5694161098415007 
0.4449348214710079 6.808392721993011 
0.6202383831625412 2.350765939856058 
0.9495838037663191 1.05324923233405 
0.4688331880080491 5.959734085993381 
0.8918843962464702 1.1212251684320376 
0.9808817686770801 1.0201932219379273 
0.43028042750243367 7.3663209231335145 
0.9896104993378105 1.0104986371617877 
0.8263962119792161 1.2100762444134703 
0.42741897703840853 7.419206834456593 
0.5280930785459667 4.332165477194893 
0.5107474632876636 4.711488715669696 
0.8802790695957453 1.1360170637503277 
0.4951264645058171 5.140815513314027 
0.6932031637066988 1.4425792719106654 
0.41336699391146886 7.938735708495245 
0.8005148470461214 1.2492008484400945 
0.936850432750407 1.0674096925669807 
0.507816626965001 4.8192169557400755 
0.5588977281322618 3.5300145113302452 
0.7567240006064783 1.3214920395932095 
0.4326708157552605 7.181151390607415 
0.674866600643494 1.4850723886126718 
0.5798601713839252 3.0880733957085904 
0.6458331868505865 1.8405030230150783 
0.8479985893998475 1.1794215474279774 
0.5561747134579399 3.599255433641983 
0.5107474632876636 4.711488715669696 
0.4951264645058171 5.140815513314027 
0.6317156601876878 2.3356801589410883 
0.5798601713839252 3.0880733957085904 
0.40578166499841933 8.34626918225475 
0.8057849687588801 1.2418807416140867 
0.5042281669167942 4.962302751193503 
0.5063329955482303 4.878291333759292 
0.7067479430138953 1.4149375919504643 
0.6485930106869775 1.8326715107567415 
0.4540551467411311 6.436179693882515 
0.933551872824395 1.0711906569236087 
0.8179097711623603 1.2238308459303875 
0.9595381676278892 1.0423220693755346 
0.8140954254568533 1.2297894074829772 
0.9233602907759054 1.0879348505215998 
0.4061099900564253 8.327044389440623 
0.8991471669302642 1.112169257594093 
0.4328011052989602 7.178989591743074 
0.6406708887352672 1.9412392965049443 
0.7683899796993138 1.3016156363011149 
0.9705701041092244 1.0303562885440476 
