0.38930933694554065 8.984286029113331 
0.9999999987476988 1.0000000068187365 
0.38930933694554065 8.984286029113331 
0.4387796149895134 6.996496485561311 
0.4548574158316425 6.442648950662587 
0.5478484404444124 3.7932351147668184 
0.7875421468771633 1.2702062856385645 
0.42083029458588384 7.639830278799786 
0.4692138347070488 5.93451092518958 
0.8044515124996516 1.2430832453873746 
0.4467582551937962 6.6917065794295745 
0.4166285619197371 7.80269216497184 
0.5568137736762341 3.621270879879651 
0.6279143158185789 2.1499067555638867 
0.6608601460355763 1.6056747691559254 
0.6024746345221101 2.645547400575837 
0.4838237259084817 5.5566938163667166 
0.560578472455288 3.4872098736601655 
0.9335324307006233 1.0712000645319204 
0.6388689463868359 1.9708862434658125 
0.5347903011484286 4.142615918720394 
0.4440058533306737 6.778849482088248 
0.46177242962772724 6.3245841384919235 
0.9908168510969683 1.0092684850326974 
0.9223971362237265 1.0841320617965216 
0.5952383072033646 2.790848606149596 
0.5688235388682092 3.349612695837612 
0.4086688202259612 8.201354552565812 
0.6671668732013585 1.5237131395564134 
0.6527473489840945 1.7989790043484746 
0.4759405754400709 5.713011743760723 
0.7342176257883237 1.3619940045489352 
0.41298691329106624 8.010549524216827 
0.8204820695651327 1.2187956776802837 
0.5105570335922295 4.743002226367194 
0.4357255018790167 7.24431477096678 
0.5157332461077097 4.581964225175044 
0.7676682716151543 1.3026459956409389 
0.4978016187691671 5.063004764249868 
0.5901485823868456 2.882213774405713 
0.5258937123093846 4.447470177397158 
0.8633905002698008 1.1593188085163917 
0.47341635817336947 5.787353212635553 
0.718318704494926 1.3921400016450363 
0.42615461184369946 7.427067105355407 
0.9711597253338409 1.029696736721075 
0.5030709276412337 4.990853136494592 
0.8291144788476026 1.2061063923704232 
0.9520396306424326 1.0503764421309556 
0.42882404121602924 7.323980990736062 
0.5784672651009477 3.1359964969184 
0.7545986777397619 1.32520799725294 
0.6443346341684043 1.949095618259226 
0.8732579417634658 1.1451370249481712 
0.5274311987653773 4.310452004819089 
0.4627220564796693 6.136487979846577 
0.5182455937739544 4.513223332395415 
0.49140214574311714 5.39328447769781 
0.40332030196386764 8.375618189811359 
0.48671148112158114 5.420323931746109 
0.6485692607342519 1.815494681436209 
0.90533725004012 1.1045610604232297 
0.39487677494771306 8.740096907701155 
0.410492069997086 8.081893496089078 
0.6153367187842301 2.3834871364879175 
0.5901485823868456 2.882213774405713 
0.4946825062107965 5.206231496585356 
0.40266503218155275 8.3858401396214 
0.39464243886857425 8.745286719639566 
0.6934733343631944 1.4591450854970223 
0.9698659828060274 1.0310703125197676 
0.6798956794906222 1.4708139367307411 
0.4922140064892512 5.226837701982047 
0.39915422815310375 8.556061139950213 
0.6153367187842301 2.3834871364879175 
0.9548572070896482 1.04727700915725 
0.39915422815310375 8.556061139950213 
0.6081208609677284 2.514050388610655 
0.8406267149213803 1.1895886529574589 
0.4627220564796693 6.136487979846577 
0.5405554038677107 3.9717079364167875 
0.6240511218026216 2.248083571038579 
0.5784672651009477 3.1359964969184 
0.6081208609677284 2.514050388610655 
0.3910288409273638 8.922578504509334 
0.8824316547752211 1.133232240742888 
0.5759475782748023 3.189855221818173 
0.7651915891772724 1.3075466911296039 
0.5081322441128286 4.83393646527365 
0.708754669240669 1.4114085463706845 
0.6240511218026216 2.248083571038579 
0.8906171148653353 1.1228172648536732 
0.6798956794906222 1.4708139367307411 
0.7424456781517972 1.346899886991523 
0.5050096485558944 4.862578448092508 
0.8517204817311003 1.1740942554568246 
0.8446808060108637 1.183879156344176 
0.5405554038677107 3.9717079364167875 
0.5270037084928555 4.313948519687081 
0.7139948463467904 1.400570766310169 
