0.3902842997882869 8.944293274683687 
0.3902842997882869 8.944293274683687 
0.9999999999999881 1.0000000000000122 
0.40262148020371263 8.406942331388317 
0.6914330567025552 1.446271616627017 
0.5577365264092513 3.6519477388135133 
0.8909234672834522 1.1224308691862341 
0.4414372382671786 6.877395712128913 
0.7101880989225802 1.408077666065754 
0.548591855852021 3.7818780970547174 
0.9086971129492551 1.1006803323600405 
0.6199803065450341 2.317509811959793 
0.44621610802603706 6.751315215559583 
0.4545030655605902 6.401656028443108 
0.5803613503772753 3.091200644847685 
0.5865826588570221 2.967716040129827 
0.7730756323382256 1.2935499547066152 
0.6472790185355721 1.8161202682901976 
0.5258391278892237 4.314299130969977 
0.40677180024851 8.210799880681245 
0.875821264001521 1.1418231084433195 
0.5138203941445079 4.6798435189851535 
0.4979238590027638 5.067623555387569 
0.5083089460045762 4.7993305439402185 
0.5318109083929304 4.200615926777099 
0.3934865512899127 8.871503298823152 
0.5625897787181147 3.475671179829738 
0.5211154296385136 4.43559658670832 
0.5201776262603368 4.583956299155067 
0.574145142553425 3.1939276852469063 
0.39726721262404696 8.689804377537635 
0.7207273969096794 1.3874871485201778 
0.7840380699007711 1.2754482702877743 
0.9788177399616743 1.021641334172892 
0.5711522123536606 3.3077121340024416 
0.4281283976725416 7.354211990489571 
0.5467869368496993 3.934682035527783 
0.6026839862494822 2.6167935892285783 
0.4281283976725416 7.354211990489571 
0.6276808528644712 2.1525741957543696 
0.43731583727964746 7.082932507573609 
0.4127554848606367 7.991465825832199 
0.5398919673645981 3.990457473034961 
0.4154536992947138 7.859675687458975 
0.7582785818765398 1.3187765350352436 
0.4751576163645608 5.795928567101664 
0.9658371129151281 1.0353712719707204 
0.4350253843839129 7.103204060563701 
0.5670938441912533 3.4292515972716107 
0.6375953358841114 1.9860706263855592 
0.6565727877177838 1.6933824449342325 
0.48564582008662055 5.59214661266276 
0.45979950387893787 6.299761128674825 
0.8055397272177025 1.2414205311308417 
0.6008452390052833 2.796849491062366 
0.8652771479155467 1.160083171458935 
0.4640788964126685 6.089833560394899 
0.7349571062323724 1.3606236356016215 
0.419624425761856 7.781556885500954 
0.6635119738761915 1.561778587231192 
0.7502878823869826 1.3328217743762805 
0.6743787502444105 1.4829806551093128 
0.6375953358841114 1.9860706263855592 
0.5082098430344794 4.960220216039504 
0.39726721262404696 8.689804377537635 
0.9891532953130792 1.0109656458087213 
0.6308267156558293 2.1381502085713966 
0.48017391817338806 5.655872851408316 
0.4937574958168986 5.2210768581763665 
0.4503021654807576 6.571388156425437 
0.42325122895145134 7.694834336286772 
0.5044472361618273 5.002768330114013 
0.4858775723174055 5.411418218347771 
0.46769262504834014 6.0308018661023635 
0.9583302345922581 1.0434816349350542 
0.471821334620413 5.836911984446203 
0.42333535638506625 7.587843905530953 
0.4495280690577279 6.582704219684604 
0.8415363105106941 1.1885021254722965 
0.6132818149126013 2.4235457297238954 
0.8277842002565653 1.2082064469319784 
0.6106176078800796 2.562877662993907 
0.7323038023328579 1.3655534917847953 
0.4899879876688523 5.407718775322981 
0.5911132955439261 2.8481392610051057 
0.8325043427733225 1.2011949386297824 
0.49084115778802834 5.27229305812528 
0.9430268037804774 1.0604152467455144 
0.6156790999824467 2.402375064187986 
0.9202285809344197 1.0866865262808862 
0.6522371766258992 1.8023145366883715 
0.7955195170363293 1.2570401920583918 
0.9326488911970999 1.0722148605516064 
0.8170606109218542 1.22389941159974 
0.6695331089197056 1.4936173987881616 
0.4122066524975428 8.126223784317231 
0.5362902027024764 4.103017592291994 
0.9489766216713653 1.0537667543357865 
0.42333535638506625 7.587843905530953 
0.8155187820876122 1.2262133362067082 
