0.38905407208683035 8.997832368412588 
0.38905407208683035 8.997832368412588 
0.9999999946848349 1.0000000249591845 
0.5201919478377333 4.488987100306522 
0.6073476606474724 2.5398870064681427 
0.9030103327129437 1.1074071457096009 
0.5134966195703595 4.659420642393193 
0.5939907484604776 2.787237949657685 
0.4125911598430865 7.9682071808108965 
0.9460580232807896 1.0570176456070612 
0.4201507180499663 7.673167505889826 
0.40251594537696395 8.395307080353456 
0.684981682221543 1.459905814502334 
0.6025582835412779 2.7476073287459832 
0.8367020710415619 1.1951713806470343 
0.5573867456657592 3.5977783313873877 
0.4368519613616522 7.038619456403118 
0.666741235812841 1.4998322457831261 
0.5296899374392203 4.307144562676085 
0.5698350778093537 3.3013407422195495 
0.3932082074956992 8.836745507632155 
0.4161554001811954 7.850311779924785 
0.6160950440287142 2.408643502113922 
0.46460685041020156 6.070013449581162 
0.6242521209416523 2.242014953210837 
0.3987962860967704 8.554783400139677 
0.6496894993437335 1.8583440653913774 
0.43367089091256456 7.174726629139735 
0.39594388519347523 8.682438242033239 
0.5302382081633877 4.203367534222802 
0.5447745597601228 3.850730421921071 
0.4098742790964008 8.205488065462264 
0.8808088275639592 1.135320138496799 
0.8162723706473808 1.226556686949908 
0.6331778372764154 2.106410706706169 
0.5368672542729902 4.049529257836672 
0.979567598013674 1.020880236963237 
0.4912198676214546 5.2662161730213795 
0.4994167577995158 5.110315821390133 
0.45818433251764723 6.424602405018876 
0.6345716612350569 2.0397200456983273 
0.4460611854155446 6.693103194291771 
0.728379487095446 1.374492553637432 
0.5406942908487243 4.0063114483201625 
0.44285232124474394 6.877055485941524 
0.7992322343814733 1.251237727511085 
0.45215668589388947 6.510248010190103 
0.40734076828587207 8.24204511339838 
0.5667551705306131 3.4647800189143623 
0.4239972123969293 7.527577278093887 
0.6640768140076835 1.6035971803684688 
0.4629814198469672 6.227097375187196 
0.48604377801186177 5.406934485618138 
0.8578740224797772 1.1656723251215915 
0.42938945753287794 7.508071706838376 
0.5522982823122012 3.6943713659068362 
0.9612267753867116 1.0403372410833325 
0.6193422604598594 2.3103989438885195 
0.4774874779309095 5.758076217892163 
0.5776102241428606 3.193646802623931 
0.49800661287996967 5.124786082841352 
0.5847383605992225 3.103560827316947 
0.45201836085714464 6.631749127531659 
0.984559742770306 1.0156997255508426 
0.4590246077559979 6.280706744595386 
0.7838072708739864 1.276082688402372 
0.4691607238450204 5.922564563902442 
0.4821371576061796 5.595292119508536 
0.5854764410446937 2.97351630094201 
0.9297709915475014 1.0755561070231512 
0.694481543156194 1.4399232339412267 
0.5057369443761464 4.903159251434086 
0.6577258559034463 1.6674776683941168 
0.737451607087019 1.356021182570375 
0.4774874779309095 5.758076217892163 
0.4691607238450204 5.922564563902442 
0.6421563411649474 1.9149289415175486 
0.5077683488532617 4.7876641256831425 
0.998037678545391 1.001987422999108 
0.9602259717317553 1.0414215447608226 
0.9297135507853668 1.075605572349192 
0.9147386169590286 1.0932084873107646 
0.4821371576061796 5.595292119508536 
0.8698605925607223 1.1496095043180627 
0.8034722682663107 1.2445980273435018 
0.7586853002468701 1.3180695686604476 
0.4295058304224805 7.321257205326583 
0.43002283509950484 7.311932809985323 
0.5517427789311659 3.8020977355077945 
0.5854764410446937 2.97351630094201 
0.7712297366352917 1.2967867248591816 
0.7469678069213039 1.3387549206861822 
0.8135126654053345 1.2292371620436995 
0.5780601664511823 3.1395945655897965 
0.5057369443761464 4.903159251434086 
0.655032216106365 1.7135720947858408 
0.8451056665565584 1.1835367947285194 
0.5667551705306131 3.4647800189143623 
0.9147020897226014 1.0932537972876815 
0.4906976093209605 5.355654510909812 
