0.3909377703537333 8.908391126449112 
0.3909377703537333 8.908391126449112 
0.9999999999999505 1.0000000000213534 
0.42202340436483216 7.593582861440401 
0.9100516946729973 1.0990915896196896 
0.5545597727124937 3.6238898232302637 
0.5731762622276686 3.21593104385102 
0.6032865341878928 2.611790293568337 
0.5492464013317391 3.885540396794126 
0.4285829135171924 7.337742221024965 
0.6249205495003365 2.3666322101046315 
0.9857731759792974 1.0150412322208318 
0.5831628477953165 3.0278318119546563 
0.87855478047416 1.1382403384242956 
0.5337249309650715 4.124919185934394 
0.5647018259746709 3.5292815221596707 
0.6398463290110403 1.9407360538409384 
0.591005834449444 2.8516804931042263 
0.6300651575255665 2.1730823288815233 
0.4530264421825753 6.531793139510518 
0.6493154070531736 1.8629652925947155 
0.4941564393584317 5.213131748943194 
0.3960443137065726 8.687969095067857 
0.5202325782778997 4.494395071414857 
0.9456694902833527 1.0574523245959122 
0.6332069499243761 2.0679391869652815 
0.7992286414521751 1.2512231184390736 
0.5027858272464599 4.934044925551495 
0.4623705754397808 6.150051217138397 
0.41499247278294515 7.944492055700329 
0.6530853356563627 1.72324577638652 
0.509241435982743 4.813280939626439 
0.6140376614129252 2.4149964772060244 
0.49088049773477316 5.31534479280125 
0.698031981831139 1.4325991162080784 
0.4859571711605954 5.444634193004343 
0.7661305112191789 1.3052606381759528 
0.4757910721415598 5.742605370144838 
0.4312103231013417 7.237093259595293 
0.6610688612009654 1.6009269888417617 
0.5419325641616634 3.9379790425947614 
0.9639231707446139 1.0375952838423774 
0.9675737476810664 1.033517738180611 
0.4655493258822335 6.05223033460703 
0.47945118611189275 5.6184469231764345 
0.39832168640234455 8.618986207656727 
0.8532005437190129 1.1720590270635807 
0.8167162092342536 1.224421702880104 
0.539170052522178 4.063870289185803 
0.43758832076461973 7.0739410833943595 
0.4558169388155898 6.3603282654602875 
0.39098654414741846 8.907279845159842 
0.4688116513734282 5.931717180912366 
0.446694595826577 6.705321294970276 
0.5878510215007028 2.973269681215169 
0.7791075562603106 1.283519832371734 
0.7097043263914984 1.4090374865555313 
0.44152543701266544 6.896306017670357 
0.7431276101284805 1.3456639684371587 
0.5263615637201506 4.320809240416415 
0.7268357541884147 1.3758269912746846 
0.6013591119944706 2.735740629394001 
0.4823958523921794 5.5265067927385605 
0.4017452013688522 8.460694137924591 
0.4431769192597993 6.87060719071428 
0.6718835154513644 1.4883580043542313 
0.40309309680317346 8.422688773476787 
0.4487865297496005 6.661793125051253 
0.7164507735408855 1.395769307445604 
0.520819468932973 4.455695357883654 
0.4163606593489916 7.822001898964719 
0.43544062271996997 7.108831464861005 
0.5115558588604441 4.707947155042374 
0.7339989196435575 1.362399849557094 
0.4988723726455991 5.033069043510662 
0.5263615637201506 4.320809240416415 
0.5674377732037967 3.3505295683020226 
0.6609133984627072 1.6625702335363959 
0.5115558588604441 4.707947155042374 
0.4057122469171203 8.256329860848005 
0.45913864220974243 6.323360292419744 
0.4062146050729638 8.24611940905446 
0.5670640184042841 3.3664585585729734 
0.7522363639377772 1.3293693949735343 
0.792156823154017 1.2623763007294804 
0.757369266097843 1.3203665588817273 
0.9191866845468892 1.0881686827603447 
0.40995204520246314 8.096043177999613 
0.8425649571302126 1.1868521133698144 
0.9990931754923205 1.0010871127718126 
0.4163606593489916 7.822001898964719 
0.87855478047416 1.1382403384242956 
0.8297007715632331 1.205261036040665 
0.9243696991133159 1.0818182389367965 
0.9327579770571827 1.0720894643821055 
0.7855581600768865 1.2814312897125637 
0.6774193295444202 1.476190531687907 
0.6140376614129252 2.4149964772060244 
0.9379508540879957 1.0663993314519638 
0.866518437381439 1.1540435343109805 
