0.3896641969748358 8.971338414231727 
0.3896641969748358 8.971338414231727 
0.9999999999994196 1.0000000000008729 
0.5240617231640758 4.431300252979729 
0.5335004559326101 4.219782924941861 
0.6458151590063703 1.8436348830114073 
0.5171517731025789 4.590367564900148 
0.7303773386808947 1.3691561105909162 
0.7079495644794211 1.4125300043748956 
0.8253913440018272 1.2117907720879666 
0.5554872897482391 3.6251872924577344 
0.6566529294786524 1.6929910528057883 
0.46266473883762665 6.183149296181608 
0.4465911333943542 6.67591912093126 
0.4569886144114339 6.3690248317626335 
0.6282120714429891 2.1503962847218223 
0.5369297611587638 4.052389696208103 
0.5651477609885318 3.563219396631331 
0.7430407526756777 1.3458213071097225 
0.8381594964495906 1.2009966680109119 
0.4645441088380517 6.073729312581194 
0.4340854218746565 7.1382672927041355 
0.6109121528228348 2.4894668418763137 
0.9201423102049276 1.0868667763492248 
0.5452236160431833 3.990745389016529 
0.9584213329922033 1.0433824515132772 
0.763858086964876 1.309143896922501 
0.5035365821873771 4.9590241237178265 
0.6424217155403413 2.017368914759454 
0.850558933428081 1.175722461925711 
0.6252005496474635 2.3121727924487008 
0.5732330527589701 3.316747978774362 
0.9797256725007424 1.021950219432013 
0.6656115404901696 1.5345383954202427 
0.49054454262218955 5.280926186802235 
0.4770597339788495 5.675102396828809 
0.47291387159139664 5.864147363496344 
0.4434518469087682 6.88789863611691 
0.9064930750211962 1.103157262813735 
0.5882191163595458 2.939694768075824 
0.6344401011567625 2.044859573204733 
0.8703781077954437 1.1489448718376674 
0.45186532458697615 6.605951292261291 
0.5493196920491693 3.766807701220759 
0.39680962154174937 8.732728739128342 
0.8973054222570752 1.1144550953314112 
0.4246930969424309 7.679804254003513 
0.45397606667415813 6.460860879235173 
0.4140248832347504 7.918914871714864 
0.3932306016347579 8.802256448937976 
0.9754667436894462 1.025150289546816 
0.4116842128323198 8.129252516617496 
0.512196519354593 4.743331758197546 
0.4380331144425781 7.07750724313536 
0.9317325110482297 1.0733541133424624 
0.6999784003132726 1.4286172869363911 
0.4055308814544526 8.308108040657729 
0.861703527060387 1.1605835323434095 
0.6886731946745914 1.4520675585963643 
0.8088370794250166 1.2363448867856501 
0.6634193225174405 1.6757237793248678 
0.793927614339438 1.260081917085159 
0.617002322665218 2.3517940338868497 
0.4032685262331598 8.364987424545287 
0.674772300383879 1.4819939944456666 
0.4218700689144808 7.734140917318231 
0.3987986698296577 8.565284917994786 
0.5842725355426245 3.121101171258336 
0.9406737135698631 1.063101486507561 
0.44020743493052633 6.921445628452895 
0.49722262465588535 5.114909814525447 
0.40923037938569123 8.153134990460234 
0.40180477285302424 8.530019914368607 
0.49630332100141966 5.124384172414626 
0.9501050797162408 1.0525151600062526 
0.5074142360695066 4.895175770432487 
0.4828245717070348 5.5064200296404415 
0.6016303875945817 2.6369482900947343 
0.4806402894600263 5.6328254187252185 
0.5770270844156851 3.1479465987386126 
0.4258846706282846 7.481067155148871 
0.777996195857775 1.2853540950666649 
0.48964457388008575 5.377166253942337 
0.5856589309381036 2.96192325275007 
0.41618237178054257 7.836852480297418 
0.5657556331511209 3.3799342117654883 
0.4862240079036069 5.458714828815245 
0.6166828766558687 2.4739236636508917 
0.3905133770138827 8.951830038966442 
0.5462814041671389 3.8151584575911675 
0.5968857996156425 2.762236598330579 
0.6811516902909551 1.4681017733872772 
0.8836594630397043 1.1335032447843052 
0.6016303875945817 2.6369482900947343 
0.4291239149074541 7.325000992655007 
0.8850798632234123 1.1298420608857014 
0.4702709720389557 5.918449488910145 
0.595441809729701 2.7689352238644114 
0.7387191884256821 1.353722426473536 
0.42921739445773954 7.323405675672341 
