0.39101850711856867 8.903193259234556 
0.9999999999999716 1.0000000000013167 
0.39101850711856867 8.903193259234556 
0.4310549997315372 7.414963479324972 
0.6292133886767621 2.139045341535703 
0.5138575938324865 4.631545972191407 
0.5471732770500785 3.799751206040682 
0.40157065587399904 8.44404748438212 
0.5003232717000392 5.006026647744396 
0.4635855810278982 6.113534947578826 
0.43389050378296873 7.137543802686168 
0.6203149118925159 2.291615340589325 
0.9224677435476035 1.0840487453326362 
0.795739006465283 1.256693455061559 
0.5883794708412314 2.9166852041947915 
0.4365399837248834 7.045146908482731 
0.5563945279497566 3.6696292413602793 
0.4084210102163421 8.302417362756037 
0.7132759828193777 1.4019830360439416 
0.82727365387299 1.209540321925147 
0.6585298729890164 1.6347633428110493 
0.41564121094200795 7.873306543649742 
0.42438255979418593 7.5266369263961845 
0.6059970786468867 2.559674477147585 
0.5965133582076675 2.767467409041449 
0.9845289171928472 1.0157141984824236 
0.8420060706138048 1.199352188623759 
0.46027167048323403 6.3026885236740435 
0.3965329218582328 8.708627944236731 
0.41161319997418433 8.031530035659499 
0.7598766886984585 1.3160029978700174 
0.4427523492594903 6.8376958806908785 
0.6456778467460024 1.8866218972986872 
0.6036202933342365 2.7433032128327905 
0.397554233449113 8.60919438036583 
0.47800372837375626 5.644336315725187 
0.5630978188809426 3.436599742007003 
0.561058997599811 3.571991959081888 
0.852785178608007 1.1728910509372372 
0.8952285956567471 1.1170339117370653 
0.6746533456616177 1.4822427119071568 
0.7777028145934289 1.2858761923989193 
0.4103123834154076 8.151237137629728 
0.5426941207948428 3.955160927022864 
0.49386563677909523 5.1826289119245965 
0.4932400953849202 5.319221521371989 
0.8763047808576885 1.1411562757041895 
0.7016681779742537 1.4251751051367791 
0.8634680137180808 1.158839500396859 
0.8135126141548916 1.2299801596274595 
0.6183060708857694 2.435825267589851 
0.5386576644576165 4.000011089505811 
0.44965033468345683 6.577413587704881 
0.5741823826298752 3.2063656047719333 
0.4538628112256326 6.433343355110338 
0.42362697778525904 7.692159399386677 
0.7291757561496911 1.3778298002753968 
0.4183310693452028 7.736447343971944 
0.6109074628402901 2.4653251796360776 
0.5101757890871682 4.7860327265888625 
0.6879881081916787 1.4535135022887709 
0.4453047164703684 6.818019092636146 
0.5223238953982576 4.473681667844636 
0.9419099021978632 1.0616726698807282 
0.4727765401968035 5.813207674567778 
0.5101757890871682 4.7860327265888625 
0.3917304762392567 8.88701172866551 
0.6487329277159057 1.82528656473545 
0.5351737645360445 4.1530437096718815 
0.7473904407672805 1.3379891124584167 
0.4842231119434791 5.571840204576927 
0.4866069662478718 5.391828175642571 
0.49783480798444657 5.0722907055360675 
0.8075242270071712 1.2512163388185458 
0.6364628691428511 2.0040262745931816 
0.5320033482190748 4.177793323722826 
0.6668414284727407 1.5022406526173586 
0.5689814679395517 3.346367042008414 
0.9699245455249994 1.0310080352314157 
0.5791224363922038 3.1081383127889866 
0.5874046366398487 3.0643146479790704 
0.4751888817799833 5.78369637255143 
0.9419099021978632 1.0616726698807282 
0.5223238953982576 4.473681667844636 
0.9583609866496288 1.0434495558058223 
0.9961682714866971 1.003846467132378 
0.4556939566989435 6.36600273644508 
0.5283100456280196 4.312286236755826 
0.4681966109129771 5.960894566156567 
0.6364628691428511 2.0040262745931816 
0.4851110972468073 5.47477280688232 
0.7708982364362121 1.2997381103060912 
0.5283100456280196 4.312286236755826 
0.4681966109129771 5.960894566156567 
0.6932697345288128 1.4424400059583053 
0.44965033468345683 6.577413587704881 
0.9119099436414576 1.096599512898426 
0.6531284521426417 1.7177119257607643 
0.9671504097268189 1.0339653377097375 
0.9020876427399549 1.1085405150523786 
