0.3898146111614308 8.969351110763 
0.9999999999999992 1.0000000037178767 
0.3898146111614308 8.969351110763 
0.48899481492932007 5.346036191169992 
0.5962931074710787 2.7514028832115143 
0.6073037306862603 2.5855336303446235 
0.5224358199578067 4.402039288056713 
0.7747225784833844 1.2907859159604862 
0.4465272632767004 6.684615132515746 
0.4351895483067548 7.091104344672938 
0.9523065571537225 1.050082366622609 
0.5375702249451286 4.025980289904931 
0.5895903611650316 2.891476433784565 
0.4757986385350437 5.769373924956577 
0.45224748012491056 6.562451753775689 
0.5869843548340035 3.0388205128723222 
0.4316235180895044 7.311495164666177 
0.9699141233732173 1.0310195423717836 
0.4447680954041288 6.932166240013908 
0.41247161567121293 8.043004274690716 
0.5519694424160119 3.752227035324501 
0.5775130921034588 3.125898938678599 
0.6145617105235203 2.470871621621803 
0.9386817229180601 1.0653242640237033 
0.47063162337913766 5.877349551657695 
0.9268981252302779 1.0788687818442129 
0.6976816430797886 1.4333184912050487 
0.7167723058810347 1.3951431881443876 
0.5737915137195916 3.23433894731075 
0.5290050095797004 4.243349961450476 
0.8989525877460419 1.1124061854044216 
0.3985085109592184 8.81723426992768 
0.6558673652049918 1.7146408888811688 
0.7590447760007059 1.3174484399621431 
0.626442793793878 2.1785350291828975 
0.5541035527237662 3.6362101460510066 
0.5674912385058629 3.346977839954273 
0.6513316540394266 1.7924287603538411 
0.41440537910353314 7.9391413246739155 
0.4797470889007543 5.593449837511214 
0.5596174913948836 3.526689532929289 
0.4797470889007543 5.593449837511214 
0.9794700282040134 1.0209602896696153 
0.4167084099543307 7.798354086143815 
0.5106234147066081 4.765942530468465 
0.626442793793878 2.1785350291828975 
0.8629358141018241 1.1588347405337522 
0.501570424556651 5.006111671117056 
0.7088661371981582 1.4108216612308302 
0.6374642780062167 2.0106376395181895 
0.5094153674936709 4.777244670055023 
0.5035519098998367 4.959514251701591 
0.43875989326123704 6.9568461999719275 
0.8020141958165061 1.2468607421409204 
0.8885413732227772 1.1267070773942678 
0.4022284451552942 8.405575247893141 
0.7917955290720533 1.262952425922126 
0.4615148430916332 6.173247633241463 
0.5164612982234114 4.575947436464905 
0.4007556746151248 8.62863979120651 
0.49500511056512464 5.165576873117606 
0.4602018736743988 6.210880540216068 
0.7312182306622572 1.367582099660959 
0.5462209009091142 3.903360792084608 
0.8168212800654956 1.2242932373801099 
0.7344456237862429 1.3615862696669732 
0.42115820030199935 7.733177529108643 
0.6867867060255978 1.460113488702074 
0.45662735596552984 6.374658831221306 
0.5164612982234114 4.575947436464905 
0.4075598354767461 8.22095607419038 
0.6680759582920249 1.4968933903912915 
0.4075598354767461 8.22095607419038 
0.6168568242555755 2.349275194887145 
0.4550183398477528 6.3972006232910426 
0.5337708800744871 4.179603418873489 
0.40217372115099403 8.42744814487717 
0.46698106568831554 6.030391466546694 
0.7486812786817436 1.3356982330930192 
0.42766292837516484 7.379206978396773 
0.49500511056512464 5.165576873117606 
0.6465945704777996 1.9213787202407842 
0.6374642780062167 2.0106376395181895 
0.8560192500548292 1.172639020429111 
0.9114627500755704 1.0974200907472638 
0.6807555414273667 1.4689560923791276 
0.9147852241061372 1.0932203015769326 
0.6610418613785524 1.594739472697237 
0.46803180675587774 6.016853113221313 
0.6168568242555755 2.349275194887145 
0.5462209009091142 3.903360792084608 
0.5682105811851746 3.3337941191642284 
0.42325846742038425 7.5662699976358025 
0.4226638607312735 7.619404321208408 
0.6718756645768583 1.488507528665168 
0.8373929486153646 1.1942339668404538 
0.6481982782585416 1.9166250359025894 
0.5587889437563287 3.531918752864784 
0.9908899113687714 1.0091938704546133 
0.8791870419685605 1.1376394758622015 
