0.3904635803799695 8.929829250877399 
0.9999999982306053 1.0000000017732227 
0.3904635803799695 8.929829250877399 
0.556659771746864 3.5790540830756568 
0.5679604240925968 3.330712587409697 
0.4286090474159969 7.462026969949381 
0.6551845112248303 1.6865272620562743 
0.5309530790889951 4.228861665988529 
0.44694246779012603 6.731388063909115 
0.9336474401508628 1.0813121628839377 
0.5750449890294409 3.17774678151295 
0.4314928917672103 7.227624973941083 
0.8396435464036522 1.190981601312949 
0.3958327033718808 8.783034373766753 
0.538173905880387 4.066406363683016 
0.45400653560978405 6.510972021785191 
0.4991668272721668 5.024244625006758 
0.9616816030606093 1.0457696217281833 
0.5073936943240194 4.922814819903201 
0.9792482963102612 1.0211924696831458 
0.6681020460530712 1.5035857449831977 
0.9093785272365015 1.0996522468576104 
0.6839227320835943 1.462154591267546 
0.5157816726923423 4.6172019944582745 
0.5460964393966791 3.978207668047024 
0.8607538899524863 1.16184705592 
0.4002647213242884 8.546792203155038 
0.5486797779788778 3.7592555375401733 
0.4615939211479718 6.182106438436069 
0.435757463238001 7.071977014448034 
0.6212954171309473 2.2877433730213563 
0.49440087201882243 5.16698203229524 
0.41946373053730834 7.760831956673637 
0.6076890507672789 2.5825075825464756 
0.7273499617844876 1.374854180000561 
0.73955453930091 1.352165372237106 
0.612011583939857 2.440992603190363 
0.5186037402078627 4.504267072662486 
0.5974740889717179 2.8077637427246773 
0.4871482477139044 5.377151591520061 
0.8002076685406382 1.249690187624029 
0.8218720296840534 1.2214809513862384 
0.8781243398594037 1.1387928775800453 
0.5893560584422968 2.974448070928912 
0.4784477376374479 5.644592315147829 
0.749789161401537 1.3369447699537123 
0.45787120611446896 6.309491905153928 
0.43848333381642574 6.966154682868489 
0.7849243342737539 1.2740295185157398 
0.7167216614364191 1.3952421257956686 
0.4154320589299272 7.887213698819351 
0.6196213629879839 2.414347752077018 
0.893395171025997 1.119327455859361 
0.4065529501545269 8.220576537076067 
0.7595905759542435 1.316498711501237 
0.5469239952871763 3.809837951754627 
0.4577916112217935 6.428370130016153 
0.4138223808843111 7.963039617573903 
0.9452848787413157 1.0578822536813997 
0.8652269037283011 1.1557806639035793 
0.4784477376374479 5.644592315147829 
0.6485998758250573 1.8146710518986475 
0.5825857488948636 3.026007972716893 
0.6410148945663722 1.9225777921659561 
0.47119321158596417 5.869530932241319 
0.9060753488018345 1.1036611271259638 
0.4668818362634908 6.069792379383685 
0.9506620283412142 1.0518986752688326 
0.4689755270682794 6.051280282856173 
0.42210091262171745 7.626800794535924 
0.5230105442268718 4.38961834983188 
0.5230105442268718 4.38961834983188 
0.5105594258119607 4.773621979222634 
0.5913998953815051 2.8366019293088813 
0.39177639242848666 8.899906091497924 
0.8067233709632812 1.2396505594976592 
0.6334534136341845 2.0542292600473373 
0.7042701698710973 1.4199096904906348 
0.6498108533968803 1.7868506337168153 
0.4706097658398022 5.897516764912819 
0.6681020460530712 1.5035857449831977 
0.6334534136341845 2.0542292600473373 
0.6414010976710499 1.9214201616052742 
0.6276898394472507 2.170493809968012 
0.42210091262171745 7.626800794535924 
0.4094848746942634 8.212735069667831 
0.7721191521400235 1.2951369990412507 
0.5105594258119607 4.773621979222634 
0.6276898394472507 2.170493809968012 
0.4841323613786872 5.494405823559281 
0.4422095259044527 6.8739193773034755 
0.40343152593787224 8.400464922751024 
0.4841323613786872 5.494405823559281 
0.410273964835515 8.07101427328487 
0.780968873137754 1.2805485536609313 
0.40269604267366776 8.512436828903523 
0.7086732881187033 1.4111039433861576 
0.6041858259008954 2.6814248565411085 
0.7674905016597575 1.3029477715204432 
0.6944937238455942 1.4406717852214428 
