0.39127729301515557 8.896261744736428 
0.39127729301515557 8.896261744736428 
0.9999999999999885 1.000000000089347 
0.5774679070613234 3.1468141027239502 
0.5674089453695346 3.34542030303511 
0.6250662400830975 2.202388243411789 
0.4084756118646859 8.146422143040606 
0.42086112533902376 7.72042639355825 
0.6826604377262442 1.4648574335977593 
0.5175954076068874 4.532625902843732 
0.7001245036582053 1.4283705305205334 
0.44309285793351033 6.799759052878559 
0.6165840095160875 2.390376673031897 
0.40388222769693355 8.391493832229123 
0.510632267984307 4.713711702384518 
0.8285338765842137 1.2069512526936248 
0.5526634333686311 3.821570108910863 
0.7140232611811118 1.4027983581992232 
0.43764965450966853 7.036396320119703 
0.5528886166900698 3.665797155378527 
0.5416119985247526 3.9440103658846595 
0.5256477993497038 4.424769678696764 
0.44740752818763485 6.698371777713772 
0.6011622251073463 2.65588207663578 
0.9199817605480402 1.087001077916132 
0.9007786764055643 1.1101506227536921 
0.7281576185707196 1.3733374325750332 
0.9891865721784375 1.0109530330325882 
0.4635448954743401 6.171502979931764 
0.6607582453513254 1.6131883996796201 
0.534654687025861 4.216931858372509 
0.8125838501794943 1.230642439136802 
0.4326792545317585 7.1924098301833554 
0.3983798040358673 8.572174669760695 
0.611035587620312 2.4834153045577354 
0.4940307218619579 5.169266052069756 
0.9452104460449193 1.0579654577100503 
0.5281216145908945 4.269096966792483 
0.5080257004648371 4.835657328757729 
0.7387404934098457 1.3537574717851395 
0.8564723878702749 1.167604676509861 
0.5026504959025612 4.927320256191771 
0.41384776262036516 8.011410846477526 
0.610891319530936 2.6507873617766786 
0.4683364655373604 5.981684814597415 
0.48896278421305034 5.375976628480741 
0.500040031042951 5.046016470569286 
0.9742759327321605 1.026403522133448 
0.8824430293439754 1.1353426223371463 
0.4573699238279462 6.336545322990909 
0.587817084810838 2.9476455134222155 
0.7563330678802134 1.3221718567192704 
0.587817084810838 2.9476455134222155 
0.7862930663332677 1.2718019146984814 
0.561821491831093 3.470565903544755 
0.8934052379970783 1.119323083310656 
0.9518291256617125 1.0506091020289943 
0.4279416340569865 7.524311977958216 
0.45176506652554216 6.512735042839104 
0.8421145529934227 1.1875022170431895 
0.5934809105935835 2.8065534785990405 
0.4002158423493545 8.499709139276826 
0.4650814123788166 6.052939243984807 
0.7706204503436147 1.297655674305216 
0.6326027672661471 2.0754203364727344 
0.9283469054301772 1.077183865447094 
0.45833048298751716 6.323265327712478 
0.48896278421305034 5.375976628480741 
0.4822584761317331 5.553598370057527 
0.6326027672661471 2.0754203364727344 
0.667277482313171 1.498640568799307 
0.47723543231939664 5.678768361402411 
0.9637263811474308 1.0376652896132177 
0.45176506652554216 6.512735042839104 
0.3942650961751182 8.762569481013166 
0.5387448835271832 4.0615103216016415 
0.4282119160160562 7.356053577101251 
0.6550740186613605 1.6999766791329647 
0.4349506327774649 7.100200202223158 
0.7961378039668986 1.256079461672593 
0.4720456175870464 5.848048471513457 
0.5932342727740971 2.807720306380242 
0.4822584761317331 5.553598370057527 
0.6550740186613605 1.6999766791329647 
0.6411041497045222 1.923019172621512 
0.6454948979555246 1.8492707470851173 
0.8464720473352503 1.1813766323476795 
0.4954783776812864 5.127774056387419 
0.4720456175870464 5.848048471513457 
0.4279416340569865 7.524311977958216 
0.6671307571667884 1.49961826814656 
0.6454948979555246 1.8492707470851173 
0.47723543231939664 5.678768361402411 
0.7687304195724212 1.3032854658669313 
0.8733573748802556 1.1450068438766832 
0.3942650961751182 8.762569481013166 
0.6411041497045222 1.923019172621512 
0.8683998654741193 1.1515436008516158 
0.5602377587938329 3.5186689068139287 
0.4282119160160562 7.356053577101251 
