0.3897297475760344 8.96600258217259 
0.9999999999660318 1.0000000000412244 
0.3897297475760344 8.96600258217259 
0.6287977792480891 2.135218321362501 
0.6178679806429562 2.356650674133709 
0.5308833040458718 4.209020289133363 
0.4003295329871522 8.604373034484686 
0.5398358706669956 4.000563949611632 
0.5435141609281037 3.883041829253365 
0.5132449675282575 4.6738310820549485 
0.6606602984445785 1.6310900369552108 
0.7435293275582537 1.344936891985911 
0.405013596756927 8.330274292061517 
0.8930954028501514 1.121500742154773 
0.5241830085382403 4.356074702348032 
0.5720003128364246 3.3045063979023146 
0.47411554841327636 5.773140973869704 
0.4232342735143716 7.552432262799141 
0.594821702843317 2.782947194113679 
0.4718000662583677 5.939324101745919 
0.5061719395064296 4.832437694392257 
0.49933399611407947 5.160886704117105 
0.43432943345547514 7.23932077062201 
0.8147650579920778 1.2273478484399398 
0.4901057705704425 5.297311029485551 
0.5889015021925837 2.9695809975347593 
0.6727621424891075 1.4864166981611948 
0.4353784886613856 7.08608884850188 
0.4200555136822888 7.703110622743758 
0.4165761493747206 7.823766419126976 
0.9757434062994053 1.024859603038985 
0.8310371009204959 1.2033157110462986 
0.47958760544127627 5.610985386859915 
0.5617524348806996 3.468390291004425 
0.41426020994275675 7.985683230542387 
0.6053921766988899 2.594404024930303 
0.41012612225621103 8.084391069902294 
0.790795971269762 1.2645524748982826 
0.4643538393113251 6.146237579059991 
0.560716934679728 3.5915245264317717 
0.5989752399072554 2.6950952024825536 
0.9507284029659195 1.0523176672809929 
0.9289576483713844 1.0764787126701774 
0.40985716923810683 8.263964317191045 
0.9392447831676642 1.0646851789023943 
0.8736949100141957 1.1445658520851218 
0.6448841880904818 1.8753628454326146 
0.46560848093349816 6.058956086585447 
0.3935856389756782 8.789950902931109 
0.6540635625380165 1.7245788228476504 
0.552966256918183 3.6860881350736867 
0.5676164378298163 3.334678582383026 
0.699807013984676 1.430176354315203 
0.7238670990069821 1.381469058895669 
0.5039201175487233 4.948423525287016 
0.44448564980880584 6.7546204161929815 
0.3960435817246056 8.74573690808031 
0.5014428049084882 5.049069136127124 
0.48490986867617875 5.566181689206242 
0.9060560974137734 1.1036887095183796 
0.6392492187912847 1.9539000889837024 
0.5826601968660632 3.0694582525321903 
0.4408284914622056 6.91103806587874 
0.6110325179006413 2.4779010755596484 
0.4394926668576041 6.937786587761985 
0.8620951507515342 1.1599689905684898 
0.5192631554634332 4.520483525852604 
0.6540263556839889 1.8426422529506181 
0.4285878601744722 7.392309637310631 
0.45781138190000137 6.291236223664286 
0.7551332173143189 1.3242696485587344 
0.4285878601744722 7.392309637310631 
0.9909487043629909 1.0091339699589845 
0.4503316585323297 6.559594425793935 
0.552966256918183 3.6860881350736867 
0.5192631554634332 4.520483525852604 
0.6774079256223279 1.4790939269671939 
0.48666710122484774 5.434768817337681 
0.6392492187912847 1.9539000889837024 
0.7109866003239022 1.4064962680895556 
0.7238670990069821 1.381469058895669 
0.7778258704959281 1.2900449213834106 
0.45781138190000137 6.291236223664286 
0.5826601968660632 3.0694582525321903 
0.8026272630344324 1.2459083494642273 
0.779919415986478 1.2836166529127908 
0.7659724024399301 1.3055300795553955 
0.6903190371215892 1.449594892312349 
0.6092721768979724 2.490719845532342 
0.45374157362127493 6.435801382856656 
0.9615121823773816 1.0404708711848345 
0.9172155953706397 1.0914299352220558 
0.48725036603389826 5.381453661793753 
0.5838221132891467 3.011103171150493 
0.8393319032249382 1.1914254126413621 
0.8042618817299927 1.2447656329761967 
0.45374157362127493 6.435801382856656 
0.709546091904506 1.4093517128899777 
0.9656190504593416 1.0360042019388087 
0.8716994911011618 1.1471917186297442 
