0.39018753683412377 8.952475661079845 
0.39018753683412377 8.952475661079845 
0.9999999999999944 1.0000000000000058 
0.5266309763299324 4.294682889954466 
0.4511347660466462 6.53529920587746 
0.41884704270460554 7.7311263868331634 
0.5886613046496266 2.94611341935734 
0.6150336882972494 2.3815485664753724 
0.4414229600933621 6.859267387476321 
0.5019232888450391 4.947860393504475 
0.4474796051503857 6.647193880919127 
0.500527351139701 5.175484103735723 
0.9017154869697789 1.1095172737363368 
0.8160078598869515 1.2263275633210056 
0.9214093387730256 1.0864795767649837 
0.45968011968066946 6.288499508570481 
0.3996211989801156 8.632513725379694 
0.5247631720206047 4.503043241033958 
0.9719045470819638 1.029395231052259 
0.6449176240818297 1.8852717390764422 
0.4023762481411199 8.416442152036447 
0.8290792291630454 1.2069826444117207 
0.4708762896563123 5.86865700773274 
0.43292990638852485 7.2457247222839385 
0.5714697354663258 3.2943773240860135 
0.9902378509574835 1.0098597156563551 
0.6573708560190895 1.656378222949092 
0.4871384336456985 5.392820549779731 
0.49239134619859953 5.270542642471999 
0.6262124088260997 2.2417560291369796 
0.6521101388257549 1.8530894244066476 
0.559236642832478 3.5268881613867533 
0.5982315181481047 2.7044702961971248 
0.39466712815743626 8.741872936035229 
0.8442031063646938 1.1845494882683152 
0.596948439831469 2.756975946048485 
0.4288771399377062 7.33413780797229 
0.7490756318383753 1.3381542942574116 
0.9603180800728731 1.0413218315942518 
0.50703217956324 4.808381688957408 
0.5504628076935181 3.812864510293946 
0.5352979394278303 4.0806293141652725 
0.5778030476872542 3.1192353182669486 
0.4676022254083833 5.999243443177807 
0.6081246188284285 2.5179000567602654 
0.7742716513732465 1.2915363998060287 
0.46375501500001337 6.111702878164092 
0.409197113880251 8.112649656422876 
0.5434467361734593 3.9396048078698884 
0.7885816793281903 1.2680994845561122 
0.4366832337172353 7.03555797111364 
0.6356190454900837 2.056977259897949 
0.8901367436772228 1.123423525586613 
0.7993898466212273 1.2559083373528581 
0.628068835527984 2.1600806479011947 
0.5664724662187667 3.3715954560148624 
0.515965955837901 4.578172446986233 
0.39213216697514336 8.906690540476024 
0.8805363689501001 1.1358613132348916 
0.7585645527681939 1.322442507265051 
0.4259603730958436 7.508852836721788 
0.4804238552029028 5.583528047641123 
0.5649945982063085 3.4889749424101995 
0.7088880097518452 1.410660193697032 
0.5118031227273073 4.733398016245467 
0.43831883283620354 7.009304587601588 
0.7665587412717376 1.3046903581142346 
0.8546779213825916 1.1700897147939517 
0.5433259516407559 4.031580727214063 
0.6671738596433887 1.498990713763699 
0.5826646065623122 3.0725808307715683 
0.461772286394733 6.244823268871825 
0.7223468580754908 1.3843768975422264 
0.6090596219360024 2.5140346808712053 
0.42405587270459016 7.530182935660828 
0.47711504667751925 5.7202033790646265 
0.40522307996539497 8.290666356828412 
0.7346149414183085 1.3612968665225145 
0.6903658324041603 1.4485125815474076 
0.9438949047682132 1.0597670684852467 
0.5517834494767003 3.7061397833037844 
0.8603593431315394 1.1623050453852417 
0.7191999436242428 1.3904340594171503 
0.6349653764562799 2.0590948278597456 
0.5517834494767003 3.7061397833037844 
0.4834724618680421 5.548320290915411 
0.47711504667751925 5.7202033790646265 
0.4143674513877642 7.9061688749791 
0.6970700382853658 1.4360185204463574 
0.41324770293883706 7.9814486761384495 
0.4110283543694718 8.047472832189419 
0.7344096953711712 1.3616382090741899 
0.7029789048100321 1.423698988080851 
0.40522307996539497 8.290666356828412 
0.9472601702639402 1.0561764731704193 
0.6834325698056335 1.4632137719919618 
0.9328027103799282 1.0720383750031428 
0.6627554500327454 1.5970642413273854 
0.8715256726604454 1.1481964382241079 
0.931883379756728 1.073095972690574 
