0.39078695968482213 8.916456002313765 
0.39078695968482213 8.916456002313765 
0.9999999999998166 1.0000000000002423 
0.4075911542480794 8.175836497179786 
0.5283694181449661 4.262631516287493 
0.414950884283575 7.9466824824913065 
0.6376271005108259 1.9866495523298227 
0.45182915043222305 6.513353867910249 
0.6607534292997184 1.6097792485092042 
0.5051416129790479 4.904299998548368 
0.605738812381094 2.5619137556716676 
0.5678694140307549 3.346345118991796 
0.653484786054506 1.713025146280963 
0.6932139458143268 1.442556091476127 
0.5621125452743485 3.5260459708000247 
0.9774993715572694 1.023018560521548 
0.9636076285642334 1.0377667954390775 
0.6174164307166781 2.368944223192749 
0.48055358043108315 5.56693304282695 
0.5004368929167116 5.061061008137674 
0.6812750041029952 1.4680608210089858 
0.5569020172171738 3.606080109120611 
0.4389566645084291 7.109335519507855 
0.9493622836602756 1.0534674939597852 
0.5365248086602752 4.171767479648702 
0.7807126621780905 1.2808812450245295 
0.615763105486095 2.520207173760896 
0.5741044834393637 3.2696720413226883 
0.4243422526232721 7.561488847333694 
0.511263864069849 4.7841283684622935 
0.7678568390033693 1.302330663350408 
0.554962138991886 3.793987793129789 
0.486227447329919 5.548628956589575 
0.42883421425030654 7.358347813060831 
0.4578443682090331 6.325743778518968 
0.992159443600479 1.0079025165264137 
0.42024350755912193 7.706347943106053 
0.4706132741447714 5.969365019353046 
0.39377618147838916 8.777004336103618 
0.41784096278504346 7.789852703738058 
0.44621437667740876 6.707181245335511 
0.4757736291217796 5.77940416770523 
0.6279652729561555 2.301765207755361 
0.7088494499646596 1.4153128186728925 
0.6496085713794654 1.8761912196866384 
0.48840949139505846 5.342170755084307 
0.8236165057826763 1.214167158226764 
0.8705325100764205 1.1487221770595288 
0.5204770692544556 4.4869930063176975 
0.839771434371153 1.1908078327576959 
0.5152545978716478 4.666617957801762 
0.44621437667740876 6.707181245335511 
0.5204770692544556 4.4869930063176975 
0.6286175851260083 2.137213106050505 
0.5432863763771367 3.9941074184943592 
0.3976770096377987 8.695917326374975 
0.9199600193893541 1.0870484747539526 
0.5772863903677495 3.1292599140303214 
0.599006611236353 2.7191220555844686 
0.4952078029590024 5.137598621262503 
0.39909443520481935 8.567794593848118 
0.5972909497024501 2.7269324754796256 
0.644312952434638 1.891611666737327 
0.45570787186310435 6.38219058899643 
0.8968717788106002 1.114986584092537 
0.5380105999229603 4.033273966285353 
0.46685793691967237 6.003480619978411 
0.4287788782032849 7.483249231185536 
0.4393144810859436 6.937986197787772 
0.4046630257631103 8.353056132554773 
0.7927828089568629 1.278141512808145 
0.46310048998022274 6.156777007763105 
0.5846315652420818 2.9829547628884128 
0.473795392737309 5.782266772054894 
0.4320268192930357 7.202978688214438 
0.7581901164597875 1.3189304087739273 
0.736091943326981 1.359999809521556 
0.7512628355444172 1.331099948282935 
0.5458904955528969 3.8570365268072107 
0.4393144810859436 6.937986197787772 
0.48840949139505846 5.342170755084307 
0.5906644071771013 2.8783719350787034 
0.6692792585920888 1.4941446233927194 
0.7424608313573622 1.354915634976213 
0.9383533681427432 1.065826947269389 
0.7255877788309076 1.3781930035959793 
0.9071596441822982 1.1023418054512601 
0.8562735231406758 1.168187142880229 
0.8602487328456587 1.1627889496713273 
0.46336946391344874 6.138846116680191 
0.8160937043492791 1.2253494845886583 
0.9311803804947836 1.0739238722865208 
0.7131884821934109 1.4021538871469477 
0.880688374772659 1.1355324821094335 
0.5906644071771013 2.8783719350787034 
0.7214631214086482 1.3860722335267788 
0.6693393297371639 1.4940619400891366 
0.911608020795354 1.0970809043135223 
0.5492044618644814 3.8337627007552593 
0.8459205867136514 1.1849328725451151 
