0.3893510656214362 8.979266159924347 
0.3893510656214362 8.979266159924347 
1.0 1.0000000000000444 
1.0 1.0000000000000444 
0.5567741196940895 3.5737944236698507 
0.43485795725907395 7.233500943250176 
0.568500680301244 3.3181380529393585 
0.4879783099952611 5.464307968505608 
0.41735065199904964 7.774299083780592 
0.6386810662082353 1.9653218590156853 
0.9031306665167431 1.1072594889921823 
0.5435939665544959 3.9126662882915766 
0.3967349601030348 8.646551125954307 
0.7237109317873888 1.3817671619102596 
0.698220648370901 1.4322121313861027 
0.408651343895024 8.142888027257282 
0.936633161975175 1.0681410803668665 
0.5902640909795241 2.868151644533182 
0.6680990615420495 1.4968336354416234 
0.6036352939656142 2.622417846052227 
0.6352418346041069 2.1043202852907545 
0.5293020146079371 4.297676951328663 
0.957086262972075 1.052639146938225 
0.5338313236514879 4.117738369086676 
0.6142731583535265 2.528356002188208 
0.4239727581695111 7.612064667391419 
0.4671579906332045 5.9870812246098035 
0.5501861806914058 3.746779872404927 
0.9277552137778411 1.0783613966021108 
0.6569244464394461 1.674517407064865 
0.4056914966537634 8.428144148386854 
0.8960675891178289 1.1164947852085083 
0.5801992271493571 3.0683006674218585 
0.8410222043805441 1.1890292489784768 
0.7788207312100556 1.2859691751639772 
0.5389773752875853 4.0510661343318874 
0.8755019503969975 1.1423290435661861 
0.5748397364279402 3.2061772419300607 
0.43759007556148805 6.999342537519927 
0.7994511637640804 1.2514325244772602 
0.39300382922167104 8.856979476811679 
0.4548389437354663 6.427181527334792 
0.8554118575223204 1.1690275172562947 
0.48942690142987555 5.305210989855561 
0.478552954004429 5.665372359245586 
0.40002945055256 8.500963733493288 
0.424656960268372 7.501319925186218 
0.8121014482520791 1.2313732510933915 
0.8782963064124203 1.1385679214951097 
0.6823021779585492 1.4656262757247291 
0.4607739463801626 6.3637882241568455 
0.4950082320280795 5.245393527211973 
0.7487720729701166 1.3355200054596381 
0.615604911720524 2.4061876960694155 
0.6481395703937676 1.8203491536407568 
0.46078621438370865 6.211207762567442 
0.5972755576723973 2.727025823820538 
0.7645323753168984 1.3079890861714691 
0.6481395703937676 1.8203491536407568 
0.44417773413949646 6.872775815520238 
0.6259595755389243 2.1846137235383205 
0.4524757911387054 6.566600474066809 
0.5212810257840054 4.515235442368073 
0.5053224344074362 4.861233235538211 
0.4972787438143769 5.121418498064613 
0.4457206715827853 6.707526013355564 
0.5037130896972206 4.90517191912309 
0.7415371315146 1.3485501366357049 
0.7610658706518518 1.3139467141890937 
0.6627670946224549 1.6532376022317181 
0.44912019630893063 6.60338945972298 
0.9629353081122795 1.0384913623756535 
0.42795911117203417 7.3643488354734155 
0.9746431308295135 1.0260165801754917 
0.9883402164374158 1.0118234111389994 
0.6788133864325703 1.4731589270725232 
0.8295312374794632 1.205500112433757 
0.4134230657609039 7.940911863922763 
0.47295643988382496 5.870383819282092 
0.7105501680542227 1.4073601628970116 
0.43861130888856353 6.961288121538355 
0.5096938252027203 4.7379505797716925 
0.5024165351338588 5.059519021087559 
0.8539127723113121 1.171079801657238 
0.8196131839295205 1.2200877436552087 
0.4641815854486 6.1434917443183314 
0.572773128394071 3.2933872888178546 
0.47218775107915084 5.87994039568779 
0.5177281200957881 4.546221214753514 
0.599091151202509 2.7187613544952303 
0.5864949087768527 2.9804831436470667 
0.4442858667925239 6.7776437872346715 
0.4121868789653454 8.104893469097998 
0.516490080922185 4.654900762669772 
0.4134230657609039 7.940911863922763 
0.6191725648128693 2.3159697773996735 
0.6191725648128693 2.3159697773996735 
0.52353878921312 4.376033768966603 
0.42795911117203417 7.3643488354734155 
0.5559398238060077 3.7080029521490503 
