0.3917925287245701 8.872875481418568 
0.9999999999999231 1.0000000000750173 
0.6181867668884398 2.3620596738451285 
0.40636800635392933 8.24160827119398 
0.41334787525877664 7.944967345147014 
0.8404861205678369 1.1897876428421723 
0.6055787432152121 2.73276770252654 
0.4879666254891577 5.350530040063429 
0.8973943418441808 1.1143891247128817 
0.5267836941741468 4.293406389450284 
0.4185361007716861 7.741909997011749 
0.6346681572509981 2.040762903346522 
0.551888272265983 3.7828773994772886 
0.46928664219907507 5.981368883259138 
0.8815543822275704 1.136400540243232 
0.5564966591151757 3.643278679113278 
0.4972429831729319 5.116505490924138 
0.40921014886016016 8.107077475774812 
0.6421571485384939 1.9088146801599293 
0.463691853454172 6.121622235858788 
0.8171248153385149 1.2238032446918208 
0.43228429363052867 7.27637545760499 
0.9575514778625398 1.0443304665386934 
0.91996324013118 1.0870000189869709 
0.626222422413635 2.1984328310043826 
0.48148161325608135 5.59026799647407 
0.494310824169868 5.235807449876228 
0.9749868919233264 1.031915363679959 
0.982786204984302 1.0187729579046112 
0.6093689969111646 2.5032596351912466 
0.6608667427348751 1.6056269482484102 
0.5957459165637222 2.7756815558930406 
0.6746051390183422 1.482350718519097 
0.5141466069438986 4.618440849261116 
0.5073563755044413 4.804523980118585 
0.5791935450568546 3.196030493285018 
0.48416634779906453 5.529298604761346 
0.4597247523637805 6.241550450503658 
0.9112405290435134 1.0987490096720356 
0.5207445796127466 4.522480423058095 
0.5253821405116227 4.454933876689598 
0.6682510586893214 1.4964513035910483 
0.6903505672453704 1.4503446484067766 
0.4721340175275376 5.8272491627969 
0.4252574845027553 7.46716866348219 
0.9366986955305797 1.0683657463611198 
0.42976000489098454 7.368231384304519 
0.3925037861648115 8.845628057963184 
0.4551763813464526 6.378737153392489 
0.5385134653666064 4.0720857685103375 
0.724367855506825 1.3805141114296142 
0.5603887415112572 3.4935506370838523 
0.6944660073536989 1.4399553553437916 
0.5850398781687016 3.009877700217973 
0.6307635168676284 2.1689431669169306 
0.78238314759898 1.2781461466185213 
0.40021336137726327 8.493781732403034 
0.5631638744905624 3.457542206074603 
0.3994012710366654 8.691094287018426 
0.5684362564772321 3.3342578493413306 
0.7507823634365218 1.331943914552088 
0.5418784255958842 3.982960133011161 
0.40021336137726327 8.493781732403034 
0.4399934650804631 6.9196466214010055 
0.47632399685385696 5.782731995863511 
0.44354978119805116 6.859899845503529 
0.4503837558003096 6.548785546991249 
0.9996621858981275 1.000337929999918 
0.8691059102430143 1.1510438208834115 
0.708287275673944 1.4118566362183034 
0.849265945629518 1.1784520617450935 
0.4223478525806755 7.649980607248945 
0.5032106497063911 4.954419461260041 
0.809850141822454 1.2347963514325253 
0.43655206370961475 7.083774713335997 
0.8570049710122819 1.167471747785135 
0.4229643909118924 7.56643596072061 
0.5332270314317015 4.14445252035827 
0.5032106497063911 4.954419461260041 
0.7383426665578727 1.3543846906367856 
0.5791935450568546 3.196030493285018 
0.6478043084117918 1.8246147399107853 
0.708287275673944 1.4118566362183034 
0.4387908997728304 7.047631278501496 
0.44504855654535946 6.74287567263203 
0.3999618273457137 8.678913505248692 
0.726606453318427 1.376260830398065 
0.5684362564772321 3.3342578493413306 
0.6478043084117918 1.8246147399107853 
0.5850398781687016 3.009877700217973 
0.6571518818267182 1.6866379448612236 
0.5126674429818633 4.749954832615903 
0.5440635508158467 3.8867741577314145 
0.4500497541395397 6.55443780742893 
0.5914766281837804 2.882993286586374 
0.6093689969111646 2.5032596351912466 
0.7699057312998169 1.2988603155665506 
0.6571518818267182 1.6866379448612236 
0.7410818325543443 1.3493803985394164 
0.5914766281837804 2.882993286586374 
