0.3902328669226238 8.99791429545773 
1.0 1.00000000000718 
0.3902328669226238 8.99791429545773 
1.0 1.00000000000718 
0.6948513345076018 1.4391711248612205 
0.4647342861366477 6.0827134771340265 
0.6203217944236463 2.3614298659665325 
0.9199714247869952 1.0869902853566413 
0.6432381833202518 1.9013292207420103 
0.44530903337253813 6.816007668489059 
0.6097533619088654 2.516984506908959 
0.6669915600516385 1.4992693459757795 
0.5131795041945895 4.6883768199940175 
0.4706131688390556 5.8847864061475335 
0.481604854212555 5.670642361765811 
0.764107474366003 1.30871935275358 
0.7738977828818521 1.2921605923173491 
0.39785991184985137 8.59452189444267 
0.9379600350763011 1.0661435991371355 
0.4586373839316566 6.266054206042652 
0.5467290611498992 3.8753154426666874 
0.5067783096078582 4.834051777711134 
0.9033979406721331 1.1079465718660861 
0.7449536036498059 1.3423660698546362 
0.6492677429162186 1.8000744451880435 
0.8731153366616742 1.1455058633320276 
0.41629174195199603 7.845545409470694 
0.559756318302232 3.560474166774035 
0.7928968996918766 1.2611984959642923 
0.5358846199902332 4.063954310906868 
0.4197518141503302 7.704122235240057 
0.57312718178145 3.2216611640598134 
0.6549804897135354 1.6969152639425682 
0.4897350591355497 5.316639255900563 
0.5413275341080699 3.96894785638876 
0.43005198080749873 7.469605667349632 
0.40608786043255074 8.238852295182134 
0.48460234229379795 5.448082482862073 
0.7057563630840027 1.4169547066525143 
0.716186471524773 1.3974419229512005 
0.45588681813722 6.367480425614493 
0.5816057485125901 3.175652825954167 
0.889449920520927 1.1242903967100972 
0.4529614543580678 6.510284777145016 
0.43053576053616344 7.260646718236334 
0.969142919671409 1.0318395560755043 
0.5924666425168665 2.817539290548221 
0.5012929159029678 5.100232433099332 
0.41295005885749797 7.971474909667183 
0.4490641338028287 6.589502561369469 
0.7271427003224057 1.3780368778121714 
0.5323264997670679 4.1982170352517105 
0.5850262357810936 2.9690625026598956 
0.44606258565866586 6.702610752556507 
0.601761585216436 2.6768023029578725 
0.6325272648022534 2.0681681980350852 
0.8646391679866982 1.1565518178845169 
0.6063907459787021 2.656367709799303 
0.6325272648022534 2.0681681980350852 
0.5974661562659775 2.8121426774951543 
0.6252219201064484 2.198130970612545 
0.8544101969602294 1.1703981824502088 
0.5614053634283576 3.4781029130842724 
0.8315659174548413 1.202562451625338 
0.5678176754915344 3.3389985431232407 
0.9869650279898635 1.0132072407350339 
0.42487831857867875 7.611401172079394 
0.4112652310007167 8.062699978300849 
0.4362113819038308 7.053369311796587 
0.4362113819038308 7.053369311796587 
0.5519008039063147 3.7042784101434436 
0.585982280854881 2.9531586378024386 
0.7975024792179793 1.2539146559301677 
0.5251485296213274 4.345908454973082 
0.402850209887659 8.418887998005243 
0.4092044555402755 8.17610330403899 
0.5517560294180668 3.705250370543626 
0.39461734078306476 8.778855294258431 
0.8264235225129399 1.2227960988339517 
0.3958472598908495 8.751578910246419 
0.5662246998144659 3.3875176004515106 
0.47437318117820054 5.7570895579441395 
0.8432478555537737 1.1859027806692777 
0.402850209887659 8.418887998005243 
0.8160624245906897 1.228098472745596 
0.4947870963885798 5.184950507086958 
0.42488469458211997 7.517079121192611 
0.5020440043565004 4.975580500859062 
0.5052942805479057 4.9468821173240105 
0.8948061815409458 1.11756054887296 
0.48687943044167453 5.414949673187812 
0.7349170941842208 1.3607314462210118 
0.6252219201064484 2.198130970612545 
0.5234493688034937 4.459943185687281 
0.8098290386569597 1.234828575665529 
0.43512164011359106 7.185353194679646 
0.6604759581616879 1.6094056242213968 
0.9609385617270249 1.0406512506421262 
0.6604759581616879 1.6094056242213968 
0.9818853886112617 1.0184528051746342 
