0.39015138751850154 8.950232171435724 
0.999999991695025 1.000000008304978 
0.999999991695025 1.000000008304978 
0.46822721270763423 5.981484838654463 
0.48043770579933553 5.708385001654415 
0.4179286531958726 7.75283714833204 
0.3976602211195697 8.609680570928811 
0.6373016856201107 2.0834866814815935 
0.7021384035014272 1.4242492907406057 
0.4237232383515013 7.529885622248329 
0.606768315846157 2.5810774708555604 
0.48752296947891843 5.398190159575438 
0.44229726416387516 6.8497167229098 
0.39310517022748115 8.808523407607643 
0.6540290089587042 1.7188510524978324 
0.5284090447172204 4.331316190954973 
0.5598291579745013 3.505854005552806 
0.42929701999224557 7.436370246237752 
0.614315241091908 2.443935687653084 
0.6612991427147557 1.6495206446720647 
0.8550240816546841 1.1695643374358264 
0.43175757809323945 7.223290707523444 
0.727945280172184 1.3788354597886119 
0.7455212399373098 1.3413659849338095 
0.447454031381863 6.691261518635135 
0.43801018810734654 7.009247153857888 
0.40618266590221563 8.246802118970615 
0.5682033440721401 3.374251663380411 
0.5954623638502162 2.916552916662737 
0.8930311201087759 1.1197863377040265 
0.8139237158451955 1.2286163773362506 
0.49878055433852464 5.107112876502884 
0.5806045731046916 3.069454622066554 
0.6847999874781081 1.460280400533709 
0.5340518330074819 4.220156936836698 
0.5513529698780084 3.7170527870678276 
0.5161621277868473 4.574608918318507 
0.9515909921964534 1.050871758833978 
0.6443260706554779 1.877770099052852 
0.5992212770715285 2.7011033222459977 
0.9093977481627166 1.0996288566451835 
0.826077908651136 1.2105395744487037 
0.9356318894072799 1.0687964116757176 
0.7888583223434389 1.2676725251801917 
0.46162144512822084 6.200895780165768 
0.5008319104744829 4.993455884731175 
0.4568583901889225 6.374407443134189 
0.8720976703346144 1.1467349979918382 
0.6267028780518842 2.1717074731654202 
0.4355695832750053 7.1307475710785635 
0.9296429350704746 1.0756818268507373 
0.7531082731124584 1.3278303209539648 
0.9149896345697998 1.0929086667296872 
0.7807711651489965 1.2808044680833033 
0.6457477952715768 1.8715856932701025 
0.9854795959266349 1.014744585221357 
0.5422251486863559 4.09302161847636 
0.5424234437915381 3.909663550506007 
0.9583987419511488 1.0434070569412965 
0.6675401434047431 1.498054442083305 
0.44967695602344393 6.569724874527041 
0.7188633019158089 1.3960322725467 
0.4144434014320614 7.982185100169958 
0.5046247483738158 4.87936170459323 
0.4022488418695409 8.403063898689508 
0.5906685377776667 2.940170455778098 
0.5136103701074122 4.697430857409814 
0.48162372077184185 5.536063165644712 
0.5740380039691717 3.2381669420872683 
0.8447815959002333 1.1837379091271212 
0.5647381590063495 3.4739721307999685 
0.49444873240504517 5.255982429266087 
0.7652727738795728 1.306727258036754 
0.5358304541208878 4.100589032241113 
0.9709806729443091 1.0298866165561429 
0.7692937935035836 1.300346069463849 
0.6799874666298785 1.4706708884634303 
0.6182154274489793 2.3306956020977743 
0.5201827547953518 4.45905434683056 
0.4090041984344786 8.12513196651625 
0.5740380039691717 3.2381669420872683 
0.45250758264673263 6.492350364373761 
0.4022488418695409 8.403063898689508 
0.5465798904852953 3.874888934783128 
0.6182154274489793 2.3306956020977743 
0.506924147381111 4.811472264295726 
0.5096877560402289 4.7419976870074905 
0.6267028780518842 2.1717074731654202 
0.49444873240504517 5.255982429266087 
0.802011175817272 1.2468741902932896 
0.6699625745491365 1.4929503513062699 
0.5201827547953518 4.45905434683056 
0.8354784492513503 1.196918964096249 
0.4542699923302541 6.410728359889995 
0.8022415232442457 1.246518628440315 
0.4614743083863795 6.2028728774494315 
0.5992212770715285 2.7011033222459977 
0.4144434014320614 7.982185100169958 
0.8850195579487503 1.1299185323291232 
0.5510631897587034 3.719007423160598 
