0.3241254674654554
0.3918206459054599
0.4216610038373339
0.46532810010328446
0.4525049896100557
0.4149936000927416
0.42106440988585925
0.39653315882968204
0.40309322317705854
0.3940927131598918
0.39266398603752367
0.4404116989929952
0.3628870520696628
0.4295654106903588
0.38104937055917054
0.42817454041900893
0.3937773335761229
0.45178804661719485
0.4712227823309596
0.4013123348935076
0.326932648852063
0.43587774337318763
0.42564930009414936
0.4267394005356678
0.39690124379550473
0.3917894774754297
0.5041277240553109
0.4674046967760172
0.4775676727189692
0.3601797729121825
0.41248406310335367
0.4414931148158098
0.41473170729739695
0.4744268749030261
0.44714468872574803
0.486977260346556
0.5259097672777099
0.43062793959328083
0.361000611604378
0.48548412472330654
0.4772462298470034
0.429105506206902
0.44229576554993744
0.47304576063849124
0.40397370153903306
0.44763314813377436
0.3706040594677454
0.3921925671031748
0.3826959729189297
0.42783609979149057
0.39986428376027444
0.5180517716756781
0.426435909343957
0.34997835661431664
0.4003832183458717
0.4439812221370511
0.3948974413665586
0.4842966932831317
0.3736923920689332
0.48255772178275613
0.3877764313926044
0.4068098678926136
0.37293844346364824
0.39999606156484535
0.44002226072343653
0.41760822262484915
0.39305141412415145
0.5008937218080431
0.5222137598888478
0.4806808147539831
0.426842963476945
0.4157134049070053
0.39188024929512894
0.4078088146803985
0.4675864606863679
0.3854673740061214
0.5321063916374535
0.4202463329779313
0.44345229320772733
0.4097737626392056
0.4596879134014909
0.4443829305228628
0.4420520363550329
0.4262858411901232
0.4421571307578858
0.4541765721180117
0.45570434574926316
0.49365176810847483
0.4167755747162472
0.4736256085027208
0.40762804625689497
0.4220028752511575
0.3929619473644616
0.4090074718728394
0.428763545760769
0.4662232656656908
0.4702719901062056
0.41924725724210027
0.41466874112321755
0.46996258005690283
