0.39156363233306946 2.495231188409105 
0.9999999991937463 1.2186716187393867E-11 
0.9999999991937463 1.2186716187393867E-11 
0.39156363233306946 2.495231188409105 
0.9074819723038146 2.0877937103690853E-6 
0.9450375999312282 6.022491799329253E-11 
0.621716859336939 0.4088463241154847 
0.461772309483567 1.8451310941198196 
0.8791954811007217 5.317352830180172E-5 
0.6797820252020976 7.258152952926977E-5 
0.7462234208780915 8.667002489061434E-14 
0.4468067716544244 1.9853154601377059 
0.6498742311988219 0.1708969916006153 
0.6411130217447205 0.2389059530726878 
0.5635023490844626 0.9329819301548629 
0.7742908794523933 4.084375066630509E-5 
0.5692497693306859 0.8923555465274581 
0.7639940274110352 4.9777575598767415E-12 
0.4855190939927904 1.6780487224216554 
0.6013396650432169 0.6991487830058158 
0.7925062262105285 4.7418140376205356E-9 
0.4381791337632681 2.1377861399278446 
0.7182898285465832 0.002566730809488549 
0.8957715223771159 9.569299487846553E-6 
0.6256715106810238 0.3953878135573573 
0.6584262126470142 0.13220674272431399 
0.4399562147528885 2.0531072238735675 
0.5270109136224619 1.2600340745073946 
0.5010169407334233 1.5104530872920638 
0.4333567780810099 2.1630434185998184 
0.40034850722924575 2.40607688600301 
0.9775655969534245 2.8418933461589175E-8 
0.5876200493675071 0.7125597193999855 
0.575408727383243 0.8233759662196914 
0.6660225269067898 0.07769858988263584 
0.45745248432971786 1.9444915557237303 
0.48824891304064527 1.6203998801344401 
0.4054045724156849 2.356852263214634 
0.8586158273537775 2.825513198009208E-4 
0.562198208399572 1.0525664085311737 
0.4725052392069469 1.7715217367142313 
0.45836228903890597 1.877971640478333 
0.5436974883473632 1.156505377390399 
0.6684918741719683 8.890823563338923E-4 
0.8257350749343176 1.4706780112276607E-5 
0.6074314660181209 0.5570280889876422 
0.6344470451659343 0.2906308142182906 
0.4781170858737754 1.6995687947975013 
0.9888488831686348 2.8418933461589175E-8 
0.6023948018895553 0.5839863590433382 
0.5061999377561063 1.4447048660205464 
0.49209563561592023 1.5857667390218264 
0.7010094519707001 1.5402464114115534E-7 
0.42347861935778586 2.231332587349442 
0.4105163850226196 2.32156897041921 
0.4708895817832928 1.7715217367142313 
0.5341825166688539 1.213945591712497 
0.4143820983007551 2.281777943357481 
0.4035651925760067 2.3680197411106083 
0.45078771529857564 1.9437372652233604 
0.4271363058571639 2.1630434185998184 
0.5087768560373708 1.441118783500849 
0.5195152868853067 1.3710398613311472 
0.7315828397063524 8.890823563338923E-4 
0.55709317774367 1.0525664085311737 
0.7010094519707001 1.5402464114115534E-7 
0.5911553601083 0.7100411791587309 
0.39936385603474844 2.4589688099766724 
0.8391436241994776 3.242293757643733E-4 
0.4218116317072238 2.290451524102659 
0.5247369321950291 1.31317387203575 
0.43855961837484103 2.0531072238735675 
0.5391196448672091 1.1694773832608054 
0.5136686786066851 1.3846689873717837 
0.8438919292794228 2.5243898104009704E-4 
0.5791062147686004 0.7933693589965473 
0.5521872437567108 1.0935429782404786 
0.5483584125628773 1.0935429782404786 
0.5211180264542296 1.3228861337076026 
0.49781275900243227 1.5787969080499678 
0.413094851517272 2.337416642810527 
0.4180834033461258 2.2816294974582045 
0.3947917567743227 2.488102213164459 
0.8552019156598065 4.515507381332995E-4 
0.8021752395025062 8.883844567859273E-4 
0.9627010247390143 4.804235486739456E-9 
0.5010069731616015 1.5787969080499678 
0.8170136023436044 4.084375066630509E-5 
0.4781170858737754 1.6995687947975013 
0.4502816248376197 1.9853154601377059 
0.9484017765555735 4.875318006030303E-9 
0.9625329315590501 6.022491799329253E-11 
0.7279907602558761 8.667002489061434E-14 
0.6074314660181209 0.5570280889876422 
0.422421163708143 2.231332587349442 
0.634814682732875 0.2906308142182906 
0.42747430408640824 2.1616821287850536 
0.5369743371619322 1.213945591712497 
0.5791062147686004 0.7933693589965473 
0.39649385650826213 2.4589688099766724 
