0.390377252128778 2.49253053757612 
0.9999999999999813 2.6438210109800622E-12 
0.390377252128778 2.49253053757612 
0.6180602795687343 0.4390590288013478 
0.58146826549175 0.7972414273638386 
0.401268426057595 2.3930757315998346 
0.5318757015670089 1.2161169419392162 
0.40763862724577027 2.337132514579892 
0.6303097330130605 0.3478414054980518 
0.5071757061649425 1.4383346330827658 
0.7820564110046473 7.440003545300389E-6 
0.4743924842830165 1.7308593477798766 
0.4556979500304757 1.9184671649920817 
0.836099539052179 7.510973623447992E-6 
0.42720248988053205 2.203347850143584 
0.39313781640384127 2.483658210493974 
0.527165686038975 1.3167936821302109 
0.7635652773005362 1.3037323469780593E-4 
0.571818356595625 0.8936204331199028 
0.6423492017202141 0.23724455202114625 
0.8469606107917786 2.5627395246174376E-5 
0.9214880998629508 5.4136797722315055E-5 
0.5866983511443793 0.7203284414037003 
0.6359102024767042 0.3086176801311976 
0.6161182768027318 0.589257461990458 
0.8165367945401145 1.115254569622469E-5 
0.8625711931000876 0.004249641082346378 
0.4375060861874358 2.098512718811087 
0.47926602596247597 1.703751294157413 
0.5932711309849005 0.7056709419301216 
0.4628300486905241 1.8389055168066553 
0.4465809323176665 1.9917093280022868 
0.4530127617879057 2.029812339772153 
0.901654066147996 5.4136797722315055E-5 
0.7012790232814852 3.1728444148115684E-6 
0.5457431384450399 1.0927352105795891 
0.48866084260078724 1.6889487431998504 
0.4530828086666792 1.9234939272433467 
0.4687207014899812 1.7895649692473496 
0.4339658219882312 2.098258857072455 
0.5208367693143322 1.3167936821302109 
0.5164987571308972 1.3556437685363316 
0.9408169353170578 2.7914023513209016E-6 
0.5389060460173862 1.1598687057654384 
0.3976153441085897 2.424032011024 
0.6714190242184325 2.8190400721334746E-4 
0.41777257454032674 2.3030436601428814 
0.7959203980087474 1.1945579152523172E-4 
0.6631174732227505 0.05928950432273061 
0.4908574901919195 1.5994230206964946 
0.7320947197984906 7.510973623447992E-6 
0.42296234708663644 2.23541318345057 
0.5522090191727559 1.0408316610423687 
0.9359016133731513 4.623104749417908E-4 
0.49990367984072037 1.5448193078898138 
0.49482428518605365 1.5471722726467882 
0.5015721369843058 1.489372755026754 
0.5690833184481224 0.8936204331199028 
0.8864081579817571 0.0010295028037851442 
0.7229880577178636 7.129430037181028E-6 
0.4414891893306729 2.036106845124112 
0.4825554105287754 1.6588258702631633 
0.5604403060898038 1.0440192854868222 
0.9570871430762873 4.234854685353229E-5 
0.4675623465185829 1.7963918152898026 
0.6109942815338715 0.589257461990458 
0.5378160014466676 1.1668513856966936 
0.5635160437056376 0.9553190612053424 
0.420417363067131 2.2316354933966704 
0.4628300486905241 1.8389055168066553 
0.44166825096968365 2.0352930038005788 
0.8720950998855677 3.600602430358091E-4 
0.42967321047345497 2.137411358700117 
0.5164987571308972 1.3556437685363316 
0.6542970470563861 0.12194513722525382 
0.5051866703912081 1.471334792878459 
0.5487462404175261 1.0927352105795891 
0.42017369138295907 2.3030436601428814 
0.8020292118011644 2.849605937750827E-7 
0.43006112259981116 2.137411358700117 
0.6637349143624205 0.028045548875572313 
0.3976153441085897 2.424032011024 
0.8110026064260765 1.770439718769461E-4 
0.9841776401183571 1.8334348083102807E-13 
0.4105948775893341 2.314687895059285 
0.4105948775893341 2.314687895059285 
0.6006464047980857 0.6601126001301288 
0.7547340291503458 2.302759511429454E-5 
0.6487395586817314 0.18611570998728688 
0.9806915540091475 5.4136797722315055E-5 
0.6542970470563861 0.12194513722525382 
0.7143193371096681 3.5723178756913443E-6 
0.9592040346600438 7.506064236615646E-6 
0.5635160437056376 0.9553190612053424 
0.6478946574814274 0.18611570998728688 
0.9098276325059964 5.4176733826209086E-5 
0.7500444211616358 2.9136374397886744E-7 
0.6025493465431683 0.6028314317733913 
0.6803107582335194 5.4136797722315055E-5 
0.9700805638269586 4.5861160605332126E-7 
