0.3924299279098675 2.4685467048565886 
0.9999999992955937 1.376310942316039E-12 
0.3924299279098675 2.4685467048565886 
0.8269368522453505 1.1497330111951212E-4 
0.46576064868197087 1.8132540119018534 
0.613553333125052 0.4979882952056392 
0.8537661227901227 2.693961818179926E-4 
0.3973434119033539 2.4457039188761787 
0.5724007366263489 0.9202736259308846 
0.4291962659960085 2.1398141531814483 
0.4149418757052387 2.2688000938195314 
0.4601913724096909 1.8657422991775856 
0.4352825177488426 2.10026895382272 
0.4013385933131239 2.3893542392987683 
0.4726794228227129 1.7470318903583937 
0.4467113938878256 1.9811997261345182 
0.4380192667015075 2.0615937939459226 
0.5762978771532092 0.8158963269324023 
0.45484832469598546 1.9644672023658143 
0.7820566418405285 1.6024642407470028E-8 
0.5813219606758162 0.7688760840513766 
0.6251066325097652 0.4418125451717032 
0.873781665936071 0.006243861563823838 
0.7708052121259181 3.4575868319838055E-7 
0.6660350436064029 0.013291284765808029 
0.5626828895357214 0.945758304960636 
0.6293582588812373 0.35452440467900426 
0.49844597793572 1.5147665646398536 
0.9467801349035556 4.7698461769885014E-5 
0.40731362957407413 2.3495354385732723 
0.45796752124114704 1.9282290245649725 
0.7559700918452196 6.317284800268967E-6 
0.4912973940088709 1.5785601370852085 
0.8115457764737202 1.1750425458875637E-5 
0.5524231089419306 1.0548488487136596 
0.5131604299735884 1.389361941046954 
0.8913440917348694 1.711603706348606E-4 
0.5924802021294863 0.7120511077259891 
0.523969068160355 1.2870334570546407 
0.644185659813879 0.2034351955942677 
0.9244285512402514 4.7698461769885014E-5 
0.9343466178423481 6.63648034234642E-10 
0.4867382823149947 1.6395555502662538 
0.5033048539960356 1.4715079519412666 
0.6840062101041264 2.5035173683288014E-6 
0.7999051580505869 1.1750425458875637E-5 
0.5353203272948344 1.2033842677527022 
0.40428614532217433 2.3656334349370667 
0.49636791338452535 1.5785601370852085 
0.9115546215186099 4.789827222476376E-5 
0.4767959503976022 1.7401210913819343 
0.9604566781408683 4.7698461769885014E-5 
0.5131604299735884 1.389361941046954 
0.420301463650404 2.220925886069263 
0.5986539285054842 0.614787374549374 
0.9788968367810839 3.4575868319838055E-7 
0.5091810662591695 1.4432228949800558 
0.41235318477657923 2.326267063522455 
0.420301463650404 2.220925886069263 
0.654758516139029 0.10887879982669427 
0.654758516139029 0.10887879982669427 
0.6385306932320038 0.274931248460316 
0.5563067857127811 0.9993538720003934 
0.4252752258842712 2.1775389904169145 
0.44318852493691624 2.01245511789193 
0.7207505938036987 1.6024642407470028E-8 
0.53942525720116 1.1457958750254442 
0.6717687553556572 2.5035173683288014E-6 
0.6385306932320038 0.274931248460316 
0.4126323078110367 2.312269202303783 
0.4252752258842712 2.1775389904169145 
0.5581859509353326 0.981525323892437 
0.5474452621229934 1.0934302690736464 
0.523969068160355 1.2870334570546407 
0.5267645891317165 1.259603753321247 
0.6268850876104526 0.39247341203534136 
0.7243382786360517 8.950335406075581E-8 
0.5474452621229934 1.0934302690736464 
0.9037358746390673 1.705955728724127E-4 
0.48280837876252325 1.6720455167231572 
0.7084208465099296 1.1750425458875637E-5 
0.53942525720116 1.1457958750254442 
0.6051413109935907 0.5667717726826234 
0.9911165092298111 5.691584700995289E-5 
0.5362446704123112 1.203821306552474 
0.44318852493691624 2.01245511789193 
0.5081290010478683 1.4716601300522218 
0.5986539285054842 0.614787374549374 
0.5267645891317165 1.259603753321247 
0.5891565999393709 0.7120511077259891 
0.7008003268131902 0.0037718820460385105 
0.8972140459615601 6.297742504832084E-6 
0.8029070603624093 3.337894627863594E-5 
0.48011869178279665 1.6965722393214673 
0.745469321203605 9.263840977544899E-8 
0.7348113903689999 1.0502366396996561E-8 
0.484355959541933 1.649595969743035 
0.6484760450357451 0.16598260119422037 
0.7353294224221616 3.337894627863594E-5 
0.7464312144170431 1.6024642407470028E-8 
