0.38930933694554065 2.4976664369231956 
0.9999999987476988 5.566435277436749E-9 
0.38930933694554065 2.4976664369231956 
0.4387796149895134 2.0699200342100754 
0.4548574158316425 1.9304866528088276 
0.5478484404444124 1.0781179418639832 
0.7875421468771633 3.4098516866243713E-4 
0.42083029458588384 2.215072026813469 
0.4692138347070488 1.7845546283190785 
0.8044515124996516 1.9691484904352918E-7 
0.4467582551937962 1.9895751556948027 
0.4166285619197371 2.2508244157946176 
0.5568137736762341 1.016373504129645 
0.6279143158185789 0.3499572294936385 
0.6608601460355763 0.061126462430025286 
0.6024746345221101 0.5938752032728459 
0.4838237259084817 1.6884603059671657 
0.560578472455288 0.9548547841074135 
0.9335324307006233 9.14815241145518E-12 
0.6388689463868359 0.2591380178113125 
0.5347903011484286 1.2154308147147537 
0.4440058533306737 2.009848848894788 
0.46177242962772724 1.9205185840164016 
0.9908168510969683 2.222515050756624E-7 
0.9223971362237265 3.0908943562509765E-7 
0.5952383072033646 0.6612199999853549 
0.5688235388682092 0.9053385474842329 
0.4086688202259612 2.351637889251886 
0.6671668732013585 0.01657093097367751 
0.6527473489840945 0.17427877596651242 
0.4759405754400709 1.7190540968213617 
0.7342176257883237 4.357850618745819E-9 
0.41298691329106624 2.3082521217715266 
0.8204820695651327 1.577528944867712E-13 
0.5105570335922295 1.4215731470153745 
0.4357255018790167 2.156532689349074 
0.5157332461077097 1.3630712833989223 
0.7676682716151543 8.116553951902428E-14 
0.4978016187691671 1.5203719674795895 
0.5901485823868456 0.7009343731013712 
0.5258937123093846 1.338896601976669 
0.8633905002698008 9.44846057156834E-4 
0.47341635817336947 1.7398276813888731 
0.718318704494926 2.024572266127354E-7 
0.42615461184369946 2.165078899419842 
0.9711597253338409 1.1191506608259372E-11 
0.5030709276412337 1.5107531170974953 
0.8291144788476026 2.7294496543047646E-7 
0.9520396306424326 1.867396715766108E-12 
0.42882404121602924 2.140699126236816 
0.5784672651009477 0.8140713169385395 
0.7545986777397619 2.024572266127354E-7 
0.6443346341684043 0.2558698121502982 
0.8732579417634658 1.44337849386565E-9 
0.5274311987653773 1.2734668681223558 
0.4627220564796693 1.8394883375973796 
0.5182455937739544 1.338958105731727 
0.49140214574311714 1.6502715649437505 
0.40332030196386764 2.3780568574487795 
0.48671148112158114 1.6381338889789008 
0.6485692607342519 0.1774740434060481 
0.90533725004012 2.7294496543047646E-7 
0.39487677494771306 2.4512612796435116 
0.410492069997086 2.3175531907055915 
0.6153367187842301 0.4666471538308955 
0.5901485823868456 0.7009343731013712 
0.4946825062107965 1.5754316446444299 
0.40266503218155275 2.3766845896900084 
0.39464243886857425 2.4512612796435116 
0.6934733343631944 0.011878207759288273 
0.9698659828060274 2.1994102193120287E-8 
0.6798956794906222 4.091782420258632E-8 
0.4922140064892512 1.5727227265616541 
0.39915422815310375 2.4151879803475924 
0.6153367187842301 0.4666471538308955 
0.9548572070896482 1.3091653314905327E-11 
0.39915422815310375 2.4151879803475924 
0.6081208609677284 0.5288464868381637 
0.8406267149213803 1.44337849386565E-9 
0.4627220564796693 1.8394883375973796 
0.5405554038677107 1.1469281876143687 
0.6240511218026216 0.4029190744126686 
0.5784672651009477 0.8140713169385395 
0.6081208609677284 0.5288464868381637 
0.3910288409273638 2.488985530701696 
0.8824316547752211 1.44337849386565E-9 
0.5759475782748023 0.8371893900534089 
0.7651915891772724 5.237305089455559E-4 
0.5081322441128286 1.4562789839983346 
0.708754669240669 3.4239744640788205E-4 
0.6240511218026216 0.4029190744126686 
0.8906171148653353 2.7294496543047646E-7 
0.6798956794906222 4.091782420258632E-8 
0.7424456781517972 1.192587213878506E-16 
0.5050096485558944 1.4556490331466638 
0.8517204817311003 1.248554040549901E-7 
0.8446808060108637 2.598275696420692E-13 
0.5405554038677107 1.1469281876143687 
0.5270037084928555 1.2734668681223558 
0.7139948463467904 3.0908943562509765E-7 
