0.9999999999984178 3.0418617191577585E-14 
0.3889438689021448 2.499969596931818 
0.3889438689021448 2.499969596931818 
0.9999999999984178 3.0418617191577585E-14 
0.46781229608767905 1.7919111414084359 
0.6129258311337619 0.4897053923053895 
0.41123038424222175 2.3097108565631386 
0.592290387305377 0.750743047289289 
0.6255208118752338 0.37543238572305027 
0.6604459875911987 0.05676597064181926 
0.5199226346363832 1.3304090373266286 
0.8133340564647787 1.1879842304932169E-8 
0.8322497181424973 1.9505424971597365E-11 
0.4568249487239537 1.8969308457438152 
0.5050571905225019 1.455308051935504 
0.4031453510486829 2.3726392680536663 
0.4162475936510095 2.2626168496441053 
0.40679657577743905 2.372645028054941 
0.8023783705967916 0.009329986518235911 
0.5966446631919549 0.6307421930246919 
0.5151944054248726 1.3770814495089725 
0.4320568361070349 2.112613541545019 
0.545951201864818 1.0942395203753013 
0.7848125509900779 1.7249556221201293E-6 
0.4995755174374318 1.530810140751699 
0.5840171376609158 0.8234384199831054 
0.5093607894751144 1.4233199008502464 
0.6416329996248964 0.23246254853738427 
0.607315258968167 0.5601640920842778 
0.6923888832347108 5.490104896737624E-4 
0.9685581207138021 6.066972111266223E-8 
0.5537348140611588 1.020120100637437 
0.42202428420803395 2.205030970495527 
0.4264901976201145 2.181367538232335 
0.8880153999586686 5.351062899379979E-12 
0.9824939073614692 3.0418617191577585E-14 
0.5361507947302151 1.193353078728523 
0.5318774147865177 1.2274932469312572 
0.4860725700180252 1.6305334229085702 
0.3891097784641944 2.4989063195142456 
0.4794683425756173 1.7040708126769075 
0.9569098443462978 5.809970179876986E-7 
0.42964370709243715 2.152892875918262 
0.4207713926743744 2.2577000028401795 
0.4843782704055028 1.721030535401546 
0.9452002193681833 1.8559851927557602E-7 
0.7463739995940473 1.802195588638927E-9 
0.5772577727095042 0.8138329583033621 
0.715719490585975 1.802195588638927E-9 
0.7263355043942548 2.1619129639058015E-7 
0.6025481214924043 0.6109307738600055 
0.4568249487239537 1.8969308457438152 
0.666895417002078 1.2874209620331663E-13 
0.6520530103345427 0.14693075479671058 
0.567540610674074 0.923393523741035 
0.639037850277441 0.25773575143931216 
0.39564630879203505 2.459082975281634 
0.6782660740388426 1.2370201529793675E-5 
0.5626285298557323 0.9373643670623836 
0.6520530103345427 0.14693075479671058 
0.4953946132286783 1.5415569631684383 
0.5415545886577443 1.1467534920355904 
0.47410166780761615 1.7574707502001523 
0.39767142065687355 2.4223761797220247 
0.6363701518348728 0.3599150369652615 
0.9183744235758375 4.6275293457107193E-10 
0.44140249487746164 2.0320587130707164 
0.9032109738269775 4.6275293457107193E-10 
0.4498479575341752 1.9885543083503556 
0.44640078651432064 1.9839796438682655 
0.5583927996204967 0.97786895457846 
0.444319763679185 2.0320587130707164 
0.9934648633203792 3.0418617191577585E-14 
0.8728614301178013 1.7249556221201293E-6 
0.4888759008665882 1.6068342939116693 
0.526621571925198 1.27178489369664 
0.9333289107805681 1.8559851927557602E-7 
0.4732495991689984 1.7584324518293228 
0.7602007659223251 1.2122841831291447E-7 
0.39564630879203505 2.459082975281634 
0.43787265922105095 2.062623215076561 
0.897587373552456 2.0429067944683493E-5 
0.9153802715047273 1.5511365496514122E-6 
0.5729350877355295 0.8838247480105835 
0.526621571925198 1.27178489369664 
0.7743945956256212 6.4205873243922315E-6 
0.45167417630740053 1.9357085114714425 
0.770368173682971 2.774985846071125E-7 
0.39767142065687355 2.4223761797220247 
0.6335319455798643 0.36555092416008994 
0.8437417421631561 4.5249462502145767E-10 
0.7053213451848399 5.490104896737624E-4 
0.7027051079752665 1.1652987747564823E-6 
0.5451448536034853 1.1467534920355904 
0.45167417630740053 1.9357085114714425 
0.6744102169419456 1.4581283272073245E-9 
0.8574623942570878 1.9402267456413628E-7 
0.9349026774654361 3.0418617191577585E-14 
0.557345005078259 1.0213245458631302 
0.49237580332818276 1.5814422204172258 
