0.3902328669226238 2.5112818918405306 
1.0 7.17999317092413E-12 
0.3902328669226238 2.5112818918405306 
1.0 7.17999317092413E-12 
0.6948513345076018 9.976694625486553E-6 
0.4647342861366477 1.826845505569648 
0.6203217944236463 0.4648464118619501 
0.9199714247869952 1.5491720115626066E-9 
0.6432381833202518 0.22300755384380072 
0.44530903337253813 2.03522978631467 
0.6097533619088654 0.534739764960266 
0.6669915600516385 9.984971642639588E-12 
0.5131795041945895 1.405978891961936 
0.4706131688390556 1.7694579785380884 
0.481604854212555 1.7310088879297618 
0.764107474366003 2.2392864482689845E-6 
0.7738977828818521 2.1752169739665904E-7 
0.39785991184985137 2.4194157233145783 
0.9379600350763011 8.764304149759075E-8 
0.4586373839316566 1.8738467086333555 
0.5467290611498992 1.118747573628864 
0.5067783096078582 1.4497925884653107 
0.9033979406721331 9.166513985716662E-4 
0.7449536036498059 4.4115543832996384E-7 
0.6492677429162186 0.1687302721084054 
0.8731153366616742 1.587375110649325E-4 
0.41629174195199603 2.2660357650720413 
0.559756318302232 0.9929979110036414 
0.7928968996918766 3.773461452907887E-7 
0.5358846199902332 1.1778106115579972 
0.4197518141503302 2.2338192846779106 
0.57312718178145 0.8464215836123463 
0.6549804897135354 0.11144639057947647 
0.4897350591355497 1.6037446403908473 
0.5413275341080699 1.1485007561024374 
0.43005198080749873 2.2123187130946276 
0.40608786043255074 2.345697900970323 
0.48460234229379795 1.6401535322047711 
0.7057563630840027 2.4800421838282356E-5 
0.716186471524773 8.28999959213862E-4 
0.45588681813722 1.902850390784422 
0.5816057485125901 0.8469779388551952 
0.889449920520927 3.996237339710919E-9 
0.4529614543580678 1.9489080609407958 
0.43053576053616344 2.125968056820279 
0.969142919671409 7.464765376740483E-12 
0.5924666425168665 0.6692980436304586 
0.5012929159029678 1.5567103881712518 
0.41295005885749797 2.2918210331281315 
0.4490641338028287 1.9591092599129019 
0.7271427003224057 0.002029456476199454 
0.5323264997670679 1.2348221796380203 
0.5850262357810936 0.7369794597299117 
0.44606258565866586 1.9897838829489318 
0.601761585216436 0.610796797138936 
0.6325272648022534 0.3081727734541375 
0.8646391679866982 1.5491720115626066E-9 
0.6063907459787021 0.610796797138936 
0.6325272648022534 0.3081727734541375 
0.5974661562659775 0.6801600763945442 
0.6252219201064484 0.3743196660918263 
0.8544101969602294 1.4158917724305406E-7 
0.5614053634283576 0.9526256299613052 
0.8315659174548413 9.948382567335972E-6 
0.5678176754915344 0.8959423912258584 
0.9869650279898635 1.1271158524645756E-7 
0.42487831857867875 2.2339193320208777 
0.4112652310007167 2.3159081690653722 
0.4362113819038308 2.076759974576861 
0.4362113819038308 2.076759974576861 
0.5519008039063147 1.044394232450972 
0.585982280854881 0.7304986343057664 
0.7975024792179793 4.683206830565352E-8 
0.5251485296213274 1.2822474349980086 
0.402850209887659 2.3915507970171053 
0.4092044555402755 2.345697900970323 
0.5517560294180668 1.044394232450972 
0.39461734078306476 2.4642885313395917 
0.8264235225129399 0.010547459313435311 
0.3958472598908495 2.4642885313395917 
0.5662246998144659 0.9180961364318764 
0.47437318117820054 1.7310088879297618 
0.8432478555537737 9.976694625486553E-6 
0.402850209887659 2.3915507970171053 
0.8160624245906897 0.0022050173048940858 
0.4947870963885798 1.5654466063200503 
0.42488469458211997 2.1938918665575535 
0.5020440043565004 1.497960358649405 
0.5052942805479057 1.4996312404285363 
0.8948061815409458 8.737781698631587E-8 
0.48687943044167453 1.6364276127520134 
0.7349170941842208 2.4800421838282356E-5 
0.6252219201064484 0.3743196660918263 
0.5234493688034937 1.3345544454474498 
0.8098290386569597 3.8337358070354884E-8 
0.43512164011359106 2.1265026668644387 
0.6604759581616879 0.06297372172843652 
0.9609385617270249 1.9160514743302235E-6 
0.6604759581616879 0.06297372172843652 
0.9818853886112617 3.928391125355431E-6 
