0.3909377703537333 2.482626564412999 
0.3909377703537333 2.482626564412999 
0.9999999999999505 2.1303748436179354E-11 
0.42202340436483216 2.2046696905115217 
0.9100516946729973 2.301637342369267E-4 
0.5545597727124937 1.0096635167056942 
0.5731762622276686 0.8432953352964523 
0.6032865341878928 0.575657914232421 
0.5492464013317391 1.1341190801682715 
0.4285829135171924 2.144830939724994 
0.6249205495003365 0.4789571012037822 
0.9857731759792974 6.004192362687316E-4 
0.5831628477953165 0.7657190221047305 
0.87855478047416 6.49065119075773E-6 
0.5337249309650715 1.2015722077493334 
0.5647018259746709 0.9929917199422321 
0.6398463290110403 0.24177283962949714 
0.591005834449444 0.685359809410265 
0.6300651575255665 0.36918345986276174 
0.4530264421825753 1.959075007065004 
0.6493154070531736 0.2096520672870723 
0.4941564393584317 1.5761026229641624 
0.3960443137065726 2.440820757760062 
0.5202325782778997 1.3381307358016359 
0.9456694902833527 4.007995626705851E-7 
0.6332069499243761 0.3094334652073799 
0.7992286414521751 1.3353103614852286E-5 
0.5027858272464599 1.4807678595646063 
0.4623705754397808 1.843602720252405 
0.41499247278294515 2.2969044031995427 
0.6530853356563627 0.1254265462897998 
0.509241435982743 1.451122097483734 
0.6140376614129252 0.48289878918404006 
0.49088049773477316 1.6091990975222124 
0.698031981831139 2.562633372728489E-10 
0.4859571711605954 1.6458590304366418 
0.7661305112191789 1.4352719350084788E-14 
0.4757910721415598 1.7322803659470911 
0.4312103231013417 2.1207093227846285 
0.6610688612009654 0.058322981379514194 
0.5419325641616634 1.1341190801682715 
0.9639231707446139 1.6213595100203482E-4 
0.9675737476810664 4.6312262731692725E-6 
0.4655493258822335 1.8176117523603073 
0.47945118611189275 1.693771041423656 
0.39832168640234455 2.433129121312376 
0.8532005437190129 1.3991614241896633E-6 
0.8167162092342536 5.051680388243524E-6 
0.539170052522178 1.191117157263628 
0.43758832076461973 2.0954739998703924 
0.4558169388155898 1.8991453598243786 
0.39098654414741846 2.482626564412999 
0.4688116513734282 1.780858127063662 
0.446694595826577 1.9952307857440874 
0.5878510215007028 0.747839619299406 
0.7791075562603106 1.0785156266541056E-11 
0.7097043263914984 2.562633372728489E-10 
0.44152543701266544 2.0448945282249786 
0.7431276101284805 4.8900712805682185E-8 
0.5263615637201506 1.2743079083220605 
0.7268357541884147 2.488359127022927E-7 
0.6013591119944706 0.6451625555395706 
0.4823958523921794 1.6659639550342873 
0.4017452013688522 2.3990432701607824 
0.4431769192597993 2.0448945282249786 
0.6718835154513644 3.208215698036025E-6 
0.40309309680317346 2.3951277011100807 
0.4487865297496005 1.9897230185014982 
0.7164507735408855 4.028919176394651E-12 
0.520819468932973 1.3206128900200775 
0.4163606593489916 2.2567738680820146 
0.43544062271996997 2.0954739998703924 
0.5115558588604441 1.4083779503672862 
0.7339989196435575 1.769745212231512E-8 
0.4988723726455991 1.51085909542528 
0.5263615637201506 1.2743079083220605 
0.5674377732037967 0.9012170372907782 
0.6609133984627072 0.09881494322947637 
0.5115558588604441 1.4083779503672862 
0.4057122469171203 2.3496941391335593 
0.45913864220974243 1.903299058864601 
0.4062146050729638 2.3496941391335593 
0.5670640184042841 0.9089975180158844 
0.7522363639377772 5.054210139635983E-12 
0.792156823154017 1.0785156266541056E-11 
0.757369266097843 5.051680388243524E-6 
0.9191866845468892 2.301637342369267E-4 
0.40995204520246314 2.3189894588683906 
0.8425649571302126 2.134004656165242E-11 
0.9990931754923205 1.7930244362887593E-4 
0.4163606593489916 2.2567738680820146 
0.87855478047416 6.49065119075773E-6 
0.8297007715632331 6.011538041386896E-6 
0.9243696991133159 2.1303748436179354E-11 
0.9327579770571827 2.1371132806341924E-11 
0.7855581600768865 0.0066388062115531055 
0.6774193295444202 2.558431490640145E-10 
0.6140376614129252 0.48289878918404006 
0.9379508540879957 2.301637342369267E-4 
0.866518437381439 2.1303748436179354E-11 
