0.39126097682355615 2.4788309320353252 
0.39126097682355615 2.4788309320353252 
0.999999999830394 4.568691394786481E-11 
0.4359188533613859 2.115634536577153 
0.5787435386099562 0.7913514590776406 
0.5311333835805008 1.2231084357792676 
0.42915526887471933 2.1433317236655838 
0.40444111522754955 2.360756118258358 
0.599910864774225 0.6120500627756547 
0.7120774117354858 3.3243227644342904E-6 
0.733302388944338 1.900982560040414E-4 
0.8236431210040625 1.3007972560132166E-5 
0.45442594340916653 1.9435466382639242 
0.9051613775987513 6.543667133292172E-11 
0.5501406242735843 1.1136795256108165 
0.8930535319439794 3.811189815531302E-4 
0.8404801930508807 2.2737886980785538E-4 
0.40089689755292246 2.4266585676213044 
0.9458616672795871 6.543667133292172E-11 
0.9627908764681987 1.537524824161713E-5 
0.6211267461626843 0.4115393593955684 
0.9234684879229371 3.6050211081488435E-4 
0.5054974743755216 1.4588766850523627 
0.43956641768915466 2.0523696761755432 
0.5219644927100588 1.3223057213293106 
0.8096765537946209 1.7199819669185847E-9 
0.461477984509088 1.88216745619187 
0.5903467705978265 0.7164440235686759 
0.9785395590391666 6.543667133292172E-11 
0.5398192060072544 1.1451643204435142 
0.6394915804686403 0.30112118587364123 
0.4480478911684443 1.9905259356220835 
0.6520515288102879 0.13691849418981067 
0.5656283610635844 0.9103481304083517 
0.48906429668067086 1.5991449897500758 
0.4566005152635296 1.8985894091356394 
0.6313128574299636 0.31883225897491974 
0.5732855795945219 0.8413239281001883 
0.42725025110843246 2.2151336245077173 
0.4834323999080873 1.6957565167757713 
0.933100624893747 8.96763177458518E-4 
0.6290402812039538 0.39602783370749806 
0.5592526747207573 0.971423712661904 
0.85452036307826 6.640025091953179E-11 
0.7930588447951764 7.78126452161132E-11 
0.6604531557555474 0.08393688243740428 
0.8746094555866349 3.811189815531302E-4 
0.7023745804963873 1.3486413757577508E-10 
0.7702077249986661 1.3007972560132166E-5 
0.6139002475374871 0.4938440328166932 
0.395455707397657 2.4870373247580173 
0.5521910407196368 1.0469860370011652 
0.4998299431079437 1.50416065419559 
0.4791247123203814 1.6957092568418202 
0.6508974235170255 0.20407773971437648 
0.6665904211467629 0.004262640995044253 
0.5720829751276767 0.9032009247720818 
0.8754445705431458 1.3007972560132166E-5 
0.415775105770005 2.303456969270213 
0.4452982891238173 2.0666395082795948 
0.4788680311630181 1.7721783491575531 
0.4461179995290636 1.9905259356220835 
0.42218531453199754 2.2168585392761315 
0.5398192060072544 1.1451643204435142 
0.7989479827806827 7.902259152197111E-4 
0.5162751560028039 1.3559105563951865 
0.464401702927545 1.8286556106214502 
0.4117846279462832 2.342937485009469 
0.4705419372738373 1.7727401193819756 
0.464401702927545 1.8286556106214502 
0.5618373728323817 0.9770346140121096 
0.6045948863418632 0.5781348232772677 
0.41922423145314236 2.253641364220109 
0.5101285402042832 1.4088788158248444 
0.9753436556361028 7.064497105138115E-4 
0.5013927745363382 1.50416065419559 
0.5101285402042832 1.4088788158248444 
0.7554808675114261 7.064497105138115E-4 
0.6921944646261773 1.250802590331702E-9 
0.4733526711633845 1.7464807979119283 
0.48906429668067086 1.5991449897500758 
0.49392992291490684 1.5585203454768972 
0.39643218855279583 2.4370392459401757 
0.6665718726927183 0.08675830859452496 
0.8530466424715677 2.938323893472332E-4 
0.4080323529102023 2.3283063748815453 
0.758367503166367 8.862375455125147E-10 
0.6882746557940765 1.250802590331702E-9 
0.5270438486027332 1.280711488600308 
0.6118276614015474 0.4938440328166932 
0.6755120053986865 1.250802590331702E-9 
0.5896345361775001 0.7164440235686759 
0.6794657374368136 0.005215952204498775 
0.41250030222770456 2.2903751913347152 
0.7437999803730861 1.250802590331702E-9 
0.41922423145314236 2.253641364220109 
0.6442784912342057 0.23628535949432472 
0.39828317912479166 2.445486017498336 
0.6045948863418632 0.5781348232772677 
0.4942316196411577 1.5585203454768972 
