0.39127063023884917 2.481998806588447 
0.39127063023884917 2.481998806588447 
0.9999999999752962 4.9430241085185006E-11 
0.5029443760865656 1.4791856012715112 
0.8316614026970346 1.323457230634533E-9 
0.601860507076597 0.5902083762709108 
0.8575755673037662 8.415230762618359E-10 
0.49453493512522306 1.5611696299294155 
0.9082111922692706 2.0681531814567608E-10 
0.6616264924856141 0.051185087421657505 
0.5922293414016961 0.6734237172472675 
0.6087951425198402 0.5214718748713671 
0.7279390841045073 1.6767307294480278E-5 
0.5772862660538702 0.8367243637416742 
0.9258201719414582 6.454093541026761E-7 
0.45380838914354377 1.9801069262670739 
0.46515345667123725 1.8186073780737222 
0.553788740323801 1.0230999254007231 
0.7489746448906852 1.8772072165351705E-4 
0.47227399427214933 1.7523698395118383 
0.44437872953822843 2.0118284370261623 
0.52644253773362 1.2833908899556474 
0.8900044456791035 2.0681531814567608E-10 
0.48847752220111873 1.6431364499698877 
0.4809035897414059 1.7434519627850922 
0.4814093843378257 1.6734423795056252 
0.4567536840499275 1.8899670635282753 
0.4080561214054485 2.328589218036195 
0.5824902469098234 0.7646573128301085 
0.46005287376080173 1.8791166454602208 
0.6335638420193466 0.3004941424614621 
0.5694109902034237 0.8757491414851639 
0.3955245801569665 2.463680825557387 
0.4423364865754952 2.079970809941415 
0.4000564713585634 2.400607596965453 
0.448333587800044 1.9792017765968029 
0.5355966904048817 1.2163883805294382 
0.7682011479815595 1.8772072165351705E-4 
0.8671714970420887 2.3274957288940743E-10 
0.8804696690574645 5.380630622471837E-7 
0.47141538463817406 1.8186073780737222 
0.6157444329047226 0.460585240093583 
0.5308456898804016 1.244067204762707 
0.5602677149121058 0.9730473465227497 
0.8199203669043906 1.3624460428133191E-9 
0.3977725765459383 2.4341076048299377 
0.6502416177604652 0.15598093589537138 
0.6502416177604652 0.15598093589537138 
0.49044490416298075 1.5876700475868522 
0.5504829077201445 1.094696344848519 
0.4107068458214451 2.3177457375125026 
0.539032953820558 1.1567739697785504 
0.755175075480301 1.8160474284926244E-4 
0.42791734623531397 2.151339177621139 
0.40445438961948765 2.389985640453346 
0.6746213448706664 2.4123060105609765E-6 
0.42369174806520926 2.204440324638054 
0.6855641692176382 1.6767307294480278E-5 
0.6406275620214238 0.24363729024040343 
0.437104983671267 2.072309653337286 
0.5195100522183782 1.3247922316504561 
0.631310146549834 0.373985600480389 
0.5672153087926745 0.9319952692171249 
0.9831851730479786 9.758351231951505E-10 
0.5441187675439885 1.152288086686217 
0.7777634092419976 7.467083089367026E-6 
0.798299387941035 7.276869290403219E-6 
0.41353095851970056 2.2786906967982707 
0.6406275620214238 0.24363729024040343 
0.5450900279163071 1.094696344848519 
0.7843515491310614 1.6767307294480278E-5 
0.4188003856214891 2.236486161509065 
0.5089677689014821 1.4331356264798991 
0.5075827264899796 1.4331356264798991 
0.5133172127734603 1.3816253628638162 
0.5133172127734603 1.3816253628638162 
0.42369174806520926 2.204440324638054 
0.6917937708485237 1.6767307294480278E-5 
0.4188003856214891 2.236486161509065 
0.5195100522183782 1.3247922316504561 
0.6251951564588933 0.373985600480389 
0.9737606422214966 8.336126709639885E-10 
0.5889815319725111 0.7413556016072524 
0.700752276803165 0.007231315487467749 
0.565838323507786 0.9758199097835241 
0.7935582884570542 1.8709953565846307E-9 
0.955431960823985 5.327771560899574E-7 
0.6228141156602796 0.42159038577057883 
0.7166211187743319 8.712984197760203E-6 
0.42885731478109984 2.151339177621139 
0.6221781995404574 0.46324928945604055 
0.6677364045042871 7.27537742131896E-5 
0.41467439008668416 2.273199973030394 
0.4322705568812318 2.127688647852373 
0.9385930277773379 2.915554319835662E-11 
0.7193789003221926 6.180376073028062E-6 
0.9678280828873479 1.1129372834071189E-10 
0.707095406329008 0.004148588298563793 
0.40445438961948765 2.389985640453346 
0.809813338885172 1.3624460428133191E-9 
