0.3901943924234479 2.505092835751745 
0.9999999999984072 3.9004347251869546E-15 
0.5377650015297922 1.1606512857794749 
0.53248228500133 1.2332720068715477 
0.6220148891537659 0.4197769659482803 
0.5077173776818891 1.4803333457080918 
0.5557112366272344 1.0066246499785803 
0.44491209624264594 2.023856745884777 
0.4777077766998001 1.7088012512360735 
0.4960848942281594 1.535490960638541 
0.42649165143371015 2.165049786314052 
0.6114243728056221 0.5530946270845003 
0.6033579114791334 0.6470840283862355 
0.3940993199442277 2.4611970313656517 
0.9508669970159799 2.7473826654605363E-6 
0.4317953268360957 2.123286472667111 
0.6132916936923163 0.48715366616434275 
0.6459857250067836 0.19073473804642138 
0.47077176377775415 1.765589679896161 
0.5851134428771776 0.7504022515606973 
0.4232351221877252 2.2022787762454112 
0.5927267832983131 0.673739512313192 
0.4384288019598541 2.066888292415822 
0.8776600092143718 1.363907577656637E-5 
0.5648496145981566 1.0064722979189276 
0.6354869903515421 0.2864452946465097 
0.8215892824114064 6.183500306347275E-5 
0.5655409991823377 0.9149806561047606 
0.96339965658758 1.6174401272430958E-5 
0.4000933100669471 2.406283721135356 
0.45232585838735573 1.95426075858574 
0.9338529488400162 2.7473826654605363E-6 
0.5813640221425261 0.919156821512837 
0.4369062784975559 2.123286472667111 
0.9874265885003926 1.067412358117234E-5 
0.49268862770434235 1.5969480272130565 
0.45857569753381894 1.8737849093773684 
0.4136079430393586 2.2796415301336017 
0.6415741600453251 0.24384038781324402 
0.5478098557732223 1.0789938580444043 
0.7359502261398342 5.858823728025817E-7 
0.847295258088613 6.183500306347275E-5 
0.7451578878433726 7.822876458133575E-9 
0.4635973845653725 1.8302013437367364 
0.4729315900718187 1.765589679896161 
0.5718420570089355 0.8878020648548038 
0.7841606010570811 1.0132171188929044E-8 
0.7245583476752139 5.874531065112001E-6 
0.45232585838735573 1.95426075858574 
0.44226913676319 2.0335822050356662 
0.6628634134741193 0.037086323207143335 
0.6839494719270336 0.003955861651261581 
0.909175622935489 9.488417475071526E-7 
0.5118067894409818 1.4803333457080918 
0.40318358588577785 2.3839255308382565 
0.4143884387083728 2.2725756467525295 
0.9013707011686325 3.29088823061009E-7 
0.5243355952251957 1.2873843257430688 
0.41860270422483037 2.2367462798582163 
0.6587714585949008 0.12032373278528574 
0.6314582307914569 0.3635937994884434 
0.4635973845653725 1.8302013437367364 
0.3902207052141657 2.505092835751745 
0.40878054909733486 2.3290119082501404 
0.5119922796041021 1.3927820067245351 
0.8641452210070258 3.426583292676479E-5 
0.3998990318637722 2.4733848708296526 
0.5151552175173457 1.3906392518477908 
0.40878054909733486 2.3290119082501404 
0.7561195273991013 3.3471156380020565E-5 
0.5243355952251957 1.2873843257430688 
0.5955107913999852 0.6470840283862355 
0.6751465985386175 1.1893156737855818E-7 
0.40640055482658743 2.3854004471403485 
0.5466639966206359 1.0802455944727338 
0.41982689925694805 2.2367462798582163 
0.5814835788626493 0.802726948698167 
0.7175228780129447 0.006041657909434228 
0.8093753259134897 4.1075725533602694E-4 
0.48297547690429143 1.666252334596607 
0.4573589012652045 1.9016332705695826 
0.7945036331309012 7.798314894878451E-7 
0.5188333016508719 1.3429736230244644 
0.7042122006323452 3.483674959777936E-6 
0.5188333016508719 1.3429736230244644 
0.843080393579704 7.671291039271162E-6 
0.8645301486957828 1.363907577656637E-5 
0.6934052903484135 2.914146601992551E-6 
0.9277581544934868 2.2028348382915045E-6 
0.7096388688483188 1.1893156737855818E-7 
0.4876962762269774 1.6333522087157044 
0.8891561490097415 9.56511680618578E-7 
0.48297547690429143 1.666252334596607 
0.4876962762269774 1.6333522087157044 
0.7982240061202479 0.0034434126332323345 
0.9772258212965311 0.0019300299193498738 
0.8334189824160825 7.671291039271162E-6 
0.7748401611111775 6.661421018763221E-8 
0.6564656831935393 0.1419916931299814 
0.6314582307914569 0.3635937994884434 
