0.3901211299758367 2.502097821234438 
0.3901211299758367 2.502097821234438 
0.9999999999830619 6.644355204921126E-13 
0.710815253341023 2.4222290502598552E-5 
0.6835629502031026 5.534161738096621E-5 
0.9149487421003855 6.85170843672811E-12 
0.6534414486903812 0.2265099300197549 
0.5853606727637618 0.7362038973197309 
0.45053016554935493 1.9554374939156927 
0.4062595802306234 2.3649017236422347 
0.39308805912672296 2.4658570860734397 
0.4948411846746162 1.5969848150055383 
0.6377046347731194 0.26321044628323775 
0.49981516965719813 1.5023530150502558 
0.4575014269707335 1.9275715132692868 
0.934096693634862 6.85170843672811E-12 
0.8987581031873147 5.330322106919484E-5 
0.47227647837116427 1.7722482859279094 
0.9544749339951594 0.004825254882027887 
0.5222379660398078 1.302352529115761 
0.6070522239605346 0.5696965649001057 
0.6555024097771585 0.12900105841109538 
0.5164726635989166 1.377875349596903 
0.9736469283073653 3.748079971388485E-12 
0.5123719296316736 1.3967850558543515 
0.5970490004226462 0.6275952192348876 
0.5308104540795991 1.3259040506843844 
0.6651422734258972 0.07911320546766043 
0.5438422866854928 1.1217491240695332 
0.39787371179220704 2.4331786397819037 
0.4668321345958333 1.8003260008202089 
0.621746513316032 0.4225972780762767 
0.4595293190125246 1.8738335495602756 
0.41156566765701014 2.2977717961773765 
0.6349837591594111 0.31306405357090655 
0.816639285950069 4.540224099458534E-12 
0.4270069991470645 2.1592220564803495 
0.4078195736150852 2.342237099909878 
0.7756721829360748 6.686277220746199E-7 
0.4145234538771913 2.289513974941258 
0.47601065734019904 1.7172285969707506 
0.793561872696245 5.262127539262806E-13 
0.4423070408368972 2.021382849065179 
0.49079701589720987 1.614821149687442 
0.4867673943903736 1.6584729459786733 
0.9818379953650878 0.0032092222813310256 
0.5570323941756887 1.0057198164044836 
0.42150868209789294 2.2110995145927665 
0.6671127184543948 1.5844099037086445E-4 
0.8359091963074137 1.3503365200973376E-10 
0.42584938926681964 2.2112276167486717 
0.4345395308175983 2.0893705114398755 
0.4318990453944415 2.144443106001214 
0.8859666105067174 6.541559554529286E-5 
0.9446986496302824 5.61578815540904E-13 
0.5321154209756713 1.2142903866256285 
0.5507261167648426 1.0920665133722234 
0.6046724875092166 0.6275952192348876 
0.3992814434729269 2.407291196108061 
0.4809802906045939 1.7182720819048098 
0.48672725370613973 1.7172285969707506 
0.8548784331940185 5.62588578641133E-8 
0.5761838983011058 0.9105824464542283 
0.7559640502541357 0.020605224956393484 
0.7992438159157641 6.142797188556681E-11 
0.6314829008932512 0.4175538277844696 
0.7393838090969614 1.3503365200973376E-10 
0.562572869770567 1.0057198164044836 
0.41777659698801994 2.2414303134689417 
0.5050459064282795 1.5023530150502558 
0.5770471228755194 0.8404905380595266 
0.5770471228755194 0.8404905380595266 
0.5334020272697049 1.2056893972966618 
0.5549523983059842 1.0920665133722234 
0.8664921010029661 1.657090996993789E-10 
0.9957994701545536 0.007642964570043731 
0.4423070408368972 2.021382849065179 
0.44587784916669804 1.9968325063646148 
0.43362109425922385 2.1196742150049723 
0.5895552843165834 0.6942200682802595 
0.7630041622960754 2.4222290502598552E-5 
0.5058567209403 1.4512495420304123 
0.5384375163957694 1.1638351429492575 
0.5895552843165834 0.6942200682802595 
0.46448257042647706 1.8508247567416398 
0.4181801411359128 2.2374816724616178 
0.5389023632326072 1.1638351429492575 
0.7707147440086594 6.271163671655792E-7 
0.4345395308175983 2.0893705114398755 
0.3992814434729269 2.407291196108061 
0.569523049037743 0.9105824464542283 
0.8343103410247961 2.3861404185528774E-7 
0.6140167672747603 0.47744946703179625 
0.5058567209403 1.4512495420304123 
0.8548784331940185 5.62588578641133E-8 
0.720562741962389 6.85170843672811E-12 
0.563623975536479 0.9397872823853031 
0.44587784916669804 1.9968325063646148 
0.6296646124765979 0.4175538277844696 
0.4646309008394013 1.8485084174937307 
