0.39240241032347123 2.4699431453412 
0.999999999992875 4.707969405016359E-12 
0.39240241032347123 2.4699431453412 
0.480336993774928 1.688407145233387 
0.7169888824380398 2.9464245839794684E-7 
0.7535886747575546 0.0038808924403840317 
0.5974528223241532 0.6295416614419856 
0.6357221852595207 0.28956002995877017 
0.39741051557274354 2.4248235877916238 
0.659184867300942 0.073323597198233 
0.4865406989043536 1.6244567840832793 
0.5747428397060473 0.8568910664287417 
0.5433466285215531 1.1159960003813825 
0.4688331880080491 1.7941211312165133 
0.5183557604531508 1.3403229400739567 
0.5673942314252932 0.899670404320439 
0.41957926467784 2.2289538644176354 
0.43851619250061735 2.1081672414167363 
0.6144111744634455 0.470536290441551 
0.4010613273788058 2.392291699972846 
0.5913855045149803 0.6971462061627505 
0.4236995410511276 2.2052480684505302 
0.4075586321625987 2.3406169843132476 
0.5856011560850523 0.7297020873814604 
0.4904706101460952 1.5992331976831324 
0.4407884977353668 2.040784174703928 
0.855768405499398 5.1460570339397806E-8 
0.548648323761202 1.1039508698541396 
0.8755558742621355 6.889319268430227E-4 
0.46511864730898334 1.8308973220805445 
0.6727742139979802 0.05889467153479416 
0.6542474147064162 0.15405740373213195 
0.9117480391165979 3.7918351988671295E-6 
0.4499820399551403 1.9638490922195007 
0.41268980417307427 2.316373557655814 
0.5544410188493931 1.0397463389168347 
0.5283323522105571 1.2779474003955196 
0.41556202935606024 2.2603247024089548 
0.5349835698314882 1.1889835794260286 
0.460822527073655 1.8592743187550385 
0.4585099480665211 1.8982347267595845 
0.7901101692215461 1.874270547400636E-4 
0.8354420364953958 9.909326489332854E-8 
0.5213467826186879 1.3254075769241696 
0.535599234297348 1.1875034666837672 
0.632775596371784 0.462623901758631 
0.5007518283253647 1.5021328199204649 
0.5649872419304196 0.9722357966623801 
0.6059031858510849 0.5590403323929972 
0.39343231635402204 2.4703965150433307 
0.6077260472853319 0.5615010962652294 
0.4449348214710079 2.0292910002644695 
0.6202383831625412 0.45803526572989284 
0.9495838037663191 1.484123537229382E-4 
0.4688331880080491 1.7941211312165133 
0.8918843962464702 3.2324033546533197E-6 
0.9808817686770801 6.889319268430227E-4 
0.43028042750243367 2.1695837159260103 
0.9896104993378105 6.090185368190345E-8 
0.8263962119792161 2.424589328050067E-6 
0.42741897703840853 2.171109795619806 
0.5280930785459667 1.287786603622408 
0.5107474632876636 1.4063809098367492 
0.8802790695957453 1.2043923028982558E-5 
0.4951264645058171 1.5453538097838317 
0.6932031637066988 5.151861792811706E-7 
0.41336699391146886 2.2816113152783144 
0.8005148470461214 3.826118907306704E-6 
0.936850432750407 3.2324033546533197E-6 
0.507816626965001 1.4472784990764656 
0.5588977281322618 0.9729170906563904 
0.7567240006064783 4.742970587994595E-6 
0.4326708157552605 2.1070746302361334 
0.674866600643494 0.002225754612547731 
0.5798601713839252 0.790650768481723 
0.6458331868505865 0.18865793276196652 
0.8479985893998475 1.4780852671008083E-4 
0.5561747134579399 1.0018148594677632 
0.5107474632876636 1.4063809098367492 
0.4951264645058171 1.5453538097838317 
0.6317156601876878 0.47548573359275303 
0.5798601713839252 0.790650768481723 
0.40578166499841933 2.3867630053003284 
0.8057849687588801 6.88834583761711E-4 
0.5042281669167942 1.5021328199204649 
0.5063329955482303 1.4700398641793142 
0.7067479430138953 4.232604025053346E-6 
0.6485930106869775 0.18865793276196652 
0.4540551467411311 1.9223805153581137 
0.933551872824395 1.2043923028982558E-5 
0.8179097711623603 9.832071363611306E-4 
0.9595381676278892 1.4780852671008083E-4 
0.8140954254568533 0.0011659309071857527 
0.9233602907759054 0.004555839922865512 
0.4061099900564253 2.3816959141951433 
0.8991471669302642 3.837112663758786E-6 
0.4328011052989602 2.1070746302361334 
0.6406708887352672 0.2436955053396478 
0.7683899796993138 1.484123537229382E-4 
0.9705701041092244 3.301024179029933E-5 
