0.39002989448408476 2.4927837901221706 
0.9999999999999963 7.845213069420021E-16 
0.4927578162311651 1.5872204718167255 
0.41040426382037404 2.312000001240138 
0.5650304682193187 0.9158105830167991 
0.5001212252656735 1.502754063310175 
0.6458026674544084 0.18852901817118928 
0.5057381617199062 1.5041145165001852 
0.9792276495026733 9.930681441562474E-7 
0.7269653407753178 2.4721445482971116E-4 
0.5751345786995192 0.8338329532278477 
0.6025857752913922 0.5824618873327844 
0.4750721362334335 1.7246809314816285 
0.5383072134488416 1.158828007026233 
0.6120670997189116 0.4930694187646546 
0.5954339979030705 0.6417123665840934 
0.39347655967539374 2.474976316244412 
0.44203127021829614 2.021739158744868 
0.5562330242678176 1.0013489107137632 
0.4616524017529401 1.856055516948449 
0.40014786769637184 2.4125920161754846 
0.7797233985802334 6.898671912673477E-5 
0.7115990858234171 1.55426756022925E-4 
0.48687074596200075 1.6444247574883275 
0.43157738406418905 2.123256805463703 
0.473548407044178 1.8281585676446759 
0.44031438507294063 2.07893697115789 
0.4027674120882765 2.3780221897204044 
0.6384200306833063 0.25428594328673015 
0.44641878404657803 1.992443778246015 
0.7031131549817272 4.6622016999914306E-4 
0.584279246721652 0.7578428532420081 
0.7483263223902789 3.213360929020027E-5 
0.655554867788463 0.12937830699199798 
0.9580702387843929 3.3468571975765966E-14 
0.5298967959025023 1.2355357892093388 
0.5605078533323662 0.9564897289738935 
0.8075082988211836 8.035314985406925E-4 
0.42108404568201746 2.210808519641904 
0.7384261221768408 4.6622016999914306E-4 
0.5359571917127637 1.2205492120121413 
0.5169642451408898 1.3869120265122392 
0.6110368700428848 0.5670832128398382 
0.41755885535322895 2.288304751974417 
0.6254368033360547 0.3741227308630165 
0.6845280876886685 2.2392954861029726E-4 
0.936431279953901 8.556082479318098E-15 
0.42582392398564306 2.1687569941597347 
0.5112526955554504 1.4234290894061499 
0.5194142930444892 1.3265152817790857 
0.4537092379318738 1.980533107181852 
0.6347073606712843 0.294515707921181 
0.6892481976288924 1.240870360680454E-6 
0.42841416732718923 2.1742319476117062 
0.4563228405522835 1.9055882885843607 
0.6291905412684076 0.3378317155609183 
0.47917965736491874 1.712115127580257 
0.46365451674284647 1.8281585676446759 
0.898163325363895 1.903567265563893E-14 
0.7607061782063762 3.3468571975765966E-14 
0.8704235369699981 1.0407340946072394E-5 
0.4691123770626352 1.8196907653066203 
0.6697637955175685 1.240870360680454E-6 
0.5454908949232083 1.1199029479641562 
0.5924294099708591 0.7068100829154327 
0.6214353606251362 0.44279223626271313 
0.42182271414141026 2.210808519641904 
0.4027674120882765 2.3780221897204044 
0.4556602725298045 1.9105893695518905 
0.8471941623679355 1.5416525536460224E-4 
0.5815002442545232 0.7851697068756918 
0.550544712104706 1.0523617192984482 
0.9436673300081073 3.7748723330722853E-14 
0.45287713844709593 2.004306308178255 
0.4816671372970789 1.6720884851039806 
0.4362999206596319 2.1033506348425037 
0.3964083900691844 2.435317045257037 
0.8820612258446362 3.3468571975765966E-14 
0.6647788824264009 0.033165579735732045 
0.7948100551414248 7.313709964466673E-15 
0.5254594006220651 1.27571393490806 
0.8293963304853894 3.3468571975765966E-14 
0.6574056646141895 0.09188831317345397 
0.6615226381542658 0.05507507577753408 
0.5776800405112105 0.8242322908486228 
0.7852031509169342 9.98043613274359E-4 
0.550544712104706 1.0523617192984482 
0.5112526955554504 1.4234290894061499 
0.7607061782063762 3.3468571975765966E-14 
0.5254594006220651 1.27571393490806 
0.5454908949232083 1.1199029479641562 
0.9868601105795626 7.845213069420021E-16 
0.4350452405974969 2.107160737510032 
0.9999188924571552 9.930681441562474E-7 
0.8373058428975725 2.0459884638617649E-4 
0.41311312969401115 2.2831891391189507 
0.9230920242189726 2.4586787778764713E-14 
0.3964083900691844 2.435317045257037 
0.820275693943984 2.4426047035220975E-14 
0.9527872439498895 9.930681441562474E-7 
