0.38908190532121056 2.5002619433317017 
0.9999999999999929 1.8717535627796577E-16 
0.38908190532121056 2.5002619433317017 
0.9483967737426007 1.615385955032241E-12 
0.39558432865984805 2.444137225310121 
0.9191822828160572 8.438932288244136E-10 
0.5442519427242958 1.1075292615185521 
0.5028187767586296 1.484354764420544 
0.625025486983145 0.37632285312372415 
0.9721750137016761 4.437064384302701E-7 
0.5865631309220521 0.7731745964615918 
0.5523414038216131 1.0336399319404226 
0.4217652982234789 2.2131670111396042 
0.462416359657985 1.8446810388954238 
0.4682846045089952 1.7975530981408583 
0.6068311989298635 0.5398792596214396 
0.8549847137221573 8.438932288244136E-10 
0.44079713553830374 2.0359761372193974 
0.5186061787323206 1.3388817545821157 
0.43600675162156516 2.0842367517426252 
0.5252393674191316 1.2740337524930068 
0.6477784548715078 0.27232076713409503 
0.6514644053505894 0.1502840715023901 
0.4053698078461556 2.363824171217683 
0.5640401521212709 0.9660395737334081 
0.45321228531840674 1.9921709289261256 
0.4553238681390883 1.9036570445506622 
0.5942521737674611 0.7037693322813242 
0.7740826398291009 0.0011322776794919212 
0.5994663187288994 0.6131179130247012 
0.514580380983415 1.3699320754267807 
0.6740438394167578 1.3709764236804258E-4 
0.5801431248651848 0.8286038319554686 
0.706763855824522 9.142657303090043E-4 
0.5569767083858195 0.9895380525373624 
0.4776189161368485 1.7179049729694587 
0.7476801382070741 0.001059580244029911 
0.6663835766337087 0.0032564221562680212 
0.400141330735114 2.415428178656021 
0.8960350023986473 3.6849517456840924E-10 
0.9102817988017723 8.415133571946913E-6 
0.44873149864269357 2.062237516207619 
0.4604154631762046 1.9091885828875514 
0.5090316561666487 1.4214638271694608 
0.6122217287685353 0.49361850270690577 
0.4091818847689023 2.3357605523033333 
0.4318117102532886 2.1596961499745686 
0.6605586521122887 0.09195334370515668 
0.4034456516591458 2.415428178656021 
0.8872130394719014 0.0022442059131231873 
0.41804903624783846 2.275921775741406 
0.7295967493989935 0.0180219593816541 
0.7350238199236193 2.525724891864643E-5 
0.8696869562320368 8.438932288244136E-10 
0.5740779154933578 0.8467702256678717 
0.44889056023534635 1.9946924522913316 
0.4877057158856818 1.6191745413472547 
0.4208409470727328 2.2131670111396042 
0.5074071288527737 1.4503557189676717 
0.4756272410365363 1.8007777695305263 
0.6899103570373085 2.259144729232776E-4 
0.8011451378154156 4.072500610269117E-9 
0.49412930711391306 1.5571183335574053 
0.6198275027640625 0.460399377871911 
0.6913951671217693 2.4329845657699938E-4 
0.5695278154384331 0.911310334980009 
0.6379597007229113 0.27232076713409503 
0.4155939089546305 2.3420103214076984 
0.875146606361935 8.952431372076709E-7 
0.531853712931101 1.2235155551911943 
0.4864864878144278 1.6705408198454914 
0.5979303774784055 0.6717673912938829 
0.5381674262510372 1.167768574139632 
0.41603780917739297 2.275009297447366 
0.5381674262510372 1.167768574139632 
0.6561372366137084 0.10449363935473682 
0.8408786483099369 1.3069561501653201E-9 
0.4318117102532886 2.1596961499745686 
0.49412930711391306 1.5571183335574053 
0.47700784800183627 1.7780772886636877 
0.7896068669649882 2.1304534485443736E-10 
0.4815869550054773 1.6664278461947555 
0.8136198038883803 2.166266754878932E-4 
0.8224638007099687 2.099804714744494E-9 
0.9834119354148192 3.9454157052404293E-4 
0.6344886762501508 0.2955213015433731 
0.7583015553602978 2.1304534485443736E-10 
0.5702971936916714 0.8896613741004901 
0.41059597050466806 2.305527039228071 
0.4349520253286301 2.14087808829878 
0.7154059804862483 6.692477372751699E-7 
0.764142321854648 5.1187101879196116E-5 
0.8075828666592957 4.072500610269117E-9 
0.9903127622869375 1.8717535627796577E-16 
0.7896068669649882 2.1304534485443736E-10 
0.4923649633277596 1.602569682414758 
0.6344886762501508 0.2955213015433731 
0.5312585458614778 1.2676782682107044 
0.8323182312843116 4.072500610269117E-9 
0.8284343764490257 4.072500610269117E-9 
