0.3893706251806611 2.495847185959691 
0.9999999999999954 1.2736723196370847E-12 
0.3893706251806611 2.495847185959691 
0.9343674584954335 2.806489151534414E-5 
0.9058728334164764 9.134379966627495E-6 
0.6683573180776254 1.6084505422434024E-11 
0.7123863556226309 1.7596074070461175E-11 
0.4701676215309273 1.7730863807623927 
0.8176303840444862 3.025079618970289E-4 
0.43298674838011064 2.1064846282766245 
0.8376271663400566 2.7041797431764564E-12 
0.565503060584717 0.9119310637957799 
0.65418649013998 0.12149860318777361 
0.8597834296066778 3.1012247031646825E-4 
0.8059997133658852 4.4519487446530507E-4 
0.47630852133109447 1.723566075360659 
0.5876387540725878 0.7619877345408372 
0.6626949001586913 0.044974203040286764 
0.8969895039704213 6.624300364487634E-13 
0.39643731698032303 2.434407370416798 
0.543419469758643 1.1260106216748595 
0.7707803746835863 3.9862317161669717E-4 
0.561403275606153 0.9557539486360926 
0.4231982990798458 2.237684795090806 
0.6216890810365688 0.4212691876100614 
0.9508574111725514 3.2415961756432354E-5 
0.9603111108422641 4.6329645807683874E-7 
0.6045486946700822 0.5616169079242356 
0.4872911433138735 1.6874173274746842 
0.6915281801213133 6.731122107838422E-13 
0.46229930469241054 1.8796123328586445 
0.6310776562303121 0.3228441158586175 
0.505520483103227 1.4525601970977775 
0.4835908868037052 1.7385535122050875 
0.42511509174671747 2.1886117726957806 
0.5929746599902808 0.6658109142694728 
0.4521064839034446 1.9351725331662661 
0.5010882269884332 1.4903316399996571 
0.5209842782611019 1.3271053048377381 
0.6181807991817605 0.5195153544434866 
0.5811245287664117 0.7796357023528301 
0.8480290743321409 1.808176066378984E-4 
0.691933667329082 4.689500595178369E-6 
0.4685937652714134 1.8627482396159585 
0.49555191420998856 1.56472951787766 
0.6285904381129884 0.39782184767889006 
0.39605571786787397 2.5171247327598847 
0.7892905630489575 4.4519487446530507E-4 
0.9949117179239139 1.1482830986118682E-4 
0.610608298645949 0.507597122711439 
0.5567989271834412 1.028848800324305 
0.6013749603608273 0.6287736775955365 
0.41740217333370877 2.245563526940116 
0.514877545503486 1.3688004380467311 
0.42864558955027177 2.16277641841512 
0.49252757801675484 1.6228925799658258 
0.6489939870651553 0.18376062842350946 
0.8779853261903755 6.483413254169124E-4 
0.41492387858146346 2.3064259775717346 
0.4981609095436189 1.5337198235821923 
0.7850381753308757 4.935663349429526E-4 
0.4391010117112675 2.050839483271063 
0.8777432147217163 0.0035802178881386374 
0.43245551692229933 2.1613573221175955 
0.4876699011067624 1.6125108160643236 
0.41042972796145694 2.3064259775717346 
0.5326491188846937 1.2326186275499091 
0.5767277296756403 0.83195185363306 
0.7464178863350611 1.5586838086538261E-6 
0.4424265743579635 2.0325062618029617 
0.9764531967129175 4.768428883957529E-6 
0.5563474416787357 1.0693330746420993 
0.4075051226483865 2.363202372990339 
0.9783045537573285 4.50193629788945E-13 
0.6372728023015217 0.2652743859584965 
0.5266034519594558 1.2668283088666428 
0.537981873229858 1.1643048277323986 
0.4463954797355338 1.9885986257577748 
0.41581055776704984 2.2632692030411707 
0.40729146270819916 2.3638694751176224 
0.7259976282539226 4.689500595178369E-6 
0.5202582602491191 1.367200332315329 
0.5734812797765316 0.8406854845806508 
0.7597136468161136 0.0035802178881386374 
0.44424004466873224 2.0069817971609183 
0.6404037935008184 0.2652743859584965 
0.5977549514224714 0.6686593449020672 
0.7393757007897735 6.731122107838422E-13 
0.5107988580306666 1.4248413867151868 
0.7248566942625783 3.9862317161669717E-4 
0.4630907598069959 1.834106749775282 
0.5121898190652986 1.4248413867151868 
0.5480642386087315 1.0693330746420993 
0.4025773744738696 2.386688353726045 
0.4025773744738696 2.386688353726045 
0.7566860016282032 0.0035559957315807744 
0.5266034519594558 1.2668283088666428 
0.395712426381833 2.547556396339313 
0.5326491188846937 1.2326186275499091 
0.537981873229858 1.1643048277323986 
