0.3904635803799695 2.4867731014793697 
0.9999999982306053 3.8277232483752335E-12 
0.3904635803799695 2.4867731014793697 
0.556659771746864 0.9923154289545766 
0.5679604240925968 0.891712933675762 
0.4286090474159969 2.198292271382482 
0.6551845112248303 0.10498653985769152 
0.5309530790889951 1.2453271225980271 
0.44694246779012603 2.0085431929365387 
0.9336474401508628 0.0095643328805812 
0.5750449890294409 0.8273473631134552 
0.4314928917672103 2.1186688006147456 
0.8396435464036522 1.5427905113661707E-8 
0.3958327033718808 2.4766122399762485 
0.538173905880387 1.1884337956401505 
0.45400653560978405 1.956023851062926 
0.4991668272721668 1.507936248903861 
0.9616816030606093 0.005697406255646298 
0.5073936943240194 1.4978051979437175 
0.9792482963102612 9.86142088579313E-7 
0.6681020460530712 0.0045487126395059585 
0.9093785272365015 1.407196834090607E-7 
0.6839227320835943 7.627882711992612E-7 
0.5157816726923423 1.3814681678601082 
0.5460964393966791 1.1724850427010458 
0.8607538899524863 6.43729129837867E-5 
0.4002647213242884 2.4209793994124524 
0.5486797779788778 1.0626274937034093 
0.4615939211479718 1.8536227518718278 
0.435757463238001 2.0816667638933275 
0.6212954171309473 0.4213644732298637 
0.49440087201882243 1.554560422472354 
0.41946373053730834 2.255387524619482 
0.6076890507672789 0.5693615814369678 
0.7273499617844876 1.3528265097811358E-7 
0.73955453930091 3.8923456465661574E-8 
0.612011583939857 0.49391574946400896 
0.5186037402078627 1.3359297507778862 
0.5974740889717179 0.6775660842322477 
0.4871482477139044 1.6194699755010302 
0.8002076685406382 1.1671436736844122E-5 
0.8218720296840534 0.0039010287362162277 
0.8781243398594037 1.743861567989356E-6 
0.5893560584422968 0.7530089911239565 
0.4784477376374479 1.7006424230682033 
0.749789161401537 0.0024266979037645686 
0.45787120611446896 1.8889346685823079 
0.43848333381642574 2.0545427292250813 
0.7849243342737539 1.6771666078059088E-5 
0.7167216614364191 2.545063528529873E-7 
0.4154320589299272 2.2766014261208496 
0.6196213629879839 0.4959814448689368 
0.893395171025997 1.743861567989356E-6 
0.4065529501545269 2.3420996431193597 
0.7595905759542435 1.451224396980537E-8 
0.5469239952871763 1.083691793970353 
0.4577916112217935 1.9428539193501448 
0.4138223808843111 2.295284013620527 
0.9452848787413157 9.789381173124782E-8 
0.8652269037283011 1.2525218334065013E-5 
0.4784477376374479 1.7006424230682033 
0.6485998758250573 0.17699541892478884 
0.5825857488948636 0.7629091209470991 
0.6410148945663722 0.23240100074090908 
0.47119321158596417 1.7656831304659453 
0.9060753488018345 1.407196834090607E-7 
0.4668818362634908 1.8338758118247973 
0.9506620283412142 1.2824050460763292E-7 
0.4689755270682794 1.8379023600903606 
0.42210091262171745 2.2192795757576533 
0.5230105442268718 1.2958166820938346 
0.5230105442268718 1.2958166820938346 
0.5105594258119607 1.4372176967552632 
0.5913998953815051 0.6775660842322477 
0.39177639242848666 2.4867731014793697 
0.8067233709632812 5.5078174469147534E-5 
0.6334534136341845 0.30125853716421075 
0.7042701698710973 3.8923456465661574E-8 
0.6498108533968803 0.16111493518828002 
0.4706097658398022 1.7754289837719297 
0.6681020460530712 0.0045487126395059585 
0.6334534136341845 0.30125853716421075 
0.6414010976710499 0.23240100074090908 
0.6276898394472507 0.36239691110007277 
0.42210091262171745 2.2192795757576533 
0.4094848746942634 2.362990790900114 
0.7721191521400235 8.160490482346933E-8 
0.5105594258119607 1.4372176967552632 
0.6276898394472507 0.36239691110007277 
0.4841323613786872 1.6600196657325654 
0.4422095259044527 2.0397126289428007 
0.40343152593787224 2.389012382373015 
0.4841323613786872 1.6600196657325654 
0.410273964835515 2.311327026144616 
0.780968873137754 6.85609507582517E-5 
0.40269604267366776 2.4279246245090342 
0.7086732881187033 1.1671436736844122E-5 
0.6041858259008954 0.6200788915404795 
0.7674905016597575 3.8800688003598524E-8 
0.6944937238455942 5.375129577199324E-4 
