0.3894770280767321 2.4957193492012597 
0.9999999999999891 1.571587831931693E-11 
0.9999999999999891 1.571587831931693E-11 
0.3894770280767321 2.4957193492012597 
0.52073876593213 1.3454334122163387 
0.5124619099642381 1.4049458684042933 
0.5976187768880986 0.6214429355945825 
0.5274682706108128 1.2723543181213806 
0.5758802755036845 0.8616945932504432 
0.5443330309777589 1.1143872498251324 
0.5865494586916405 0.8064287217657207 
0.4006040946013762 2.394735049631089 
0.6296049694257385 0.3366462032857529 
0.47078446476952684 1.8157486586768612 
0.4646893930845707 1.8773814202712131 
0.6557609835224893 0.1455393070980508 
0.4232321432700394 2.203466053175807 
0.5382594045972745 1.2607026082929058 
0.5382619718250377 1.1817436906478123 
0.662447740162769 0.04218349685091688 
0.4969038342462713 1.5352084201337037 
0.509280729112364 1.50681828955498 
0.5545554260272443 1.019762283312902 
0.5503174373187556 1.0533792362889383 
0.6378781996090596 0.27198810824453157 
0.49275335603584086 1.5716608659644153 
0.568113105645425 0.9021864830804577 
0.934253690646301 1.8400978023108694E-6 
0.9483955558081942 0.0022283265109485084 
0.7946787378168674 0.003008657232239779 
0.8124143378456434 3.332447688907548E-5 
0.9228155368460866 6.270348944098503E-7 
0.8504596378110018 7.1658127280410655E-6 
0.6493341664772764 0.19141651301040785 
0.50285300660698 1.493454196553534 
0.4722841629644329 1.7533213071387297 
0.4329409571816362 2.120103290391259 
0.5889501192643135 0.7115599392299206 
0.5623048977779384 0.9739348673837513 
0.88208000540709 2.710107122440644E-13 
0.47589214205644015 1.717459809232195 
0.6435833302387292 0.243720126354445 
0.7435017814134784 6.6885443354894E-5 
0.4197618013574733 2.2263645966529535 
0.7629346811193128 6.887713452766175E-6 
0.4361945047619708 2.1171259859885585 
0.4518776819361072 1.9401078318071412 
0.4580114154603558 1.902828081568881 
0.4813322965334923 1.710233354113147 
0.829236805043885 3.813449337650559E-6 
0.44687832957886464 1.9824683560996734 
0.608821224896756 0.5542312805328561 
0.4062278838969701 2.3737535141999495 
0.42782204484967734 2.153524315553182 
0.8053643840614158 0.003289558843202367 
0.6049993334217145 0.5553299838874788 
0.39336980901276297 2.470104623032335 
0.8343341003652136 0.001611833196754127 
0.6219028001083241 0.4036942378773026 
0.7807103866201409 1.1324527274106377E-5 
0.7488671819855537 7.830936969730558E-5 
0.4542808020824254 1.9401078318071412 
0.8920203874051725 1.89964431446428E-13 
0.9869179380803694 8.598392854718793E-9 
0.4176803203826201 2.2789241660321387 
0.8993971142756673 3.829945122920491E-6 
0.43886748013031707 2.065455631560011 
0.6147541409777708 0.4803426847387683 
0.5668358280945884 0.9702945889129013 
0.8693580916648608 8.899261005112114E-5 
0.6788756774519564 3.945544153692508E-5 
0.45896964218230757 1.8730099378793188 
0.9594991732464924 1.121892286022418E-6 
0.9720537283597226 9.148731567316173E-4 
0.7282980561828141 6.011698632704348E-6 
0.4403635656396385 2.065455631560011 
0.6147541409777708 0.4803426847387683 
0.6219028001083241 0.4036942378773026 
0.42782204484967734 2.153524315553182 
0.3965851047699526 2.4325391740903584 
0.3965851047699526 2.4325391740903584 
0.41238283661658975 2.2885963344168156 
0.7807103866201409 1.1324527274106377E-5 
0.4089499794670721 2.3218633911180695 
0.760866385042473 0.0063581764292494625 
0.5883298098176849 0.7174752940073486 
0.49221473584216546 1.6643025011801256 
0.9095792394015669 2.1852377738092826E-5 
0.443129543400639 2.0179919094985346 
0.41795679961047033 2.262519542848368 
0.4464672681227701 1.9947222775797488 
0.4824524575820876 1.6643025011801256 
0.7201627164229509 6.88852612790086E-5 
0.9646869451980034 1.2238155970861046E-7 
0.4089499794670721 2.3218633911180695 
0.40682642020314674 2.371586090134814 
0.6897189441076463 6.70459190872484E-5 
0.6966654250703823 3.945544153692508E-5 
0.41238283661658975 2.2885963344168156 
0.6670017583106038 6.6885443354894E-5 
