0.39107490726648825 2.483220476353433 
0.9999999999986972 4.6711173476302395E-14 
0.39107490726648825 2.483220476353433 
0.9999999999986972 4.6711173476302395E-14 
0.6979391728466753 1.243319182623462E-5 
0.5908555928807437 0.6955069367893212 
0.8271093826929927 3.9054791203695094E-4 
0.6297221183426126 0.3363299787476093 
0.5532548704639331 1.0978465717680834 
0.7540112443837979 8.978468977555838E-4 
0.47478419323385324 1.7776860948236557 
0.4926870698897708 1.5886278314112154 
0.6737354404707793 4.753692132001601E-4 
0.773477548025619 1.7873942015134148E-4 
0.5599906663158667 0.993503437045062 
0.423767006241132 2.1951624247351784 
0.9880055613645754 4.6711173476302395E-14 
0.42129801136762823 2.2506444250456688 
0.46766959465936625 1.8447423371488347 
0.4472839324711746 1.9798308785196677 
0.63602817410205 0.28713186042851935 
0.9682729276750944 8.180644204582033E-17 
0.41695262569039 2.2921691913423543 
0.43981724210926154 2.0467792731029615 
0.9442723889872005 8.180644204582033E-17 
0.5721386286306247 0.8773848834688709 
0.513014587587718 1.3867893115875742 
0.597265569743337 0.7000215558566218 
0.44402154641535735 2.0324913282726627 
0.609737157539083 0.5147177123087587 
0.5086996341597534 1.4518950592902522 
0.47984540929700736 1.6981891595791914 
0.4628186879410248 1.837849828516406 
0.42861346692718605 2.1548040751005666 
0.49604790811629196 1.5356370636058636 
0.41226356572358247 2.294949216024302 
0.5781500053244105 0.8106829603719305 
0.5447654537788943 1.0978465717680834 
0.6024461937972176 0.5996730634382149 
0.48679644532983685 1.657577862998877 
0.6559922795410232 0.10061377459828169 
0.6655228364292044 0.09205743773909213 
0.5781500053244105 0.8106829603719305 
0.6197802259411711 0.5147177123087587 
0.5220314991269138 1.338435282817119 
0.9059097833913514 9.778209103069856E-16 
0.7128909731470754 4.329844174971592E-4 
0.566688890478757 0.9035220661716572 
0.43201180624748675 2.1548040751005666 
0.9045561137361834 8.180644204582033E-17 
0.47644975417326035 1.7245693843330734 
0.5399662891356198 1.1705354695407952 
0.3954488627055263 2.4644853965592346 
0.5167390522295114 1.3510378379758892 
0.7851070055180723 1.5013457943431819E-5 
0.8057763551303712 3.657583179643128E-12 
0.8743604185426863 4.308489984182455E-15 
0.5637862656265485 0.9604262388112741 
0.7403203938790073 1.7873942015134148E-4 
0.45241506611731297 1.9319426592893192 
0.40763852355655705 2.3463744296605196 
0.4089351102316585 2.3262421370092827 
0.4355793695261915 2.09265753521785 
0.6199078440922929 0.42775291845213026 
0.5005037226709236 1.5082226156848768 
0.8405674086973483 2.088043934932142E-15 
0.9261961207775551 8.180644204582033E-17 
0.6048301210646876 0.5765491246950076 
0.7183155401920945 5.563698770114089E-4 
0.5334045738605411 1.2217751285523875 
0.6671462543570219 1.3279655291345647E-5 
0.5334045738605411 1.2217751285523875 
0.3987971957833011 2.476212621117064 
0.9285676199498425 2.653423266456567E-4 
0.4857274836018656 1.6668409986021417 
0.8852128036301339 1.5013457943431819E-5 
0.4577697727757996 1.8835660974477288 
0.5246654596161586 1.279049560809767 
0.43452920651751303 2.099545496765072 
0.4521231302402783 1.9416849060778782 
0.7306336314384299 5.04990017493668E-4 
0.39899233254954264 2.411258103332422 
0.45777167074770275 1.8835660974477288 
0.5406598107651758 1.1449527250095388 
0.40466788029331097 2.3818717179625186 
0.40466788029331097 2.3818717179625186 
0.6434095413317391 0.21169029820015195 
0.5246654596161586 1.279049560809767 
0.9554257789242677 9.685255416910232E-4 
0.6493250451803695 0.16137915371574235 
0.8631285244331166 4.296191786546593E-4 
0.6513978885913291 0.16137915371574235 
0.7933566893847044 6.958185257282866E-4 
0.39899233254954264 2.411258103332422 
0.6434095413317391 0.21169029820015195 
0.5042335514156329 1.4663705137305239 
0.8455720340723755 5.656015047428298E-5 
0.6199078440922929 0.42775291845213026 
0.9588845728266441 2.653423266456567E-4 
0.7986919339249706 6.924532868857865E-4 
