0.3895719073624184 2.494596418040261 
0.3895719073624184 2.494596418040261 
0.9999999997703147 7.962331079771669E-12 
0.5130002023542677 1.4100994205961124 
0.8472263310585395 3.0084426842026536E-9 
0.593709495311473 0.701584912241412 
0.4367456190302112 2.0694687264095526 
0.4738716623571241 1.7390639597356485 
0.5224626243133237 1.3162601141397117 
0.5808683935661458 0.7843045954043406 
0.6242154560834033 0.3833535759157825 
0.824801825694078 2.8012892348120542E-11 
0.8630528246487894 1.4670157546625533E-7 
0.5681934017304565 0.90194523779076 
0.43102194642469216 2.12722264406326 
0.4650915180089795 1.81784821933328 
0.4607990664927819 1.88602398684035 
0.4511598867956438 1.9431795611969704 
0.6341812646202573 0.33462162955264674 
0.7097836288727185 2.6245317506021215E-4 
0.8003767354646614 0.012045323934953611 
0.6088604286388085 0.5376939174941494 
0.8803963127988336 2.896549200431376E-8 
0.6923871229945976 1.5472933473612005E-4 
0.4719368226690064 1.811116409211436 
0.3974321862739897 2.4403635447212695 
0.5502750521084507 1.0813096518872474 
0.5619764296748653 0.957411823005858 
0.4555444508437853 1.9005774305592877 
0.40034548360098926 2.3986901423254268 
0.5450982599106837 1.1018066086420815 
0.5842723244221352 0.7843045954043406 
0.8136858014693381 0.0010228849144668928 
0.4246733641220241 2.2073843074368065 
0.4917329378402395 1.5760236984082512 
0.4879009915851345 1.626603518266484 
0.50015179676854 1.5910159739338119 
0.4197898278780336 2.2716618695030903 
0.5022398127429681 1.5182052645902884 
0.6185690570271319 0.48353398970295314 
0.6027007169999729 0.6222380329152166 
0.7852689807351351 3.0283753526557047E-9 
0.4298692625892043 2.1797692574864467 
0.9777719138812537 0.0026840532614012553 
0.41019366802999 2.3370435810020105 
0.5330175665178964 1.22166603719917 
0.5083950388393151 1.452377879516064 
0.5975674879057254 0.6222380329152166 
0.40733925578738417 2.3467760255014345 
0.4188456586291568 2.282775018949259 
0.4832690954847657 1.6534349468844005 
0.6659293318568745 0.006928973319649076 
0.504436294973473 1.460810585418287 
0.39606407660523596 2.494596418040261 
0.9878587269689919 3.621283093808715E-6 
0.44102688264467144 2.034324119584676 
0.4469143204618442 1.983673370540476 
0.7472317450242639 5.192933148790371E-9 
0.6133051780023415 0.48353398970295314 
0.64543656372837 0.19325161277931668 
0.5554976901116181 1.0018764974106238 
0.9509740057215967 1.8571757617991233E-7 
0.5386156890442814 1.1570879648920067 
0.6607614343533269 0.053472439402585836 
0.9665440246315293 1.497140489701413E-9 
0.5270028865788536 1.3062673747409133 
0.39380608196867184 2.494596418040261 
0.6542241984782063 0.13974163769871212 
0.4469143204618442 1.983673370540476 
0.4831161997746443 1.7042417402029049 
0.5308528576806004 1.288029824223547 
0.6837249378507754 4.131500319354812E-7 
0.9247509071944776 4.774109859106979E-6 
0.44102688264467144 2.034324119584676 
0.7200730869341979 2.2267580154221105E-4 
0.42581364384875264 2.1958737380774074 
0.7246539112872338 2.7959166745921604E-9 
0.5386156890442814 1.1570879648920067 
0.6533475820580386 0.19325161277931668 
0.6396486301642392 0.278429453606171 
0.9604311828535131 1.4670157546625533E-7 
0.9429211837252715 1.8933731792136765E-6 
0.8940779693058178 7.769971696602873E-6 
0.7770703358506961 4.2960294204764726E-9 
0.5558118538312455 1.0018764974106238 
0.8917733703324285 0.002489398363437036 
0.4050191822055164 2.3924648228088046 
0.7538497762325913 2.737919433065028E-10 
0.9065269606135045 0.002682709574794113 
0.6731698229053714 1.3268405357598706E-6 
0.4831161997746443 1.7042417402029049 
0.41265869533691224 2.2956897138968637 
0.73643379601887 5.733884001353219E-6 
0.6396486301642392 0.278429453606171 
0.9134412242283971 1.0890687587405794E-7 
0.7349538600812844 7.643054771033786E-7 
0.9962443548676938 3.621283093808715E-6 
0.5316761017890637 1.2391393380884603 
0.7676491827048812 4.2960294204764726E-9 
0.6775356632153643 5.1730004803373415E-9 
