0.3908251229153943 2.484963532577872 
0.3908251229153943 2.484963532577872 
0.9999999960344598 1.6589770631184313E-10 
0.9999999960344598 1.6589770631184313E-10 
0.6408975427524218 0.2386917293494595 
0.6144470549783378 0.47795850652548544 
0.8575777680763791 7.949626540291852E-8 
0.6295783396838884 0.3350705199780183 
0.7198649421135588 1.8758263321081857E-9 
0.8385001596522492 9.347375423807147E-5 
0.59675701314769 0.6801301184413528 
0.5872873152310817 0.7391078544046602 
0.5402705182062709 1.16184763360787 
0.6093213937116981 0.5858917984883562 
0.5188434334626638 1.3448249389475375 
0.40996825030232836 2.327931962159838 
0.4965173461723817 1.5317353551040662 
0.42874905497632004 2.1829523024431197 
0.48746439646466333 1.6282414042201583 
0.49154007098713415 1.6094375050422811 
0.4528034454649635 1.935833830342558 
0.4699120456137053 1.7710249651657382 
0.6007680241111983 0.5951300095665519 
0.40940863120502674 2.3867590738493103 
0.4495664324297486 1.997955859368541 
0.5079039083113389 1.4295653108382331 
0.658292500738345 0.07676044830213785 
0.4648809607516955 1.8200723111002048 
0.8753215936119506 6.025935784634935E-5 
0.7760316541394396 5.42031590787626E-10 
0.41916012550611925 2.2366246781129937 
0.566187822030414 0.9044890906014997 
0.4335110339640211 2.138605229224094 
0.5462657628450254 1.112930573804854 
0.6537109635584913 0.16140505958685958 
0.39533461839526934 2.443412493010584 
0.6640346431666676 0.024444979424251438 
0.5050335583771648 1.5243057469995178 
0.5815239461351618 0.7804129216252359 
0.8238407629988964 7.701705857145343E-8 
0.5079039083113389 1.4295653108382331 
0.6723071918324021 0.0026150423139714163 
0.5189989570808149 1.3383017122963166 
0.40286934222835913 2.3843509347164504 
0.5266107923419587 1.2752333766870898 
0.5533961869188944 1.040703424767133 
0.9616846195442887 2.5916709506549826E-12 
0.9189740138139149 1.6589770631184313E-10 
0.4646609311205011 1.8733885648117288 
0.44096655191644435 2.0675504180057 
0.4371782763262659 2.1061231646933725 
0.4246012017092651 2.19950255406514 
0.48085711612731646 1.6836063638530798 
0.7496950824870333 8.172093503944315E-4 
0.6233869137443605 0.40529700614788966 
0.7033144775472342 1.9316132360684325E-9 
0.553292607675022 1.1219358534374313 
0.9380841762274753 2.7550818406941033E-12 
0.5754407542808122 0.9044890906014997 
0.5349973752578269 1.2247182093914255 
0.3947542625070247 2.5012330193544328 
0.8909602316623022 3.949988382426166E-4 
0.5266107923419587 1.2752333766870898 
0.5600762061452819 1.0347105475614362 
0.42334769320495286 2.233878553721156 
0.6813513620550621 8.923184255861963E-5 
0.7365498458019965 0.006621798507376875 
0.7651178523803711 3.506837319628952E-9 
0.9178525879837317 0.0021408835223939407 
0.47753194581867586 1.7038181057573765 
0.5772796182535552 0.8131693693857063 
0.9710515034727467 8.729831496632201E-4 
0.5349973752578269 1.2247182093914255 
0.5634530199209132 0.9723702665068847 
0.4584648652698028 1.8746595922784155 
0.4571983032197525 1.906604055201846 
0.9504156669090718 1.2545735599123064E-13 
0.9018753325958506 3.325274751749688E-9 
0.4742008420714257 1.751119972557638 
0.5020643127960344 1.5243057469995178 
0.7366188195337366 1.8402496694169823E-4 
0.41532872833987966 2.2932908488952055 
0.6542866830990581 0.15897003028509754 
0.3982551600771896 2.418375353095266 
0.5770943718652828 0.8672222942223629 
0.7892335583309544 1.371757323352749E-9 
0.4163232224591527 2.2867563234609745 
0.4762699886692408 1.7451421374491083 
0.4336267377658115 2.099070100776089 
0.44445712643830065 2.014261393665971 
0.4450599275464183 1.9999386862308275 
0.5604299759272572 0.9718221069411246 
0.7996493720555292 1.371757323352749E-9 
0.9781143783682811 1.3595880083761382E-5 
0.9458286042538783 3.5081600574830493E-12 
0.9900035110810482 8.64251355079098E-4 
0.39905433917090205 2.4159175171976366 
0.9018753325958506 3.325274751749688E-9 
0.7892335583309544 1.371757323352749E-9 
0.6965824483111898 8.735962808284607E-4 
