0.3895578447746663 2.494431152138751 
0.9999999999999998 6.779450963014921E-15 
0.3895578447746663 2.494431152138751 
0.7310714576224868 5.437871895837791E-6 
0.7020797015316517 5.950333431895341E-5 
0.5401149505183171 1.139516328866676 
0.5797131401172784 0.7826983158821944 
0.4146049598258449 2.27034386127061 
0.4141172853479168 2.3628987822695473 
0.6441956877191517 0.21576009001188703 
0.41941357807412893 2.227679801225592 
0.5904863530208356 0.7429061131238874 
0.8818063466708057 1.674332815710495E-8 
0.6361636777190336 0.3033801223328558 
0.574196686823922 0.8577019198721789 
0.4284072080684234 2.192074446909195 
0.4020808004566628 2.408121819358346 
0.5028912545847471 1.4839104290351952 
0.533025484771359 1.2208249443198178 
0.4488089147190806 1.9690552109356352 
0.593071730269951 0.6642098445468261 
0.6557418022659395 0.09925280280758805 
0.8587100546199636 7.678829499698337E-6 
0.4443387190947 2.004159512162299 
0.45993889029985957 1.8677582065428102 
0.423328231112898 2.192074446909195 
0.6749469355516374 7.307018530762451E-10 
0.546857232147598 1.0965723610148141 
0.5252169217044225 1.2805873772339165 
0.5206410959705159 1.3213256445755166 
0.940355446557083 1.927231350742827E-7 
0.4701343702433196 1.7882358171411026 
0.5995587465854038 0.6151482142742428 
0.5603702145925562 0.9569770438345642 
0.8122890814583101 5.437871895837791E-6 
0.4785549275353434 1.693440708139501 
0.45913200231341406 1.9690552109356352 
0.9605175100256307 1.674332815710495E-8 
0.6634124996803707 0.030916043443944125 
0.46595106385197577 1.8273864534779278 
0.48526799142414806 1.693440708139501 
0.6248001633491488 0.415588475411882 
0.6042449524225781 0.5718428892317803 
0.4951439220437543 1.5869874498361325 
0.5504846356647033 1.057744903328264 
0.5603702145925562 0.9569770438345642 
0.8373281130656759 1.3898070679625328E-8 
0.4313387113941754 2.1222188647764804 
0.9468407667110271 5.78013114956012E-6 
0.40683535410498506 2.364002261134579 
0.4523570009261266 1.9292396079096985 
0.5301697562714222 1.2400244390410764 
0.9079583144984572 1.0944696120243414E-5 
0.982349100627321 2.0860455472515105E-9 
0.3947955138560029 2.4843134878565576 
0.9218400502700966 1.927231350742827E-7 
0.8477704524842888 2.1480265774557314E-6 
0.43255281034592286 2.1222188647764804 
0.4784165597400011 1.7752576661588348 
0.5114935454132202 1.4306809183278641 
0.6183931404365716 0.4498856738945419 
0.9947428505839935 7.517745960095674E-5 
0.49074047876407895 1.5869874498361325 
0.4629410526065283 1.848158026751641 
0.39985908745402715 2.445815472950523 
0.6902888626459277 5.437871895837791E-6 
0.5155689121021564 1.3818549558643496 
0.43662120605322385 2.0789678407320933 
0.3966112593145962 2.4306211463082885 
0.8249993612546116 4.390296191421667E-9 
0.6089346436437559 0.5286677587509753 
0.498189703071591 1.5266002687081528 
0.43664652153814104 2.0748702124282867 
0.5504846356647033 1.057744903328264 
0.6680637333294752 0.015526226228392753 
0.774724627719806 2.2028021951571914E-9 
0.7854458989547598 2.8509741727800413E-6 
0.7704990755575964 7.515330004942422E-5 
0.7429261780575862 9.431757049807037E-7 
0.6089346436437559 0.5286677587509753 
0.6277921815599476 0.3562495676202302 
0.4868538248264338 1.6420266659496372 
0.4899743119760824 1.6477347604084873 
0.5082847132370847 1.4272929131893186 
0.7599935722462483 1.0556235797895412E-10 
0.441986861595786 2.0479863681925696 
0.7456731546954761 0.001738456789795062 
0.9218400502700966 1.927231350742827E-7 
0.6183931404365716 0.4498856738945419 
0.3952655712774555 2.4727917857177597 
0.4056209515400119 2.364002261134579 
0.8951911773886724 1.927231350742827E-7 
0.4986597604930435 1.5150785665693536 
0.8892338920654128 3.0337385617743277E-6 
0.6513980938687701 0.15473706925369024 
0.4731779034691151 1.7499351659979978 
0.903089168842351 4.96955846752667E-12 
0.8279140836979157 5.437871895837791E-6 
0.441986861595786 2.0479863681925696 
0.5680811420604831 0.8917241499802772 
