0.38932308598106785 2.499259403090697 
1.0 3.104909748362014E-12 
0.38932308598106785 2.499259403090697 
0.9291409577758977 8.150211298654634E-6 
0.5428176554541241 1.1146631286904647 
0.7067300153909045 0.0012743552893495268 
0.5579020432923971 0.9885572534182588 
0.4106647688244859 2.3052107081119617 
0.39522295729601203 2.49771585576791 
0.6439746917380298 0.20515605564441475 
0.5041931064527861 1.46398177470843 
0.9770057478212324 1.048721394329924E-11 
0.9063130093265916 5.268434759034117E-6 
0.5478037875373772 1.0739910678939544 
0.5143407495346475 1.3792263032461576 
0.6862448979666489 0.003319878814802113 
0.6347194827680775 0.28878926908668084 
0.510627098119756 1.4489026439078425 
0.42154960382140805 2.225628791249403 
0.8384749452347237 8.592391248302204E-8 
0.42876421502555695 2.1434459950765845 
0.43566806299106076 2.1381086204514848 
0.6204046520645985 0.43564208492790335 
0.4886393506632658 1.6147547078149873 
0.39738667823544227 2.4334220607219663 
0.4855999171333166 1.6465703170964037 
0.795447768263401 6.89651127222158E-5 
0.9409759954550312 1.048721394329924E-11 
0.4530743628363847 1.9230701415451836 
0.6292165352534429 0.4048987198420101 
0.4015816603480697 2.3882851523621285 
0.4459992442173386 1.9920016782233092 
0.5212124471081006 1.362677237667256 
0.7178958115098006 6.306792650252554E-7 
0.5778737278234621 0.8004097974064324 
0.5724782026059946 0.8922103540766254 
0.4788458883387273 1.7175227032537386 
0.9548241471804457 9.518350252203355E-12 
0.6539602851535745 0.1985790445963978 
0.6816022227076733 0.014071780985421944 
0.44262210576113215 2.0328100906741793 
0.9954865405089112 1.048721394329924E-11 
0.9643002708594657 1.018567105707171E-8 
0.47997133285065646 1.6934296796615318 
0.5278688582121909 1.3205751875420062 
0.6655575284161382 0.014071780985421944 
0.7672207530313151 1.3025862696412413E-11 
0.43626461474291506 2.0749400898171593 
0.5372934825874537 1.2244473068401107 
0.8690141049582822 2.5048467830078233E-11 
0.6012348654939927 0.5997807340115475 
0.5681515288456227 0.8890841051550205 
0.5887122145170569 0.7496437284626893 
0.408425857653165 2.33528101895375 
0.530921070240338 1.2239508379349067 
0.44139062892234093 2.077823729252538 
0.655243569298256 0.10749861379484238 
0.47180131184162866 1.755148264881238 
0.6321406896947668 0.33639160554233827 
0.5990834530478268 0.6601786362607787 
0.8566782719700463 2.3136830986770964E-4 
0.7560979479090529 1.8771925831425712E-6 
0.4164687038166786 2.2546576160055505 
0.7314732289027452 1.119204807148345E-5 
0.8503541656410032 1.1833098748676291E-8 
0.7470327244176735 3.4450161951901187E-6 
0.39970011069243433 2.411097150090622 
0.5928038161027158 0.6718392356151964 
0.5546837538559478 1.0170309549391126 
0.6135063095836338 0.4921025771871793 
0.8218231925052604 1.5314418734521528E-11 
0.6657098934167461 0.010994462248803516 
0.4982049392674439 1.5309190339112273 
0.8234817772481352 5.100005776799274E-4 
0.46629128082800364 1.808110514150938 
0.49426936290286844 1.5647111943959178 
0.47180131184162866 1.755148264881238 
0.46629128082800364 1.808110514150938 
0.4257116814448467 2.1754926101632748 
0.5237794314549532 1.3090918811509584 
0.46181278449893787 1.8568767158357584 
0.8065298542645403 1.498747040957055E-9 
0.7812791021168084 3.241231254985556E-5 
0.6147737505574625 0.4906944933158336 
0.7768422466154699 2.323349410967242E-5 
0.8991787489982851 1.3546424422690686E-6 
0.5914526743953076 0.7308401052019158 
0.7291530490742405 1.1377079414826911E-7 
0.4574187460533538 1.885896086828913 
0.6061899701836894 0.5544907420150136 
0.4527821309812255 1.9926277185554295 
0.8776221064080478 1.1833098748676291E-8 
0.6061899701836894 0.5544907420150136 
0.4515363089454802 1.992354321957749 
0.4982049392674439 1.5309190339112273 
0.655243569298256 0.10749861379484238 
0.406525298935098 2.3656869508039695 
0.4257116814448467 2.1754926101632748 
0.46181278449893787 1.8568767158357584 
0.4574187460533538 1.885896086828913 
