0.39085775430865644 2.4860899223887714 
0.39085775430865644 2.4860899223887714 
0.9999999999999989 2.1350564351387072E-11 
0.7185242133603851 1.5732084252027953E-5 
0.6764814620972669 5.065775330437283E-6 
0.539369420758017 1.1466493680218668 
0.6448302883834975 0.2086240685723777 
0.4735438012950832 1.7448104761551555 
0.5488680442038807 1.0724422244379432 
0.6348864684874389 0.3095302196362947 
0.6047658733578363 0.5594437956502086 
0.9249296963503648 1.2942791580013396E-6 
0.9455016073092037 1.9270469141636816E-6 
0.43599994253233976 2.076030547356175 
0.6589593399489969 0.07556214729575617 
0.487823573632249 1.6390234603775014 
0.4124194333814173 2.29572751549702 
0.5847173042526712 0.785973010702768 
0.5892078811141223 0.7082942196861544 
0.8010435064943058 1.5246062021001219E-7 
0.6668065969940262 1.8602751594905883E-5 
0.40763345212811763 2.3321269814859975 
0.5671677369649172 0.9475183238075504 
0.5772201582633055 0.8085887215144935 
0.45376120238091966 1.9286292717056828 
0.4807472644609605 1.6948530018187935 
0.6024407252066922 0.6675586121564784 
0.8576692539518299 3.6119059513548153E-5 
0.42454192235421967 2.2293204841018794 
0.4529277987821767 2.005553087424122 
0.46328532921502663 1.8684247977632187 
0.5196416305016842 1.35804686652585 
0.4946586672118116 1.663687409806151 
0.8213418093784419 0.0025039565383220587 
0.41558127843289894 2.273839121861243 
0.5052015026332609 1.4569050072862377 
0.8383603990594278 3.1599321993264944E-8 
0.4066569647119336 2.372127371073598 
0.5611066965798951 0.9594684271191378 
0.5951441115994044 0.6704069940626186 
0.4949633772371234 1.5601306801133608 
0.5158598954594631 1.35804686652585 
0.5303649473431142 1.2288345560090905 
0.4296233756772317 2.2293204841018794 
0.8155819007749479 3.1599321993264944E-8 
0.47843270083696504 1.7024768929690417 
0.43037566994337145 2.180722554310513 
0.5253143481629613 1.2923402147388234 
0.872538513126409 1.1361832834305306E-7 
0.8429524967604369 1.0511950289162839E-4 
0.9589600469618936 6.442194081038621E-9 
0.4439021243625329 2.005553087424122 
0.4020085416713682 2.382968054736944 
0.5543550531626681 1.0353197425353913 
0.8893204626071815 3.844870041654308E-7 
0.9761918313278668 1.2942791580013396E-6 
0.5578502741844782 1.0183186628104774 
0.7608299243312695 1.5487716772737289E-4 
0.738713317810357 3.35735474811378E-5 
0.5025526501160453 1.5128406638464345 
0.7892678668248111 7.350435710527705E-7 
0.6195452178259265 0.4329221619878334 
0.44331699972614813 2.0742638958675133 
0.4674266285548845 1.8101475815733243 
0.6280836804000745 0.34774325201160433 
0.5715261408338241 0.8594515713813565 
0.44763061160949064 2.005553087424122 
0.903279378641439 1.2942791580013396E-6 
0.39766477415209167 2.4317908638615253 
0.4349006719485495 2.1503961176505006 
0.612412466453328 0.4890422709390938 
0.5348417774134757 1.2249478800566171 
0.4643458400475756 1.8251403056887887 
0.774569786096373 5.300295461042778E-5 
0.6195452178259265 0.4329221619878334 
0.5268669468914517 1.2923402147388234 
0.9136309304453892 5.412757721380638E-12 
0.5124395951026571 1.4293568316495244 
0.39766477415209167 2.4317908638615253 
0.612412466453328 0.4890422709390938 
0.6529225129463917 0.13470580825116232 
0.42022972190749325 2.250981303208104 
0.6529225129463917 0.13470580825116232 
0.4308873381826951 2.123874234352433 
0.510246109664367 1.4368088827718615 
0.45724987782532567 1.893562624588668 
0.39544839365521567 2.478462048088905 
0.6280836804000745 0.34774325201160433 
0.9565080380558664 2.46543820454437E-8 
0.7839772258541504 0.008919203541160103 
0.4986435181884946 1.5128406638464345 
0.45724987782532567 1.893562624588668 
0.4969039345689498 1.5400080445387743 
0.4020085416713682 2.382968054736944 
0.5715261408338241 0.8594515713813565 
0.9874737205598135 1.3326296428170957E-9 
0.8674143193619979 3.585923977385803E-5 
0.756427176501735 1.2348780608996846E-5 
0.9906090816016159 1.516300604631482E-6 
0.41831910525898947 2.2373393560797217 
