0.38905407208683035 2.5006433228856064 
0.38905407208683035 2.5006433228856064 
0.9999999946848349 1.9644019268527976E-8 
0.5201919478377333 1.3351349435269078 
0.6073476606474724 0.5425944316873379 
0.9030103327129437 9.509591793351296E-8 
0.5134966195703595 1.3925967490252575 
0.5939907484604776 0.6555935558546155 
0.4125911598430865 2.287611842600778 
0.9460580232807896 2.4375930616237794E-8 
0.4201507180499663 2.2238868373172793 
0.40251594537696395 2.37924496617839 
0.684981682221543 8.740702820735664E-6 
0.6025582835412779 0.6555935558546155 
0.8367020710415619 2.3694369765420587E-6 
0.5573867456657592 1.0053539557588014 
0.4368519613616522 2.0748347148079884 
0.666741235812841 5.065390062556994E-9 
0.5296899374392203 1.2814511339455734 
0.5698350778093537 0.8812197587178666 
0.3932082074956992 2.474680861151712 
0.4161554001811954 2.266949640321751 
0.6160950440287142 0.48395332448435324 
0.46460685041020156 1.820169830757466 
0.6242521209416523 0.3995825897247643 
0.3987962860967704 2.4116158483380046 
0.6496894993437335 0.20734662545252258 
0.43367089091256456 2.11147008931313 
0.39594388519347523 2.4377583305030477 
0.5302382081633877 1.2287860695984558 
0.5447745597601228 1.0977799703569633 
0.4098742790964008 2.3632185054654657 
0.8808088275639592 9.911728687126015E-11 
0.8162723706473808 0.0012043345899988012 
0.6331778372764154 0.333732575688098 
0.5368672542729902 1.174059653752914 
0.979567598013674 2.1201581708575612E-5 
0.4912198676214546 1.5868700113775254 
0.4994167577995158 1.5521773588502294 
0.45818433251764723 1.943652164634845 
0.6345716612350569 0.2943485378532338 
0.4460611854155446 1.9855335449543556 
0.728379487095446 0.0011521812349424287 
0.5406942908487243 1.1661897274685962 
0.44285232124474394 2.0455199852781045 
0.7992322343814733 2.952470108142986E-5 
0.45215668589388947 1.943652164634845 
0.40734076828587207 2.357320988738514 
0.5667551705306131 0.9636819904708702 
0.4239972123969293 2.191671782014273 
0.6640768140076835 0.06491170649079725 
0.4629814198469672 1.8830303842894907 
0.48604377801186177 1.6280068648524626 
0.8578740224797772 6.445414290567197E-9 
0.42938945753287794 2.2238868373172793 
0.5522982823122012 1.0403949596137263 
0.9612267753867116 1.1561239641210718E-8 
0.6193422604598594 0.4309277044719876 
0.4774874779309095 1.749409291015279 
0.5776102241428606 0.8446830454967386 
0.49800661287996967 1.5521773588502294 
0.5847383605992225 0.8147710701852782 
0.45201836085714464 1.9976723702426598 
0.984559742770306 1.70605202082022E-5 
0.4590246077559979 1.882998949868347 
0.7838072708739864 2.0288940620274385E-4 
0.4691607238450204 1.778634677819337 
0.4821371576061796 1.697698238476102 
0.5854764410446937 0.7409237412639101 
0.9297709915475014 2.0868091885849133E-5 
0.694481543156194 1.0953396047956244E-7 
0.5057369443761464 1.4797087776099074 
0.6577258559034463 0.09674317664440346 
0.737451607087019 3.3056288756203527E-10 
0.4774874779309095 1.749409291015279 
0.4691607238450204 1.778634677819337 
0.6421563411649474 0.22968376267577434 
0.5077683488532617 1.4310243079621243 
0.998037678545391 2.1201581708575612E-5 
0.9602259717317553 1.4800346545080562E-8 
0.9297135507853668 5.075913293868149E-6 
0.9147386169590286 1.973052044859038E-8 
0.4821371576061796 1.697698238476102 
0.8698605925607223 4.639548231239805E-9 
0.8034722682663107 1.0945901434564348E-10 
0.7586853002468701 6.445414290567197E-9 
0.4295058304224805 2.1445226557103627 
0.43002283509950484 2.1442980770069777 
0.5517427789311659 1.0977799703569633 
0.5854764410446937 0.7409237412639101 
0.7712297366352917 1.2048428528909922E-4 
0.7469678069213039 6.827110061771235E-6 
0.8135126654053345 1.0945901434564348E-10 
0.5780601664511823 0.8148745571740651 
0.5057369443761464 1.4797087776099074 
0.655032216106365 0.1224449267055954 
0.8451056665565584 2.1365180325796338E-4 
0.5667551705306131 0.9636819904708702 
0.9147020897226014 1.5329762114774265E-6 
0.4906976093209605 1.6280068648524626 
