0.6013864257731112 3.6163193432738283 
0.43093041271230914 8.934731915892327 
0.8112464405737301 1.6768495928672609 
0.6396570964461937 2.14447373023612 
0.47439347982495406 8.147232920238535 
0.6766087715163543 1.8559312246984745 
0.5119648268804912 5.003958077879555 
0.4955573217865388 5.967776774784884 
0.9869643331112008 1.0355847085233245 
0.960990823031552 1.3378111593015953 
0.4608599228298593 8.446951377117808 
0.5564539577305896 3.7446392180625976 
0.49489550010155414 7.062772578660557 
