135.99999999999247 4.0 
1.3019286424057714E-31 50.0 
1.3019286424057714E-31 50.0 
135.99999999999247 4.0 
9.459024913184125 30.618923095181792 
10.802083959839438 29.46537044652884 
16.85674440737964 25.37609755003797 
50.98787514201204 12.27368080390946 
77.05981508949557 7.284551327464453 
8.130366618388047 31.936370804956518 
19.236755259251957 23.834534700769076 
12.16732629428818 28.416489235075677 
40.42900196517561 15.150512276230494 
126.35728106227282 4.061593083298106 
114.37503344435169 4.408683714915433 
85.60852080259389 6.285457726439713 
3.8689208435361833 37.06692159562636 
54.13084893869362 11.510817598498463 
128.75040517676268 4.03564137713589 
72.00197773953272 8.030974558959526 
60.64506519387699 10.097020111276922 
102.24224392340358 4.964732096878878 
34.39359497337348 17.140797383989295 
21.174544353672925 22.762159272942668 
0.9966531454462001 43.38664528772223 
104.66631773533939 4.759438840855423 
110.41514566285855 4.498026304127971 
4.694305622781851 36.16927617732116 
58.866361893102244 10.5135471069752 
64.47239593221825 9.424989164896385 
106.84210369274213 4.626803907061814 
80.62347939286072 6.755466183125325 
13.874022682537058 27.365714848549022 
0.7039246493942559 44.450451221293676 
116.29787509238997 4.27857929954779 
29.573857761148016 18.943203906375928 
93.13553781925673 5.507250029698876 
98.5471477420906 5.098629908240117 
75.00657582466579 7.566272077817945 
13.224955718790614 27.83229833127927 
132.31894647120416 4.01013632937257 
1.8918279311813708 40.79713204695969 
20.66309821990946 23.372491520021327 
2.319963311730271 40.021481842018545 
73.59611340702766 7.742428998817192 
90.21577573075416 5.7384660133319345 
6.525478314939797 33.63120763321966 
122.39102145972575 4.125823753438726 
7.022345896109638 33.03436509232729 
1.1497565335219466 42.707201950178614 
44.80238021116983 13.871878647712087 
25.842886418221287 20.51486546444077 
49.77475828388458 12.809422845567816 
69.53158091591501 8.428457056832812 
32.706782369941486 17.95044899828936 
36.33782532294606 16.497727876200322 
3.0894461922747407 38.35414417056924 
42.422317848071465 14.585131345584859 
1.3980995947722568 42.06209062954788 
2.8205615220035645 39.17436714625299 
43.14064688325711 14.346291458203929 
38.744889200685165 15.703152795249053 
109.13352530721238 4.52431116444769 
66.58891625688777 8.993559920869078 
95.61272309906755 5.298842711930589 
0.5361868789791369 44.95699863226139 
133.33740365093175 4.006011244494488 
31.470560061348905 18.519331290477403 
83.46502681342417 6.625181105613702 
121.9827502327354 4.147299173628671 
5.439759878268244 35.37179540123494 
91.36882678439997 5.652073969680318 
25.118719273107992 21.03308658048956 
67.4851037967081 8.802511856322976 
27.14328554956993 20.280027287639868 
0.24516775087679807 46.9610150942659 
16.26050911039429 25.699691067755165 
22.647416692034028 22.123381867272528 
0.44397367927779147 45.627718662298506 
23.733421419970796 21.59753137049328 
56.13803904130699 11.243218880922534 
118.76565727565605 4.203744716264615 
27.40406629700727 19.855826868777335 
0.1293489116336171 47.57146424620458 
87.9070506643777 5.9543176657791985 
0.007312708691100879 49.574256291664 
6.030532425165543 34.16893799688929 
0.02440881579689899 48.901411716132635 
69.135006113386 8.491622466513551 
31.146504948613185 18.67598632280243 
5.031356453983531 35.61937773471179 
95.48373222750044 5.37576085164768 
3.386638475761166 37.87818465770522 
24.534878119069994 21.289254968593816 
5.664420149704203 34.59474137562802 
63.29403008738095 9.65979188518712 
87.9070506643777 5.9543176657791985 
28.433915499927323 19.443232218270715 
57.352781311230515 10.787867215843029 
54.66761370139605 11.385262981852609 
