135.99999999994824 4.0 
3.071414149429996E-32 50.0 
135.99999999994824 4.0 
3.071414149429996E-32 50.0 
26.58078047185802 20.189362924524872 
43.710303996643745 14.24038108570738 
107.08342443819001 4.615362861872766 
29.53129136710755 19.596560415780427 
6.621081272512639 33.475288981487324 
39.14314998254936 15.575338348871558 
61.01897194134907 10.026404909004732 
36.93802370720099 16.25908606642277 
2.4032797938663055 39.777043687318425 
11.218657695659752 29.127064170794796 
45.90378654119401 13.581780415761248 
58.94534088293658 10.454121233344187 
0.781290558054224 43.97429003166614 
12.814835781946655 27.93001865934762 
5.867234421988945 34.35422879726555 
97.28590450573758 5.178833591010827 
103.33949894761635 4.8274261048816385 
100.56574187846249 4.965031317814168 
19.448049395867674 23.68141087355371 
55.4693867263003 11.204177009837572 
25.19281921561103 20.8502200401797 
11.957796152148116 28.616760270345026 
29.768368101184656 18.86576744430465 
31.09686243042467 18.414732427213835 
119.52001075319053 4.190570255220694 
0.5030815447789428 45.33888290060445 
0.3011752640588088 46.20032774360027 
13.787442213732623 27.228198646452377 
130.6647489690096 4.018294683074363 
0.06246028640176917 48.627818109564856 
47.334756590324275 13.394137013652166 
73.58106156650175 7.747492052111619 
111.24462834872514 4.440172671422752 
0.15497204370705023 47.255944300819934 
75.20858887935967 7.500997511017174 
52.05653413508759 12.031878115506224 
4.5180539533790185 36.69162314367604 
65.5716156608443 9.448224883092946 
34.408709957636674 17.345389635232046 
8.767671842342978 31.307482077862765 
1.590592172270706 41.50529468996828 
124.87684942533735 4.081952830207516 
40.337195750786094 15.177126834111096 
22.438866914361956 22.12647431498487 
3.9047345280552976 37.03623560750418 
80.63768698209591 6.754099168300898 
69.55150461788311 8.417571551743922 
24.25805628114843 21.237795511391944 
63.478530602056296 9.767684955714554 
32.97062219277948 17.789584147764376 
10.466520750012553 30.23167403332576 
77.01655480285359 7.232566529973882 
92.11060419716496 5.776932879758502 
67.0302907838643 8.894100828301767 
121.71319071440323 4.1557392557137645 
21.63787463025937 22.541903046220654 
69.02648525134549 8.508677186879765 
1.7523767245736193 41.08086485379603 
57.82468867732466 10.984941624681394 
109.51613229513744 4.508270712957818 
48.52871111175106 12.894482550341772 
116.9936007542118 4.267089338455495 
3.4379089085923784 37.74858689290062 
71.82000141853536 8.037697259023707 
2.7826497714127916 39.02741198520182 
133.91029945440368 4.003084993739493 
16.571192689490616 25.434414128649394 
18.53375114256457 24.214666028171315 
32.634180942346866 18.124948834060934 
114.61296111953922 4.321275811969501 
41.95157278233408 14.793238328387998 
7.413978554878113 32.600924413361426 
87.22239400307059 6.0234439942557145 
1.271929256614556 42.61990631882847 
82.80837467277162 6.498934602434158 
20.663080525994506 23.04409572340618 
89.66534893574661 5.789898076389868 
0.020250490760860686 49.00097814869737 
4.7094331128435645 35.83340115596781 
35.02726731450008 17.01734572887056 
123.2733398148471 4.108273291482958 
127.5648938494484 4.053090953692908 
132.2433165076085 4.0119388498040305 
0.20725350478891627 47.176730084171545 
79.77538927344125 6.8901287665848505 
15.601855895952408 26.18490935426213 
66.42987280123407 8.999303961654936 
85.26756166315377 6.243889943124351 
63.95611565571592 9.636164373727965 
14.791828204375076 26.749968246049292 
53.04204361527823 11.924788335525207 
7.5565771256006755 32.54451398503656 
53.98135313523269 11.544876599686475 
127.40750332281402 4.055530350862258 
1.271929256614556 42.61990631882847 
0.4292226503444236 45.55865248752721 
