135.99999970518584 4.0 
4.930380657631324E-32 50.0 
4.930380657631324E-32 50.0 
135.99999970518584 4.0 
54.69773822705534 11.379526536678213 
9.519500521186124 31.08430182585068 
58.17321762777027 10.612564237173448 
117.47838273187028 4.2407866402117875 
16.09368725977221 25.731103534141482 
25.771197896771397 20.813497434833906 
23.645130767930056 21.71180330188453 
21.871569694177175 22.399366624964067 
5.488379105233621 34.847048098282926 
2.0340095737749793 41.119125941558735 
121.87216832521975 4.1610073035256825 
93.22496974421942 5.482973706802979 
2.323187318096399 39.92389047689504 
87.14562139190622 6.032055249756727 
123.4682494435815 4.115763450074576 
127.27859580863473 4.049732736868245 
6.254831314476604 33.88196090932247 
1.4722537335732064 41.79022647588008 
71.48197932937279 8.087111273545798 
15.03010604016168 26.366186332952076 
14.288053270794702 26.906435771932284 
95.95805541800533 5.275952219470167 
4.183666487429074 36.60154548827325 
42.39029153480282 14.601422509494945 
33.13194932569256 17.931312302593966 
10.714214013421266 29.534226973364987 
74.72820044043937 7.59867832321116 
34.60602948527033 17.16897899806972 
26.569812226272347 20.441230226249452 
0.7411925988584829 44.10870281962802 
90.98528287314409 5.6747114236794145 
89.45213324985303 5.8653068606339485 
30.70647670377195 18.493561738537775 
101.49828649751687 5.019040523940897 
77.83739991532876 7.119272524951046 
0.5829090712678545 45.30350578384271 
0.2790348056887935 46.493358742536486 
7.277210514059663 33.31596449739914 
61.934580739329526 9.841716911891407 
8.708736590432457 31.684890626768972 
84.80709953985203 6.287074476676339 
40.39724392190347 15.164709245828211 
13.130284810820113 28.02710908315614 
67.57955075437907 8.766586715390499 
13.385342333832343 27.581669383690116 
69.45212673769994 8.462933562841663 
52.8451835885774 11.853892579261576 
110.36570642873019 4.4771703790836 
59.76121120794639 10.27834760394591 
4.922228025030771 35.60344240098499 
74.22237736043593 7.672404287121063 
48.38294857985127 13.12140254825821 
128.93973733341667 4.032305428538024 
108.00104939749093 4.576935700415908 
7.814437275069196 32.18726985015681 
17.573161117122616 24.75119485380334 
97.80199612770707 5.147665536418966 
32.08812441699699 18.004409805186967 
3.6344923971681267 37.48304369477442 
20.074719417908216 23.35897422056844 
35.45908738968557 16.83991035650785 
29.35046282488475 19.218300675667876 
47.9512995962949 13.535475288348584 
0.47985776620459614 45.62669140772674 
49.49466132041134 12.62715263997789 
22.762696416078064 22.041004601118438 
1.162729315948157 42.66701921341962 
131.37993504173073 4.018026377459504 
18.831286967942674 24.025090937467372 
12.057460692782232 28.66014620188708 
17.573161117122616 24.75119485380334 
20.074719417908216 23.35897422056844 
104.60096336770329 4.770692684280808 
82.51385596971951 6.6888154318790765 
38.526895851253435 15.827875811187315 
28.02644562228836 19.866203843321337 
43.0502481521483 14.368673986219065 
134.52843895320623 4.001375583703936 
18.922287655699463 23.97298288488689 
80.96873696103911 6.785758216253798 
132.54288380458337 4.007601761474188 
3.259512492689243 38.568365296099444 
27.97450917675553 19.89327030738206 
71.03797465780782 8.43124062287119 
112.75151438722665 4.387389424223272 
11.932096418265019 28.85420327048723 
102.7223203816072 4.841786464320066 
0.06751747819118915 48.411266417828905 
2.687489527461797 39.322109772233375 
0.22655976928569121 47.147236613901896 
78.05339293411228 7.09495601303602 
37.12616979490767 16.29347263937864 
0.1343337579735011 47.457624382604834 
44.617592315422705 13.922368556151689 
44.09798634332195 14.069843710463175 
29.768665205290613 18.868636313356987 
