135.9999995095305 4.0 
4.185673909805996E-32 50.0 
4.185673909805996E-32 50.0 
135.9999995095305 4.0 
68.55867061835608 8.591447646655554 
104.01144586472185 4.778609602565669 
75.4258523785787 7.568924329241076 
27.872566139417103 19.644192052239667 
36.62543389459571 16.372477821157634 
34.69207969831905 17.16389687441106 
30.29587390399115 18.776101213404814 
108.98632496196606 4.5317720763399585 
2.9554868975123516 38.76458397041426 
26.01508397775885 20.438332067506273 
5.510361575353004 34.99957543882206 
1.062928834262443 43.17161815109076 
87.49592205041131 5.999453418185084 
53.35290534622254 11.689025594639427 
44.856726556353976 13.85568085841831 
0.6822526829476562 45.18646064383579 
4.376959010940019 36.41339952517025 
1.8237177925739017 41.62056932658178 
63.870599340342366 9.569873304582854 
3.7586058263046986 37.65952548782141 
90.48588383317616 5.714222841790887 
19.600811707698245 23.603886920274725 
0.8000569078882873 43.87775301127372 
4.6002911263238975 35.984767389037316 
80.33588161968888 6.816294973328857 
0.5542589574057677 45.80504889304068 
2.3571384792513443 40.040399487136305 
115.71082817345055 4.28724664770516 
69.81483507055599 8.371425920456232 
32.772551627684436 17.76890318548583 
22.778080668444556 22.048333902302815 
13.047435742233091 27.721985621979307 
55.035410496231215 11.306611713986559 
63.870599340342366 9.569873304582854 
14.92723035151996 26.416053973338204 
132.68208385033495 4.006996920278006 
12.200143178273176 28.52032132620087 
113.28038241012553 4.376732342645269 
41.834830270069205 14.78123126220676 
50.28316419912941 12.457714191363173 
84.29063945442962 6.328215266952289 
126.1332312270535 4.0774445521688465 
38.750014328645676 15.670747361075804 
20.176188066485576 23.28235030960915 
16.101799364281053 25.75185489345737 
51.45149219015728 12.150081458101646 
93.74976411117112 5.599937882887703 
100.80644994457214 4.950415726294368 
31.36897868734278 18.294295450454005 
18.185747834089554 24.4563726985049 
73.78481639666231 7.713235954987779 
2.216576365023727 40.55970383139774 
61.916633964670595 9.931313933795613 
119.65994506989993 4.182082083451666 
59.504828734119144 10.524628939703488 
3.3592401535060095 37.967632098747096 
10.387064222420081 30.07613610101324 
7.4072432658720775 32.610371384345086 
5.935118575477445 34.25751369911745 
71.89098285186427 8.049948851173795 
48.255042733175934 12.956977934368862 
127.6105922281466 4.047678174241148 
88.97977548111379 5.851481553252684 
21.55945143736372 22.779473605510823 
6.907009127038936 33.183551072754184 
18.090958701400872 24.517197083038326 
23.747567186467307 21.52837535943494 
119.65994506989993 4.182082083451666 
8.571807754204768 31.62041510101494 
100.15776170268887 4.9913737264373434 
122.93890322182712 4.133696399674218 
56.311981076245544 11.035386694205554 
46.31057267024823 13.497057062168311 
13.614536925402291 27.343667056095377 
58.08086153244 10.642367347553858 
134.98457688609042 4.002500063396275 
123.34208351723211 4.107068042948697 
40.91127832680888 15.235423052333221 
40.02232666790283 15.274026952998218 
110.85301988354036 4.454658672115276 
0.16251370692401312 47.326872363875424 
9.112481471449847 31.008487842869748 
97.39994630241517 5.183366330587745 
60.607226190305354 10.116254692574053 
2.0050192019445237 41.540197545005995 
0.13562232632821414 47.82210848031734 
9.40739144548289 30.69807468860582 
80.97141015927139 6.713630323992199 
32.11919749788731 17.960868706903135 
0.2502534331771179 46.775287398650356 
42.9827370508649 14.416090500061898 
11.693769264238243 28.81864296055913 
57.585714088748205 11.00541395921224 
130.42000088243782 4.034150971307835 
0.024425149374666843 48.984531242251705 
72.64659950974948 8.019338999407095 
