135.99999991964296 4.0 
2.465190328815662E-31 50.0 
135.99999991964296 4.0 
2.465190328815662E-31 50.0 
54.561820526038765 11.409707625247764 
127.2563044889904 4.050721192255927 
8.889689968591306 31.232900738983794 
36.695107678875345 16.41065185603956 
134.6538570868922 4.0013574689221665 
102.24131186384915 5.0122435013007225 
59.978164574017775 10.46569298533672 
13.225071491084824 27.647399882313557 
62.87599996810263 9.699049190271358 
44.42278504719268 14.014022600983623 
53.27908604156448 11.74872648077268 
73.22020250835166 7.80939946753655 
10.719728243154902 30.067847143842123 
50.740341774180564 12.404115430044431 
67.31565310926837 8.844725511529564 
0.5905893842518198 45.09397086280741 
7.385657739604506 33.047926512618446 
14.263187000945509 26.86287097050216 
11.891226765748502 28.75269351209273 
81.78548442528529 6.682829388813271 
76.34316832887225 7.467109474807475 
39.12706567632722 15.83907755640929 
34.47498494610055 17.30220566900991 
2.132713454546159 40.27496814588554 
113.12892323294538 4.380528602257363 
42.319182704615386 14.586782063593386 
90.02997765260523 5.833578586609395 
9.56588301942411 30.56256823623043 
48.26645143166398 13.027821738550037 
15.192794674140629 26.29540670613104 
25.782407039605616 20.57133224890856 
105.99517419189453 4.679167634111259 
0.27663374239910316 47.17798552920166 
28.138923881015547 19.55829091268109 
1.5886180340195692 41.48643781371247 
87.18341942240838 6.0349257860023044 
20.957321959365565 22.88370797747529 
4.968634656280238 35.50752465465888 
19.369408524641074 23.915910875551653 
109.62826779925703 4.503609111055103 
3.0495193462438825 38.43081801840289 
49.781066670126904 12.646921809138266 
94.63307975362744 5.391965523137314 
119.55535564589968 4.192334899044554 
23.474142712284618 21.770684167400912 
79.82289164676186 6.910560188536554 
16.12004368033393 25.74386954207555 
69.78908090174647 8.375869930285091 
46.26651587303297 13.495211747054197 
106.10317388977015 4.668539958435064 
65.52718577775836 9.211113654494238 
117.23555185842159 4.2525863225486775 
25.027197190372085 20.94464891936527 
92.17469667236395 5.603525252233961 
4.033314658334957 36.939115697562634 
24.2140637695655 21.39540013229426 
98.69985197301833 5.083484195348213 
1.298566178179799 43.65486504505992 
32.1989074435136 18.03360098975351 
0.7244346801835468 44.18478928519564 
109.94936170608622 4.497435074168197 
84.40630954409846 6.462161250078644 
3.590584608380091 37.821390602640236 
4.240498616017079 36.68902193436497 
122.01918125225154 4.131561731352846 
11.34731768774099 29.01799907580927 
2.330639926912094 39.82581687705341 
29.277051364927374 19.05919571825101 
40.996755652078576 15.021344286968727 
1.3435724431092753 42.49893005659577 
96.03816346730427 5.281393142784504 
77.5451620059431 7.277673050313393 
33.0372639976876 17.673576837775833 
20.082602262869642 23.3448305833815 
60.39833272239346 10.150511304072502 
46.6597664584614 13.364909446999524 
8.213574563689487E-4 49.856908666655954 
0.04547261397209445 48.86124529751483 
7.385657739604506 33.047926512618446 
0.3721793668892117 46.09273113174778 
18.580834137093007 24.330253406889316 
1.5298781476826382 41.64274081984044 
16.57797338529101 25.35459872762374 
5.593243080752956 34.72552173184738 
31.14440787029095 18.3697929070742 
98.54715830079209 5.1090019792600625 
22.42242542922286 22.222487535429003 
115.03084263229036 4.308064257476829 
6.19217800622582 34.00745518574468 
0.06864900031954926 48.67053557079579 
0.3269938670368464 46.21462345810578 
65.89019293833194 9.136573172977968 
124.68919382861608 4.087360767270606 
22.42242542922286 22.222487535429003 
27.218187521301843 19.947453012345193 
2.677175433351418 39.24853136756059 
