135.99999998913074 4.0 
4.930380657631324E-32 50.0 
135.99999998913074 4.0 
4.930380657631324E-32 50.0 
48.95196552331126 12.770399388626586 
51.82378547459295 12.151504788121763 
41.31714300315122 14.88020217640122 
119.39507253755063 4.188408701965336 
24.761775731876725 21.345776918996293 
28.75291836166679 19.334421200432587 
0.6021253212931034 44.78622312101288 
86.83005541363403 6.127888787573041 
0.9507084362191418 43.34815879284612 
20.486121152410753 23.135360674771427 
12.269479893045428 28.29939361437749 
15.31419658622308 26.539968915395995 
23.133738235026165 21.939076352497082 
21.83676193476157 22.480300315224714 
126.39712062689739 4.061206517264472 
59.81172120167549 10.325634581447154 
26.96426426853192 20.19122555831946 
90.982252205724 5.676262053881306 
3.2285720751358356 38.5779492602248 
56.53192883158322 10.968244229586155 
26.327710671599355 20.515656910821164 
13.350516990947167 27.506478895156793 
85.28621595114296 6.271442122003392 
11.407343845532598 28.981296216473666 
44.13579111855713 14.068271331779549 
81.55009407434792 6.643623134929589 
111.63413162538856 4.424688709998534 
93.62684001902186 5.476183007827952 
4.917644538372157 35.60011216219819 
134.23866676303754 4.001956200100734 
115.53500497274023 4.292666639777582 
36.761059542106246 16.416827079251114 
6.058353062556243 34.51962383979458 
0.4229742876028173 45.52210487295304 
14.293283302033586 27.106626535805326 
7.405044520829036 32.67516543877787 
19.88127688488193 23.962170341477744 
53.533530617005994 11.648908452995876 
16.211728748694785 25.631535476062336 
37.9682854339037 16.0282763481193 
71.9746279744742 8.01562786010074 
9.33128221861838 31.13889924147416 
6.465894027970585 33.67705227115938 
39.98563618459539 15.300298678365271 
67.11105988100907 8.870493367882457 
10.770802098870114 29.61146491241871 
0.15795338531646935 47.328677290673596 
99.5545111621469 5.033440453599615 
4.307147844821875 36.54696893612633 
128.73708720909332 4.052115480980223 
114.83603228052621 4.314181238211728 
33.810600796350585 17.405445500954663 
39.034757500426984 15.617112811968145 
101.51721681142378 4.908133548408208 
9.757881124856981 30.367280093929224 
0.07990635911736271 48.38933498123376 
6.814415849082123 33.249142784439684 
75.01637652597009 7.742226582507696 
1.555215211402028 41.57117434182351 
122.82433105194802 4.116591371574979 
96.60675093597021 5.233371844160134 
131.0299919117305 4.017071366439783 
63.52832136748341 9.644895600106532 
46.96121887195544 13.295309916666184 
122.74584902665752 4.118760530484162 
105.19759377859714 4.712883749215915 
45.34634022989421 13.72593253390258 
62.07206086722151 9.983991281980726 
96.65879702853323 5.2246837821417 
69.05540573290301 8.516117106480774 
64.95929518371601 9.306909683507756 
1.2951320523786705 42.277947566972514 
7.992184442377473 32.02931520254198 
2.4229205987615616 39.65142085572705 
104.17820165563757 4.895125548846878 
10.12434770958834 30.04238625632337 
19.65297890919479 24.440684720584223 
107.46733403334427 4.598946225963892 
0.2162815555424397 46.96161786987584 
30.07923028687528 18.872031382092278 
107.97042553699613 4.576214938780926 
8.643976425553952 31.52802411366902 
67.7718155462913 8.758490412767879 
35.496329483899586 16.85519304143302 
4.211124641021064 36.819795914709914 
16.710736570783585 25.443240035266484 
35.496329483899586 16.85519304143302 
92.42244929233065 5.560839159420508 
31.376956490270388 18.304070385163428 
1.807124935926249 40.9765017898942 
79.65310191690396 6.922784251440751 
54.40567646008922 11.445122758515542 
3.5500502363542408 37.68575745904165 
3.9521060404774513 37.43405070062705 
0.3928101913388125 46.35558528154887 
5.375270935902983 34.95010034810608 
