135.99999999828276 4.0 
4.930380657631324E-32 50.0 
135.99999999828276 4.0 
4.930380657631324E-32 50.0 
19.839070385700506 23.88873285068555 
24.321366329709026 21.295529550640644 
111.23236563305744 4.439802598782278 
3.792512789224861 37.328931634403574 
0.3987129129508719 45.726445213883565 
0.7250456480094879 44.16224155613652 
90.39380754248086 5.724193210993674 
41.83695110071421 14.743259217892977 
38.83662230427754 15.668901963813909 
4.773950007434612 36.30166645018197 
64.24189649396037 9.428364969614524 
118.37856421113378 4.213330600766558 
50.41759406023581 12.401182327209447 
62.495345889471366 9.728293778102646 
60.10708682891229 10.207125507883415 
72.4951431157952 7.922940211346332 
85.80100616222859 6.170159881227271 
3.0155670761004356 38.515211247081346 
30.52029431206234 18.662367197743215 
88.31706861744524 5.939304749563844 
26.681489163158226 20.184163299824824 
93.84688876470125 5.436858447933022 
39.944369290869645 15.341455591329165 
17.992766347358597 24.507579669238947 
34.34155991661634 17.34498220731922 
13.395578725098684 27.78863581358127 
66.78730236201454 8.914268802745708 
115.4091693989543 4.296381013824263 
67.69772855791166 8.755909719041448 
75.57483479556387 7.614352551283009 
70.16640029723627 8.310771173787426 
9.135058436910407 31.603576068310666 
6.427904564825077 34.33324602053639 
132.8017793745181 4.009642888662429 
0.15354034349236811 47.26814221804471 
36.53712882204302 16.4727347834553 
21.49503229372226 22.612439638738756 
4.984535099342428 35.459765957580714 
5.684348371489742 34.977266798067674 
43.86035583710897 14.332268879786529 
55.1121078882041 11.424181015387639 
12.301079017691684 28.279240308733925 
36.53712882204302 16.4727347834553 
124.47448622059918 4.091102585486847 
2.3556394534236658 39.94036756371876 
1.196013833847949 42.6915992200542 
122.11000624599711 4.130909119592367 
98.64729951938402 5.086838580291944 
27.264797968629672 19.921395152505603 
107.58545216781593 4.592601357009952 
15.318538918448553 26.31871706119542 
11.830477758782923 28.82029328682306 
14.151566224155742 27.02657562305756 
22.835976365115478 21.921579488236617 
29.021229885617355 19.339757319774023 
81.07393937381549 6.700189933014198 
7.491427300239897 32.65077855644675 
16.779788997712508 25.23420929121069 
53.01034267881491 11.806790735776206 
128.19757909404072 4.040826199986222 
0.10613218414228678 48.05994298536894 
2.1286628113729162 40.63335840264864 
53.01034267881491 11.806790735776206 
9.588789681023036 30.583588419493083 
11.096424448046502 29.257322478443115 
10.578381397502056 29.727906094362005 
1.7803254167686362 41.01190371532519 
58.49805604021083 10.550002177164519 
9.651257055243551 30.533528167914017 
29.05518388758454 19.184187019611954 
71.06232395258188 8.158540237454467 
83.61303885763618 6.404209788545403 
83.22927141583219 6.46868372676641 
100.92526555554178 4.943499581050713 
22.561213985822853 22.076790664168556 
17.244637342909478 24.947916717896298 
76.4091203466016 7.505557566374641 
105.40856752578739 4.781696209515536 
14.469937002315106 26.76693773457309 
21.49503229372226 22.612439638738756 
135.85394954938263 4.000013341453235 
97.34109335383982 5.191172292427841 
115.94291581619224 4.280327765770977 
31.76198639613578 18.099126326243933 
2.6001083427453597 39.27283905991838 
6.705702411921594 33.60805897517252 
45.179754922582546 13.789339373661907 
8.109607740397752 31.897167790569355 
79.07027303947416 7.00309432184236 
44.42607798822989 14.014054259283073 
7.1398664328550785 32.89135579808625 
126.9449094051647 4.056697051857666 
96.07482885842613 5.30565416525363 
55.843230905192414 11.176072210844033 
0.016445860532066824 49.35994646671478 
48.164497414631846 13.057030296357727 
