135.99999995206667 4.0 
3.5745259767827097E-31 50.0 
135.99999995206667 4.0 
3.5745259767827097E-31 50.0 
41.59407190524908 14.852673552710632 
39.16311027520409 15.580838983865549 
7.510530597592454 32.49913360925615 
96.12701788085465 5.2640337743709615 
20.711061307441142 23.07179891924092 
130.3826706129899 4.020853447281589 
68.2439924296022 8.679899507660615 
8.575257571880037 31.438099571763807 
36.143976131183756 16.525340780631996 
11.424481632732348 29.163218319982448 
32.759459072368 18.391703423475462 
33.94513687732322 17.37129622896939 
17.458135774907078 24.830564526766636 
66.17414280251734 9.037046837788562 
37.26358377695359 16.302732710248225 
18.765165843514616 24.151529899725254 
99.05984234097984 5.065229259781612 
24.80183701875992 21.009045112659205 
73.53013577111315 7.751743286819673 
64.32558477423362 9.369961000672005 
30.24891619319164 18.734771887700457 
102.84450919028619 4.856121357593251 
16.595374500921455 25.638573137011544 
3.713179485560031 37.31165487528135 
7.101943965958229 33.49877616124235 
15.790910839715295 26.066526989219312 
23.553131696478523 21.966731152303716 
4.701572076138153 36.04859031137673 
85.37001777630073 6.211758841566582 
91.22103917937142 5.66288222580852 
4.4116689534364735 37.06932992504702 
88.16255006918672 5.92913312269059 
58.32790591076564 10.626156868134114 
59.09293806966626 10.436523836482905 
2.537294612763661 39.53682506060967 
12.515180720926068 28.24897820837422 
70.54737838700547 8.248205430664441 
82.86474857621417 6.48840217612872 
0.2636565795722675 46.47604107484155 
124.54733166484988 4.087099554621165 
100.84992836769527 4.962471926120371 
134.686499611979 4.00185994293498 
3.0759518337436487 38.38401263450483 
33.66091504688587 17.756338246308925 
61.14338632795845 10.011185083464333 
23.5671697575669 21.636634049251768 
21.485571625002734 22.635930469179655 
54.59609186465408 11.40517197919494 
6.669950003302658 33.96573535058431 
46.73309612824925 13.345781702107946 
56.221066911287934 11.039248825587435 
0.08976408567969708 47.99591987087888 
89.01946130623948 5.851415031504409 
10.521247601833952 29.719013359779083 
92.85103732389425 5.514814449310293 
117.03727473575564 4.251151920482521 
0.5168217101617917 45.72677799466612 
0.012024658465980633 49.37999908479065 
43.856800504520294 14.143556016172905 
0.6144312282701097 44.6110452813368 
70.46167445407767 8.262292339203139 
13.72560694399493 27.292537242627105 
74.35663436882709 7.64769698619272 
1.6444759397260102 41.39557511520982 
0.8449217871928119 43.830111424088756 
5.080949006887833 35.63073409367313 
45.41315388944216 13.741267312575214 
2.8559338264595104 38.828192713038966 
126.63041177493197 4.0575998515765885 
105.55087346078048 4.693780842093744 
108.54843809712516 4.554330139114927 
43.856800504520294 14.143556016172905 
1.046917826775778 43.02675676815745 
1.3625551770520783 42.13696664863288 
84.46549520807847 6.313567438651775 
18.44394755716803 24.24329727260144 
48.15531699883029 13.016283249797944 
49.76426667061334 12.584663597883878 
80.70580192186773 6.746281062644849 
13.582427598898828 27.5882242851963 
2.0326432291075074 41.15656102598498 
2.161617260247415 40.14422480190968 
5.545939589170752 35.13410315854243 
14.650119071647243 26.711124671947086 
2.0405590738397685 40.44856176056262 
105.55087346078048 4.693780842093744 
9.229099822676755 30.864471946704555 
113.04891228738003 4.3755477103698714 
115.42346159561657 4.2980866168505285 
50.5463402685008 12.402960916079774 
122.41217627813894 4.123969133027301 
12.68877318038775 28.041852092734665 
9.42180512886164 30.670447238608162 
1.263199279314644 42.39534034644291 
26.904549327950665 20.111588776498106 
119.06502111167497 4.222500097329975 
