135.99999989558972 4.0 
1.232595164407831E-32 50.0 
135.99999989558972 4.0 
1.232595164407831E-32 50.0 
15.554826106841412 26.118639418925657 
21.56339203330646 22.568229689824697 
125.24572643194925 4.0764534583286505 
13.919221693503447 27.441078766450147 
65.25358659244556 9.227429227293669 
7.604120512624977 32.40529691036424 
133.96345532960757 4.002618932828122 
27.13185271028295 19.951078121046955 
25.77302976220993 20.559913499530452 
19.32688729365038 23.753773199175193 
113.51728903070492 4.357370622524671 
1.3398180398441488 42.970138704246224 
11.948218694386977 28.563141836232056 
88.25798188991533 5.919654246546144 
0.33428468008878076 46.00516764085067 
17.400827373213765 24.887314608566438 
3.6398586939710458 38.26721805079099 
1.0769945760555062 43.542508161788234 
55.804713802994954 11.138833479587518 
10.743363209201409 29.700204987776175 
67.84172956353339 8.722106734463686 
59.81288090577322 10.291919505477829 
52.40294962611279 11.914147648313119 
47.5752077621101 13.381345909786102 
121.63426732999127 4.139214729392012 
118.36471153786611 4.213674775032964 
1.5559831462536662 41.614689226927695 
108.35329776875514 4.564340850046272 
45.79953643221479 13.601408763250127 
0.6772010705187459 44.62606093316204 
129.27702808606625 4.029240432663994 
97.88359770642452 5.140444688571494 
6.667259858065467 33.634359592917434 
31.396914951662474 18.23987993271087 
7.312294216131361 32.714344748831444 
2.9293659150113527 38.70387767451341 
101.49594821346633 4.990043729560532 
44.53047286772376 14.017551983314295 
0.546386411555515 45.012572841706806 
0.08020839977944415 48.10546161028222 
18.22793733897547 24.375481161145387 
9.176157908731815 31.041102181654274 
93.39871365434553 5.582491248653989 
129.21045899126605 4.029832822784978 
35.846208386504316 16.637480279846574 
99.89626557993941 5.006920722409187 
105.501893005939 4.691656568667549 
85.66829608826532 6.185470069150476 
57.9747933044665 10.664346465762655 
103.8284136314341 4.8106978940883405 
76.63573363897993 7.286798041706399 
5.808312329286807 34.53641180327931 
23.173184403275176 21.863945574806156 
54.12672403767307 11.606429780602635 
0.20937703044347528 46.98583621830355 
90.50550847444526 5.7384240378304865 
3.9086262601237207 37.15309875207876 
28.66875780485811 19.307496571409008 
24.372728920142396 21.201456515244907 
6.419729949768602 34.004341937628446 
49.026552324001415 12.751565837554978 
2.569537426788749 39.657437880964984 
120.49209881003048 4.16698847678376 
61.556778924120614 9.948967368150413 
91.15542533226838 5.673473907493493 
50.818684143843754 12.361102278262482 
63.5356437728565 9.608527518770789 
48.69290957779679 12.832425390570199 
32.67856374623651 17.774648288155078 
33.01100930236635 17.67429069485276 
74.26764321303897 7.655995872642915 
37.556125674054385 16.076967978128202 
69.00425365867244 8.67108141607359 
72.09145149258751 7.9879603430878205 
69.97738951517739 8.347085078188655 
2.71329735927715 39.49317379473097 
72.06997050368292 7.992464907704872 
39.59271255050475 15.791910836751821 
43.747330314232585 14.43186918377398 
13.355071704473453 27.71963163721918 
94.51382749454109 5.3921854780367475 
1.868291469111299 40.80195612264349 
82.50336100809008 6.529153826473012 
54.81785873176153 11.447710231939453 
85.27083568832256 6.2367444391981035 
78.84821976714309 6.995850080236118 
0.22621068613912892 46.88981821573189 
35.12388783694473 16.927356046061224 
24.262374828706925 21.25069027242693 
37.148190147390146 16.224129611207076 
43.60812429074265 14.776269349166204 
4.683480413887916 36.05386699324809 
2.0273603341431636 40.446800591434766 
10.469347741977046 29.89835380528747 
80.94181130008153 6.718333609200977 
78.84821976714309 6.995850080236118 
