135.99999999955497 4.0 
0.0 50.0 
135.99999999955497 4.0 
0.0 50.0 
0.07664724644851395 48.14939755856099 
92.38863821757941 5.577579586357672 
96.50823116822991 5.233700598964414 
74.77587462698213 7.562586925868073 
12.100293922725566 28.55446154979295 
107.74081874496106 4.585338112016423 
82.41592714861017 6.53951916045343 
13.911202986232718 27.530461713936226 
63.156768937047204 9.604073534353438 
24.86136872097306 20.968651969664077 
0.8124865634270099 43.86363727825536 
0.5144677090410622 45.138426443043485 
131.03619749391618 4.016086165392793 
1.6349131149519414 41.375131921321824 
78.36734695346566 7.047441077158062 
71.85093072509554 8.0250146302513 
5.291524713950088 35.06754132149567 
60.88938344439436 10.05459480656258 
19.670766052721767 23.564138052959123 
8.212684334334522 31.983066928006775 
56.28115333223374 11.038559216902476 
55.718339821666284 11.722750786110295 
57.99044094782893 10.673819991442937 
119.61127968388888 4.18346058302356 
6.283352261037949 33.95976039193603 
112.56961011253432 4.395804303686104 
14.55619852256904 26.998040922173132 
103.3073248552958 4.80634079857956 
18.48297881771409 24.239386068571644 
20.61375401563988 23.061947437171685 
9.508099298365238 30.579588867727598 
23.19886479351899 21.743486335596764 
36.97551395942119 16.398712420850085 
11.232663654827816 29.11079119395294 
124.26409225968908 4.096044260267665 
41.05499317363317 15.12350018995268 
2.9378714629376548 38.64878976554262 
0.2248421193663704 46.99117938987789 
59.54798622699715 10.332882681684985 
5.20955073247872 35.75552959352667 
2.524148835593168 39.435242517343994 
31.80474383216865 18.11911719835407 
1.2751524660953382 42.59896478420623 
27.88098739156408 19.636422330968045 
46.41559326586102 13.531183563640376 
29.84641626164001 18.837621201743286 
87.1996003778007 6.023110260041697 
38.88208337944455 15.666083400698625 
32.96229250328298 17.67662803133998 
0.3836289317239558 46.03221737974427 
16.63358429418875 25.45187731311919 
7.178989092317638 32.87205932800602 
123.54705839341042 4.105453580463452 
77.0074485004148 7.239707614394248 
128.22345541158046 4.039381327711311 
6.6502386895866135 33.7268663699095 
103.2409558807371 4.817415155763793 
29.889607497696847 18.820988819832408 
26.290673344027034 20.452733832017298 
99.82871210044624 5.010790324065639 
99.39105702348877 5.065584720307334 
17.831664161061642 24.68598863539237 
42.184869739608565 14.6304909787895 
44.00428068181732 14.195243383637761 
27.010469932180463 20.31654814230925 
48.44649139173461 12.942577101125506 
15.48055212885117 26.29326410382407 
134.83257196832844 4.001157973426483 
48.05663476037786 13.114924510569423 
4.414557225351155 36.36778989314031 
8.879688709948647 31.20569206240625 
50.07860086388334 12.491582710598168 
35.31857682470948 16.812107783170518 
7.510152046567565 32.60317224854538 
3.9704059111671777 37.15019149784244 
1.9986351716899406 40.58247596144383 
15.726343818509267 26.090145241385223 
89.45645491916761 5.808202380155224 
1.1050294689301279 43.01362003995416 
45.384324746190494 13.710246411114213 
53.37390094022864 11.868851626153727 
39.28890265857079 15.57212012968431 
115.31741508088092 4.30307216266067 
17.10308938018183 25.114974195401665 
3.3999943604719376 38.1185076937568 
3.7097824978943357 37.745067504722726 
10.546542215498395 29.674375534287194 
34.112832567863336 17.229315266664543 
118.50820169304711 4.210277141664288 
65.3930930945372 9.23598657602524 
21.666743263327184 22.502829834520064 
69.60729022305941 8.588930813511631 
68.0683123872151 8.68480753789802 
109.83170750112274 4.528304810934787 
115.31741508088092 4.30307216266067 
86.08399439931074 6.157053544238538 
