9.860761315262648E-32 50.0 
135.99999999357811 4.0 
135.99999999357811 4.0 
9.860761315262648E-32 50.0 
109.17492167093856 4.551561460285251 
49.87355319036844 12.653054481970708 
114.43024251250247 4.450266809168645 
53.44450844910241 11.667556782061087 
105.18776553859881 4.734434522139646 
117.21656137493349 4.37148456981849 
132.59629621544198 4.009392731438854 
16.04433584304807 25.693776374843345 
44.75472354314782 13.888769058159708 
14.620417196351582 26.626770050292947 
0.0767101753033631 48.12261650190528 
46.97954030311986 13.345020752074774 
94.12264208114281 5.420532200772778 
90.1499166511347 5.84479140748129 
25.125539648137664 21.128862726121305 
9.877420514002155 30.42433901360977 
8.974341642719093 31.36560831390771 
0.24043281676675785 46.72546984598968 
43.34240680940067 14.302094449799302 
98.83342393074491 5.093346881790264 
3.4224717971069083 37.774284146956134 
55.79038181976249 11.374514845567422 
2.309854103032764 40.014644650844495 
69.67177944621339 8.44582751040793 
42.25905237981104 14.967806769718916 
13.99427736949224 27.096690339347987 
6.378256017896244 33.78801795844407 
73.54535498875782 7.851310117365623 
1.848745201090147 40.84954154730071 
60.619684667731796 10.10657893373886 
4.646052257626936 35.920550631154725 
48.273513158355414 13.00188568381774 
33.56506383065411 17.424862763311552 
17.670162769703488 24.694997191783486 
96.57849868705111 5.28810466264053 
13.001371145450875 27.860726091350706 
77.74602050793307 7.1345707227817 
89.45962577467427 5.904862532896326 
5.907766355564595 34.40695430708669 
16.87203107913099 25.177630004523717 
40.49080952989725 15.13779456242277 
0.9559399115327747 43.41776452874022 
103.02899422672725 4.89469311142839 
18.930368704037274 24.248959150374944 
58.97426154515422 10.475993254083889 
34.606834988139596 17.055368120668835 
11.265161708820928 29.786222963858734 
84.59515159425717 6.34626102504947 
39.346037310548695 15.519235141261733 
32.492097132555166 17.997107236373772 
86.32932974828293 6.124724745501672 
57.646022762355614 10.889639322704273 
127.36244746692361 4.048759143980236 
29.311643222084456 19.09627268030185 
7.169925331232005 33.0786943476609 
124.3426758469595 4.091671951873655 
12.499883398526784 28.19524509703713 
79.18731535743117 6.953593048380641 
121.43467480669969 4.146866510122146 
1.5313486611411253 41.64701263023331 
75.86997287029429 7.429508221514881 
20.48850688748065 23.50368529625443 
63.806504458955416 9.469558037863969 
26.20875138572257 20.355779197704706 
11.696997604233928 28.780562494099875 
19.601408929144572 23.83015781461513 
3.343830302105981 38.33096001378077 
27.8793750354367 19.655711304044893 
62.15530628965886 9.87719069927117 
75.17381528297221 7.5850260628482165 
38.032425839953746 16.0385964357055 
1.2336911127478827 42.69286402754122 
3.2125580231506827 38.96218236529323 
0.5430081900256618 44.97055829921537 
120.59644890646247 4.162289636168885 
129.3782864621907 4.029292791342856 
26.625094543411457 20.178440589630988 
10.458363125474074 29.82772185863856 
23.6303221549545 21.53439337326359 
67.82097728692335 8.756751096766987 
36.46722637483176 16.423486721493504 
54.14281818418465 11.569628591057658 
125.30682422720213 4.075562095198362 
0.7103052126648393 44.22282184063562 
5.0811972332128414 35.33212670540476 
65.5532518752121 9.148225046571977 
28.30764513267828 19.505262576015518 
4.153556296986433 36.739793782127194 
35.81094579051529 16.69622409291965 
21.197135680183198 22.799462238992334 
71.51629213768072 8.095368221999044 
8.32806803724324 31.895737851361872 
67.38260939748916 8.82979622003102 
101.23870020193965 4.944272206670507 
4.172962395491205 36.698462161174454 
0.061059013265414325 48.74432069828515 
