135.99999994219098 4.0 
0.0 50.0 
0.0 50.0 
135.99999994219098 4.0 
14.27458953137176 26.897218991573276 
5.721730933456316 34.53358813318148 
46.66851252476421 13.446402932768311 
49.98132461567316 12.72647683064567 
8.635190626460124 31.389069603025476 
6.86524782153303 33.19426554656634 
94.63798275820888 5.522345779453358 
12.526561355514438 28.142194997964978 
28.92592595517482 19.21575935674749 
133.1742622101031 4.005205389603698 
10.34087409280238 29.86603684853622 
67.2068841160323 8.835535777126882 
15.884652668249675 26.35909415371944 
34.89771775228968 17.12188025783647 
33.131838196907694 17.58406008519843 
9.954500689448608 30.68684371367675 
64.47785725492992 9.348266021286793 
17.305634110903057 25.125310004204593 
31.54375003261663 18.657083930090803 
41.40827821554967 14.850490563041074 
75.59712463485245 7.436888622427305 
0.01917131506507176 49.03775561733549 
121.10283643017634 4.15075287154094 
85.89957050387021 6.184231066586078 
0.08158477556173727 48.00324547150241 
11.753481590472244 28.891662561614318 
1.2141470401432706 42.70398814144603 
18.793776835767424 24.04645956084777 
117.56716750848082 4.235219388136512 
20.71543283873197 23.000000385470173 
54.92006317703412 11.51769516035106 
38.86290686505073 16.12114419553229 
0.7396450401513284 44.1197584438184 
116.45316027105784 4.27154247993789 
59.377994229144385 10.35688993848063 
87.90044617471435 5.958192967377839 
31.834727847821636 18.21257737968646 
7.572227358371766 32.441721335091785 
2.655740729259893 39.235215417112556 
128.9772605593092 4.0319566206391935 
45.35778406335716 13.872594823841911 
19.961915715220307 23.484080872499646 
52.81646248951765 11.816086734900871 
0.16821835178048644 47.24826805438156 
2.185398247690565 40.12710961593983 
90.94523624292337 5.684736976423535 
24.451527755400413 21.178778463834483 
27.607347583160646 19.755789152498792 
36.39045132032308 16.537776725761386 
77.83445392558644 7.1515080243074305 
40.284105032027824 15.446745228296408 
60.734923093763456 10.07709420214527 
63.2598104536348 9.594817611120574 
23.37553809137998 21.801793537395803 
55.89721181960869 11.175478117421996 
61.947675858260844 9.842232018464337 
73.81292383002342 7.712012905038213 
57.91836707400884 10.746067552638824 
43.59413933190487 14.602823759715777 
101.04512236981842 4.975647232558645 
0.7141617008365713 44.205439871977255 
0.5077939553479237 45.32849191223657 
16.449832630605727 25.47392714871382 
36.837406735896494 16.369846538786547 
2.0272961284621425 40.51675859886179 
113.22480346141677 4.416329059677268 
0.3041541815649621 46.418412196464004 
113.21813209841088 4.416554685117602 
109.92796245710741 4.496731329052326 
4.386075862691097 36.33097579443473 
5.119949708040155 35.37687343732911 
68.90883825905235 8.544045246983687 
81.16794944194987 6.69150606812568 
39.609487063141984 15.627722604677817 
83.6153101243406 6.4163579521306255 
26.449154167661938 20.871164138815864 
57.667394057122195 11.107842426045506 
122.91841346403854 4.116330877625911 
23.029136741943688 22.039309136573177 
108.11763810631881 4.571312668610713 
78.7676459410966 6.993423010615034 
4.994661012317907 35.57767676056507 
80.86720532447026 6.7369333562616 
125.89886877863151 4.0678886755877075 
26.4980516663353 20.26326678280866 
107.06298278256648 4.616949116022678 
50.93884424927123 12.27466823276282 
0.46437786792387115 45.40525233063529 
104.34718558414068 4.751222070624654 
11.902890408448425 28.583690259276295 
83.69900956921101 6.407054246005671 
45.03772269089641 14.44493456883793 
96.91792430900462 5.206842851761554 
7.4403708637260415 32.576631901967055 
2.846837398566752 38.78385640059452 
25.23888153745279 20.97646673353868 
