135.9999999799149 4.0 
0.0 50.0 
0.0 50.0 
135.9999999799149 4.0 
51.41017319688227 12.15242309947903 
122.86129623929975 4.2276547227427255 
47.6823199685294 13.366369128790073 
115.8186682261873 4.297138005743907 
24.66284225188486 21.085028028972125 
84.76115535535439 6.276996802736834 
9.430064415099238 30.643392669950643 
53.03605157822797 11.78436172397651 
69.24284047321049 8.482362983813733 
14.484845210909636 26.818935492984366 
11.853554884096736 29.320011684987158 
8.269152765301287 31.90300375913003 
10.438095986374162 30.27247810662194 
30.566176694460054 18.57176552057559 
81.88774118488925 6.604184979946939 
96.04451123830154 5.267159126443656 
26.31137353788953 20.342611705779994 
41.151532237689494 15.066388231442287 
66.92856203749479 9.075954060039493 
16.10254794762831 25.679832838866957 
32.342075989832225 17.888855014043443 
108.77016432056621 4.597754797112127 
1.6747568799408585 41.3211251253387 
55.448449993406214 11.212058487214074 
93.27166435007857 5.47910312740842 
21.589649240850633 22.641669114733347 
39.819262367481656 15.35471799394562 
19.068442513011572 23.894418499854964 
102.0817051481167 4.885219654571828 
2.6828789226913052 39.18157735724387 
17.47473087563242 24.82566324385047 
105.83222298207392 4.6867392339312195 
13.817655069215007 27.170713664023534 
66.0421622976557 9.341984761271958 
2.4581036370316873 40.21997458779869 
4.028509516999355 36.826108512774866 
112.02039729542034 4.423702446690128 
99.66921211582678 5.055073519481597 
42.92831102870554 14.449109470686775 
6.856053590711493 33.21092664389242 
71.00258967179647 8.16808243574555 
89.86377113263723 5.771594604485519 
124.75014717739145 4.198574441902201 
5.661553790752912 34.613980592517386 
87.26072901410706 6.0229296407604345 
28.006191627076397 19.58138252760755 
78.46720515134766 7.116734787993714 
98.18724407324049 5.138536623594771 
23.34919298242496 21.846359394368637 
2.9300032722440785 38.64236550756823 
0.2049872683448398 46.91644729295599 
114.8785873730594 4.31283785718159 
56.887273645835876 10.923341307644806 
33.268021703877 17.564417276374396 
0.8777433157392657 44.30391123570452 
0.10439965097630866 47.74204138304806 
27.161942830312697 19.949654433951483 
59.705663285201275 10.3086903235633 
16.39281715793794 25.54074721988052 
76.11712021386626 7.364409888863532 
0.06678121060926767 48.207747080157944 
8.045276570125287 32.319990001520445 
38.23548905217959 15.856289517040986 
5.208671680942846 35.37392851061867 
110.64977553822946 4.46267339057604 
74.51321346085533 7.622296127553226 
6.748288346607811 34.27837974785138 
20.204134703173885 23.267765115060932 
1.6207672920623166 42.275907209466936 
0.3387780817477005 46.39952292778032 
23.422027981770995 21.827486527803902 
3.6580106576899976 37.45188050910565 
12.862761551996607 27.911883238346576 
127.50594012740156 4.047458356417151 
0.022957690278857683 49.01576900682302 
46.3537732639411 13.450263490422376 
0.9025773207803209 43.51576439245213 
88.15020308765031 5.961661954741932 
29.08394338408297 19.142976644279614 
73.54712283031922 7.749288129933974 
29.48274021694995 18.978361601768505 
1.1993744137097233 43.28010685164018 
63.637351287895854 9.56498359365325 
133.91405714694775 4.002748212084857 
36.20565562595998 16.563927348054957 
11.874659003383755 28.61330900282833 
77.16308118694268 7.21178683504822 
0.6301342146277135 44.776287278161405 
3.312783264748814 37.96074648005573 
130.18702543824838 4.021756246669674 
45.576950752243754 13.78791667691818 
80.26183738165057 6.803815016287411 
4.9612138094879095 35.65233037454688 
12.205505151149017 28.383039495625944 
4.482612002478351 36.15033743493149 
131.29819827418777 4.016647381362067 
