135.99999933295 4.0 
4.930380657631324E-32 50.0 
135.99999933295 4.0 
4.930380657631324E-32 50.0 
13.469959060890195 27.78044397517614 
81.9141515328761 6.617174333434674 
15.382503723377049 26.206745755576097 
3.7701964374424337 37.24123616614503 
34.2802373145968 17.27421302216034 
97.47958370289882 5.172953115362788 
69.67548279311114 8.40166413790761 
85.87609180302792 6.373238407633222 
22.31066376095618 22.20348809221094 
21.220780524497325 23.008274341716266 
2.785232198715015 38.9061469957001 
104.32614021370247 4.838186147855956 
116.95263417230721 4.252388710306478 
16.729223433892663 25.385609781835814 
17.766417704381382 24.637127873139576 
54.496773458855046 11.424232566612439 
23.55762689890225 21.579853036803073 
4.5511374340673365 36.249397468197046 
50.3473300877193 12.415803227848858 
9.802002912178068 30.49035995826009 
131.2119399895542 4.014751714481697 
45.16615802467462 13.772047599584097 
20.279386450830973 23.716521236169662 
0.4650820149265032 46.33311488792123 
27.860857664248975 19.821654383815265 
26.67784635711271 20.663272594404372 
35.86497819510664 16.650487047763 
30.73220138409139 18.9419773747452 
76.89820634256483 7.3919505864202755 
114.47181036295302 4.359379524294669 
49.81367889334156 13.119846567625881 
5.492603253099782 34.80198868111706 
73.57253756088684 7.7571896857896006 
41.620106314931306 15.178599369697153 
72.9009082863858 7.852221662390553 
6.529887542691008 33.97174811321574 
57.24419727721802 10.93208215708545 
11.442281879229773 28.99162437316993 
31.02087072593323 18.371952514325244 
101.12127689395703 4.971398262082049 
0.5919334796125848 44.93685775560225 
0.823538605338276 43.82701798796625 
62.94055341409927 9.679486528273962 
6.944860141981419 33.130340062126244 
59.269464721523605 10.444629975076419 
133.6046707123112 4.003629603718466 
112.06876388600804 4.415943968465517 
0.20214155038770137 46.877454229869016 
106.73729869861462 4.639316134141621 
86.87712068817781 6.055399031932215 
24.69242224218879 21.06062788481882 
126.3479810992536 4.077950411840516 
8.24498057265576 31.920233904107256 
128.0089080399639 4.041657712223143 
64.01783760532257 9.446218886990103 
52.16801920344207 11.975765870020682 
79.57751262755201 6.887820265291769 
0.10706170093687985 48.09451617893865 
15.991183378648604 26.027854034198903 
10.397827528501823 29.79840127621879 
4.178021281444948 36.880448228495624 
46.733344543438704 13.353350503810983 
119.85362547881562 4.1812907259457965 
37.67222619889648 16.02131826745907 
1.7974028460168483 41.03622640298992 
95.53732087775987 5.38516409589176 
101.46977631622173 4.9129208803466 
88.61583736062455 5.892430843267943 
39.17185084528846 15.538121625010668 
2.134076628258418 40.25284714850375 
7.685160503782772 32.330862449584814 
0.600545072097443 44.777565915575764 
1.2121760108650146 42.559504627488444 
57.586354985946286 10.776726815568237 
68.52929718108017 8.614471926029072 
10.755647169784881 29.556100227934472 
77.54058724669092 7.282402915133051 
32.388145583992426 17.869649294166873 
107.85147174827627 4.580432558863211 
0.02276866100863454 48.94073541091025 
5.138372848738715 35.25692583942771 
79.42470792127399 7.099636134258725 
2.3748546226284466 39.81322547247139 
43.0888680112449 14.446671071066199 
25.549785119406515 20.862643201104213 
32.388145583992426 17.869649294166873 
18.774586375308225 24.091414117594482 
2.7436800060415556 39.0761053150396 
60.35295559819406 10.197978149135766 
9.014979569916106 31.26652434456475 
120.3384924351039 4.166627607256122 
123.40120809738015 4.106897447078826 
1.6573239116724308 41.319884793429964 
39.1474259878467 15.545718807885054 
36.81891045154818 16.31115446735939 
6.775040703155119 33.5376558222456 
