135.99999975805883 4.0 
0.0 50.0 
135.99999975805883 4.0 
0.0 50.0 
6.2831145098108605 33.86615366991002 
127.67908728433703 4.045206417005826 
7.504953340578508 32.52516916386836 
134.02452654758994 4.002466722825221 
1.4055160525176624 42.16292490601228 
3.2944900613712704 38.172323529369955 
26.655621352492616 20.162903390854325 
28.43049795613105 19.41482787633661 
0.8580010203015144 43.81679495634132 
5.500121257640915 34.953847223092595 
108.90460383194542 4.53505885270946 
25.211377415366314 20.817607776973034 
0.06308750847416583 48.24502647650107 
68.63818167384484 8.579135964957727 
111.82622630210713 4.4187911274915495 
36.08502250800255 16.558400590002453 
30.515288538189125 19.043541784659094 
8.734443404868532 31.798106033913058 
17.943924015663455 24.555883861731683 
125.39346788152234 4.0743104228036815 
65.93380109919309 9.068983916184349 
37.29240807127233 16.145225992152852 
0.23151206345535447 46.812761706074454 
118.83596218101766 4.201858636888211 
76.08960799573303 7.364224557745067 
31.09094062731133 18.346290693700148 
0.03391845623235205 48.78695756325889 
106.27417954998116 4.657166300416423 
4.82877736034036 35.73126473042779 
22.098835451237292 22.287873001731356 
0.36471466338721564 45.82084801390628 
87.76752942950439 5.971790730688808 
114.29764223688643 4.331433083444045 
58.09562096476145 11.015110429035605 
82.57253232910892 6.521108108280575 
116.39592589977971 4.268680211740991 
4.355777131463587 36.33172971836006 
2.120950014997803 40.367412752320774 
69.88349038235958 8.365993374918233 
52.90358019320272 11.79715848757628 
85.94286913882682 6.286535675011617 
0.5903847247460292 44.81908514960996 
20.493872678861134 23.112811596044526 
45.352219853330055 13.721125824975243 
13.854067807674364 27.144680895570488 
90.36958792468808 5.724530363329567 
59.02046501445383 10.531564642238113 
19.270720290137863 23.813734166249034 
122.26331646809189 4.126806357044828 
56.22026935077015 11.27652071657483 
9.144271622557506 31.12128174326045 
84.24914673652712 6.333437004596194 
21.239726292217238 22.733375088417553 
33.55656937109175 17.74517026470634 
12.139495908738908 28.595058563566866 
50.993141677226184 12.284306428599907 
65.08785942139082 9.282278543593186 
10.008666817298646 30.13553821639204 
2.400158292593847 39.65467546648661 
23.40481428212348 21.70274092167051 
2.877426141763379 39.294773735308496 
1.6593737816995748 41.30639925200191 
12.76818772649101 27.964500454353907 
71.72590524736097 8.04588668889971 
72.3250441156682 7.946130433419762 
121.47685743920525 4.142369938690557 
47.15551108955891 13.3802313878369 
10.842431126409398 29.682634289249926 
100.81982116062869 4.9506926943560625 
4.03076149412845 37.10240489394636 
40.960593794738195 15.010257750224104 
34.36395987685688 17.159257741454283 
98.32230476755544 5.109448877819306 
95.51146535872093 5.306047536520453 
63.59658824585797 9.604670838442427 
93.01314821368025 5.507279948378827 
89.78970487311014 5.866853874771918 
19.699217554215057 23.724319914871252 
60.01932969005152 10.23400835566958 
1.8869565236266612 41.064236348631034 
74.20227288574036 7.646574593693239 
51.298969551954336 12.180207926669716 
103.11214137590486 4.867965813748379 
38.93858202349798 15.6276638516361 
80.58575774128809 6.76223060138382 
24.044758986775193 21.366618891142792 
11.638821357306222 28.912142274838125 
104.31472240471751 4.755395594894157 
80.24331158119003 6.80447338309128 
11.027029028941577 29.276362454906582 
0.26827565326759323 46.46561756590022 
4.03076149412845 37.10240489394636 
93.101180096156 5.500642418566937 
95.50698242830481 5.306794754930881 
78.343709148806 7.05020014776367 
17.49753735996881 25.1593354451056 
