135.99999999898435 4.0 
0.0 50.0 
0.0 50.0 
135.99999999898435 4.0 
1.5679520184995492 41.915187659169476 
0.1945310157687263 47.72726981997131 
2.3390715502585477 40.10808767938228 
80.86601849517427 6.725702908808305 
119.20008008017237 4.225337127869857 
70.53505653638778 8.312493658303156 
4.887049304721981 35.63719553870182 
1.119054502958589 42.82266727497135 
8.084631935846527E-4 49.80719834256879 
27.355626407461394 19.865643626529035 
114.27155766112617 4.335637572680284 
33.500739460873355 18.032263594887358 
88.14583413277981 5.930866430614454 
43.563107363340855 14.372276849434158 
0.8313261535066431 43.90288310166022 
25.67719912326828 20.64413964861311 
40.722552990054034 15.057260339875821 
132.4426879518797 4.008938976354768 
3.67506784189033 37.36348932432228 
56.523205043183985 10.999536074044386 
54.606324644513734 11.443586484021052 
15.881753679563882 25.88560058382394 
127.712884161173 4.045649649894798 
60.023481321381084 10.223209758220015 
3.091925263252424 38.42947781970676 
34.64102197834934 17.091492137423604 
64.72508954442395 9.299383233595254 
25.031876668986328 21.10800836543102 
85.26920026988807 6.23143544136146 
130.28067367102707 4.021920779845917 
49.74803326254636 12.578560431579266 
84.294389594744 6.344865125628189 
17.139875528821577 25.093940243895368 
75.45574361693 7.502235525966448 
11.09975434686155 29.56166825496747 
6.936123902193193 33.331950820412146 
106.67212357245424 4.636727159310416 
36.31545873180892 16.570060011834418 
62.403584092179344 9.759486644879892 
76.40536202821437 7.319003508978518 
51.184128263674225 12.236368729165338 
66.73401175653201 8.91933776267365 
28.47705985383832 19.386117923495267 
21.992354669609924 22.33773192078253 
67.86281797428988 8.804803292794364 
4.3716865074700415 36.40299428444128 
14.794185836661562 26.619376424192176 
5.661528819120817 34.59674877412525 
102.74248414472814 4.842365426558588 
18.5367907443586 24.197248008185067 
121.52862042160375 4.141351229396914 
13.457494145152591 27.467542308063432 
23.487904037484164 21.627224475813982 
8.087278754410399 31.983843842827746 
31.625500663505093 18.203158986209992 
72.2862597247379 7.958742714706474 
47.577401205571235 13.180692007877077 
48.53951133464665 12.97139294116929 
19.942207218644498 23.473631115617344 
0.4459138264711764 45.68434552464384 
58.58987887412537 10.868207910926184 
13.746274064419168 27.24740534024938 
109.87556263296551 4.495228129284427 
96.15555352366542 5.291526412346479 
124.94303595945476 4.081259502804478 
0.4315709383307743 45.96363444316501 
37.456590910156685 16.089272747334743 
46.306423297188815 13.559782523967687 
4.071095658377251 36.83317682212234 
20.072677396650377 23.388341390913354 
10.178625574165984 30.017602748194115 
52.28771647481585 11.951985057432948 
8.58709139973242 31.43175781147447 
8.921567864100975 31.110431123510978 
112.60722739858875 4.472421206016536 
17.495620112246765 24.854388837660025 
78.53985138819309 7.024238194817089 
31.011068217666143 18.540456217608302 
73.18546086045558 7.8064701529538105 
29.408236417992935 19.083667292999174 
39.610923811696985 15.400144397113962 
15.562402121770777 26.39214649236356 
35.19968152429664 16.856298599555597 
30.30403100647208 18.884776077248652 
78.79990484853005 6.989177231376734 
0.6039997084221261 44.693651317461644 
38.223621074487866 15.855221771549424 
92.54310003468962 5.5398001816779505 
2.8621885932983218 38.87781526077878 
90.27239902895624 5.784394308141239 
9.538974669483249 30.601443670574817 
0.24212808636992353 46.84778774057109 
18.28923343907951 24.341445597287127 
98.22154704656364 5.115818991645611 
63.76677092177161 9.648786491327233 
11.509650006264556 28.895410706328793 
