135.99999999990277 4.0 
0.0 50.0 
135.99999999990277 4.0 
0.0 50.0 
87.49689488848074 5.993827786252121 
129.29154213244206 4.032370148407024 
119.4745489759785 4.186433658796784 
83.21307942362782 6.453925977608617 
7.033475504668403 33.00930411042157 
65.05280089919223 9.252195087371756 
59.502170147808954 10.40763887906163 
122.71361563221609 4.118330982795387 
91.82332433188321 5.598553764947429 
8.267709824618247 31.735646417127974 
0.6471353918383789 44.5010511220097 
100.54639660890575 4.969291134151391 
104.1913908339222 4.815930618800453 
18.560983369024225 24.179259013440557 
25.283509991611187 20.892757061195788 
0.18255152897180682 47.29099040028672 
0.28737392380769167 46.28709548980065 
47.165129941425015 13.272392527427833 
110.24295942187952 4.502530655328357 
0.0715027611038268 48.249798772566905 
56.03681387194286 11.08469661480399 
67.16126089172229 8.892541506466321 
51.47704287177018 12.352048210017063 
42.09597000915463 14.833092797775413 
57.78208699244705 10.801733515224743 
36.74310553393214 16.32522354171737 
1.0370687052498297 43.201455182666216 
4.260748815614759 36.47391464482554 
26.539366955893144 20.265612851056723 
54.218316694102924 11.489624528877236 
111.96073894499088 4.4124556349651245 
9.854688351968381 30.267617064711263 
114.76349052632193 4.316473895844939 
38.77562763107198 15.978682471157661 
97.6239162431234 5.155528030530445 
43.450479255817655 14.252927510404128 
106.97340186795859 4.620493884144216 
13.903145579397705 27.293606991289323 
5.266240914587435 35.16960457724349 
62.13894430138674 9.847535815556387 
2.6565736622469824 39.219134315207896 
23.89360475221767 21.4131824170484 
68.97338789886783 8.692409214097538 
16.228967441078705 25.745584864830914 
49.20089325434519 12.756303239757617 
6.678279017332006 33.79048317118782 
94.5242066555509 5.380493937381664 
36.071185856451024 16.909251609014593 
3.4332655059520922 37.79661891994389 
8.769832157494003 31.284233412856437 
4.939957109105549 36.03452514077212 
45.27323272576266 13.74099280810201 
30.336487845073222 18.638099184634164 
73.42603777042451 7.814582718595034 
135.95490181728462 4.000001271440517 
17.259382714510757 24.938747432249396 
132.02181642985414 4.010092992901337 
39.856197866313224 15.70526763993184 
28.701903640254017 19.608801830637688 
15.193132358121185 26.55954011484583 
20.036441379538996 23.429310407299084 
31.68244105814528 18.125730286054484 
72.70876776228152 7.920816416242381 
70.83280729324176 8.213603963940589 
1.7370090307625092 41.6689024213603 
75.42626934409844 7.473193831812316 
0.016452157764211342 49.12950425757502 
20.81131630806178 23.05784472849463 
48.60105499642364 12.916213282954306 
122.43319644924158 4.123634025806217 
106.18102446511656 4.74134410924815 
0.46425881279135994 45.36196861529562 
29.189112689284208 19.095840104582756 
13.321480767679565 27.538167006783258 
70.16413148886744 8.334389893111403 
80.8203176827568 6.73803492344571 
52.96922669552552 11.800317213224004 
114.76349052632193 4.316473895844939 
3.0208435477705775 38.477995769637594 
2.222859630092707 40.04953854984936 
52.38558175661042 11.948163038729327 
33.13452705385513 17.58962683000579 
32.10654288953706 17.9602367340416 
81.81447161698543 6.693823933534204 
33.608971474645784 17.4371352788447 
78.66167943680301 7.011901929305461 
17.67383600804389 24.69316803734089 
21.740643628148746 22.531842073499007 
10.277281656945398 30.100688192606537 
77.54715697980204 7.212374304447735 
75.90958393141716 7.3938153987889415 
62.389292391182224 9.78279288269165 
3.4332655059520922 37.79661891994389 
6.138688374089957 34.23424175231124 
131.95318218562676 4.010447955473613 
11.4491602300955 29.603132087010962 
