135.999999903711 4.0 
0.0 50.0 
0.0 50.0 
135.999999903711 4.0 
35.84389524563895 16.661164257133535 
3.373114125771073 37.85764868121362 
74.55555454353009 7.592334176729906 
0.03444508016226783 48.78334979518868 
18.41894755418152 24.397866156170853 
24.53792002226762 21.782649810612924 
6.143507931244552 34.540888380273344 
44.698555974270796 13.934842072414956 
37.73136592251096 16.085743980456975 
32.299002502498666 17.900755162664087 
114.55075629131571 4.323256804290354 
96.68658540023694 5.244160150487722 
27.010388889377918 20.282550658660018 
0.3271825786690076 46.12912424909945 
0.6998760610052945 44.27075643566545 
123.31957252850722 4.111142332248189 
62.10471750254433 9.803790143942859 
21.725521707104278 22.530332218404695 
72.16789389586414 7.972134484984352 
78.0818849556025 7.093032705458724 
3.0302903990671557 39.45703308782228 
1.0460303070377002 43.34348708987159 
7.557691797358025 32.473458419156856 
0.1264335473712075 47.6302624945906 
16.103133414027074 25.65953973249966 
6.929959473179696 33.12150615154728 
81.31476698224506 6.708706161682781 
38.9982460966067 15.635029223801464 
30.55766343203325 18.702324654286986 
25.08710270108324 21.010302947405194 
105.91158935170841 4.671575721486919 
33.510923744631924 17.470443924018674 
91.56693785322221 5.632810298695906 
29.341739566432665 19.912339128152286 
6.364479621138997 33.91606050971786 
1.7826218538672274 41.09035993603721 
64.46632227568493 9.348499795899723 
117.46390938102695 4.240724311974397 
4.253052247432915 36.48080411536091 
11.509587634751384 28.933231803294767 
29.86691597467321 18.911755750716466 
8.307863152929954 31.696202355741207 
0.2503822478893809 46.968374643912966 
85.53962665869744 6.194241373861587 
111.12279075844758 4.447999138603975 
100.03105402049388 5.054287224940729 
5.2179039467540385 35.683964277688176 
132.28454487614167 4.008791983323017 
2.240886698659251 39.97567290580038 
14.093144019307921 27.058953116186196 
48.24716372294954 12.961744029321206 
43.10037035220775 14.363608986330863 
82.1994209811316 6.639994173890404 
70.775362804731 8.215994265049085 
17.146069578700022 25.23587483510294 
8.741818908119374 31.28279211885134 
121.22677187445501 4.151158481779214 
51.418870335375644 12.209412555885134 
14.899157797917667 26.492763039149054 
87.96386738847406 5.9497275522221775 
10.8193602223377 29.493016767119443 
128.8731917256747 4.033028349092279 
94.20109638444833 5.407451645360325 
40.44138549056502 15.157184631855483 
9.367219757520655 30.72499873406102 
102.83958675878606 4.834914469716895 
108.74867925274842 4.542746245920957 
126.84115930862146 4.055383669018149 
10.46559742860056 29.883793220739225 
9.763998405009119 30.3529899158086 
46.6040724912816 13.426254694820507 
13.355820151184737 27.498224808829896 
54.29299276415799 11.480605663879615 
130.591242515536 4.018966512756036 
3.8177933002371827 37.15682032704902 
28.53621793668792 20.157104901576716 
65.25168444780326 9.205996480932093 
19.458625686245433 23.738046952329146 
67.44427466751665 8.79158278905459 
12.235948499036237 28.347312877778286 
77.35277740304515 7.2689667968607345 
93.55723427681286 5.477310350675588 
102.83958675878606 4.834914469716895 
52.813955113159736 11.90197886287158 
5.2179039467540385 35.683964277688176 
1.2368072103248118 42.546642142537394 
84.44793493667302 6.318971947819055 
107.33938172329309 4.6120936663151415 
116.69934191075208 4.261880472149087 
1.3008948483147127 42.32575520405291 
46.687008778605204 13.405853827740597 
99.3912198209371 5.14196183845657 
19.61599547603688 23.65885228619418 
20.649537783905778 23.122936514117086 
60.78721681030348 10.074112829132211 
1.5468302809293768 41.60104608631872 
