1.9721522630525295E-31 50.0 
135.99999999705992 4.0 
135.99999999705992 4.0 
1.9721522630525295E-31 50.0 
4.4743875444609715 36.17596264448896 
106.59856310463327 4.638165310652773 
0.09344057945073336 48.24655781264191 
14.437316619922171 27.12783333804343 
6.699838735243697 33.55322530956573 
42.85684272384439 14.91163946515168 
16.159446757457093 25.634701381132405 
52.58452485335323 11.949976258840273 
7.957669243718662 32.45176834968946 
21.52765257470076 22.733353823192182 
44.49895873707868 13.963175416416295 
23.618085147092287 21.638903996965613 
50.24751282345987 12.501749585200407 
5.390472951995651 34.95385872737367 
57.2661513039795 10.809275693038252 
17.340200920808407 24.89642751752846 
0.24513306018084358 46.68906340112376 
96.49684108388116 5.251468516061171 
28.783136550950942 19.27253772119282 
62.31939077838703 9.920599722224178 
10.165495706145318 30.20510389151262 
80.06336630665811 6.835968935960517 
3.781810398304133 37.5450656606768 
110.38078628109724 4.473070784851355 
27.61673086416374 19.84974132697055 
37.920649469764946 16.053416699389327 
1.2256483262281885 42.858235391494716 
101.75980793921408 4.894137162115111 
36.281855704733545 16.48885610954882 
40.741741249509026 15.127917755983024 
86.53636557705056 6.090120276495739 
26.734999234145207 20.34886154931132 
22.0764786999234 22.398162497087014 
2.978842473937278 38.632110583025025 
60.18887978461908 10.22005291747897 
91.50681450308724 5.659486496158548 
9.576534800554072 30.890830993942544 
121.77557728624444 4.136341923634849 
4.121561709579392 37.22761647444528 
115.12791083406006 4.305062636101866 
1.7244235387845546 41.66034641582185 
118.24235343939948 4.2227740591942045 
75.53559209725846 7.4716981200069785 
54.3699220250396 11.582854039520129 
29.939758690075756 18.809281273085627 
72.46448386218066 7.971976109408915 
0.5703855094563336 45.174935178291435 
70.55828504802992 8.246356680959735 
2.104845568836043 40.58276439535811 
34.66077786872885 17.08461816321512 
8.223783943133384 31.788609306964016 
0.9323249434783538 43.40571476842999 
64.54660362812885 9.327993246678847 
1.4556564380419643 41.86820508868469 
8.727567760965222 31.328879062029287 
89.36905694623502 5.874402201815357 
63.587998650543696 9.511077153569396 
18.955314414996614 23.968457662103443 
32.88612909288433 17.677455424015257 
99.28738584583567 5.045161825996398 
24.847210100195348 21.24747673350409 
68.97553925713476 8.548624722057264 
0.0143961912927544 49.196406018276676 
77.46402369966302 7.1977043272025405 
93.96297105420402 5.434499399959387 
6.130598516584926 34.38714665340465 
18.45944264828819 24.236149583762412 
11.378303000112423 29.060770713860077 
132.51092336161187 4.007753957911872 
103.61316196233611 4.790098639708982 
113.49025472593871 4.379585599288673 
131.09785108498082 4.0166855498846274 
49.14195239468121 12.79510438837875 
66.23765440478698 9.039764508370947 
98.64125128131418 5.154729970114725 
16.568625968520152 25.490822055227405 
117.65384338998265 4.232424839586989 
39.280073348277185 15.734871103840117 
0.6456560373628016 44.647517878437206 
67.1065164420727 8.880486929785146 
39.49570614680346 15.453869380564692 
85.42544012500902 6.205396573664917 
13.673754560336036 27.348245590404225 
10.807623744949897 29.508819118588697 
93.48814152515979 5.479976511984754 
125.14454555526638 4.07794177303342 
2.264664071170804 40.13098845612761 
56.53173680201178 10.967476195951905 
128.13714547165347 4.040747526596996 
128.13714547165347 4.040747526596996 
0.3360657208766144 45.98865394197607 
60.26896694816347 10.188740486342843 
18.955314414996614 23.968457662103443 
32.04430021296954 17.999335642695115 
74.62656546828421 7.722318754800857 
30.93643485655104 18.54385197959332 
