135.99999999985755 4.0 
3.163339933656035E-32 50.0 
135.99999999985755 4.0 
3.163339933656035E-32 50.0 
6.719340164878433 33.634298537845794 
70.9560285698445 8.18694526089917 
56.7990652790552 10.94526932800042 
124.74097929712362 4.084029527559627 
75.90798734350464 7.419215416202769 
73.14462826891369 7.82491766389717 
128.9976057934424 4.048926142284503 
17.4919582794737 25.039265332078806 
59.6645888246489 10.40341772670492 
98.621489946178 5.235743175337731 
13.771144594552885 27.288293157805136 
51.059266957108605 12.280366352754449 
1.657307675093203 41.31214651243065 
0.4263444380195539 45.750127628448865 
34.79650438667104 17.064663605032116 
36.75206293219712 16.346225301555585 
5.96966804992191 34.77161109142001 
107.18295601909395 4.628789736555612 
121.76394625874896 4.136573638177482 
30.317014012219808 18.64564434213137 
7.772196436399371 32.273118319233376 
15.891758975363166 25.9320802926087 
0.032442107455532804 48.88668368629098 
47.24033519895246 13.229582511454705 
78.28611827241343 7.057656090155302 
45.30304084477437 13.880750530286537 
2.065973856161416 40.38727352159067 
1.2742631782033444 42.769458850218065 
12.43658362800007 28.173655472703896 
54.69296166839122 11.379380094194822 
67.71513361128194 8.74187809219169 
19.886587303964173 23.48257088281847 
10.827394831851283 29.439940390295007 
1.3083621621467265 42.285342710254994 
41.67018755530499 14.772898973739235 
0.6631015191174885 44.408847630557915 
0.822248086646799 43.79919267224173 
101.97656395742867 4.897760255977882 
31.902031917992396 18.06204346394309 
4.425731274851618 36.23462693555183 
49.49545207836722 12.795445622400582 
24.06927434176664 21.43360607765481 
26.641189451417667 20.174274525795624 
3.6461838210406183 37.50404881659455 
0.09046892929955187 48.28231573826615 
23.076425942309555 21.937605765426177 
19.298836280518714 23.938534418266187 
103.84394648706979 4.779618483096921 
112.78351178615637 4.382782554185739 
43.691817982125784 14.2428003148224 
3.166797384143532 38.4093830020161 
22.577402652251585 22.34727944322992 
79.89538026873694 7.055863480944743 
20.9596403816267 22.872672939802623 
46.456622138965564 13.48157649130367 
81.17976130116018 6.727043839013639 
9.240944101344564 30.82109829648319 
105.61365648898277 4.686361270897719 
134.84183456869914 4.000843232100665 
8.32071078690451 31.69464902515808 
89.47172747173164 5.869573025509597 
96.19149337010757 5.270696897341253 
0.13025297498005778 47.488510804797926 
119.32749911327322 4.1899261144868 
42.92557212886475 14.43835998139047 
110.71596762993065 4.460860931961413 
3.6461838210406183 37.50404881659455 
39.86176614525157 15.327215881253139 
4.985649989390619 35.62635415866147 
2.6209232242302996 39.21744909277926 
60.984171885750584 10.026404859048673 
15.393116682725477 26.10561716099634 
0.39170562190913694 46.42195504961573 
21.35933830256611 22.672110805680973 
33.82252542563168 17.384793595612514 
38.61553489056724 15.713284238564398 
132.30947790600626 4.008673267511495 
64.9840281624199 9.257152237784123 
49.68207266304647 12.59957592730756 
64.46830599287834 9.57599326032285 
11.786461423373852 29.029235451530077 
18.32339086778324 24.34631291496016 
29.32095175490178 19.072873699252014 
25.084883051580274 20.92397371736981 
38.04600929694537 16.15671852954336 
115.30875237100462 4.3194629397670745 
14.670768034679046 26.60162861067871 
10.102361837404239 30.071115620952128 
2.971643035369972 38.59140812671728 
84.60242620941597 6.292913777019609 
131.6622091665187 4.016352884465208 
91.49540603333207 5.631552137236257 
28.385374583633478 19.423388618997265 
66.09544878445728 9.070010686301597 
8.942042646565142 31.247070994026746 
33.156090910090825 17.575260351029257 
