135.9999998552285 4.0 
2.6526266646361983E-31 50.0 
2.6526266646361983E-31 50.0 
135.9999998552285 4.0 
10.392046123453893 30.277774816917976 
8.13520954469401 32.09169444566375 
80.93921558128542 6.722479656911762 
50.785194448733066 12.567322960123489 
89.46192499943172 5.894688058267548 
48.13821048999675 13.102587134207605 
83.18573270306531 6.5158264164709525 
64.68530765684183 9.390138195927367 
58.26061866268135 10.630211289454161 
0.054837603278921586 48.447502580200606 
77.84290301990762 7.122629600616432 
0.4647547931651886 45.5772003095976 
56.20213506184827 11.162980446198592 
44.99200935759767 13.860303467068405 
104.3574871695017 4.750090434292783 
3.680298749793479 37.53120029264922 
0.8159325090774252 43.89485201847398 
69.87736363444009 8.367207473658441 
18.980338549883392 23.946032906436777 
2.1641556566109683 40.167192514114284 
126.43474985862744 4.06165645062696 
59.839969362116065 10.272074399658237 
111.09548639331193 4.452922411116483 
30.672915306638586 18.530003824798968 
16.152478748978993 25.68478355784305 
38.77126380900363 15.672627700011535 
4.399482442294744 36.269811744488216 
1.2362938625444322 42.49373664771919 
24.454947561939385 21.184410939085225 
43.08852402309519 14.4649607610456 
124.98430771724203 4.082707709194732 
85.8620386562684 6.158981022537924 
74.78052558003439 7.810800231741885 
52.02661764961002 12.04342511265313 
121.96139993784072 4.140615954682676 
40.709444739656206 15.084359157489036 
2.422455005077069 39.64985697766074 
21.419181462107197 22.717294877898397 
27.122960156503368 19.964528335567316 
28.85286588655413 19.23279189053312 
68.0905373429392 8.697470404798274 
86.56323604156441 6.086893614344357 
134.33239371104003 4.0017527297129165 
107.49016351811528 4.596615653094207 
54.88682554588941 11.479448559115486 
130.48780891733855 4.01953231567147 
5.077488374786429 35.38597919272003 
33.69458657032115 17.461889810417905 
22.801825240059127 21.94024281922121 
130.06937281900022 4.025151412273445 
20.019130741003984 23.3728496645121 
1.7744655465170587 41.22236905638418 
100.88956317139787 4.9454255659427835 
35.32712991010057 16.8557131580557 
109.70338539936316 4.500511308716565 
36.71558208371566 16.350776633130664 
114.46046319114338 4.37129951656022 
11.726610835887312 28.71739855017818 
68.0905373429392 8.697470404798274 
120.62140929982878 4.165278677179286 
5.62282912001376 35.02189590640132 
11.052026582342334 29.28193747332287 
2.9001672740765 38.89116779461972 
1.5772258705648006 41.604637524149226 
92.08212295301684 5.581404355489559 
5.849390655132556 34.361274636002975 
10.637546179527483 29.60463847910787 
72.53505198586177 7.911818056058056 
94.62481039180423 5.37278449346546 
16.91068984111466 25.200168099183784 
6.238619937273478 34.01018486120354 
32.13346726452954 18.012718311670334 
6.774067721073671 33.47182983517365 
29.84474713556372 19.03401474867068 
76.10705641493817 7.549361674002661 
21.023526130210428 22.83927948403964 
0.11716298021564824 47.955725616523225 
23.775085789928305 21.467791750123787 
42.362548204994496 14.580738619895602 
46.5697087224887 13.468636331818503 
17.364648346437836 24.883256721445363 
92.18699522852947 5.56775631923814 
0.21636730593931183 46.895506611647704 
13.273886699084276 27.55702562428542 
41.1887408385046 14.93589635984989 
15.209367196220715 26.313751596927244 
26.889453359683387 20.069179223874063 
100.05207571089667 5.084858312909726 
63.99787196182899 9.529611099518775 
76.91910919780454 7.402422380715555 
31.993975605498996 18.060524286587746 
71.7823800285982 8.060911309873472 
118.36392800882047 4.220744193796489 
13.926221385998854 27.134734629957315 
38.7182384889558 16.09830691255582 
96.72557992026705 5.291517850868021 
