135.9999999999772 4.0 
0.0 50.0 
135.9999999999772 4.0 
0.0 50.0 
79.99871492361228 6.833915162272436 
25.535090892959712 20.959496926220133 
54.57850796029089 11.456520882422694 
6.010721926244978 34.25360104672795 
13.121624642561576 27.66727909930281 
131.44884140710755 4.013248897333573 
39.387247483312144 15.469797412262572 
0.4477716464643261 45.38468012132485 
84.60203188624237 6.295436042993445 
65.14038441627889 9.269631063515199 
16.655110879594975 25.325022822206208 
11.472719076746909 28.91829034326001 
15.407951925031318 26.095983672158408 
59.89147103332826 10.412076025109442 
48.50678476974479 12.900315520415687 
51.73579393327648 12.082728380727108 
0.2417938555926464 46.62764873778319 
42.03865595242762 14.693667578342161 
24.335536419944717 21.24242361013037 
3.4399488631771193 37.80770717837243 
51.10321677114897 12.261623478793366 
7.59586665463377 32.910519986805106 
4.731188130353818 35.98578123059906 
92.72774143007783 5.539341349633579 
68.49488699419437 8.705104075124266 
19.01548333132995 24.489930407212952 
0.08931760129535314 48.2465672228093 
0.6467492041331773 44.50203725433294 
126.3725362130692 4.074016576763757 
33.73376107793257 17.386165325673193 
66.76635294074914 8.94356149736271 
10.153057845180692 30.08811763221687 
0.16119153570830072 47.26681515162287 
123.32611937241606 4.1073661300812665 
28.491544256322396 19.639812212944967 
2.693927546047024 39.111310102383754 
28.491544256322396 19.639812212944967 
2.9284399760796402 38.68683019469724 
133.71982089078236 4.004869229049562 
70.3080236571974 8.289604879771929 
56.98154935974141 10.899699062919254 
89.77944808382395 5.781471818424396 
1.609192624360883 41.460572929120126 
1.916921051360279 40.708034310642574 
62.732904139633305 9.68046127816947 
20.16017926026516 23.339733269085368 
4.13676245988407 36.68569583567346 
14.622592735929068 26.688221164917167 
95.72545862555134 5.325216258359948 
75.98204777529568 7.381865164312716 
115.79135940996348 4.321178298473574 
10.761537702265052 29.505647770694296 
3.852695358192895 37.08929535696815 
35.5371916794378 16.743306977317815 
31.139549336408766 18.327090354035118 
29.513071399319085 19.024064585129146 
0.8746137063199827 43.71898308210369 
5.279807263747234 35.18100453308326 
22.79500497971994 21.947602889428993 
119.30685109266331 4.202607328312607 
118.14672630638248 4.2193216415209225 
45.26748173417045 13.817681632604216 
9.382624715723079 30.720733725976714 
9.038049154822735 31.01015242970314 
32.000926321119316 18.000757411964997 
85.93541210724263 6.178214226934063 
34.522205790197205 17.115840167989965 
36.50525000879752 16.43142522881642 
97.70676595055912 5.186763938350425 
74.5711819975788 7.596088632133037 
100.35494457883222 4.983127645895458 
78.0488645583882 7.094245059859052 
38.67817057219375 15.850721351458834 
2.321913325170982 40.08452284145724 
5.6182378418471615 34.969902250599084 
111.77608530894052 4.434304150994815 
43.91466047218415 14.164332274724346 
109.92048976335664 4.50236555184608 
105.41854034722243 4.70926869816062 
45.981458151086315 13.555841981541512 
126.3725362130692 4.074016576763757 
107.80857351571437 4.596283135459096 
103.05991730741621 4.838671178639291 
0.0185120061161171 49.04599991262987 
102.7114916259099 4.860554084528853 
17.604243332015677 24.741441373151133 
1.0447361066759686 43.32041309867789 
1.1735353078341062 42.76818555860092 
46.985689565408855 13.285833837151095 
1.4139300881182826 42.055117632531974 
20.98390590554024 22.870941922850243 
114.40716763087944 4.327894097753476 
112.99444658608972 4.375605063377765 
7.9334326412519385 32.07282169680593 
77.6912364467094 7.2634304411898505 
8.551187389887698 31.733207736162313 
