0.7235763368238795
0.7240801730753719
0.7229525731061267
0.7230612284439064
0.7237628443326698
0.7244924284514294
0.7244810787844228
0.7236291430424526
0.7242333765819239
0.7233975068331614
0.7239367876604785
0.7241886564786856
0.7241530460183309
0.7228625979973567
0.7235525478052506
0.7235557582973577
0.7249179230204782
0.7238377943950389
0.7244286983765141
0.722557884009215
0.7237574424909627
0.7244358500757873
0.7235430920208596
0.7236142669140885
0.7234167933535751
0.7243035443141238
0.7245814394440603
0.723518024875328
0.7243146443919627
0.7248530040426431
0.7244831948210164
0.7244829631448934
0.7235254257945474
0.7241792385000677
0.7243921030985564
0.7241887005070993
0.724121226370623
0.7243043943047199
0.7240245771235491
0.7234950200486774
0.7240152759191971
0.7244959335868866
0.7241590558379448
0.723998863746562
0.7247845844719266
0.7237371368347946
0.7234365402190727
0.7238559184316131
0.72335778355718
0.7230448856952545
0.7231926640655724
0.7232704450645964
0.7241394478046411
0.7239547820558939
0.7237849411120262
0.7224879916949222
0.7235165566228671
0.7232329942578283
0.7239946251335274
0.7236837662019635
0.7234745777834354
0.7240178491659838
0.7237114127176628
0.7246216239912402
0.7230429112967689
0.7240096651996246
0.724488990058715
0.7243029382292296
0.7237829263884107
0.7236182408197469
0.7230938904130586
0.7237454338272289
0.7233972834917035
0.7246465236373364
0.724586192333616
0.7230087304808396
0.7242418632082455
0.7241987294456883
0.7253791066636376
0.7224297133287473
0.7235911637080902
0.7235841517858771
0.7238329849612968
0.7241158845003297
0.7235743616913584
0.7234699838657257
0.7235524154188997
0.7244777310981239
0.7258361814241286
0.7236664839833
0.7245424820201741
0.7237961403612851
0.7238647608354183
0.7234044667282178
0.7240630497427096
0.7236235491379392
0.7251125711179287
0.724037604485711
0.7241441962670909
0.7235509320113443
