4.999999999996738 3.0 
0.0 0.0 
0.0 0.0 
4.999999999996738 3.0 
2.824656362223411 2.9990974916932647 
2.04601763114443 1.921320120519666 
1.7495538234520986 1.88698074614384 
0.22900768027464036 0.29082631987746677 
0.9435710212979147 0.813838034983589 
0.6555695616385477 0.5385216744315057 
1.4294920054539477 0.7864467385789145 
4.686574681596814 2.99993572506333 
0.8093898946177772 0.7925907636026857 
3.901980753147408 2.9999766140501816 
3.8096950969248833 2.9932221712663085 
1.8863942005395344 1.9497527148539124 
2.7983060862543874 2.8635729735715465 
4.4057079414822455 2.99982100838282 
0.5055440604228728 0.4048186736355403 
3.728302998111143 2.9999905396334445 
2.113524979009327 1.9579537543646781 
4.873000956936201 3.0 
4.790860620979207 2.999935882299677 
3.6432056943069724 2.999489804722935 
0.04129133236266469 0.18825385930010663 
0.009814892307047907 0.03634415571837335 
1.307452895042474 1.3651042837126526 
0.36634893866264384 0.4048186736355403 
4.494183883492917 2.9971291412555656 
3.5789698379384483 2.999489804722935 
2.264556472410291 2.386971407766393 
0.05914170871572888 0.3596836165983144 
0.41788091123714854 0.2575225101003582 
1.1594715606949162 1.1629188900247058 
4.335280398952437 3.0 
2.094609416730006 2.4748455003511305 
1.623004704746796 1.580991421434861 
2.264556472410291 2.453576028481624 
0.9452754653062633 1.1427931620888172 
2.1641109173758704 2.0043466961711687 
1.892329557373178 1.8499613021419077 
0.6984705110232141 0.6431852963469858 
3.210681206437725 2.939009720175106 
0.41800838636568827 0.6332197430864706 
3.5789698379384483 2.923251066537277 
2.6747825401910266 2.478340034400466 
3.210681206437725 2.8607522378534216 
0.6899127146169144 1.1502155085215038 
1.408673426350826 1.0335692944328514 
0.5815965768663657 0.5177940645270426 
0.5815965768663657 0.27050570072957 
0.5503816996168482 0.9277064749638455 
0.6096802418597581 0.7893179969342076 
2.416589662270243 2.8097139343347726 
4.538911158594955 2.997801004286435 
4.137945050569623 2.9974688842216275 
0.9207923589311383 1.07602916678121 
1.795541798809135 1.6237007404965684 
2.793186409413339 2.4783005468961847 
1.9314976590959272 1.5777384653693387 
2.0911987345893617 2.277929785091268 
2.0838010586044193 2.4225182972536943 
3.3392846742484417 2.8582705541945006 
1.6836144432972548 1.032728892389084 
2.425776071187398 2.366038876030769 
4.198368543278379 2.9999347385569646 
3.983885344714378 2.99753377046512 
2.6738677505885753 2.918910046681005 
1.191134958696805 1.369154273990937 
0.6762576958146748 0.8585414943506576 
2.976605873041419 2.3612531411183033 
3.3787013903768033 2.9949698038589863 
2.425776071187398 2.479030624203384 
1.1900096669791012 1.3719427522731964 
2.9249550478750015 2.9903471842099694 
1.5598965520747414 1.705725241551908 
4.615869582787933 2.997771585829933 
2.2723863962839275 2.7705516915816544 
2.986871637173217 2.998382032727169 
1.4284579692543207 1.3651042837126526 
0.11148126216789078 0.23349142122366529 
0.005623287588764514 0.23305825457241858 
1.2463462579501208 1.131594424021278 
2.1525425525462443 2.7986384423122455 
1.623004704746796 1.4943665517103661 
1.931495139780486 2.5196093681198337 
2.214436789118872 1.9245123438928493 
4.086834384222357 2.9974688842216275 
0.7022527562315912 1.2003583701508447 
1.4936408583801541 1.5116743582100174 
3.343049883412731 2.9999431426417025 
2.6747825401910266 2.8556390934719564 
1.9314976590959272 1.5777384653693387 
3.2814168891601536 2.7449151654497497 
2.1737363822818736 1.5984365751930647 
2.6298826951347256 2.820348308829127 
4.277172331535073 2.999974673140115 
3.290195135280559 2.9949698038589863 
4.614225027221397 2.9822087617020743 
1.53900737341932 1.5484320314906723 
