4.999999999935761 3.0 
0.0 0.0 
4.999999999935761 3.0 
0.0 0.0 
1.7615667463496494 1.6372440607339422 
2.1026050723971217 2.1461272406627425 
2.1073153544981227 1.9226204599063221 
2.6166571162019725 2.424209076588918 
1.396852018286074 1.3116831727185958 
1.0900151950958916 1.4978514185009564 
4.7614787353680565 2.999981492712849 
1.4459565971480632 0.9335951094848571 
0.48440797363288046 0.41268766569354876 
2.4634368333189687 2.3476133002917257 
0.4595203122943107 0.5829394195462987 
0.21336256984838187 0.09686243263559291 
4.0110099145161655 2.973911709263524 
0.727023478073381 0.9335951094848571 
1.0732212557136878 1.1697175475671449 
2.4634368333189687 2.727197593430642 
1.5556156432132346 1.588832751654877 
2.876175564050262 2.988522827554252 
0.4541610378570162 0.20608686712816776 
4.833648140065524 3.0 
3.593824746038548 2.999986533606109 
0.3354599387879117 0.20608686712816776 
2.712473666528283 2.7642514382748513 
1.4459475396649089 2.211028316980083 
2.1896537999486405 2.1268769064051933 
3.2835757747844694 2.9998576319301935 
1.5556156432132346 1.588832751654877 
0.203217651320571 0.20608686712816776 
1.396852018286074 1.4529576073523902 
0.5052073290793282 0.3215184947446252 
0.5246966781971182 0.20494537859301848 
2.443247532774979 2.3114098197977264 
0.8978704626233267 0.8161979118909204 
1.8170812671009435 1.9297712142854988 
3.237972150148707 2.997160686742403 
4.411162525002508 2.9999637586355217 
0.9162582314342523 0.384761362088458 
2.3764841076857603 2.1066245615002495 
0.9448154294041273 0.9765209432880042 
4.061390012145536 2.997160686742403 
1.1940883752167897 1.6163765116174589 
1.9443419841942768 1.869705713133091 
0.0337252275529184 0.16557082036049486 
0.6493874070392485 0.8694975547818478 
1.0057851302312941 1.479722528679052 
3.899438285536929 2.997510046164759 
3.6614408192622916 2.9985734306677294 
0.023255168703662288 0.0 
1.2862981612084279 1.6797128579701708 
4.277455053796668 2.99964919850877 
4.254328377885098 2.967160625259144 
1.7879360327950504 1.7030935496591382 
2.613596955529401 2.3294801595224937 
1.715717923169794 1.3501840508237093 
3.3897885406580297 2.99964919850877 
2.494423940832197 2.90926242488645 
4.658371890226724 3.0 
0.203217651320571 0.27777513964766615 
3.8069436019625296 2.99964919850877 
0.07106727817099623 0.07547603812675863 
3.7130220778295966 2.998086182219848 
2.3292746774988617 2.9841584395957477 
1.0145014308147813 0.9668223039911025 
2.613596955529401 2.3294801595224937 
0.8912559453116894 0.9285526374096763 
2.725104723229536 3.0 
4.506778136305815 2.9904319428176698 
4.925020189232382 2.99999352026069 
2.613596955529401 2.593926574026037 
4.9025799302264295 2.9997956422715766 
4.383087174258649 2.988522827554252 
2.3724210884300487 2.293867661799302 
3.807104733756363 2.955264800511947 
4.149027343873543 2.9999637586355217 
3.3813147156543497 2.9987906161420637 
2.5872859680279774 2.9977086514116746 
3.1383218866437685 2.9859375194938798 
3.5118115265694008 2.9976072890768823 
4.594915919783622 2.9999209997951146 
3.09461852862163 2.9361486218681074 
0.6543150140293145 0.7640234175912523 
1.0849581770806533 1.366039533942437 
4.506778136305815 2.999974508338988 
3.147840039850252 2.999617271203753 
0.5980288911765214 0.5117768758873562 
2.260044371278389 2.3605189320965194 
0.8296494773143803 1.0031839917473215 
2.2553465563427806 2.1496947095755345 
1.0812339115359357 1.0525697043013738 
0.6739110766769788 0.753318376429751 
4.994063373357113 3.0 
1.7679004230311972 1.7595419379411394 
3.4991364929045554 2.9933131371255253 
0.6739110766769788 0.8427541516729685 
2.7226338875996303 2.90926242488645 
0.6797306810390673 0.5858120810703958 
