2.220446049250313E-16 0.0 
4.999999999926498 3.0 
4.999999999926498 3.0 
2.220446049250313E-16 0.0 
0.7140764876823447 0.780186936480283 
4.20114757496945 2.9999999715811048 
0.0272973988299815 0.150382834392095 
1.5509900299431472 1.097159551750564 
1.0344872641889538 0.7776861732355655 
1.9548428385589465 2.6254142830219953 
1.3673617552294353 1.4731542755937517 
2.702810899287094 2.4168045961627094 
1.1779031886168259 0.7758617075071947 
1.7940927660885118 1.4707631659597893 
2.4009382373972716 2.315218189388066 
1.8433935954495522 1.583168133531194 
2.629093342085828 2.3769195199806283 
0.8635142435553296 0.7758617075071947 
2.6488836696239297 2.7018425436717326 
1.5026532295269996 1.4412090417403647 
0.12157945594669772 0.2156425304454478 
3.894712185028758 2.9925619904621543 
1.9457659693210878 1.8465586723334038 
2.570726362156331 2.9951984350809266 
1.2698316888219385 0.963795314680432 
3.3283453993519796 2.9896418647184215 
0.5157456469586585 0.8242930469312646 
4.312219912578204 2.9999926659640916 
1.9924084731595921 1.7130356657474466 
2.3306344441634055 2.0120401226417854 
0.4928982562900682 0.2519194127161648 
4.0547336479112115 2.999847834357629 
2.1765003493672186 2.081660432296238 
2.384283394068564 2.121468361570859 
3.554714902099998 2.9996822096766924 
2.020004448979737 1.6134843769427614 
1.5254135351480884 1.7866821826412949 
0.5310135813640625 0.6802464221818676 
2.833902190243289 2.6488145126242912 
3.7389694602732355 2.9827522526880905 
0.8724663886843655 1.2778638819352317 
4.630755310524957 2.9999999292676693 
0.4928982562900682 0.8873791390048891 
4.447697711895901 2.999993795345414 
0.28609982796841305 0.5909761189190161 
4.535544421798543 2.998237008267024 
3.1859497951142037 2.95527019531656 
2.7841580505112677 2.4168045961627094 
1.9881286160784268 1.8794372238649042 
3.1287188948523306 2.8856955907612942 
0.34638328551516906 0.150382834392095 
2.9396476431100176 2.999673814994757 
0.37097666585712474 0.6233680338279642 
1.9778536247313632 2.1802040056653462 
0.9807991696075424 1.0459344982743906 
0.34424681829077497 0.338489828453185 
2.8241083435741334 2.856757422461203 
0.38587047527496643 0.46370042680761314 
0.9807991696075424 1.1045021182136596 
3.6786259966176567 2.9681602068566835 
2.8276140772338483 2.8109781736728046 
1.4897847584096433 1.5872523357549277 
1.9924084731595921 2.0619992117609907 
3.9776684919651473 2.9999999715811048 
1.5254135351480884 1.9710190440063862 
3.030201539315988 2.8393244699066544 
0.0272973988299815 0.05342190412467085 
3.2524937167382433 2.964336443033078 
3.8105384610090747 2.995085875350087 
1.0344872641889538 0.6800630333852041 
1.5026532295269996 1.535217878303964 
1.0991101762204911 1.2792703273963117 
4.912000185905344 2.9999975023437653 
4.1114744063474244 2.99984477874008 
4.40596315928344 2.9933346489361607 
4.87611202401965 2.9996656981164076 
2.614157467713347 2.3348809033158084 
2.7841580505112677 2.9678068587713122 
3.977863754088114 2.972694530933268 
1.5697922060924552 1.2953412375978082 
4.51816970012622 2.9999339006646473 
1.9778536247313632 2.4306610985915547 
0.34424681829077497 0.20714279479957434 
2.8031209228909084 2.9864932951823944 
2.2851088166906814 2.156896898922936 
3.515540259960397 2.999556085798337 
1.2031009580244225 1.4039183469435557 
1.2381067327596358 1.081201949005242 
3.7979496266820285 2.9912562602484907 
4.7208194615783174 3.0 
0.41759227096920093 0.6259254851973088 
2.665503955978419 2.6510418444766852 
4.799489662289794 2.999864221841843 
4.799489662289794 2.999864221841843 
0.19592333304631904 0.21361291577799024 
2.676871951396998 2.8109781736728046 
1.4897847584096433 1.5872523357549277 
2.0570608580979806 1.9441130829567461 
3.2608224196266287 2.832609841600391 
1.7940927660885118 2.124932907365932 
