4.999999996380713 3.0 
2.220446049250313E-16 1.3042952135000618E-16 
2.220446049250313E-16 1.3042952135000618E-16 
4.999999996380713 3.0 
0.8846606999418265 1.3473629714527229 
0.8464998848109765 1.1477109092399993 
3.3568994771395877 2.994332946701372 
2.763088230622244 2.2498093345837336 
3.6934379647000193 2.9536413544590188 
2.2693041829134883 2.62389236591567 
3.475230595478498 2.9528300804510397 
2.679670049655121 2.998448822173188 
2.5960891321418154 2.7974052054798024 
0.10518395071556186 0.05143673134635063 
3.240465712185103 2.9933439032509446 
0.1457810132417069 0.30811782562766216 
2.824748513070435 2.4640068188559123 
2.2693041829134883 2.469465704319613 
4.1339325277575165 2.9999956080507477 
0.5604370693698373 0.7784503701100783 
0.36524335353679926 0.2656697573427374 
2.910217776707074 2.999995566788084 
1.5729427352046192 1.506962437898788 
0.4802510108749689 0.5571336291288765 
4.755126399168425 2.999576702234565 
2.678940973944066 2.7898508201430117 
4.33465184528686 2.99744307343429 
1.8889938547576555 2.0248286454284123 
1.3213305752001983 1.5140030377399714 
2.245343843012849 2.156674982211088 
0.7519284101016336 0.7310774765069126 
0.3478948351772603 0.4336388466144321 
1.6644668055311511 1.8284657896088108 
2.4740420422617317 2.156674982211088 
4.716990090423375 2.999346831588203 
3.5306528800916794 2.999999984061238 
3.327608944279253 2.760824172047418 
2.6491582696605342 2.447164660314403 
4.637224632894808 2.9977487700829424 
2.1823070792914785 2.326993123451023 
0.6000885024282291 0.49548717493262373 
1.7517982813566166 1.5119517674062237 
1.883076517792994 1.7985446525628586 
1.8809489459489255 1.9170935121616157 
2.834067570920465 2.998448822173188 
3.555391549056208 2.9999999905484667 
4.958134573754253 2.9999999960504553 
4.227593476549604 2.9999990460938575 
2.8063278135187995 2.417897969216887 
4.860241995315861 2.9999999960504553 
0.8572618135907443 0.7310774765069126 
2.1790821710546227 1.9170935121616157 
1.658888215036902 1.717133134042455 
4.849872347659458 2.999346831588203 
1.6123110784973194 1.5508822235765702 
0.36499110389563216 0.5571336291288765 
4.02772158490388 2.9999749377867886 
1.9943273922517255 2.2032795396952185 
4.292534458018565 2.9999990460938575 
2.0795323490846065 2.2032795396952185 
4.438274320892255 2.9861073072303075 
1.2117583270269587 1.2096670888524057 
2.834067570920465 2.998448822173188 
4.60040812737083 2.9985992374069608 
0.6409198414496257 0.9974612959105866 
1.2297472563946283 1.118359660831643 
0.4802510108749689 0.7031363915149716 
0.37617836459719545 0.5027885297520018 
3.7463571083345784 2.9975555299418866 
0.847498180662854 0.8626091221151625 
1.1825661059115138 1.1229087006658864 
3.024320983976115 2.9978735100646237 
3.8283427643547023 2.9999990460938575 
1.3656652037280828 1.5370852323814055 
0.9768099956947565 0.7781370166167264 
1.8889938547576555 2.11307099568855 
1.0402499990079637 0.7819187105015133 
1.7239389589074439 2.1187782446145818 
3.3282409690679597 2.8194992739052283 
1.6499942130269687 1.5916659918243279 
0.16609773793118848 0.04125877492187924 
1.7438684519606336 1.7037295177751952 
2.245343843012849 2.3556460001224533 
2.2693041829134883 2.5480749019668787 
1.4388280986176216 1.506962437898788 
3.747899267545992 2.999999981243431 
0.11205702683130081 0.20380149465241193 
1.2983475570382927 1.2777970480102723 
2.3349695210029635 2.2011593639746625 
1.484495041842175 1.2643639783706186 
1.883076517792994 1.7822418938116842 
4.027106011172031 2.965710050309413 
2.6572937109121613 2.989691978181686 
3.332892297706006 2.849843194167552 
1.8889938547576555 2.104803106721045 
3.080019671793506 2.9084486979341015 
4.539102010304138 2.997921770536725 
1.3907594842974267 1.2439225873568136 
1.8766294333447133 2.4814958376235996 
3.9200562212903884 2.9689314916294856 
