4.999999987738263 3.0 
5.942084629758264E-17 8.326672684688674E-17 
5.942084629758264E-17 8.326672684688674E-17 
4.999999987738263 3.0 
2.917478123116739 2.937343877676607 
4.126186574228666 2.9962386121328133 
3.258864797840425 2.869889078699935 
1.9033155960554704 1.8290793522059903 
2.1842287704157024 2.094159294833427 
2.2457257073465335 1.9051865976703368 
1.7856274314258704 2.094159294833427 
4.271886621285144 2.9995942951300116 
0.4939434749779916 0.7034853004183912 
1.8130589141580828 1.7934849785352611 
0.6840053725436102 0.9537961229580083 
0.27074161155102383 0.4386697941964608 
3.590975335406222 2.9964773740355524 
2.5861103906297975 2.5788096835618233 
2.3725971972500908 2.3632528808169275 
0.40144963485620566 0.09696061783390819 
0.8251584308606432 0.642925591895832 
0.2606444215355662 0.6228915906206035 
2.6408583163279014 2.9989193367223725 
0.4939434749779916 0.8340691218974845 
3.690740246513777 2.9999845651365384 
1.5266978978185368 1.602933702846447 
0.32503753764503884 0.30718858392479653 
0.7666421227178556 0.7498884165365104 
3.350435411956071 2.976332131203265 
0.3661213365788407 0.06723024805223565 
0.6556817942365429 0.3992067190311104 
4.464046039565748 3.0 
2.9461130341089135 2.962115250609363 
2.1273817479692916 1.9150417241742363 
1.8130589141580828 1.5515597123227494 
1.2622747800221181 1.2917125513357783 
2.5861103906297975 2.659113700377327 
2.6408583163279014 2.9989193367223725 
1.342813671192101 1.3887616902620772 
4.916352404230573 3.0 
1.0824348034801 1.3705366433566422 
4.3978787850109855 2.9964575409776257 
2.1686601888876735 2.3990874416433807 
2.421425912003675 2.589881773838243 
3.4753863885139955 2.999058071151516 
4.7492217234781595 2.996364601981293 
2.2088827171762757 2.192792904932286 
1.5849124482185162 1.5912572224827082 
1.2943713554673806 1.5329881392939082 
2.5800067608710746 2.491272398072693 
3.8543721102718376 2.92937820421867 
4.025131420889972 2.999988255094895 
2.0823813497157992 1.8724135724223698 
1.406072723155302 1.602933702846447 
3.079874563393547 2.9934222510242328 
0.3343437938760012 0.6651002321098181 
2.617168452607534 2.9376160031296696 
4.573290741427308 2.9999996769750235 
2.947510310173328 2.4876475142093017 
0.5682921862557199 0.7189256077072207 
1.3004909311901183 0.9515720642690596 
0.9800422160082717 0.944101727204021 
0.8559071954643827 0.8667193990108081 
3.093704678629777 2.89857500754945 
2.398858505618461 2.511819769274051 
4.785963580158164 2.999533408121386 
3.6394266756960914 2.999919556006485 
1.8211439927359598 1.4398949326470512 
0.9884002693469243 0.8659198515536306 
1.3976205563847421 1.602933702846447 
1.8130589141580828 1.6277927295601062 
4.573290741427308 2.9999996769750235 
0.8899663716385109 1.1622873121151138 
4.005286116616638 2.999520553306849 
4.665556489821912 2.994546450756344 
2.5800067608710746 2.7242540966145086 
2.3067427019495303 2.501315908589844 
1.3663418093858548 1.239654908139665 
2.749132054191607 2.638652749364007 
4.974831007691247 2.999533408121386 
4.672856591990046 2.9999886916458873 
2.0191411350213424 2.4800985179155575 
2.213975398121769 2.25918007327598 
4.325932572306225 2.999927057570756 
0.09206403159803389 0.179311574687524 
0.9736650656348983 1.1532981868643732 
3.921947122309801 2.994714902191804 
2.6915832921348986 2.81197189336533 
0.22472343703014586 0.6713822885178674 
0.041868135438947296 0.179311574687524 
1.021785463800216 1.1435918534762741 
3.3540028848601926 2.9989193367223725 
2.0366380252076213 1.970255041549248 
0.09904748256248319 0.22968011340190964 
2.234236233519808 2.3987231427456246 
1.3007270250521494 1.1097529104978936 
2.401757578620874 2.937343877676607 
4.860773244467866 2.9963116804622953 
0.0721525449826943 0.030004959526501396 
3.2022591944376977 2.81197189336533 
