4.999999999999012 3.0 
0.0 0.0 
0.0 0.0 
4.999999999999012 3.0 
2.9701554869987756 2.7588243402943355 
0.9615382202131144 0.8038992045119687 
0.9378660698716458 0.9855395178467742 
3.029315268319187 2.91142613599531 
3.563150802253435 2.9999634088586786 
0.7599408322234553 0.8442802212688801 
1.6590880201535128 1.4157687263121659 
1.6309784419072706 1.631692010671975 
1.4955888753634636 1.442278397922668 
4.737736277997406 3.0 
0.8809285498130143 1.3325832949801573 
2.56103948694441 2.6090027037397823 
2.6534392021788156 2.651858983354184 
2.4319659264631275 2.448036726524635 
1.7703426778001103 1.631692010671975 
2.0017558838615126 1.651344290022847 
1.9711193383374008 2.162584574230995 
1.2030216746668605 1.1929133331040895 
1.7578622443839889 2.4639839431318387 
1.748155777475526 1.4247891269950719 
0.7703693659336517 0.5262719232863201 
2.4696328604871565 2.9933081898004006 
2.56103948694441 2.416835762112784 
3.753808492572811 2.9998814659807453 
1.2135840006805492 0.8654271285206097 
4.631739457724727 3.0 
2.8726919340450787 2.721755561441616 
2.63922197905259 2.1498212634253404 
0.5968045020905048 0.8638999886478063 
4.462846802675227 3.0 
1.7879387934452518 1.7772701758932343 
3.841426780866686 2.9999518467466904 
4.8749896781979825 2.996525733605161 
1.272744646435735 1.2782876830465475 
4.159925896942263 2.9999992017140635 
1.2377072088439838 1.299335666198709 
0.44628236944084587 0.4850926556781956 
3.3435902851359556 2.9967453851207098 
1.364136587017521 1.429466578028785 
0.5167431485318253 0.32134067905417973 
1.9561647127879467 2.0881586254690516 
3.6784289740461498 2.999947213114035 
2.8726919340450787 2.69743000301332 
2.1626115176307885 2.456779168116654 
2.300562543406198 2.4178436264090193 
3.0206375183549006 2.971859273122744 
1.2030216746668605 0.9023814800256695 
4.908199794322039 3.0 
0.008149785309886637 0.06471262231835473 
1.7285631390458858 2.025009895435728 
4.691430530693043 3.0 
3.3128426611109054 2.992498530153086 
2.177183124550334 2.2378677354195657 
0.2975509705424668 0.3996757084644319 
1.0111568228473578 1.315359824326491 
2.3253736468189485 2.207263679104186 
0.5167431485318253 0.996949438588271 
3.4477876209583487 2.9861652265357588 
1.193495660088193 1.5041154943612425 
1.193495660088193 1.5041154943612425 
1.953693970893232 1.9147257763712053 
2.204446900430788 2.1115981731966444 
4.398030352587904 2.999999965788916 
0.16938923761410862 0.201718647590311 
3.923552175959089 2.974781054701468 
3.2404425795766487 2.8799450893053895 
1.8870832215847533 2.111007244786905 
4.98248197110683 2.999986697400436 
2.7936166023615354 2.6057914555394097 
4.544743127379973 3.0 
0.06634620574808003 0.23362863961530955 
0.29534733619111064 0.201718647590311 
0.0849671377122303 0.06471262231835473 
3.4477876209583487 2.999947213114035 
1.9342314890049384 2.40690519773755 
2.3253736468189485 2.3379034121187505 
2.712114527067098 2.651858983354184 
4.072924364722195 2.9999906723441305 
3.9794001256768983 2.999823905494045 
0.5204284004548028 0.47402007652022177 
4.540506458251776 3.0 
3.2404425795766487 2.985400244308196 
4.342755664234353 2.9839582837636516 
1.260616858407958 1.5852718556901468 
2.353665769258634 2.1116624529287855 
0.0849671377122303 0.10465948325526053 
4.079083518248663 2.9778662596215817 
1.8883618884164153 1.9147257763712053 
0.34575247458119784 0.2830506138220117 
0.7391072350077844 0.5251722473435423 
3.685496210762443 2.999947213114035 
0.6771742212886486 0.5278808458225945 
3.0658256511486153 2.9975295746631634 
3.963035352435902 2.9778662596215817 
4.388007297872176 2.972371267930382 
4.264737627852364 2.998586523761357 
