4.999999999999905 3.0 
0.0 5.551115123125783E-17 
0.0 5.551115123125783E-17 
4.999999999999905 3.0 
2.9461135861833485 2.8474229639933557 
3.8721513334351094 2.962405612182754 
0.9462534094637276 0.8795696580801131 
2.8387146286347615 2.63520502489184 
0.8133286245975443 0.8060786164199234 
4.856856746613987 3.0 
1.7573385059691904 1.6600459671052397 
3.7763346170863374 2.918362457652017 
0.8312958111575306 1.0988963668508656 
4.020034156254051 2.997192325617526 
0.8312958111575306 0.8634572971570018 
3.245851766911497 2.8535501649546764 
1.242201240567037 1.1433752687842498 
0.4732774250640164 0.4666492787627704 
1.512935789747589 1.6680664653943205 
4.5088184680543355 2.963700649708832 
2.691299529919459 2.9484308878964613 
4.557783193346033 2.9999403944565266 
0.057181847909614225 0.20838333709774126 
2.603656130715783 2.2586334408236786 
4.894999815284898 3.0 
3.570430597888897 2.9993150400040047 
1.9369867622137056 2.1241051802136295 
4.726010825408326 2.9999043987385745 
3.128614645594869 2.437421014156022 
4.130337844131796 3.0 
1.7617882137636764 1.3239352127303046 
0.17634956332921403 0.598047562202619 
1.5920521721579939 1.6795927394181218 
2.3033089900112396 2.4211633587990367 
0.8133286245975443 0.550630533129051 
3.7468660557528963 2.999980113565293 
4.317175125333485 2.98734137860761 
0.380542984908805 0.29091045568506113 
4.242762375572237 3.0 
1.6691171264692009 1.8694201211102675 
1.895900286450431 2.0210629080903617 
2.2337866737311387 2.145610136865573 
1.512935789747589 1.5040961199288392 
1.5455629478884285 1.7926898423078952 
2.616164010291981 2.512462605670274 
2.5062594852406352 2.863832745158303 
0.21287782303214298 0.3857654801809946 
2.067288012651248 2.190243688170542 
1.2017341600044404 0.8295986017151317 
2.142619690549046 2.457601625531697 
0.07580669859851641 0.0776819779773058 
0.051245479277766195 0.2930793767337554 
3.4211663231191745 2.9999675685570417 
2.8950428125791334 3.0 
2.384920360876923 2.0930566478249824 
2.3006094519081834 2.7512805813553296 
2.2923454420753373 2.4211633587990367 
0.8133286245975443 0.6593413803220125 
1.242201240567037 0.9808945795345692 
3.975422807911059 2.9813542449824593 
2.2945852016563433 2.710092186331865 
3.0568937638016713 2.9417253433592943 
1.357367850983775 1.147383287244782 
2.7685734406712617 2.498443407587733 
0.10898181539333318 0.3069964695113389 
1.7573385059691904 1.8182535397698603 
4.397989135687519 2.976702622270645 
1.2635803267335253 1.4844045568362467 
4.4232686677826765 2.9823903035497934 
0.6155649193341804 0.659121584990849 
0.8133286245975443 0.6593413803220125 
2.824986987509879 2.512462605670274 
1.6273288953214853 1.2074652693561085 
3.1893804823767695 2.9838254860548235 
0.9780468262608176 1.0994203385294261 
0.8133286245975443 0.3694242091147011 
2.142619690549046 2.2586617930244497 
4.637753353080456 2.985174397007146 
2.7609675993441134 2.429987533900496 
0.051245479277766195 0.03880740238741509 
1.5920521721579939 1.3239352127303046 
3.4554147916598863 2.9999675685570417 
2.9450227676586445 2.973724614108909 
3.5542821841568735 2.9565127591470732 
1.6194151349856385 1.3199271942697723 
0.31982209683811186 0.19421493362884557 
3.2716171999853687 2.9837300060394774 
1.857496530155226 1.829812305926993 
3.3920514830827795 2.9397110853504853 
4.1739054916297444 2.999980113565293 
1.9170234524055705 1.9322219108194978 
1.0436161730463405 1.0990661900295486 
4.643948350726854 2.999999436984055 
1.0375553966000959 1.583865201849195 
4.726010825408326 2.9904612554504997 
1.857496530155226 1.829812305926993 
0.2965115859330725 0.46961213555156034 
1.5002513548493368 1.3074516180625713 
3.3920514830827795 2.9397110853504853 
0.596259499249197 0.46664694044273225 
