4.999999999280324 3.0 
1.1102230246251565E-16 0.0 
4.999999999280324 3.0 
1.1102230246251565E-16 0.0 
2.6974594662061264 2.4544973837199047 
1.6755237439263193 1.5092838162699524 
2.5429983784069674 2.430850542555345 
1.7434624464786972 2.000398044847137 
1.2572237743936197 1.365495309270847 
1.5345629461990777 2.030355393820348 
0.9198714043505638 1.0023274280634547 
0.7553313911342423 1.323740683729905 
0.5792935253544631 0.329410726586602 
1.7138285207939716 1.3281641834500528 
3.1830549085010675 2.999964701621975 
1.2440688017489099 1.0296572056767337 
2.488776835266765 1.9119511942271838 
0.8354945336657082 1.3053173872459058 
1.7138285207939716 1.5973951402682975 
3.5573631011625486 2.999998999097629 
2.3771863149057597 1.7832710955437459 
2.798637847368163 2.6168271523296127 
0.6256143658645581 0.454508892738831 
4.813296110214657 2.99986243640815 
3.6601556065171468 2.9999999731100986 
0.28006977396845645 0.12080319365151537 
2.3334133864783304 2.4613844873922153 
1.9346226266905244 1.4866579033800955 
3.3689463128824704 2.9795634906187343 
2.1667232797317406 2.0935726046533043 
2.3334133864783304 2.2974141059914475 
3.4189771682435377 2.9999294297991694 
3.8833541703117707 2.983900984872099 
4.364762470104052 2.9989194157554913 
2.694397794727148 2.940695694434433 
4.180230382197301 2.9999938784447178 
2.974411826733138 2.966307695778992 
0.7553313911342423 1.1018670614858477 
4.894470712914641 2.9999890093024995 
0.7457285122247713 0.7940290252369567 
1.5991807384478192 1.9298472122752286 
0.44585972196656076 0.4091918658055922 
1.9848945758259662 2.047938631547856 
2.6338625840019794 2.622144478634855 
0.7209388959475377 0.738456983302965 
3.0097834251240836 2.8542356409706575 
2.3716331506559225 2.979146265164367 
1.461306770620995 1.295646781666623 
1.9781594896254426 2.1163489114841627 
0.9400741318614427 0.8237418938461959 
0.11352483934595581 0.03363248347351866 
3.790911015176486 2.999674907406725 
3.069526426601878 2.999998999097629 
0.0506249196298153 0.22291535899743842 
4.429732616211837 2.9999039203532134 
0.9528324424871422 1.5679113879398856 
2.186594420887057 2.3310744263072047 
3.1081294146233853 2.8955774789281885 
2.589801720098788 2.935815174853436 
4.096256144083375 2.998845718847236 
1.6538528784128386 1.2640572700094879 
4.99999999952707 2.999976020337766 
1.7138285207939716 2.2366376159809818 
0.7257836472275541 0.6650923846605197 
0.7915266717811253 0.8237418938461959 
2.4372791249869925 2.4544973837199047 
0.7162220190924133 0.49723121634764333 
2.560924751534897 2.9521187669037983 
3.3195620457419475 2.95148935697015 
4.024394582432525 2.999629191340796 
2.1996290232898184 2.3310744263072047 
3.1445084838980364 2.6025465175076548 
1.123691247353179 1.303320375676496 
3.9621929836094942 2.965131309456662 
4.506162119768432 3.0 
2.3945121975601427 2.339503945080793 
0.04783713519815819 0.24622893613208008 
1.5991807384478192 1.7672299420938138 
0.013681873671065992 0.07025875249853852 
1.7138285207939716 2.1912346400831737 
2.6441226152976474 2.6432814258381714 
0.28006977396845645 0.19660479445175005 
4.267172380074003 2.9991832263693405 
0.625318795660986 0.6630153059898051 
4.57396821324574 2.9999996387740246 
4.5938670936502675 3.0 
0.3321886367292444 0.420612510922334 
0.14089409367292716 0.37648369050861114 
3.7059365694174478 2.9999963844847013 
0.12954834875263577 0.4899603866308075 
1.5268881487895412 1.3247362947063084 
4.135799419963083 2.999998999097629 
4.877398616543058 3.0 
1.2572237743936197 1.2309710702727208 
0.5434265193607518 0.7813076714577442 
3.7494858085679565 2.999999993644699 
0.9387535854842554 0.7294998085923025 
4.682600476638482 2.999513989685145 
1.136219209224358 1.2004577279563873 
4.737713184776883 2.9999977151572037 
