4.999999999991619 3.0 
2.237793284010081E-16 1.1102230246251565E-16 
2.237793284010081E-16 1.1102230246251565E-16 
4.999999999991619 3.0 
2.420335886260649 1.9283454378536529 
0.19868338119341694 0.10944646084770093 
0.2096043718373375 0.4214875448064797 
0.044485382968916826 0.004637221782715861 
1.8486013199392741 1.6744985798418823 
1.9441235131016739 2.2563000383118297 
0.44796246207770474 0.34497097181615005 
1.6910259867025643 2.0037991641697044 
0.34839224913319045 0.10201562042327939 
4.216651032920519 2.9895916262456304 
2.4697225109230128 2.496914351456638 
0.5540623230025721 0.49288994459000357 
2.6590228581584237 2.438811051408024 
2.650379841613115 2.8372351915488085 
0.6560197301389687 0.5638530567803919 
2.419446597194143 2.4428769909309858 
1.3828832951695398 1.3684625151040413 
1.1065427181372394 1.1240101672507072 
3.1420889257636015 2.999035842861545 
0.18996554328648685 0.34497097181615005 
1.4168883555220793 1.0605635788980048 
3.816675071044415 2.9997815423484857 
1.728023074268215 2.1659384528889323 
3.8891012381749865 2.985411334506532 
4.868520218359326 2.99999009316288 
0.5586219343183285 0.3422757953547433 
2.1648745939806178 1.873922947700093 
1.2324716895720447 1.4296439864536006 
2.6590228581584237 2.6989129124654254 
3.096932462676066 2.938290009466879 
0.8878365809105149 0.7067341782100449 
3.6062144908946694 2.8575020842761676 
2.435803679453252 2.3118214376947215 
4.354483844267445 2.9999899971393336 
2.846486687788044 2.9533278790997017 
4.107953668515063 2.9997815423484857 
2.42416393590178 2.162317366520662 
2.6395278426423703 2.757417610212612 
1.023865472992692 1.1240101672507072 
0.8682030946409879 0.48632250065669136 
4.94692295709053 2.99999009316288 
0.7438526571573848 0.9565445235225087 
3.6880749054324062 2.9641214306833357 
1.2328396601754656 1.364650825824393 
4.574638230886114 2.99999009316288 
2.917633087757213 2.8686867679026475 
1.2645525065842356 1.0927823738957012 
0.19868338119341694 0.1253352207176871 
2.893490324173374 2.784449312446474 
1.7212786908297488 1.396151700898047 
3.6078580706434584 2.9080586372027892 
4.7169483102583385 2.99999009316288 
4.517085691089417 2.9990319518494974 
2.3646301594632417 2.13442603473808 
1.7453522864608313 1.2313594202340337 
0.6267180471603262 0.8270353423052774 
2.8085318174092944 2.757417610212612 
2.161520165796265 2.2862160499791484 
4.817295354610577 2.99999009316288 
4.652554195495479 2.987345239791984 
0.8682030946409879 0.9506535161208565 
3.4674528391506523 2.9204751617090308 
1.7450694028976275 1.5642169355488464 
4.054443962456245 2.995403834202341 
1.3690461338848936 1.155692777180414 
1.2271604961842177 1.095810835308882 
4.422492630343319 2.9999911498723892 
2.4697225109230128 2.448167116032669 
1.4764790468457467 1.7536898149550484 
0.6267180471603262 0.48836246824645135 
2.685932457688777 2.9146685801930814 
2.743572456312303 2.438811051408024 
1.791475839525448 1.6511002085884336 
3.7444182367986487 2.9879629201647386 
0.8606853852846763 0.6631672465307763 
3.963264691787647 2.9895916262456304 
0.8982295953332498 0.7780858181550803 
4.272323082444145 2.99999009316288 
3.99338282387012 2.991043352692714 
1.0352721840255166 0.8556973013542364 
2.955447853085114 2.99999999411495 
2.917633087757213 2.999053854892935 
3.2500104141451036 2.9743198185379325 
3.4674528391506523 2.833428952308791 
1.800227058644623 1.5647111775744866 
1.026257973305843 1.0605635788980048 
2.245586384142266 2.430552204789233 
2.2272764690857354 1.8829561044202543 
2.420335886260649 2.212855238719564 
1.8762614954330108 1.8829561044202543 
2.181428632894569 1.956682557421653 
3.5815683987241203 2.9987700269438515 
2.5122968640040533 2.628283454034464 
1.3333686973504286 1.5757808744086665 
3.7444182367986487 2.9793620629934217 
1.7343732941005692 2.1488386350167823 
