4.999999996650574 3.0 
0.0 0.0 
4.999999996650574 3.0 
0.0 0.0 
0.8845327956247465 1.0353933647920135 
2.5822306767138388 2.817929855639386 
0.8937406335122712 0.7846447494154895 
0.27503171196159293 0.4331355949386344 
3.0670201413361555 2.6899478080598986 
1.3016829136190364 1.2944870256613792 
1.0140117564392293 1.0183956421009066 
0.35262411729616927 0.5021371388751785 
1.7579795976487926 1.8389640026594931 
2.898107326679985 2.9966415662155392 
3.3625564130699432 2.996454423459741 
1.1341282801961052 1.2990337857653347 
1.8714768368354902 1.8696884750458986 
3.3105428184043584 2.9161240475114227 
0.2829910589771586 0.2855221635447954 
4.578327855155818 2.9994906764955536 
4.510332509444069 2.9999869704227544 
4.8535841213228 2.9998360720572625 
1.5729571583508464 1.6896748643324107 
3.098321091754495 2.99904369228732 
1.4110177266320674 1.4385985188412704 
1.8084729584954333 1.5767086398827042 
4.320391868313167 3.0 
2.267468475040362 2.8896305229248753 
4.908907173225297 2.99871211671764 
4.750712696255401 2.999969810744502 
3.8129131248664487 2.9997522801054783 
1.5387084462281837 1.4094418811070728 
4.676988031864233 2.997229250747479 
2.9591962473056 2.999964163371993 
0.33058672462899175 0.15270356904721738 
1.2158839728712634 1.0183956421009066 
2.579197577245973 2.298728436293204 
0.6638772655043441 0.4336183805726803 
2.267468475040362 2.8896305229248753 
1.5433770081939953 2.323626390502292 
2.4916749787419183 2.974439404635805 
1.5014854708569882 1.2613943477375114 
1.8698765359286944 1.9315569553334284 
2.422837627296705 2.5774861107460083 
1.088107606615545 1.2366258426751222 
2.621547182538918 2.907653606669217 
0.9723286988609968 0.39723254333280733 
3.6987767028692895 2.9998726726656795 
0.12898742881083813 0.21899205645166062 
3.423597872911673 2.996454423459741 
0.07536255494644345 0.08980698424667233 
1.799487523364099 1.2944870256613792 
2.3534081895714962 1.7853628386516056 
1.9305775188762555 1.5103445622114715 
0.01884886767261318 0.08832391351807478 
0.5196433613989028 0.43461619172714705 
0.8055284767877481 0.7846447494154895 
4.434000857334665 2.9822554807797044 
1.1680437784642848 1.0009972432624745 
1.3915689050209352 1.2882512235359744 
0.4955553964300208 0.5311326388087505 
3.6987767028692895 2.9998726726656795 
1.7076048075093508 1.2944870256613792 
3.177360325529948 2.993855939803877 
3.603851852874095 3.0 
2.2650571365404892 2.4159499690363595 
0.9291128521843222 0.6264423864337576 
2.0084902862194953 2.3743476583770438 
4.194101987928513 2.9947545374353695 
2.751331164994573 2.912309401471849 
2.3534081895714962 2.2819518427192604 
3.5121891836678225 2.999936842516592 
3.4982684804554642 2.972761453126996 
3.603851852874095 3.0 
1.7415397156008297 1.437758855941722 
2.409449432822237 2.1697130541610536 
2.2573482378023586 2.0741167078698948 
0.03678663132922588 0.0 
4.434000857334665 2.982418692396509 
4.148870463124285 2.959726786992412 
3.840232984627019 2.9975935223833683 
1.8345088152143594 1.687925961370297 
0.16778675884336103 0.09548911357601172 
1.9875909441825161 2.0105020395675623 
2.3046775810610556 2.165588558114022 
1.6934477440232114 1.3628076546613221 
0.9723286988609968 0.5004035517710433 
2.125154069422921 2.0741167078698948 
0.6744510877584322 0.5099293612064918 
4.706474468281684 3.0 
1.81372267221107 2.1254967703536547 
2.4575248001089927 2.6381939692303753 
2.293803598038986 1.7853628386516056 
3.9420931098171894 2.9999869704227544 
2.052370929885957 2.381540774151582 
0.12761595717400942 0.11747109073010631 
2.0959522426101977 1.9605952890716076 
0.7458810118029704 0.5045845481634073 
1.2367289175458351 1.4720928633039048 
1.1680437784642848 1.0009972432624745 
