4.999999999728268 3.0 
0.0 1.1102230246251565E-16 
4.999999999728268 3.0 
0.0 1.1102230246251565E-16 
2.436109683502295 2.510649515717828 
2.6991087479173936 2.3813354101352537 
2.2480639959614748 2.296844361477184 
4.566062729974996 2.9999732132672365 
1.4976011406404326 1.9868655607568562 
1.7838888977071368 2.0014919412912744 
0.3258882702043131 0.21054255072672712 
3.5984164850138938 2.9595460215696527 
0.3312510167954642 0.357700814825402 
1.5447417534479193 1.6538752078852066 
1.245703223813462 1.231094412074925 
1.593793450163399 1.1350645729525783 
1.5245401735848492 1.8598956470410968 
1.5460987501933494 1.7517902666532186 
4.753977178931155 2.9998301850148326 
2.604433480552826 2.8582960913443456 
1.651975842377046 2.0030082085043057 
3.709910957366543 2.997019142388426 
0.7837633716698429 0.43915600418607353 
2.6418755666927876 2.6745982311381775 
1.6057683072290243 2.0008587684788433 
1.2652173861864362 1.3178976490715635 
3.538834703782403 2.9661764827958317 
1.1559595624160235 1.231094412074925 
2.3986522580151566 2.297915386770817 
3.37574121773749 2.9986488206282496 
4.348416251579869 2.9999681680549917 
3.8051383383843875 2.9879143613083636 
0.8448534442262946 0.7180764530131916 
4.9557710490658655 3.0 
4.4591437488799 2.999964711460847 
2.284325549193307 1.9930182314342377 
0.6620727214787631 1.0374237211056845 
0.24782131916804062 0.21054255072672712 
1.5116048560177284 1.1350645729525783 
1.038328052779505 0.8792815163634345 
1.8357079316129283 1.2651069563613455 
2.563233820220743 2.610213599904819 
1.3372449224275567 1.5048947486835795 
2.0206053886644333 2.325774112371229 
3.0573698238199896 2.9404330895317914 
1.2681535571389095 0.8512385741791342 
0.9576313272432723 0.8363107963400539 
2.172766675301174 2.296844361477184 
2.819520162147178 2.971206998089803 
1.0336804328793554 1.2744431283505266 
0.09848745957993821 0.17259364598561378 
3.987679461985369 2.9978392717083415 
0.6235129861558741 0.8294688163520395 
4.817953673903055 2.9952619582262554 
4.439483230530789 2.999999452661193 
1.9334377150975457 2.1712827547157527 
2.1168140296205915 2.2973436266932685 
4.047187569261837 2.999929496182937 
1.0614053454947978 1.1458136732337043 
0.1393318620087871 0.02373229884577102 
0.9423224906460731 0.9031236271370118 
3.3169148208387886 2.784271934059694 
0.4358388402742105 0.44592410582848985 
4.659032224291212 2.9999169148499902 
3.8948124465948157 2.997019142388426 
4.87436440094247 2.999678260206814 
2.626150320401101 2.997568153775331 
2.3687842769709966 2.475715203161271 
4.657057976693955 2.999712195924067 
4.1608121978349955 2.9978392717083415 
2.417369352909345 2.343695899447752 
2.5554816849017583 2.9979207085807067 
3.8948124465948157 2.999189100904345 
2.9980908784544478 2.87668255422005 
2.7181150686753686 2.975176342566756 
0.4095606430674229 0.39502290154479225 
1.0447778887330261 0.9520952020722134 
0.4941165414285139 0.6013143879678201 
4.16300700634376 2.9519354801624917 
1.0899485287197117 1.15892153838766 
1.1559595624160235 1.891296438255424 
4.227233042864017 2.9995556853732004 
0.09870270117425084 0.21054255072672712 
1.7718357813231862 2.092941837639468 
4.24208345917361 2.9995556853732004 
0.9043754608842873 1.15892153838766 
2.9980908784544478 2.8203554689260466 
2.2528442171902774 1.9490447157639104 
0.5704192809423752 0.8528792436121597 
1.593793450163399 1.2796509605795423 
2.2528442171902774 1.9490447157639104 
3.760729475824018 2.9937478405421976 
1.8605730392120523 2.093443834528365 
0.4358388402742105 0.5116891041345256 
3.342223229829841 2.956825892948683 
2.604433480552826 2.61119615509785 
0.5704192809423752 0.7497562290623159 
0.8640790588747985 0.4913185220744332 
0.0684577243459501 0.3058040022826337 
0.8245789939045539 0.8147927446824127 
