4.999999996647748 3.0 
2.220446049250313E-16 0.0 
4.999999996647748 3.0 
2.220446049250313E-16 0.0 
1.7380599124302962 1.6427720899119689 
1.8610740168286868 1.7574510318429515 
1.6046068012502936 1.3989879705589945 
4.842899280253742 2.9931115576105096 
2.5352275421400754 2.7152694399360473 
3.2070948932535375 2.9987165801454303 
2.585299918231298 2.4675075272951794 
1.2794360368658375 0.6616183383714322 
0.8041846564329291 0.9924665476358746 
1.5123910109565808 1.6325578455110152 
3.374122568511943 2.999544050334806 
1.4839570613903432 1.2979893427391527 
4.265479248345398 2.9999904390490815 
0.6858684543517434 0.7209919557887979 
4.024891887234876 2.999368707598367 
2.5820701281542453 2.723949278365205 
1.7882650532890194 2.1332663706816546 
3.699431799082107 2.9995477629302876 
2.068634653959088 1.9546399223525912 
1.5587969140078732 1.2959519603561818 
0.7268117892891912 0.9784314541062673 
2.303445175739501 2.3784734270787387 
1.2443022481369004 0.8957665856508471 
0.1321903107929875 0.17987849919436305 
0.6270754039903779 0.6150888548806825 
2.7103648773284377 2.214667502004051 
1.129449634198115 1.4837122442110595 
0.09462356180369458 0.10116746720666403 
0.7405058878177373 0.8783737319218354 
1.243841290607811 1.1450304240371811 
0.677528164401835 0.617532765099486 
3.5673869008153947 2.99999271025484 
4.402140175122073 2.9683507373918037 
2.4781575370654174 2.940445314136669 
4.21217228971825 2.9853361345476515 
2.926870569574111 2.8547583466227793 
0.6516232925806082 0.4666054791050418 
3.8740847358908375 2.999847554221831 
1.1495738870002032 0.8927504619404151 
2.0620954460147782 2.1332663706816546 
1.128844536215769 1.139073011782831 
3.000344214488366 2.848801158415681 
3.460254920725066 2.988909335747807 
4.769601631574511 3.0 
2.4956075265128868 2.3682963630199296 
3.5673869008153947 2.99999271025484 
2.552952249603375 2.4675075272951794 
2.4588393852912693 2.149777331088372 
4.552077726481436 2.9996330747723223 
0.05014871368815116 7.676488313242968E-4 
2.4602113329032975 2.094581397112237 
2.634199061215625 2.1332663706816546 
0.30971069944012564 0.38500347463825235 
0.6295121973353668 0.3632474479007602 
0.8519889818818419 0.6555161297822584 
2.17357611178515 2.0922268555084176 
4.724607170324072 2.9998498017997286 
1.6029752233238432 1.6298653834879897 
2.3941859369207483 2.0922268555084176 
4.617981275579555 2.992247278546467 
1.1430463846531627 1.139073011782831 
3.7240581895016795 2.999722128009172 
0.25036225373466936 0.16116273155451144 
1.6029752233238432 1.6298653834879897 
2.012440149077867 1.679409883911347 
3.937342387403757 2.999368707598367 
1.8610740168286868 1.9850951794936078 
3.0046128621759323 2.9019574613447734 
2.068634653959088 2.0245518311927624 
4.5015818975186725 2.999368707598367 
4.144933800895943 2.9962045965899193 
0.12501066194129712 0.1043887242561915 
0.6111977833955862 0.9241402106060884 
0.24490096486096746 0.2858527649521234 
1.74343576999305 1.9866130552414643 
0.25036225373466936 0.38500347463825235 
0.3916467715969516 0.44262991407435615 
3.2843904279242615 2.8547583466227793 
2.339998817854811 2.46280721288817 
4.103935525441578 2.9984860269306792 
1.2794360368658375 0.8124796667964307 
1.1930069918156867 1.3390374992682181 
2.3384205552549413 2.100843817302333 
3.8043072065882813 2.996714446420482 
4.667905447441314 2.9998498017997286 
1.7187626329269807 2.075134045555418 
3.8043072065882813 2.996714446420482 
2.694098311691337 2.8078918158468333 
4.434992792617116 2.999193713804086 
3.460254920725066 2.9357631291810566 
0.25851116483568126 0.18008482881683208 
2.9078975316136777 2.8078918158468333 
2.6576271284520168 2.897494309105567 
4.460144352219976 3.0 
2.303445175739501 2.0922268555084176 
0.41609635228286335 0.4666054791050418 
