4.999999995787939 3.0 
0.0 0.0 
0.0 0.0 
4.999999995787939 3.0 
1.2270938568727703 0.9757770654555639 
2.197394183565275 2.318655917547666 
1.088165047461843 0.912867697477471 
1.2764955220008378 1.2458377533629192 
4.320459921035212 2.999981383178053 
2.2318184108201704 2.1589475803225597 
2.0771607826764957 2.222363203120088 
4.793433084856401 2.999969010728347 
4.517719299538513 2.990942500627748 
4.660669606915276 2.9768725587984335 
1.8514654360887806 1.801675216708646 
0.28919413867351595 0.23827843221287148 
1.194901891884649 1.191743805071205 
1.990204921010378 2.003015299963801 
0.43926198447147613 0.8516121959845684 
3.450208394807999 2.9900894676135086 
1.7113721850976793 1.592022514416139 
2.4790317454035753 2.352782915643191 
0.28689302345866396 0.47618377022069924 
1.7155064256633303 1.6926872164343674 
0.5794586193055151 0.4385032681395875 
0.2644519293669958 0.3984802406298548 
1.01350690374028 0.9153629024526417 
4.9202290070360135 2.9989280416132456 
4.435624398274075 2.999999996064735 
3.7323587244641443 2.990942500627748 
3.619397324339114 2.9981116431259194 
3.3538908877355165 2.9849675336512145 
2.6308844264754563 2.4977513756987175 
2.523899003483857 2.6844907657099455 
1.8622968260837134 1.6600254401203367 
1.9164425408904329 2.1496695371029944 
2.476664591667569 2.1824774035691874 
1.9077337099894387 2.2720511103229493 
0.7279235457686567 0.657260850631639 
2.0047911562209904 1.870442022592523 
4.045928416304938 2.9946520113813424 
3.0703041470778607 2.995008848965659 
3.1138057325656057 2.8822831480807114 
2.809256838249721 2.47086939047047 
2.933142692306103 2.996276211216025 
0.9369377929398621 0.7731043377497931 
0.483298630941157 0.6934523059236737 
1.933548361465503 1.788882401896923 
3.9023964247593126 2.9994278307980906 
2.6607090870671284 2.998113900200238 
0.639995773487468 0.8186402357810735 
0.38109423937696596 0.5233167466257002 
3.9626537207986017 2.9893116578895214 
4.750474747537987 2.9922945317180836 
4.153993239096836 2.9993803263055976 
0.08689774351933144 0.35679884744721435 
0.8249001224160187 0.9991510729269307 
1.463883956403062 1.179910021708485 
1.4335515105694214 1.442628968240364 
2.714843600551692 2.9959194518556522 
4.68123142509377 2.999999996064735 
2.246744697875067 2.5020503325148393 
1.3899257434557943 1.3746924350793612 
2.5587001642899985 2.429039281095492 
2.1243894206449143 1.6635407977749956 
3.8379483672763404 2.9805764380663637 
3.596413087876681 2.9125731483190354 
1.9719397758158357 2.174982209527201 
3.233182487522866 2.991145612886076 
0.5794586193055151 0.5202893295309423 
1.4621505890941475 1.6595903267182321 
1.2912543056660803 1.024248006324323 
2.5587001642899985 2.429039281095492 
2.729634100869277 2.6893143816592646 
0.22594566463181942 0.0021353802824501944 
0.8249001224160187 0.9662284411135796 
1.862667003086509 1.3532497895215774 
0.5156936158019094 0.3957798412168567 
1.5986752691780028 1.3966224664523197 
1.4491139352113493 1.480341500109101 
0.2713023835015169 0.11017282302063817 
4.019570014630272 2.9993803263055976 
3.216152745836359 2.9171991180396906 
0.6956747342819283 0.8347215584637506 
3.4637921088271666 2.822249046427359 
1.7983218458910912 1.3966224664523197 
4.237807665191291 2.9999920869784678 
0.22839734110700893 0.08876530903666613 
2.476664591667569 2.1889919238953857 
2.8099534877122463 2.996276211216025 
0.2969548413208649 0.41550111233862785 
0.7817627693098388 0.7838115932875872 
2.5810706983860876 2.9163743153993886 
2.6178557872345176 2.9647006229251924 
0.08689774351933144 0.10974797110862655 
4.4665619374047445 2.9965548680037415 
1.5986752691780028 1.3966224664523197 
1.4621505890941475 1.6595903267182321 
2.6607090870671284 2.8954318480163006 
2.173474456245111 1.6635407977749956 
