4.999999999817462 3.0 
0.0 0.0 
0.0 0.0 
4.999999999817462 3.0 
1.4236850013107727 1.2179075974588225 
3.7943526238408163 2.984356418467888 
0.6889418265451547 0.6420758432696266 
3.518671476328254 2.9993591124813554 
1.0973656055035195 0.70470032168476 
3.131975100170396 2.9984543663794607 
3.9258581426530808 3.0 
1.4193743441889919 1.6871093117649836 
0.9031577594462155 0.8013024971565564 
3.7952921490861753 2.8352700129753217 
4.886589528347291 2.999997773618478 
0.3017429225559414 0.4411052063357588 
1.4433850986176875 0.9733267514665751 
1.9358451240382002 2.1781132372890806 
0.7126980316284998 0.8749283620648627 
0.9951038369399196 0.9502114165628116 
0.6670266383899479 0.7690072647196905 
0.268375623933083 0.04727567070485615 
4.685619086933327 2.999811595420264 
2.299886811483427 2.2090993442033158 
1.9187354128392962 1.903649542857365 
4.284642553578192 2.998141834122097 
1.3439788011984342 1.3781496018097656 
4.55816393916333 2.9999903590372194 
3.693040324523133 2.9994056682129417 
3.3005842965760976 2.9045501387864476 
4.807666776439242 2.9997023660291293 
1.8454397537088294 2.1212961081089006 
2.1481645027198555 1.8887482316998634 
2.0251278774108608 1.8628817944696678 
2.3810013799976697 2.0049507777988542 
1.500409108531799 1.363705807687167 
4.7033833701219425 2.9996664099185337 
0.23596365920657392 0.24673742628505013 
0.5459938775323514 0.5280792192325847 
3.424955027987124 2.998501926422387 
0.6747121313011584 0.8425906565287467 
3.0926511685998914 2.908879310232087 
2.449512872660491 2.330330725059481 
1.5712771176251126 1.2362167399897106 
0.6265916689670981 0.5468258919685078 
4.986204797487928 2.9993591124813554 
4.169064185726546 3.0 
2.603638644007373 2.655855540269251 
2.083651851245263 2.2032840366019917 
0.12380534957436451 0.07190067733874805 
2.5947915516050566 2.750981366065531 
1.2854948140502684 1.97890253831411 
1.0521711305196022 1.1903400522846312 
0.4491959633094046 0.38575137247911007 
1.6966882311720464 1.97890253831411 
2.0095119950223683 2.2032840366019917 
0.524477061903455 0.442245210348023 
3.2832912172273803 2.989689861065497 
1.4236850013107727 1.534307543279262 
4.44936751896624 2.998141834122097 
0.45023804366740794 0.43187576320200693 
1.9275090394328576 1.791704754511698 
2.5941486445363813 2.84111434167506 
0.43557108524383914 0.1975402680419659 
2.870663465228361 2.9312299096922687 
0.23596365920657392 0.20037652594053812 
1.4236850013107727 1.534307543279262 
0.23596365920657392 0.37033143172654537 
2.9666326256502096 2.9045501387864476 
2.5517684079901115 2.4620877530057186 
0.06919461529127569 0.02946282497908914 
4.511337002741874 2.9996664099185337 
2.3972950853471913 2.563316911591175 
0.17244272706099106 0.07190067733874805 
2.422115116845892 2.191953464993575 
2.667961771605337 2.999292043835721 
1.1610429541137681 1.1903400522846312 
3.998765530312533 2.998606317881026 
1.6809391059280894 1.8958654608619607 
1.2600029923969889 0.7773570848252803 
2.7600125432916407 3.0 
1.6302323188516998 1.5378337387559906 
2.334189244906378 2.0308827175546424 
1.311507738253641 1.8958654608619607 
2.5618918339515138 2.9312299096922687 
2.9666326256502096 2.9563667784630985 
0.6265916689670981 0.5468258919685078 
2.3810013799976697 2.305809544371532 
1.1529394001427458 1.0650054184307205 
1.647101885824639 1.6956024535621765 
0.5235916803907349 0.4933836922991821 
2.703287331201949 3.0 
2.6338001155364976 2.5231943977223787 
2.477826531560707 2.342682795689402 
2.6338001155364976 2.9681454161621756 
4.343505738479134 2.9955410557985367 
2.6338001155364976 2.747970213713726 
4.8312792826166255 3.0 
2.400282079700389 2.4730771547626436 
2.5519693936249737 2.3572570086556275 
