4.999999999497872 3.0 
0.0 0.0 
0.0 0.0 
4.999999999497872 3.0 
2.5309837047171935 2.53902831525696 
4.679809166938813 2.9689577667694085 
2.1698122789980587 2.685608807336169 
4.469739342326779 2.9960135627535127 
1.832898338212754 1.675169915187155 
3.492252744278966 2.9990764593312105 
1.0861069696766745 1.0853053737057423 
2.50019913452239 2.647265982535658 
2.8829452034248324 2.9998895100240563 
1.4613601508855647 1.2188674300887397 
1.4722915264441214 0.8920461771595812 
0.8772631658428187 1.1391652773767103 
0.8772631658428187 1.3564414231543416 
2.021702397699344 1.8852754676045982 
3.3889477928536706 2.9978272387738665 
3.874497907080123 2.99989896123305 
1.8920215067785315 1.7315016610907072 
2.438507950011745 2.0836415327862636 
3.118352662397762 2.647265982535658 
1.4813757865592376 1.353204628244774 
1.9521269582589031 2.0675394400825584 
4.278787117763796 2.9806915105391463 
0.40557882489744546 0.5041775845672057 
2.663899845913456 2.601105555200292 
3.7839823347780723 2.99989896123305 
1.7656909297960244 1.509883389751907 
2.2969827238012575 2.163027035991222 
1.516293867780683 1.57097534505911 
4.067374094972655 2.99614656827308 
0.6476615184306909 0.5012527189122051 
1.4285057253213407 1.5257962221844226 
4.181206684990141 2.9959249661685856 
1.3253499437641305 1.3030200665638914 
3.149393171426257 2.5674624098879395 
0.3269940409849895 0.712461091160934 
0.7375193362643753 0.6805825503831214 
4.362439982173049 2.995699705543447 
3.9998892713487466 2.986333679598763 
2.210437300803871 2.41785952784509 
0.9582624982189641 0.8920461771595812 
2.968238605944234 2.990017892276123 
3.670323121242397 2.9991116966249822 
4.730082881249175 2.9688133539953907 
0.7956186317740478 0.8845221537430366 
3.5829381615902554 2.9962870996863775 
1.8811083122771852 1.86090822563897 
3.3317758151991548 2.9182308347851653 
3.9496152671297784 2.991212172341757 
1.8732976629393376 1.5257962221844226 
0.6331769497836994 0.5758365812655794 
0.1892359513709435 0.12424400104207789 
4.440680898608326 3.0 
2.5695820922272614 2.760265618154155 
1.9565793565335685 2.118679458425917 
0.1466644043939438 0.4448880549290868 
0.1114374329762764 0.11696841999332586 
1.8881472190775104 1.7959359082851587 
2.656939914024547 2.804832635749155 
1.3264763099663346 1.529269396994062 
3.1740702426749703 2.992416773785333 
0.07752776921812471 0.10336705303131222 
1.1750617664851868 0.794071147615901 
2.2532964670421745 2.1169618075582166 
0.6667511306229291 0.9260728103387752 
4.320068778418139 2.999908270979994 
3.149393171426257 2.9512075523398034 
0.5773823674034619 1.1634868664765952 
1.5979062472393744 1.5804206088338797 
0.2131180626585314 0.5998103986963326 
0.09262869340483992 0.27588846586082083 
1.883027165102383 1.5197748816615015 
0.7375193362643753 0.60874287926731 
1.3496803174338206 1.180700397531437 
4.78299439656333 2.999908270979994 
0.0699828495467304 0.02901419202793898 
2.438701532810085 2.375116449746205 
0.3191862333915976 0.3518017603826974 
3.625846732433281 2.9817421492837837 
1.9400190381389533 1.8727818820351594 
3.0654393205950026 2.9983099371695805 
1.9400190381389533 1.8992133071079451 
0.18749359139021915 0.5144800837885062 
2.683227870492268 2.9512075523398034 
4.947576607465208 3.0 
2.237248895969663 2.011499759873841 
1.2548351772703241 1.180700397531437 
3.2082788394150725 2.9996195067536724 
0.1892359513709435 0.34888867617860897 
0.6303426145884612 0.6564023190246864 
4.8525000112892425 3.0 
2.203640235883657 2.5569918652306187 
3.3293367341225943 2.9968276987899287 
0.6667511306229291 0.8920461771595812 
1.1673029706781741 1.2995307085379568 
0.7556312522029 0.7414003043659109 
4.881437704787966 2.999352513930522 
