4.999999999964177 3.0 
1.1102230246251565E-16 0.0 
4.999999999964177 3.0 
1.1102230246251565E-16 0.0 
4.390347894798448 2.987947482428619 
0.45389366491188654 0.513294930199856 
4.551142849306773 2.9999112526001914 
2.5618913210554286 2.7653908484928715 
3.3115541302012526 2.8870994855947956 
2.6766256747342636 2.384851391548081 
0.6384754123114089 0.47575120531953263 
3.029259738198489 3.0 
0.32817885433306127 0.5096111234534736 
0.9624796157490167 0.7465141614641402 
0.11967130783582536 0.06064500316145671 
1.5372483228203986 1.4623232376615767 
2.5036547334757 2.3745146890528535 
2.35928566765564 2.389923424358221 
0.7641967924337153 1.3482798688838322 
2.695189230320813 2.4702053133366224 
2.6766256747342636 2.98132080534724 
0.21950810372725016 0.259663661977103 
1.7252761968680097 1.8000640751837136 
0.12166796156768978 0.259663661977103 
4.680816415087105 2.999991328669454 
2.981233312595982 2.9692293238609064 
2.569800841342922 2.982742864627694 
0.3868522885364776 0.36739455360001516 
1.7123171014768612 1.484986142619877 
3.3992536206524746 2.925586998561486 
0.32817885433306127 0.33739564630245944 
1.281867815655869 1.3365206024688847 
0.9302617782741784 1.0928595267126768 
4.205716018668884 3.0 
1.9267746680606508 2.0200110073071063 
2.128137181351841 2.3584617031551076 
3.8409872529498843 2.999849632402802 
4.025662097030487 2.9999239509492877 
1.5126994561690785 1.3450469383704975 
0.7387583691723277 0.8658455954985774 
1.4527673802867163 1.4623232376615767 
2.4532704018257405 2.1400043240706785 
3.394602498601378 2.85663014574148 
0.44339537612801083 0.7497377405583733 
0.9508666833796395 0.8591979745517626 
2.8435257632405095 2.991245736524602 
1.8615692700782587 2.170670518648265 
4.899140574136585 2.999912127301303 
1.3499419862698843 1.3482798688838322 
1.24979975853428 1.1967872651490703 
3.703922640571819 2.9408976583899076 
2.5036547334757 2.8946278792070785 
2.7485237228296437 2.9895409413759824 
3.5010414531054708 2.8894514971314087 
3.944917021038206 2.998463503006567 
2.897169550688964 2.9645815186528104 
2.1264987378267692 2.2875151977063415 
0.8968432180400625 1.0704007514023393 
4.828810457106607 2.999912127301303 
0.7605234407346811 0.6018621772807987 
1.2496425837279923 1.2982885692222774 
0.8180568980956572 0.7438003019384054 
1.9624715652103037 1.8692927774318067 
4.3025784202559905 2.9998917386117676 
2.1167949030849154 2.0252726919241373 
1.6401215529184232 1.4699888842370719 
2.294931958734717 2.389923424358221 
1.0972785402070613 1.1852313796102254 
1.826645370352662 1.8000640751837136 
3.6385809825538424 2.916149355641944 
2.161470990390707 2.053879412520991 
1.613943652089079 1.7868072025748531 
0.7301222155330174 0.7497377405583733 
2.160649845488804 2.389923424358221 
2.048237555076264 2.053879412520991 
0.9456889344912 0.948489588239369 
0.6753151806066394 0.58648702503221 
0.6936684390185484 0.7497377405583733 
2.5036547334757 2.657576961981417 
1.9534358615098701 1.8403884772288508 
2.5441454758526927 2.3872006724209047 
1.2612103302162407 1.0990294234977604 
3.479292153619853 2.9955852085689476 
1.3023149265462852 1.469874764002056 
4.769691998009801 2.987947482428619 
1.852405437609936 1.8720500140223149 
1.7797202348288033 1.8000640751837136 
4.620633620886051 3.0 
1.8569264940486354 2.389923424358221 
3.683446971236703 2.8894514971314087 
2.093279008437646 2.2203110073457433 
1.852405437609936 1.8407910296597554 
1.248941699805179 1.2460946828538568 
3.693234101215781 2.999112322050955 
0.32817885433306127 0.24446462814350134 
1.455540499886068 1.835721433127516 
3.791471399906646 2.9991153216464377 
1.096256579054936 1.1110791019759745 
2.569800841342922 2.875406906805311 
0.5681579676863381 0.7439786867990124 
