4.999999999579841 3.0 
2.498001805406602E-16 1.249000902703301E-16 
4.999999999579841 3.0 
2.498001805406602E-16 1.249000902703301E-16 
2.4036423755613354 2.3680629151079344 
2.036495914062683 1.677086340497294 
4.894036118832848 2.999899871158841 
1.2277684044220167 1.222411313453659 
1.0053256894746503 1.2476080220490418 
4.739477952406719 2.999971589176491 
1.4127811808779527 1.4465172614634296 
2.4544895732018936 2.093241888350354 
2.206096225170297 1.7010770725541158 
0.7722070710950311 0.9650534266634889 
1.2375752768761759 1.3366200145189482 
0.005864776296900631 0.08670782109266656 
2.422922151836302 2.474044034599253 
1.7240470776667685 1.5474927809382937 
4.291411417034816 2.997825521181589 
3.752612753856837 2.933253124481689 
3.356432109367088 2.9929539035810753 
1.7750770140216843 1.6083008232302878 
2.402402285472048 1.8993348268155477 
0.9135144325749702 0.6714552198594008 
3.0555448862553867 2.9417044686619684 
1.9637689290410218 1.6181452544280828 
1.2019967725785627 1.4944804957479443 
2.874947067895027 2.9978818237074694 
4.2390553655500955 2.993474909894093 
1.1376643183790738 1.000876205046708 
1.015464602123063 0.8293115950259451 
0.0887439039606871 0.2569372482341866 
4.420059868110473 2.9791193009105514 
3.6201671253519816 2.909796435893467 
3.1795653577204814 2.9737763262691708 
1.9737314719023025 1.9958000700127785 
3.420369539595007 2.9997264422789285 
3.157946521734094 2.940448547316017 
1.9474929593740873 2.152897065868845 
3.9425221416666343 2.9895280211856385 
2.31373303707817 2.832573316436773 
1.807729938008821 2.237976529978909 
0.18153354285705603 0.35117376876454554 
1.4203390463716739 1.5474927809382937 
0.2798724561523971 0.4661863690860051 
4.137555500342009 2.997825521181589 
0.20735147848558322 0.23942419814579358 
3.8353442897071814 2.9464223201864472 
2.2568884796729516 1.9633681798088682 
2.747123225531732 2.9873440731998655 
3.4753594123324665 2.9997394235482475 
2.924776222709771 2.881059524465263 
0.11179440969155759 0.11737667429466384 
2.455147983002343 2.615105082460078 
0.5857979527233083 0.43341321432316104 
4.04341950441536 2.997825521181589 
2.938318985066025 2.435043435340279 
3.902377327584148 2.99774074398839 
0.5406908579508771 0.6714760549149712 
0.5293187520713157 0.6077474370219961 
1.597610960026575 1.588927427707747 
0.6731329056108105 0.5901120130135831 
3.2514513861479806 3.0 
3.828552831295702 2.9997830327636583 
4.045028750104283 2.9737763262691708 
2.455147983002343 2.5079180915566055 
3.098315957568399 2.9285481471272643 
0.6485192178324275 0.438150547995808 
0.7504870118455536 0.5834198669021611 
4.578502730508891 2.9991074055770905 
2.723680983099733 2.569188738925721 
0.14240092435527996 0.08955000326207502 
0.6409142332334319 0.738057832281545 
2.7076322162135376 2.748367000249729 
0.6409142332334319 0.9129252344608105 
3.2539984348989144 2.9737763262691708 
0.7954374740141892 0.6564262604744382 
4.6320632295722515 2.9996170218516207 
1.405515214244823 1.5877857691696824 
1.264551037667537 1.402626446447867 
0.4680689856526955 0.48872565542412794 
3.6201671253519816 2.9980809044758363 
0.182419232761157 0.4661863690860051 
2.2390651607220837 2.237976529978909 
0.2798724561523971 0.31363813038088517 
2.747123225531732 2.940913683600236 
2.791306491638997 2.8105073968971617 
2.31373303707817 2.114042970057353 
2.835068800524209 2.8105073968971617 
0.34723036364235527 0.44474652303612816 
1.7750770140216843 1.6815684259427286 
4.1560848624126665 2.9984764091158813 
0.17580959312446698 0.21509625827797552 
4.6685116111617 2.9994539347383538 
4.549116277995671 2.9907736714626845 
1.6054528584989822 1.4639423320974267 
2.789756661409875 2.750570657493609 
0.9872733872606655 0.9461220714662508 
0.8632157052310792 1.0283023910772788 
0.44638393570904433 0.4661863690860051 
