4.999999999186649 3.0 
2.220446049250313E-16 0.0 
2.220446049250313E-16 0.0 
4.999999999186649 3.0 
2.770925706241604 2.4666513189060435 
0.9294347515360755 0.7839360300936873 
1.4305473681023537 1.3347288421932664 
2.9764592845946805 2.4917057210899864 
0.9817212382323954 0.9079121738365954 
2.5037090899981496 2.443424353873459 
3.268567211708257 2.939297352205487 
2.4390762529571495 2.3942200162505642 
3.1192644047985367 2.980932646539869 
1.5977713526973174 1.3401737200080373 
4.734434775935784 2.999999980504333 
3.2786334726542177 2.9999990665628014 
0.5803120457191848 0.32572100071920485 
1.939245413406465 2.3795113132923404 
2.4968346721175045 2.618126428625186 
4.078588107506151 2.9970173302402805 
0.7728941638015744 0.7892363099991395 
0.09263216305425098 0.15373043536633837 
0.4784280953111829 0.3246668490780614 
3.8846848462546006 2.9671328656238236 
4.914644512120127 2.999999094729927 
0.6748013043834771 0.49776053070169946 
4.203104620727699 2.9999988097927455 
0.801000865258895 0.49776053070169946 
2.022522943237904 1.9675233683551503 
3.5771431671314255 2.9824176939104428 
1.902271887213258 1.9390263511332524 
2.0163164839337133 2.3949497230333963 
1.7279561498224862 1.678888884490159 
4.148294896945347 2.999392024376059 
0.2615845730694314 0.47230614882092725 
0.5952132811250714 0.4829881383842116 
0.006180352127579725 0.13772204869003302 
2.4190820981951577 2.618126428625186 
3.13672497094283 2.8970086412834046 
1.0661960207909091 1.1095867201074967 
3.579337828285795 2.8828341163297333 
3.649444622199437 2.9999560145503414 
1.737234878027791 1.8894250212047115 
4.278628105604619 2.9999839428405632 
2.6654563500501185 2.9913509680794785 
0.2615845730694314 0.3813810160844553 
4.323035963674864 2.9985021439844335 
1.4414402998928335 1.2282334574055973 
4.560148866285685 2.9983275094809216 
1.426581075030704 1.1300669219847832 
0.47889622110862007 0.9698038899501179 
1.8037290399467012 1.533902827024122 
1.7191540804265544 1.7670634451754046 
0.01785433608256176 0.06612142000990132 
3.940071369204599 2.9999498854862026 
1.8730821505360629 2.2017759933694405 
1.534970515811999 1.5250992938361956 
1.534970515811999 1.5250992938361956 
4.009070620638218 2.999392024376059 
1.901127438559564 1.6338014608166973 
2.4169752691765187 2.3474198330490528 
1.5977713526973174 1.355985096189418 
1.2677399261599864 1.9991534234818173 
2.859335367335932 3.0 
0.638585963087239 0.6038810894769167 
2.678555748872214 2.8188609345478968 
3.485608575395422 2.8845818154599154 
0.3822555969609648 0.19161742861198616 
4.490262137204068 2.999999094729927 
0.20554684659706002 0.115742855153387 
1.8645057925327548 1.8834308137546292 
0.3053565694952275 0.1529589290561567 
3.732551570087215 2.950386840523833 
2.794967469713918 2.9186399955787974 
4.603011639005277 2.9996543567737044 
2.789793302119733 3.0 
2.0440258570721426 2.112076980727986 
3.517790292922588 2.9965222480437554 
1.8645057925327548 1.8834308137546292 
4.991321384895125 2.9999996521047345 
0.7602341183068587 0.784503136705575 
1.0661960207909091 0.9059722304191028 
3.8108109772070655 2.992917516294142 
1.0996717319401887 1.3618640836966254 
4.6608717513939215 2.9996543567737044 
0.4133350125989983 0.5786368432783033 
2.135872867234986 2.1173110300671527 
1.0522805618107804 1.3354145429885116 
2.4223450667551747 2.118810319752826 
2.4189935439521872 2.1802644206743294 
0.7414376584110717 0.6629796896725286 
4.405912244729996 2.9879286458539074 
1.6431791424354094 1.5659258073143225 
1.961080104065996 1.9670561203604813 
4.813520044962189 2.9991699660928264 
1.0133139116248069 1.069639997621129 
1.2645505779520003 1.2282203096513782 
1.737234878027791 1.8733445942663542 
3.477878581822621 2.906347852847387 
3.7663323185660635 2.9794350082570604 
