4.999999999087404 3.0 
2.220446049250313E-16 0.0 
2.220446049250313E-16 0.0 
4.999999999087404 3.0 
2.8568363916020285 2.9757862138733358 
4.480676094713431 2.9977488784801714 
3.532962692589187 2.999706192248609 
2.1372335004193186 2.338609770302163 
3.16548457913186 2.9977726576081674 
1.5077266277171117 1.6234362355580174 
3.259204654932517 2.9977726576081674 
2.4827910821885877 2.2459181137654594 
1.5313678620728357 1.737191812001658 
4.566358492860108 2.9999992596463443 
0.6107727319761511 0.6113485185350381 
3.00430211311095 2.999889302551548 
4.354740282432433 2.9999977109198532 
0.8920640755100614 0.9153164630753879 
0.511657366836772 0.22565560130094586 
0.79264232133907 0.6551016346624725 
0.8341852730526853 0.8484713407245369 
3.9110177174150214 2.993665073773239 
2.505306510017017 2.136539899814479 
3.4143060631993905 2.9999226956248624 
1.9501964279577977 1.8911472402549632 
0.7495933075495227 0.7673587936525527 
2.130028606932568 2.1396576888571874 
4.650577056461668 2.998006294664601 
3.065224716218132 2.9886297541472397 
0.8341852730526853 0.789974637488758 
1.9244793586954145 2.2597818549920246 
1.9323563293135513 2.184138654692376 
4.9255938045682806 2.9999997335090813 
1.3286337201865408 1.3848475449375592 
1.6865334976087731 1.7689885309265598 
2.444818596161297 2.430720521242596 
1.3786483366433873 1.483747969706353 
1.394631279523725 1.43058333935362 
0.7089691655755848 0.29374335030719856 
1.7406835889023387 1.2292097676598606 
1.9413785727097999 2.030425087090049 
2.7047723451927164 2.943537182979544 
0.7190946180775931 0.6119539241370389 
0.3795040346175017 0.25518508396041006 
2.609974096793127 2.826477926410025 
2.130028606932568 2.1396576888571874 
3.492081147460502 2.8638341895931396 
0.020257119495787512 0.18139759186738458 
2.2108764183173792 1.8266226997077348 
0.3795040346175017 0.4494258675809919 
4.730404086941064 2.995927236006834 
4.815244465726107 2.9999999960549113 
0.9264319626754647 1.0041586180124473 
1.1893623504710118 1.288377797993026 
1.1893623504710118 1.3848475449375592 
1.182163768203174 1.05306679995887 
2.5929813038081013 2.250096107209912 
1.0601519246565312 0.9942156036959546 
2.464463149240723 2.522760918667667 
1.7321713886653707 2.021500387780064 
0.1444345510036814 0.18139759186738458 
1.4814665562320117 1.5678108767793177 
4.045134177004017 2.928816417080634 
1.182163768203174 1.0861320233337557 
4.009432557470971 2.9999977109198532 
0.6246245281162196 0.4560866383851163 
3.6988679482700837 2.9188136711425283 
0.07299022806185906 0.0 
1.0964055376223958 1.259594631821247 
0.0436174642030861 0.18139759186738458 
0.6943318944515604 0.22565560130094586 
1.9143988251564488 1.7178986882502538 
4.089100643793813 2.988319028203401 
0.8530001982002869 1.017552834293581 
4.866909587928685 2.999999888519598 
3.018381777972514 2.7207996099327425 
0.6845492408271338 0.6119539241370389 
2.6520734580567003 2.7120429478218395 
0.14210217168657469 0.27990746025311264 
4.278495614594254 2.999860253609266 
3.800673902205813 2.9714085279171742 
2.653833348324027 2.5562378987726717 
1.685752568067435 1.6508968361982026 
3.018381777972514 2.7207996099327425 
4.7013082054635955 2.999999879878735 
1.685752568067435 1.6508968361982026 
2.471188959571352 2.5201202623478522 
1.7974902641068264 1.890736575369233 
4.121822844083873 2.9887357514744326 
2.4190225236168468 2.6542692750642196 
3.8259138136216375 2.9999977109198532 
1.3338749820894562 1.110683058283327 
4.991172267581657 2.999006703956388 
4.308767812777145 2.998919278379688 
2.240327290138307 2.246079979097888 
1.7974902641068264 2.00945853286175 
0.17752710246306735 0.18139759186738458 
0.3146506449064712 0.571337642951703 
0.6246245281162196 0.4560866383851163 
0.9980402559368631 1.3848475449375592 
