4.999999999778655 3.0 
9.627715291671279E-17 0.0 
4.999999999778655 3.0 
9.627715291671279E-17 0.0 
0.6415728055437288 0.295762295047015 
1.0196507004999096 0.9773990731922928 
4.185571242405366 2.9999978753718715 
0.8034969788477154 1.0122541252883213 
4.0487052386713 2.9999979814175566 
0.5536175097413583 0.604632411668266 
3.848822865137836 2.9999993211755247 
0.7335395707073309 0.8200070169299091 
4.476396414446929 2.9999978501790694 
1.6271381167812946 1.1980315189508324 
3.0191364134074083 2.9872426797644365 
0.2841889149720863 0.07452070294670832 
1.4931160221194526 1.2030407413930904 
3.3425684897334698 2.915531901957644 
4.6685135624671705 2.9983535207278647 
0.053730689388311825 0.0474525959102341 
3.241981421119702 2.919842027998188 
2.0529696043301096 1.909851235449327 
1.8935860246448684 1.5458229515746205 
3.1527106569039285 2.947445864664209 
0.4677970893387301 0.36691029013855725 
0.34008547449924575 0.41442822047932903 
0.8222352298931641 0.9393421517575863 
3.9440851828151984 2.9999720293782826 
2.1032685957432644 2.030988575849509 
0.298902596793979 0.1702697692422881 
1.78134607301919 1.5458229515746205 
3.7599303228057126 2.999207058660904 
2.344648324844626 2.2351782722759106 
4.324877081420175 2.980787484385317 
2.7667398740197866 2.9888218426824635 
0.18784359850283128 0.4613279743359572 
1.69272194185423 1.8529329591853447 
2.7198771710104572 2.438575319153012 
4.778728088047732 3.0 
2.9362995739624074 2.9856869604876475 
4.891455589678978 2.999994719771458 
2.0139641443082343 2.220671323922116 
0.7908815985951306 0.6289559655633215 
3.326979195114312 2.99998893273807 
1.7998755665963506 1.4076186926613892 
2.1363857346290263 1.6925439337233095 
2.701977341333012 2.335833567276968 
4.246203590581209 2.999994783656622 
2.877672325775002 2.9856869604876475 
1.997799359012717 2.473934494602685 
1.5923727658270979 1.3097361223870605 
4.857726976081307 2.999994719771458 
2.3763295279518277 1.9701062343316198 
4.728300778740418 3.0 
1.39909167348425 1.5954623838109627 
2.7066263305316394 2.8434984503156633 
4.9833026116775345 2.999998803003172 
1.291847078789408 0.8414803261464882 
2.4131650302339613 2.2188187908439296 
3.480217949307969 2.9102911486321066 
1.1511686393422886 1.3186702362000573 
4.570873853290289 2.999994783656622 
0.053730689388311825 0.1420348791317394 
4.0313208999128545 2.9624743948944023 
2.7891579434194087 2.630899040414355 
1.581155285803575 1.520030029338833 
3.0236261104766426 2.7682889199222944 
3.5070849916283753 2.9501075195556314 
2.522330708152145 2.385952844947905 
4.580731561369475 2.9991350911789945 
1.9246170375455804 1.447912958529976 
0.22203536184431621 0.04214421188427503 
2.345834118308198 2.874779496041713 
0.6474160460616031 0.6356498951477445 
0.7637837958505735 0.8747415877560656 
4.385349676760505 2.9999998598519646 
4.398587360921092 2.999999952558091 
3.5929010047133936 2.9479988703201196 
3.7502841137499803 2.9501075195556314 
0.5227532902844629 0.7954439582127575 
2.0588410281595393 1.6704243160651548 
2.232413916374274 1.9701062343316198 
0.574177236256515 0.6292385079819022 
1.228622298853856 1.0759991807780753 
2.2400577232661174 2.4601906735222547 
1.6466008826701881 2.1704037209812106 
0.298902596793979 0.2431233249123944 
1.69272194185423 1.9405183695093826 
0.34008547449924575 0.2392739507462962 
1.963603286122249 2.0767005003645194 
2.9182094077970326 2.712404204767413 
1.7659690131805346 1.4128523009838303 
0.6199350882761308 0.7751792283410622 
1.1505594001815531 1.1133100220564556 
2.5078267701969774 2.9577705513195722 
1.707941251939494 1.2554938155588669 
0.7637837958505735 0.8747415877560656 
1.6567215697776168 1.9418518049916553 
1.3764972518674505 1.2639334086241183 
2.7040168413206223 2.8027261079151353 
