1.1102230246251565E-16 0.0 
4.999999999990638 3.0 
4.999999999990638 3.0 
1.1102230246251565E-16 0.0 
1.7761596950629568 1.7603233132681608 
1.6434303703560735 2.127645832354837 
4.685813406405048 2.999939025600093 
1.5247914480406628 1.4339182748787236 
0.7636303111832967 0.9650367829195641 
1.3771999603490115 1.4316817235669408 
0.7868081728117614 0.7442319263149534 
2.0790269530668963 1.8966869063253928 
0.4218584437366982 0.414128111161371 
0.6186365607146576 0.6954582344908298 
2.8984160300902775 2.4938034005880456 
1.7936038303195572 2.0429940404499365 
1.3387366762900403 1.769161547131021 
4.821623222037859 2.99998495958355 
1.0188786234806353 0.8093240312518681 
2.619966444735247 2.576189840670887 
0.5809698887788124 0.5734726322239707 
0.46048281787213574 0.4814572772668321 
2.7521222121023055 2.50877470142348 
2.2554775628844763 2.5672943251467286 
4.288415348276252 2.998886268745119 
2.5290606704777954 2.518956183457303 
4.897756474162082 2.9999967475490736 
1.3473673208652464 1.1094814325504434 
4.371562728640722 2.99995453134928 
0.1679778610675613 0.1462838761722769 
2.8647734992774607 2.7995014071002817 
0.34065100968328105 0.3686283566356201 
2.3274390126107813 2.595412177911143 
1.663312606809133 1.7803364069895733 
1.663312606809133 1.7161162897902198 
4.227552115070716 2.991799942115028 
4.567060919081287 2.9999996088933853 
2.1091999637668826 1.989747806057945 
2.2541589252825873 2.149589309342055 
2.092808730509706 2.1323467766590056 
0.23214591496557746 0.21785745631626885 
2.0884206040953686 2.487035455743163 
0.21826820214729392 0.3444351144291202 
0.7636303111832967 0.6979311147330907 
3.3377093327046308 2.957925439188327 
1.1802593448498533 1.416329590959531 
0.767118576353554 0.6156331266292367 
3.851902614963344 2.999939025600093 
4.4276807736758705 2.999945463928132 
3.3083056950850738 2.9260684452878767 
3.953532716535353 2.999939025600093 
3.638123637188145 2.987137622649356 
0.32303404349753984 0.3394395048542336 
3.1533625585918794 2.911155019744859 
2.165318763515818 2.490209390922126 
0.6333134882606843 0.3959232289363114 
0.09457586559209807 0.07505849702268008 
1.4070629134505623 1.2908490473467076 
3.0769020308534523 2.8885698468167567 
2.092808730509706 1.989747806057945 
3.454240766243152 2.994216245007067 
4.999963034281274 3.0 
0.21826820214729392 0.13246683824268835 
3.0234960760439966 2.4931139446864945 
2.122534975599063 2.358606651509611 
1.3318850792004686 1.0212261503731548 
3.7344685073473576 2.9885973468545854 
2.3297182749765537 2.644797174050907 
3.68457741730871 2.992325414110534 
3.3652002781790644 2.9965413966756227 
1.1657936005085832 1.132568566833564 
0.04553485078012853 0.0327380786117476 
2.3573857635480753 2.3977360711745246 
0.9451398147350449 0.9853706612686015 
3.513842217698198 2.994216245007067 
4.0434411123941665 2.993735410373157 
0.3477638107652786 0.15972505514529267 
2.1588146710321543 2.130333758031663 
1.3887775885198643 1.2908490473467076 
1.6786628971757904 1.6121214181567822 
3.397407253619352 2.9985618826159572 
1.1764181405133387 1.0461227875051846 
1.1657936005085832 1.03313629753002 
3.0234960760439966 2.8885698468167567 
3.5610770715591107 2.9967629448460453 
3.793120411089556 2.992325414110534 
2.7441060790988456 2.989526278655235 
0.09457586559209807 0.07505849702268008 
4.106802323584921 2.9999769600684667 
2.612869909549533 2.967663394610355 
2.6524106285825537 2.8021401335306 
0.6186365607146576 0.46360674641530797 
3.920434479885751 2.9858208872918794 
1.0906736608602101 1.0329526450015774 
1.397404508169898 1.132568566833564 
3.1755248537743754 2.9985618826159572 
2.5290606704777954 2.5003936536735782 
4.0434411123941665 2.9999840460059426 
1.4930370219105171 1.7161162897902198 
1.607826094518694 1.6250460759013279 
