4.999999997862869 3.0 
0.0 1.1102230246251565E-16 
4.999999997862869 3.0 
0.0 1.1102230246251565E-16 
2.974756032181591 2.5858598532102994 
2.5885272397410475 2.755077886367717 
0.3309686656522146 0.23075309162822655 
4.87354284679091 2.996620749762588 
3.8038236396886465 2.990289013620104 
2.2545454444093416 2.085775548323393 
1.1750946179037534 1.460592313267389 
0.35563939037613224 0.35738466836307115 
4.72453025726519 2.9999887325431986 
4.314957028690333 2.9925179240960116 
0.7319213452726892 0.971235238512237 
1.9118887703159855 1.6662617079130795 
1.2002725395701508 1.3125970418154096 
1.8604365626694181 2.137086722801016 
1.7199161840584731 2.352450537139114 
3.9547601710127998 2.95021236261293 
0.8488460561327082 0.7390137169191978 
0.22938122537977268 0.21187313603264724 
1.8604365626694181 2.3216522462511504 
0.68834284731777 0.7260736950354851 
3.7091192421320023 2.9963851998896884 
2.2545454444093416 2.2030099213782055 
0.6633989040198026 0.8549718799257436 
0.6401145285024186 0.39594591893481756 
1.7720128542142606 2.116707294644857 
0.8488460561327082 0.950664712607398 
2.3775585572639693 2.2658588615802424 
2.197429410716858 2.0499649419398285 
3.168318426458151 2.90574895039509 
1.0258121019842505 0.8703938367588413 
2.6223614001358526 2.2658588615802424 
3.329161651602263 2.8463739662375973 
0.021772741728741107 0.25726946327109157 
1.0833939841772584 1.6438582730939664 
1.174971829052439 0.8641232602363373 
1.1657257565832586 1.737631174513479 
2.3326619832391997 2.696460082155122 
2.422018092041511 2.5038060060759335 
4.502916700257703 2.994542833179336 
2.3669097318655106 2.409107902438079 
0.19311989238480853 0.1767775720582529 
1.201395786955511 1.238115009736329 
3.455065668738028 2.9725151732981487 
4.2186724286374275 2.9985841339731643 
0.4974120988626106 0.6334128255596059 
4.659899042912097 2.999550043938695 
2.3771198389877943 2.3728737775774897 
4.191977410301549 2.9914427807327177 
1.245599814811492 0.8703938367588413 
1.949226517052535 1.7000898427877758 
2.608229869777374 2.5038060060759335 
2.5885272397410475 2.603274012851729 
3.9482393412544723 2.9999999222039064 
4.390580525786294 2.999519096368062 
4.102449641706783 2.995283193506638 
2.937735371315259 2.958769934637033 
0.3883532278092507 0.44066632290766783 
0.5379604589363182 0.7765148331691073 
3.333642345137649 2.9928494464993136 
2.335872848632874 2.8933862611580246 
0.68834284731777 0.5174641549651471 
2.4473592534388966 2.8540095498972207 
0.5720196314925894 0.34953228500529737 
1.1860003329315683 1.121040093717958 
1.8274191232291448 1.9924838263303237 
3.0647085401220626 2.921122860150147 
1.8274191232291448 1.899040402001697 
1.5035134098503171 1.8051859742800984 
0.39505685769387355 0.39594591893481756 
0.5757201174087331 0.3787466133197783 
4.039823100629673 2.977201241230687 
1.1683455199933475 1.044797369381579 
1.2337145685487139 1.1290486754040416 
2.630607859389604 2.9725151732981487 
3.6522766501765282 2.990821923382495 
4.558508163636828 2.9999999510482356 
1.794169247390498 1.6643222361617322 
2.8186631155123116 2.867588580018216 
1.3221460825963653 1.6643222361617322 
1.5303933675465258 1.2641649994079216 
0.18894589117096117 0.0071908692041199596 
1.794169247390498 1.6643222361617322 
1.4967928787364515 1.6330709148807703 
0.4876598989252241 0.8452885543914322 
4.9239658735999905 2.9999997608514795 
0.9913329765395007 0.8820345306049138 
3.0257395340848787 2.8463739662375973 
1.318488304267069 1.7271732208044348 
1.0763409564644308 1.12215672744698 
3.607223632024494 2.9748527376387335 
1.459636639387482 1.8051859742800984 
0.03783849275725526 1.1102230246251565E-16 
4.584468559231664 2.999968284499894 
1.529248612186318 1.6662617079130795 
4.432775198211086 2.9999997208814397 
2.8186631155123116 2.840509833011669 
