4.999999997237306 3.0 
1.1102230246251565E-16 1.1102230246251565E-16 
4.999999997237306 3.0 
1.1102230246251565E-16 1.1102230246251565E-16 
3.914183981293943 2.9984849120651824 
0.39466468430833457 0.33732222278489177 
4.2248195791377565 2.9997216993282447 
1.4347425479271516 1.5114021314553 
2.2137520166473976 1.9595443334651486 
3.758515864315855 2.9957408699713417 
2.1503583053703377 2.449640339264553 
2.179900500745597 2.132564244698164 
2.6656521571217335 2.7444278945081333 
1.745569651866774 1.3521683626782788 
1.8580904526197068 2.203655550132498 
0.4202305133307367 0.7310653795939478 
1.237663785471704 1.5964001973407425 
0.3256437314308631 0.22651391931012282 
4.084178656593875 2.9761919311507734 
0.964880322791343 0.9065833950050596 
1.2732198267715553 0.8944922874635055 
3.396327276744038 2.8003985182841933 
2.6798234257686935 2.5617929199900646 
1.067891798144672 1.2103593670545516 
4.740399655746393 2.9900043606392197 
2.168351101166219 2.3102994830477566 
2.722643507511565 2.9998601098540782 
3.396327276744038 2.921731334871083 
3.4641638960169674 2.9775537909018466 
0.4861772735407345 0.5653664023410783 
0.6171217179424145 0.8394920219929476 
0.6171217179424145 0.7313845263197697 
4.077519958551986 2.9761919311507734 
3.0277765941938046 2.8910865364208447 
1.3374201455139008 1.2211633594126088 
2.598582538931844 2.4925455544974002 
4.320313304255775 2.9925350686822108 
0.3979445628438194 0.4936800749782271 
1.8947084379430617 2.0804522268379384 
1.06006772452184 0.9062189232462827 
2.770044892614485 2.7257136619626565 
1.8701671596846907 1.5452132106208256 
0.8936177297576544 0.8700190427909513 
4.847983468244211 3.0 
1.8089246521905127 1.6752741705144207 
0.6494351644824383 0.8821857913146215 
0.8552461461402613 0.7511984836260256 
1.8653723393197856 1.793265937270118 
1.8563162456090274 1.9154708423396607 
2.337340650661304 2.626521882862832 
2.3930384414767243 2.310116314025062 
0.13167390448823268 0.22651391931012282 
1.865036416643438 2.0069230735109636 
2.8367355809815034 2.975400422411056 
1.6581146863389606 1.6752741705144207 
4.641142628039523 2.998222246136243 
1.532562476613223 1.2087713114680274 
3.030870881963767 2.999583827828512 
0.07376459542087299 0.015552309543639842 
0.4146497284638253 0.5483470566267961 
4.91248109173385 2.998222246136243 
1.9799403653187597 1.7546778342058191 
3.702226657034751 2.997247452524394 
1.8038833445559956 1.754320076081048 
0.10222479778490545 0.059747570395471516 
0.5351592007233336 0.7310653795939478 
4.526497684756593 2.995855528962129 
4.479498979258943 2.9999699912257207 
1.089467516942748 1.2720880129237426 
1.1347055988603976 0.8976620217992366 
3.5357681590358743 2.99990647576577 
1.5909391813294547 1.5651909390585956 
2.5346799239386337 2.312953954243559 
1.6038337402445926 1.9910649813848287 
4.5743625664010725 2.9997060926318904 
2.453542924183022 2.442609809334162 
3.6573028360444733 2.9957408699713417 
0.1331873694863166 0.12858913108779624 
2.574202356678213 2.8638887656402123 
1.0397211233638632 1.4264187835865851 
4.386219009291646 2.975202413228609 
1.1843255934634045 0.8946239331010949 
2.1841269918379225 2.199839078791668 
2.925376231372729 2.7188560325311224 
3.580315924932565 2.989534928548809 
3.3794611142120066 2.9964077332463743 
1.438107186109001 1.2720880129237426 
0.1331873694863166 0.12858913108779624 
2.6027456326927076 2.191953939829909 
2.2728074656472446 2.886037476344475 
4.413643473095159 2.975202413228609 
2.790340438282756 2.7909080605994108 
0.11664538665676893 0.2943008361916265 
1.8038206000727202 2.1022096217723067 
3.0912141487807467 2.780177058017334 
2.490242859433992 2.62899987858592 
0.5418786245534951 0.7310653795939478 
1.0397211233638632 1.4233806948884438 
2.790340438282756 2.7909080605994108 
1.4962963150559707 1.790924193717803 
