135.99999874706305 4.000000000000175 
9.631042274475643E-20 49.99999999812087 
135.99999874706305 4.000000000000175 
12.44645481725038 28.195761258690425 
101.48095511554823 4.92843228604589 
0.024596638825431266 48.90581989912098 
63.815948710576485 9.478523072679945 
97.88109122115969 5.213867295899036 
1.159806654560173 42.73882240435928 
0.18143155175325554 47.04788333031337 
10.492290514529198 29.7230887494346 
119.32256602543195 4.19113981320668 
9.362929185789563 30.787115304235414 
121.3456320052619 4.145058160338294 
11.217258858522387 29.1225017618921 
1.8559140844190885 41.696104147451706 
30.399397556287724 18.615245334662674 
35.52416935294826 16.745993829350915 
79.63586975654218 7.048939359444303 
27.91727287873789 19.663156249150617 
19.938988658199513 23.82508577047012 
37.47517529648698 16.08355128087702 
115.10087253050783 4.3142421115109375 
60.72443051994995 10.199941004259474 
0.9198750564035216 43.77560253866159 
40.23283349793923 15.238636486140935 
125.47665100391782 4.07318083466877 
95.62650109260099 5.36900078683255 
126.65233234404559 4.057391988471531 
0.7406839582767331 44.574876597311885 
83.79126983528224 6.38249008211803 
38.6868981871027 15.776927193353208 
63.058161586815885 9.668624012595071 
112.08192500123224 4.417459872720783 
106.51448201549914 4.64279136416062 
23.510535275001104 21.67633789692789 
33.73913199495199 17.37983510456077 
26.720455305782643 20.187652888218906 
25.422278190941775 20.70298116438482 
8.805485099786704 31.407617910586545 
56.75752757652666 11.010275449922677 
93.25305128613053 5.486492597938101 
8.641481690676144 32.14676248871044 
17.57053579052524 24.763666230933957 
6.588047162585036 33.64907497468023 
76.13404436218207 7.357793438527379 
131.87572685859396 4.0111214254999386 
58.52637223129253 10.542124878500298 
5.778330590919267 34.67173793607735 
134.94871394117365 4.000966340107876 
43.91442974862147 14.167028638623712 
49.94816020799908 12.520243007441954 
67.68360930374229 8.775856015463557 
91.94309581748652 5.688180612012461 
86.27365440369243 6.1203666497929685 
32.0002106069427 18.058888925379495 
41.64053133591487 14.858340594995386 
52.261468800822556 11.947711314583575 
51.83096622615969 12.063184021349404 
130.61316765149869 4.018641827130442 
4.433954413881889 36.23363867362335 
45.708841839894205 13.623739866294745 
2.47352713596142 39.641109581192126 
71.71207816718496 8.056610364566321 
21.20621179783891 22.977500942751888 
54.517264630924245 11.612592291722713 
13.59315660483895 27.328493909139276 
0.40970554422293237 45.57888680295126 
3.9417397366525004 37.088025880663494 
75.52564131364747 7.478353200030126 
2.8389233390733573 39.05273220189809 
4.773101084034559 36.043260414418526 
1.9777982613478204 40.83980084555051 
14.26453469291075 26.864116940273775 
42.40000980401353 14.610255433640095 
7.4838633935527294 32.844489740536744 
80.80308813356879 6.800743922568696 
17.03268815064747 25.40512880389678 
48.29559324661203 12.9406143907296 
0.2438415543079476 46.60076086400829 
14.85576615987344 26.49426082846947 
113.82842107970853 4.347974077759827 
0.6123820900632977 45.456220665087784 
6.724077854668402 33.468820316713696 
104.17865123850343 4.759667791856523 
8.040014087892727 32.70381113449026 
59.259974893734196 10.39728984763602 
90.0052805333333 5.759329198114764 
22.61459615678133 22.17194676291517 
70.25379167958663 8.296361285301579 
18.616098535335055 24.14771094901398 
1.9777982613478204 40.83980084555051 
108.76732429192373 4.540151541304747 
109.16231515556767 4.523297135413955 
30.904455467707123 18.50438678469949 
46.02275661975234 13.557174385264089 
22.186230517817325 22.6864462954071 
49.42646546283423 12.645051546463666 
73.52697295112526 7.752653059573651 
18.461336907446057 24.354314644809378 
