2.0627688167120608E-14 49.99999927783787 
135.99999998201983 4.0 
2.0627688167120608E-14 49.99999927783787 
135.99999998201983 4.0 
15.177636598201314 26.43673922532381 
13.614370645815567 27.357597231386293 
32.25113253696691 17.91560036226467 
3.5120444000508506 37.76113979429552 
34.32688042842169 17.163999755035 
51.08986608863033 12.588529029937547 
17.080802763384355 25.234922474462323 
4.487690565812409 36.276606733397514 
0.2519644328011822 46.98081544571119 
10.558647110577501 29.958518218121217 
68.61464557506386 8.598634180609697 
131.9484292410651 4.012047430198785 
83.9406067691825 6.368469071134209 
66.5245552794623 8.986354583387236 
48.32213782748039 13.02907987082222 
114.10517080635294 4.357597267738095 
29.952213203266403 18.93646158814288 
77.79904956836467 7.190617664255505 
102.5252765678452 4.849994456090682 
53.046293369787485 11.847302392252661 
106.0112555273609 4.805675600939532 
71.43133752685787 8.095392137496098 
9.354545565586598 30.714822844148273 
119.63038340974553 4.182771246500076 
28.30606278295855 19.495888187933566 
0.4646013159256991 45.31222793358313 
0.4346010419315038 45.48176200464925 
40.59291293255819 15.28690636218473 
7.028735014710399 33.433564500890874 
11.204278425197181 29.146007728757912 
17.866296752421945 24.581666078402854 
111.51732879261297 4.428979731502589 
98.00089075522311 5.129921213415921 
1.0178431624888313 43.297024752399956 
44.01710390402445 14.100700037122426 
90.78550917522531 5.718547211474713 
61.34479054672061 9.957013371181635 
96.44960904353836 5.248176465527923 
7.464186203724095 32.61343741221564 
92.79906007044525 5.572290713910823 
64.629909498162 9.368807012635635 
0.8084018788360672 43.84567915120094 
122.03446350920001 4.131233590995827 
86.99038380141468 6.067166623828278 
0.13114965783172286 47.62046437893329 
0.02392894170604803 49.10761094166169 
70.64937256050744 8.227781934303799 
39.0885437982264 15.563246548262073 
107.14619411403126 4.612717024515427 
2.12685938397713 40.226100660813145 
38.25330075489795 15.939687623566634 
42.522480434821 14.617376204765144 
27.15002682540154 20.14697979636623 
36.28966405773852 16.488491149336713 
82.14370918727792 6.573881309432824 
135.19835134096445 4.000403268381875 
75.0691312025753 7.548543745573371 
41.775586669059635 14.741400096243687 
74.63090923103633 7.784098755241086 
6.365403341144468 33.97011893425375 
79.195072320891 7.054362297117827 
11.907673283802175 28.601555061154464 
128.93808095404017 4.035210342948906 
88.34667551663225 5.914867339330991 
18.76293935109065 24.08665010397521 
19.264309369405282 23.819915595961845 
8.598165149290105 31.481906809903954 
23.96487356908568 21.4208913188438 
62.95786329496286 9.659973171202953 
59.96103510015263 10.267069196053654 
36.96515082773085 16.26478406010287 
100.69611362625744 4.960088379756572 
116.96335217177555 4.300450566219951 
123.9589371672548 4.1270935991447155 
4.931173465464285 35.59218969135176 
23.061553604604775 21.80935647696219 
126.26344188904028 4.063820752987308 
2.748097253720478 39.04390520865833 
25.841730135906797 20.592805510246965 
47.00057303561695 13.273076300790695 
8.863146774111247 31.165453742066013 
117.18571077284713 4.263078332963912 
53.65994181230606 11.626424726796092 
1.9354714537800555 41.00978599169771 
1.442140100717093 41.90608023203286 
21.045119169573724 22.823339875743294 
1.365718475619597 42.37936251574354 
0.10273459281469904 48.42307176962254 
128.293963166888 4.038617218741712 
3.1713596904154326 38.63674219752235 
5.489773412825462 34.815815977293255 
46.453313520719405 13.420454158992516 
109.3887883528565 4.517114651819032 
45.04556538028146 13.829031034524547 
20.142800198532534 23.33384182755831 
2.584212568372448 39.79963063427273 
