135.99999997695517 4.000000000000284 
2.794915557185548E-16 49.99999989751827 
2.794915557185548E-16 49.99999989751827 
68.33311353858434 8.64583089570299 
16.390069361816835 25.474647291602825 
59.999475043394995 10.384138304281578 
19.63484540770471 24.092049264424 
1.3131007041941771 43.07543700752089 
0.09804873720050913 47.81758820328062 
3.3505566306915084 38.37802824946091 
12.899617363430792 28.01291420828663 
35.30702869499022 16.841431171820034 
62.05546551760065 9.828406908316042 
71.78602160624905 8.035729446406322 
55.695139198925666 11.261308654884884 
0.020895876871994838 49.28245363689804 
124.04589639997042 4.095196698848299 
87.65936850157735 5.977620022457895 
20.335553775450563 23.335980248773836 
107.15289180262776 4.617407828277554 
10.443731587694788 29.759690462222114 
2.3566718002145053 39.94843539816604 
34.14092336192339 17.24679211565229 
127.78697540141312 4.047144042132548 
53.94961733176945 12.002830678639516 
1.4548939078200278 41.848849840112294 
74.66514556777042 7.585405789174423 
65.41130117892315 9.234527866824351 
45.05702464093354 13.813803960405806 
21.89781828514551 22.432423198880336 
99.49033125951786 5.03715393482949 
27.739933533045633 19.712721380994246 
37.45714344054218 16.098235923462326 
11.69194768373759 28.95904653556501 
131.22539430357563 4.0172201462085 
0.7144299268027947 44.219301807246424 
14.073324244308 26.991797232057255 
134.23657039106106 4.002042145187333 
27.134264259521323 20.53971350125729 
39.289254856396425 15.543338463725682 
93.00837685285074 5.500191529990049 
50.97724713850195 12.417033197201647 
118.51625021075344 4.2716882051985055 
110.38134027515994 4.542976703219376 
76.45204129020394 7.314568994510444 
48.23262456776925 12.952239096966633 
91.00561416725898 5.6685223373027585 
65.68867412990926 9.178286504743223 
84.82134317804307 6.288364132258215 
55.695139198925666 11.261308654884884 
49.71031370838455 12.679474360941157 
43.40963423388308 14.704250607931208 
114.3711242233972 4.331772366409767 
0.6431701458903929 44.492897134399556 
89.48222974444128 5.806303901247235 
32.57024446721106 17.802275790613912 
72.72960700515722 7.8800067009389485 
94.76366237632357 5.362339842422369 
52.447511400166 12.041201448381461 
24.98481968732517 21.34618138782905 
77.84430797737404 7.136458579316761 
6.1541823003235985 34.00222662418511 
41.10925481999303 14.940388162749622 
3.380037966397839 37.847890672258465 
79.41073131337629 6.910331392980478 
12.191884363635541 28.672367907257396 
47.29279077984073 13.367271800990196 
96.45663465387263 5.245384054585635 
61.42335900683763 10.139788686630862 
98.034348051255 5.184132171987325 
7.64988724126683 32.414123025964784 
15.054910084660781 26.345310377222148 
111.21555648861619 4.443043725924057 
6.404222164505342 33.72126219216036 
4.9961058039049036 35.45040713778356 
0.4039320442333489 45.79448999152464 
121.7952210880087 4.135950391308778 
129.429538262558 4.03084661966073 
31.620044105806244 18.154870321534283 
113.48808825570796 4.375217129971299 
4.313878481437472 36.40032237148936 
0.22120525519571155 46.82774590605574 
102.26067807570794 4.865079130209554 
120.70596250022044 4.158569523537925 
6.091823538709512 35.00687135956042 
9.861623940895601 30.267230675800974 
0.4579372378775013 45.57613578771297 
7.069793005883447 33.09735600261132 
28.642123827811066 19.331497357141004 
102.37449882908767 4.859762918719487 
43.40875464847099 14.704583801009672 
19.638853453063746 23.708102254643578 
3.853813676085328 37.16906274646976 
104.95525358308983 4.7194020950937485 
0.23514600600114674 46.698711653502656 
82.68748815146388 6.509156406247141 
25.478797312728858 20.678183953250535 
9.196694070997406 30.859122118281164 
38.68825503155999 15.7067690069996 
30.486415061044873 18.627078406145092 
