135.99999998865968 4.000000000033971 
2.2499079937002947E-15 49.999999694741504 
46.13624290507513 13.521558292810912 
42.77330704302145 14.578461072152221 
3.8707012529950298 37.19646706741922 
0.7443540124047798 44.55237486827059 
1.1508708912088157 43.126470256200335 
94.47293255719049 5.385008742135346 
6.223741994356909 34.23230481654039 
70.00764813072003 8.33815402621726 
15.058524892369642 26.41452787510056 
68.26579755115631 8.645404545690063 
1.3943131110632956 42.0573183999825 
109.94800131321469 4.492603063414955 
13.336837010338577 27.52886727298668 
123.73201533000483 4.100318843814856 
65.52985871595084 9.165165826918308 
74.69418872924021 7.5713604334365705 
36.85285899409811 16.328276617014417 
128.01072413316118 4.046444078790277 
61.80300402774466 10.052422308094616 
6.9360784530836135 33.116688487911574 
1.7247657357029549 41.151090322688596 
36.070841463408605 16.962773816019308 
19.405329338474225 23.779428569490577 
35.152455567144486 17.650668722706623 
25.293779054745468 20.953267735195766 
7.404328918594973 32.68852124739563 
30.924949157131643 18.42577710696218 
0.17685500478948318 47.21671035007324 
116.8539502176894 4.254077356835512 
77.19412136495835 7.226621884297732 
9.372294896691766 30.707200734247998 
27.034887588857753 20.083524913271287 
41.37804577889511 14.859331541802895 
59.52601609008809 10.461092341835117 
113.8786809790214 4.351310315717174 
86.78953774070385 6.06413938395994 
50.7584498722686 12.311874169820252 
52.457455889635824 12.031377384344164 
4.6749604022848255 36.20996385999936 
132.01107910995816 4.010423153972031 
22.253040174221525 23.02088158770028 
47.76181478042764 13.086615899684528 
125.89456701490519 4.073149611438938 
84.6429413078836 6.288503140245433 
0.3992732261625401 45.713620284442015 
3.0538863083291483 38.60287716139405 
5.71792737894327 35.16968940674373 
8.687496567978613 31.330385100609064 
33.11131671073101 17.818530751623015 
0.1275472753932575 47.90662618534476 
2.1594012356600936 40.399046929385364 
131.54987250086398 4.020104965581971 
12.909618954781578 27.824878536050683 
64.28648375471786 9.380995064953085 
0.2842060982075394 46.30139636569244 
119.98512479791935 4.17665880868406 
57.63643091688321 10.968907548967199 
97.59520958601206 5.16523951530476 
103.77755050561645 4.804405432662877 
73.0164710589807 7.833682235215374 
97.65670479560566 5.153647326318192 
100.72534283206436 4.9636624858891985 
0.049826550028810326 48.58265940074882 
2.4283351848023313 39.591173385022955 
106.18399654046075 4.735337334115002 
22.64306301309485 22.143403680934494 
2.829380937892225 38.87152491784356 
100.78928794862256 4.952987668204078 
91.24158299815893 5.66192310046752 
8.17577808159301 31.832781148937 
24.31753842743081 21.213132087731204 
83.57475986999157 6.469886313971523 
58.56032946095283 10.566828578496471 
88.44756153565693 5.998712270031039 
119.98512479791935 4.17665880868406 
79.52066594088825 6.895072791492646 
40.21354403348946 15.327334526004863 
5.131228546754771 35.343009659700634 
38.41988456253799 15.790714855771089 
12.095428489420065 28.481403488034193 
16.19128191259737 25.59532271550379 
29.71439348174289 18.886183368268284 
17.712112477859147 24.69768564701922 
73.0164710589807 7.833682235215374 
17.712112477859147 24.69768564701922 
27.847471730376817 19.765941481303813 
108.13560541014661 4.56961385495127 
4.777893349059477 35.97694628570227 
10.220613384461737 30.223244820663282 
81.24158519905953 6.812565233339747 
11.902435417943842 28.58784341404928 
11.339627467905043 29.192841710523123 
28.874332356748894 19.227833735039233 
48.64865408005527 12.855762745736609 
23.28149122347807 21.70206372317061 
21.396430744524345 23.245960488201256 
2.3203747490288076 39.95770936790758 
104.10805408045783 4.783899901077413 
