2.4005229248118856E-14 49.99999922388132 
135.99999815452065 4.0000000000000036 
2.4005229248118856E-14 49.99999922388132 
43.17031966988047 14.397822536623352 
51.94180188330844 12.029266744290805 
49.7116627648694 12.764347264290338 
38.0857416635464 15.91189707764272 
2.0716608972944606 40.357081114752646 
83.67422728219577 6.395340827583915 
54.29810296458989 11.505651528742167 
25.62371790824064 21.26290066371619 
40.31483392273037 15.373713575726244 
22.57872083343655 22.136120294821932 
72.05088615686984 7.991776502831204 
119.62247662539635 4.183336406819455 
59.87243948660259 10.367174245100891 
47.47341473997463 13.211782707123458 
32.689245087540876 17.78794920965297 
87.14641911375872 6.1058382331892975 
23.561071896535225 21.60962122578164 
1.4289215756053086 41.99868264020886 
70.13053518500504 8.321078107601007 
34.42839841477583 17.177478343305687 
44.922521652548284 13.97284502786582 
1.7488463773507181 41.09727797850974 
56.7197535844887 10.955015097102706 
35.71396602543936 16.886758208475833 
102.4196433906638 4.856078853809906 
6.785213348105577 33.34894620335141 
108.76321108696558 4.540466507795137 
26.742274373342035 20.27830111458848 
6.142021493708073 34.11513889298985 
125.36104225111173 4.07741157187714 
135.3271961052529 4.0031376262400995 
81.36114334516762 6.664976619080553 
20.555104376708684 23.092892628453804 
66.93665353326698 8.899972140275958 
131.02326789534874 4.015877525949906 
68.35744178890238 8.63237863497124 
7.5130646287232805 32.7870554384386 
31.63092303629567 18.156122693999386 
106.38183538346149 4.648671755027952 
46.69644670547211 13.718800515631248 
75.71061512588031 7.511456429030488 
18.9161377621787 24.062478297107006 
30.376556924078827 18.63979574048119 
99.96156005202653 5.0025678874702475 
2.8052214591330342 38.92742365908876 
5.801055925708487 34.73886480385782 
78.2527791470759 7.147237290293647 
7.922788938788566 32.07755964434163 
122.62745276453114 4.119928192002487 
61.97568549065094 9.83388562861294 
0.8599225672876015 43.68493700896847 
115.6105220011572 4.290480696628164 
5.100236369350576 35.533822075953196 
4.224204013595415 36.62329780347737 
4.310982737228384 36.494230494805315 
56.37148433482389 11.037683324982023 
16.660259316845924 25.30461563529311 
98.47749883730089 5.098356775416872 
87.99635813469632 5.944962680821906 
15.029455002574394 26.66407043497459 
29.416990902480578 19.005699156368422 
0.09508336617711546 48.41789056065458 
74.31658809573864 7.700569609717849 
0.6195248520834005 44.692206558179734 
8.467404168633683 31.576733590623736 
39.33043971607799 15.505491322443127 
20.98283396473429 22.860243466464595 
11.909444522722548 28.60364330409426 
10.414050655911591 30.076402547439912 
10.969201840106892 29.34152202694122 
12.601769060862686 28.14006609347703 
110.94723908136464 4.450964790410398 
63.281641842587774 9.589897761602504 
90.61442791826245 5.935382245523127 
16.034473317196422 25.777606909863685 
115.6105220011572 4.290480696628164 
80.28825327160801 6.943045246657473 
65.16020349677606 9.222723320183395 
3.499325374491904 37.653816255688454 
121.19540593121926 4.150682359954831 
130.45413772466213 4.019775129002534 
27.027694246423202 20.01016811209312 
112.57151343745252 4.390650789226298 
128.00281977789137 4.046631121246515 
17.73285183640445 24.988516658808948 
5.214643667493514 35.35452010066916 
93.30979917851327 5.585833801042834 
96.60504292963279 5.226895343239351 
1.1577654047335582 42.812165441194225 
91.08162032840266 5.693450969226861 
104.77455960257203 4.822178900374546 
0.4672226039568572 45.387228091687916 
27.931893973635674 19.628897865089392 
127.46635795198718 4.0477276133383215 
10.832918081678775 29.460106948177096 
3.3384648383770372 38.2277595215589 
0.14487021214355925 48.03663001309921 
