135.9999908549583 4.000000004078411 
4.070574590085963E-19 49.99999999659983 
135.9999908549583 4.000000004078411 
41.275559776043956 14.891700432550248 
38.4884339625135 15.78234837992002 
15.154069705357635 26.32236807625904 
8.622031469514946 32.19928497371329 
16.989807280747424 25.119569616348464 
104.46492263013819 4.75819445175064 
43.62994526887121 14.448478053711892 
88.90940589636367 5.858047632889736 
76.16233889827039 7.4884798305895846 
34.66699898726184 17.092471179403987 
11.43802482644803 29.019383087143616 
108.51763346142354 4.559939949497441 
63.72215105528428 9.546920259188592 
61.06598552516732 10.009974972823283 
9.728733512289551 30.478476357816184 
9.597703610576831 30.493200781609055 
55.76659576591524 11.148548491871958 
6.258626905989363 34.037615332928894 
47.03641061751884 13.29106503134216 
121.7965074225466 4.161436720803494 
124.23424214168287 4.0920186870357815 
2.1108179679255485 40.55092128786506 
127.41413667730276 4.075131881652573 
25.101964763646656 20.85987604568021 
133.49227579550515 4.003980495909449 
92.17292863211796 5.684373865582813 
115.22692008948309 4.348450639063573 
25.99585786495915 20.447253756080357 
29.302180048278906 19.06440952014131 
79.49296288817442 6.899325744971692 
1.0781059850343369 43.02473027122539 
68.50918969781023 8.600855943580722 
22.40695989458213 22.135974256505705 
36.968864698564886 16.36717930664132 
21.439771017965704 22.651244863315135 
86.11260854131757 6.133128656862247 
31.58353071225411 18.20331692919433 
93.71463762294282 5.566953345688889 
83.41983119693585 6.5093694305971255 
75.07994725327296 7.781761008166232 
1.6343678752247741 41.377750495380255 
0.009393673445246355 49.318940737622505 
0.24377788444471515 46.64211516759469 
0.5260247295982559 45.442774265473076 
48.88570778796242 12.816917542502246 
4.916860378399515 35.613077653645206 
57.97448331928334 10.654281991270135 
59.65034297844565 10.3026310224791 
118.57554623724258 4.208344902134595 
71.07740744837619 8.30562107076322 
13.13651105170523 27.941217436920184 
27.82924946497579 19.667201923290932 
27.397918924906683 19.837713545724554 
23.572987852048307 21.574152273873903 
12.263988329819107 28.55927493230276 
20.488239071276464 23.12437270204304 
99.97410217975755 5.001771076029606 
3.7727150523409128 37.25573374793757 
95.6330525390197 5.297355981677256 
2.807722505560287 39.01867618182702 
85.18225419516239 6.230864415373034 
117.69570102073466 4.231088154504123 
130.31516129231707 4.021182771430308 
0.670505366738935 44.47303322827013 
6.2068265644007505 35.195432147119995 
110.24766171599512 4.49833102307574 
101.80229724461728 4.908394224027304 
3.216255655517207 38.17363660114037 
45.66638335694291 13.769339797515894 
3.8872257782994293 37.04034792551825 
1.3402444876822353 42.26300077173694 
51.623201904089406 12.307883150395703 
45.66638335694291 13.769339797515894 
72.77305057467416 7.8729445700013345 
0.14232901613062682 47.36827854475506 
112.70607281961703 4.385671811658249 
4.465969093813505 36.32534590033973 
66.84324550899949 8.946077156886851 
32.34688878222212 17.895538496274867 
14.071944144814672 27.00670660601839 
32.34688878222212 17.895538496274867 
81.89253919693556 6.678279885595757 
18.198500738923496 24.681691977346162 
18.85081341682427 24.372934804578975 
129.83336926907242 4.02491684099722 
79.50989114981533 6.896503422745819 
49.71765759374965 12.57793754554038 
2.4393718193718503 39.665976126227264 
19.569287953013664 23.751288362817434 
65.27138455093313 9.265568420309211 
52.73250889578827 11.837337346362027 
23.392935604485736 21.648309249873797 
35.90240851185358 16.750689819819232 
6.7511169903561346 33.33215362485812 
2.981535457662693 38.53765718596006 
58.406212154760894 10.56835310166873 
67.5414902532727 8.773590458906526 
