2.1987577376470155E-15 49.99999976013778 
135.99999691227242 4.000000006490526 
30.771856156668676 18.78485248223882 
28.75208476076721 19.691874640733914 
1.5565423033182826 42.111861481820036 
98.9240469670583 5.080041607502544 
5.917915145501686 34.285731421663954 
87.07540584638005 6.035604683089984 
103.00510869106466 4.8229542621109065 
2.2260367821150524 40.03770690303058 
33.180306122744184 17.858898209350258 
26.398757567440278 20.467868067510047 
72.93656657274781 7.847602382306178 
5.009320366015799 35.42755130783397 
9.757537462591031 30.433950106762357 
10.877887262704201 29.481142856797774 
4.683128017062966 36.10353068255533 
69.68099119213048 8.400162184881502 
0.052564608465697354 48.41307925703248 
128.4395837750171 4.038833648311331 
13.116191732886353 27.78839508637651 
41.164949155005424 14.971676256204303 
23.762115910563367 21.512161835490804 
2.8514699859671024 38.77356650348238 
25.257088661915503 20.830705097286526 
124.48425612547909 4.088395879522993 
59.883696357081575 10.26340350271598 
66.75824392250391 8.925714432022783 
0.7865876561785453 43.93867699645719 
6.97070169129757 33.566922566230986 
34.120723647004354 17.57780721753516 
1.8734092066750314 40.80076173618763 
83.3427745713939 6.502520365766884 
94.19238845880295 5.406129357241149 
17.997364901655935 24.50760283454121 
35.32449618548147 16.80654029341745 
11.494983110058602 28.899886187110884 
12.329639300411515 28.284261891497078 
8.269484288846419 31.85739820118486 
108.64711940173281 4.545167878729226 
88.83982768720598 5.864768566051267 
14.297110609219754 26.903447906199425 
123.06420064445129 4.11301378688453 
62.342816628529484 9.843032170653146 
17.177857720508175 25.009186673588836 
52.370849822468486 11.921167075851681 
3.583431742296891 37.96082425704315 
0.27532943011307986 46.58219155930733 
65.07429944531955 9.251683747445785 
0.14537167911226737 47.52823325933353 
7.637131500459343 32.624397867954855 
1.8282745717555315 41.673725267082546 
21.523595665418203 22.57572022489347 
92.03704727605371 5.704394065151769 
0.5204097722300938 45.029939248368436 
3.9406057344566916 37.171024006520895 
42.834217137631626 14.454885694569537 
15.291088187400451 26.3065233278182 
79.14349231933554 6.975959509705412 
116.10851216628264 4.355499850248699 
117.9482042264058 4.225462614770023 
8.993181456258128 31.070625339883108 
16.412989491769583 25.473870779921253 
37.88043212391358 15.950741272617226 
96.61892220474805 5.261740826143742 
16.07993862460861 25.873696827991218 
39.309432520117824 15.506063784627953 
7.1624591266683195 32.9025873015469 
39.805375222951454 15.432957596654974 
0.4778778416043991 45.87215872986701 
105.50782615605678 4.69712354987792 
51.172214786083416 12.212495349201872 
49.47091036638715 12.6343616314649 
130.3780417072009 4.021175096560424 
20.08069509323273 23.335281742123318 
68.62614154646513 8.59594597492122 
53.79475052201583 11.608450588596885 
19.14743281063379 23.958063213555228 
3.108435680977575 38.398871890213826 
81.28449691647293 6.682854522750747 
120.15810640160032 4.170678424700811 
48.625221479362594 12.867543987973065 
8.948937870431259 31.424651215622752 
64.1508685911891 9.492034277406898 
113.12866388470678 4.371214648562083 
50.64175765749352 12.442971008438585 
20.66541571797129 23.053600432475527 
47.761464974171695 13.089308113803027 
105.06858936053032 4.771019624118166 
131.6110927017056 4.012310742252429 
95.91881073270355 5.280772372200259 
133.529262584771 4.003874087928742 
0.6260106855948799 44.574540118754996 
19.214493028220446 23.84910855675586 
14.558295339737061 26.677687974146735 
57.39309525614438 10.78729428965018 
0.08520462461833936 47.96348230960403 
3.8728186344360847 37.172687922241366 
90.96091341409061 5.750608640987696 
22.770949414524026 21.963193055335633 
