1.2140933431579567E-15 49.99999982578062 
135.99999989763666 4.000000000065221 
6.13535977963709 34.282773532607344 
89.72744875293955 5.785621838360235 
21.664335652579354 22.51184198168044 
64.44180594627171 9.443849377804373 
7.345497300105299 33.16517423029363 
125.07111390965805 4.079056079788615 
95.16377238715302 5.395909339550486 
27.107423198696292 19.961521931389925 
55.51138546077458 11.348434377632756 
17.645213880881574 25.166028464326438 
29.67274161309586 18.904950105843685 
133.18312900559278 4.009311870814685 
107.80914754467267 4.583994984870089 
32.78123521814835 17.78731815838419 
38.98194773781321 15.606959118167659 
15.227171784148062 26.258784210164855 
112.06935930800705 4.412830167732703 
40.89622771523938 15.006149499433391 
72.01028392030886 7.998350091419228 
16.295199333268513 26.03482520944194 
61.627410659777325 9.908683910558807 
101.31181838667932 4.929020952785353 
98.86822051773218 5.085637588760527 
25.783048043065328 20.568736637945467 
13.913891029220808 27.244544854789442 
117.32381327412709 4.241097808963955 
0.037952407427254316 48.82733565491132 
42.04606265248813 14.660807526545252 
29.105991684834187 19.3042444148021 
0.6754358980720251 45.177541795349704 
66.52305418968496 8.958428006295911 
74.85202480614207 7.597552291817829 
12.598870021463629 28.132925295574353 
129.27242103852868 4.034103494524172 
3.595248994809886 37.50724626469418 
5.296376797361737 35.31020409476705 
67.5913435499514 8.76958892069613 
52.65225456198921 11.87669529916468 
80.44549254048309 6.782310586431425 
114.96373561021753 4.310964447128883 
46.05735099834622 13.553618636587764 
69.64936072589235 8.417767005080112 
34.86855444556927 16.965126445680596 
85.92344234159285 6.219065029402122 
1.0913386532579405 42.98049603507499 
37.772449546821235 16.04084426774316 
82.61848044892636 6.517583053211959 
121.2997328907772 4.1460296766959015 
33.97266961612845 17.58275741799445 
128.47036063651626 4.042292572092738 
24.827973732534044 20.98169145275 
44.00332984298197 14.109395013491735 
60.70290119600544 10.088539140132985 
76.6976436136244 7.278982105286099 
0.8571928220347004 43.87272820835881 
13.450313801087463 27.429709763341165 
22.662639950452434 22.02901494044818 
119.91530041046148 4.217410189929931 
19.630266034589713 23.655756042019874 
4.260959581913424 36.52350298119288 
10.435760691045232 29.766745114576906 
8.927867042723836 31.12896194639201 
96.78198037187693 5.231404944859795 
43.69719977570291 14.192645888117308 
1.5626502821987636 41.579747646069336 
0.23080716542972363 46.831754380547885 
1.214093343903164E-15 49.99999982577648 
2.8795167277572213 38.72089393548656 
2.141500319258559 40.25231142168985 
0.11195523648051985 47.836692558033334 
2.711896159824866 39.394557940055485 
19.156450798344896 24.053301177402858 
18.297476075269323 24.3477990218077 
78.93507134392308 6.992746650504064 
9.868356063259244 30.418919135869896 
19.630266034589713 23.655756042019874 
113.15985109567532 4.41050829754369 
49.418095093012255 12.64820225346051 
23.266736780468186 21.722251829698497 
2.431146331808521 39.723265736760034 
37.14938959061234 16.483630196565205 
0.062330869258576525 48.25490515246598 
82.4775397159818 6.54622952639429 
105.4811730307372 4.704320344709221 
0.6850637401604784 44.33240210196415 
50.816712960571174 12.31022043220434 
1.9461547186378736 41.021987501625965 
135.9997478458501 4.000042008880145 
10.829373118607283 29.43951032820644 
59.02148977996188 10.459708733226403 
7.886265299332315 32.30276112258068 
87.48028271402057 6.086689393995362 
103.65033918959286 4.798979971481873 
4.8479646906210405 35.74442167083056 
106.27963677461352 4.690157108541182 
0.4507951450673988 46.0085942431961 
0.4507951450673988 46.0085942431961 
49.15663894533388 12.825706159169776 
