1.5533855982027948E-20 49.999999999358415 
135.99999939136467 4.0 
92.42713730192331 5.547831298364653 
29.20810843011408 19.090533173196302 
33.15569505444322 17.678899525352072 
96.79232653584138 5.213414730530464 
74.17519448741444 7.6746215206717405 
13.244354634996713 27.656585394813956 
87.67539543932179 5.987420550734404 
49.29521833011161 12.709390050689745 
23.355935949663714 21.959217286942035 
103.2939804687081 4.811276760566784 
76.61349644051799 7.299949069790399 
2.2626210860555656 40.170057560962505 
70.89074232584561 8.2051802168962 
41.00359711310273 15.031650706470014 
12.017109229186884 28.96144038602348 
46.45792270889956 13.482860674283792 
132.7238175199749 4.006866001488355 
106.68242247804976 4.634550806273544 
26.012525532844236 20.533429773585482 
1.2518487800168128 42.510250483273126 
124.01612568231292 4.097023671723743 
126.44273708813728 4.0711104106548435 
0.9801852701385618 43.363083888668555 
82.46191676832953 6.54580947396666 
65.21047316318125 9.21078307581599 
0.2441329068715939 46.567524108858805 
84.71677622440599 6.28050883395783 
17.849126308663006 24.9954678171815 
15.978417903144656 25.883567014025978 
14.38929505039457 26.988632510295695 
28.93015732142124 19.257757265572785 
0.6807040028769974 44.72929731693942 
16.684411568148466 25.351162888096177 
61.62833209677663 10.093099536876636 
6.156976399199511 34.075283881777864 
1.5733824657104778 41.747712241036865 
22.04605886283563 22.697654471838355 
38.873100219825126 15.734122034080714 
0.7594492110055402 44.12522411287718 
18.342592013390743 24.30153405107591 
100.68880187103198 4.957538099798701 
26.012525532844236 20.533429773585482 
129.11663032899534 4.03068097444589 
11.163783075435177 29.167595276634962 
52.856983849983536 11.944150989402008 
121.32031019450437 4.145607006350145 
8.221382356415557 31.925609487505678 
39.93838257008986 15.325467097096716 
43.04529286323954 14.387696239475831 
4.09900853895161 37.42933620203519 
2.621840811411242 39.28702951703116 
112.36850605596551 4.397868181524829 
10.403935021669461 30.04792101962353 
118.1465717731261 4.221714679224534 
80.90157800754086 6.726611482455687 
4.284488593098884 36.4482073317284 
50.83214058629227 12.320357327602114 
37.96191640739512 16.13318237217947 
9.090394102731105 30.953187816306503 
45.060014440118906 13.93294099699586 
59.11173994295845 10.426434667600173 
55.74018050335719 11.178156845773715 
130.58928568128465 4.018854458137104 
54.09134840225441 11.518022343720759 
63.56779446156973 9.627986849514812 
2.057964408162545 41.15024145847518 
22.792569476054123 21.96142879983865 
4.5550065804371895 36.26078383412988 
114.48339298926528 4.325422982032952 
120.0217460466487 4.17377421726531 
27.19666515329332 19.971293508620363 
0.15113048609631544 47.28916930053829 
99.60195847881229 5.025342229525222 
78.70460115216326 7.024026366531691 
67.82934065348337 8.721158714874228 
135.99997635606064 4.000003521443948 
27.19666515329332 19.971293508620363 
15.125489787535052 26.42442948891759 
0.14233166400710642 47.67530043776277 
5.788738165412716 34.68749054013041 
5.514357909171341 34.952783953007994 
7.316148594115896 32.74789936595418 
21.00369775410593 22.850712561691147 
0.4292693906612479 45.569611526911885 
0.4147338523221894 45.719130318479415 
35.28818311394953 16.820922571015082 
9.490753452618836 30.59268548983158 
36.413262258424496 16.502174621672662 
0.0781865850344096 48.36773813379506 
57.08068433948421 10.895060277567197 
116.38657375138891 4.282137356126266 
19.013105085925257 23.923261177106262 
6.679103686521308 33.4176420199817 
108.54711565399238 4.549858026121157 
3.665096558179803 37.604811786898516 
44.09791613960685 14.106896516169058 
46.12080468606475 13.518810642077565 
0.018100218945528365 49.11149764798532 
