135.99999996735144 4.0000000000000195 
135.99999996735144 4.0000000000000195 
4.1129137343772998E-19 49.99999999679247 
20.5454676013291 23.096282912923662 
71.54037983259063 8.088376097031395 
103.0382757393225 4.87417316270956 
108.2176798809864 4.5639929052709975 
7.8083570395678255 32.19546717707462 
47.5802874605681 13.149981481611523 
39.821131183911135 15.425014136337555 
31.52678426904675 18.20726032470509 
67.80060472666321 8.751607928130214 
64.35215830914372 9.38036219718052 
115.54751564225114 4.292225858075899 
1.3201765168449369 42.36131417763547 
9.194788963203568 30.86028905485927 
119.73856364809077 4.183480302282491 
35.33104435622216 16.991901057553243 
95.95912541857426 5.277508553012319 
132.28189115682991 4.008804667131299 
1.7580287455582813 41.097635247940744 
13.743440393561151 27.392757464207676 
45.02204637636761 13.904596133420219 
59.2284205726462 10.395372684198808 
21.658645527471542 22.550811634625177 
29.235407344912076 19.080349889618425 
15.40322486052335 26.120084965496034 
0.07496846592204091 48.17885053400629 
83.80821377100963 6.549457649149709 
75.4451179187825 7.4586482159278855 
0.00851617848290859 49.34991457051342 
88.34621526551673 5.917048216914437 
37.441629612918504 16.131907077604918 
66.66659424104124 8.933406200291849 
81.31426240146965 6.681891935518362 
16.567614387018946 25.418648531575386 
22.862355066683413 21.917652003306095 
12.389733393991806 28.207995670188048 
53.967272019710734 11.851532285693075 
110.29313067342744 4.498052582771509 
10.95995779426036 29.36784325295626 
79.63530626807525 6.924362245356532 
5.368342246035681 35.07336442491243 
18.20655883022031 24.380441108125996 
17.24514288440022 24.993296227081785 
36.93440879908296 16.2770185325233 
100.80837081606545 4.9728493390076505 
4.805969632415864 35.865165163351904 
62.20476210606172 9.929747771012792 
43.669825928427 14.25790409992904 
2.521345174642109 39.471897083464064 
5.811483075884077 34.59466649192535 
125.90977509411424 4.067061183289428 
32.85985635902706 17.755286213776344 
18.20655883022031 24.380441108125996 
1.0234732794008685 43.2623483035558 
57.93392783477091 10.846231582288421 
23.704848054800344 21.500306267144147 
41.46276079857489 14.85281412175873 
91.07228636146797 5.669262185328242 
41.839177795615946 14.75041949289091 
3.390736655650075 37.94568070161573 
62.240766494503205 9.921297343099555 
135.99999996735113 4.000000000000071 
55.89110599546278 11.16802257905608 
86.45706894441919 6.191481886255363 
98.97316780048428 5.088578766042856 
85.46781214574725 6.2004013056620995 
52.6476640164127 12.103636127059737 
11.547441292690788 28.85872355092844 
6.259572471850419 33.903455244558806 
49.34601265369395 12.717975726620049 
0.6834034902121358 44.33560349015704 
2.471675595033653 40.44491457049112 
90.47912097924097 5.714794949561021 
77.48095604906692 7.167449293768934 
51.596633264545005 12.30080359417936 
113.15219328196946 4.378834451162008 
121.63498022234049 4.1424565008070475 
55.657188341058145 11.462638882816822 
124.26083341520189 4.09497743342642 
112.53368565345505 4.391941356498644 
33.908280003046734 17.41503004007833 
73.5972537292376 7.770523951578086 
26.822766323318525 20.08415991609691 
14.813419905497724 26.766370963791125 
3.212078469135594 38.34071554034922 
14.614714016638679 26.87873438578074 
0.33121977961113813 46.01768146057942 
0.17198101935737736 47.44528527252204 
27.932024629777874 19.618459877570615 
50.69071419502234 12.574957035189492 
77.83881145090265 7.118266808434147 
6.543849232852228 33.60165536009239 
10.231664931057825 30.044879274340524 
7.227024832679307 32.92402813441312 
24.536068737445593 21.12118250161319 
73.61709850248641 7.7417083101663415 
0.2556600555557026 46.53505458584676 
122.83516304626608 4.116405557725655 
