4.809524021861643E-22 49.99999999988266 
135.99999996906283 4.0000000000000675 
18.518536687871844 24.205326074737506 
15.469055460735772 26.07186094249679 
14.024814690003234 27.025938299575024 
20.130029035685325 23.437021686182945 
72.52726630490808 7.92548673260954 
98.93689236917488 5.069512300706549 
1.910325676976276 40.972712592922264 
35.82914807423853 16.845007924859036 
75.52727506707258 7.450686595612325 
109.5155439229869 4.508290214194747 
12.14228733768125 28.482033371702993 
0.9515394850611043 43.36290073776823 
5.7517649246556966 34.50416229135398 
106.72336929932673 4.634931150212821 
5.19760203528874 35.30231570430904 
70.41394754772212 8.307063826692811 
33.287873610605274 17.53075567834668 
84.26997215292343 6.329952423848061 
1.2240643609939073 42.599682785772984 
0.2642404599865062 47.341720888286744 
97.30946201445649 5.348753500424699 
56.210721793043696 11.09361795793795 
54.3956686423721 11.447428798548897 
90.1463138503668 5.760817770744646 
0.6812770307691811 44.70738298151804 
86.82984790971072 6.0739825202605 
21.643737526889208 22.567883474989443 
125.49239031352442 4.0728972205872385 
3.158694899732952 38.25824860395366 
38.10967874547622 16.027908413883406 
6.5689187475817565 33.52616502909285 
11.315397519621268 29.043028426596067 
103.36561716470348 4.824027504946112 
24.728036978091495 21.088383185591567 
48.23872705480535 12.995510609237055 
40.91755157773137 15.10829698516687 
44.0513530419398 14.33149198264687 
81.75060282673617 6.622811360777371 
118.44846450144884 4.211579156923829 
9.043568173429168 31.138332179289574 
9.565828037074183 30.52183375160724 
79.09237251020754 6.952670974770507 
77.30442917882885 7.238360145663728 
14.747035900924871 26.538032434179435 
52.40553717811973 11.913935197970964 
3.6229005564262398 37.562250337690784 
30.070248297341042 18.940425478128564 
10.577926525600894 29.66855317166369 
50.45124877525639 12.499950914621131 
68.51876238042107 8.598935810955421 
129.2140752381029 4.029802975222012 
64.9462888637199 9.580960525244475 
57.68923105928917 10.758655969243803 
23.650708391883498 21.52901505185175 
127.18666464451212 4.050814167906874 
112.78402016024629 4.4072300318586235 
42.198485055577706 14.709863662286468 
28.413268468373435 19.56838067979528 
62.514858856505356 9.73624860423736 
6.497707805952 33.604468199990954 
50.517819660292815 12.378504215950441 
2.9004556579824397 38.97943564082635 
4.586232265658454 36.20620158912331 
115.84404457696276 4.283312754385324 
0.31722204567690965 46.13314731142428 
131.02926424089907 4.015847766036709 
0.03336718052375863 48.72638628197401 
21.995492332356342 22.360607057142676 
2.6024430376915624 39.31469614001371 
92.61995785659991 5.61964657447478 
10.130380360044605 30.032752004368817 
7.673946290696465 32.38644000768265 
29.15365904875184 19.121339774173933 
32.66016369150965 17.77375195223169 
94.453014653048 5.385973058843254 
122.46037427498487 4.123604394663584 
82.34994722349725 6.547747681506511 
52.940765966712206 11.78940216216797 
8.420568694153868 31.613242689083336 
0.3625350901691289 45.94969672346052 
2.0724205625600867 40.34709343797164 
27.808247702889688 19.936845212311574 
65.21095022909816 9.201621843425384 
115.09379130266899 4.3061512543916685 
132.7483734737101 4.00672150089728 
44.90974843585596 14.118789752888958 
3.882314760711462 37.09571704579834 
104.08682357903777 4.774806453464279 
0.5177673696238014 45.073646984248164 
31.10674614825765 18.376240938868868 
31.60464093831921 18.149093445403125 
26.161704704740053 20.84491432070334 
67.06488103643039 8.869669643662137 
45.93542121535539 13.912578709412104 
36.832040155507215 16.352673189794746 
39.29660502794254 15.558761402885647 
78.56983961502995 7.020126210118535 
112.93736475559459 4.381575964244499 
