135.99999998827315 4.000000000000007 
7.866065634921817E-16 49.9999998537635 
135.99999998827315 4.000000000000007 
6.1614430383000105 34.094472710035674 
0.765328723118759 44.02619239548275 
4.768565625338454 35.75180031804205 
3.322758747497344 38.204314594521534 
97.65875008822104 5.153165344367871 
120.46409805933084 4.1638793358031 
104.61409715694685 4.76914606820117 
65.88737320444054 9.108270074088455 
129.73293758146193 4.025365660188248 
82.754632793428 6.534032868433981 
25.549198838759303 21.117053334940273 
26.980864177628973 20.094130468765513 
54.76989860959589 11.374487866521527 
69.95094926257187 8.372800431391264 
88.44831109279312 5.919165008627122 
12.474384808629313 28.144638049951887 
32.6881626846638 17.745219485607226 
107.59627487144165 4.610078870632996 
0.33934570884184 45.97181980312123 
7.01354507958729 33.04187207611747 
41.830276336239905 14.724543505238069 
38.5815965466369 15.7319028464653 
117.76212977590407 4.22947928678482 
2.315794669110928 39.862116990311975 
94.48842564481424 5.406069133484435 
124.64878681696828 4.085454355053085 
13.573198546331694 27.342241059219788 
63.221057202794846 9.582239562067528 
16.893256812846076 25.233761712282565 
59.492097252046165 10.344420146287701 
90.89421992781823 5.808027409476088 
31.23076095711008 18.31619794145195 
44.15332612643039 14.257787720474905 
1.469989528975161 41.841526296459065 
49.599699141638936 12.621873832119764 
1.0614910013927652 42.98506398305891 
19.45384989120616 23.805336724847308 
17.822433701040836 24.735259093867548 
2.315794669110928 39.862116990311975 
4.765612424533435 36.63228478846287 
52.44835042846231 11.997035677495175 
109.74008842989325 4.499006810275796 
124.64878661898942 4.085454388049562 
0.12848045054237947 48.12333898443737 
72.39653469488684 7.937953771575842 
18.582415557059562 24.24227295823955 
57.04457068802003 10.94033331833897 
0.22559967270486403 46.76900061405048 
50.67806045029696 12.37060292192766 
80.80929705088872 6.733259489434314 
10.906220637058956 29.5458865906705 
3.736684975954028 37.654732459686315 
78.28824639349668 7.057556634639456 
101.0734539293758 4.964480418016292 
65.33978610919398 9.242328169919446 
3.9029700985581925 37.00620148111573 
0.010581665528555264 49.48272246315206 
8.079698165067091 31.921317670801695 
101.2806881535013 4.9297293764117045 
16.090663029868082 25.886925237991058 
41.12474217584341 15.560563475065496 
1.7572393018658845 41.07007063481038 
20.80549127201149 23.175167641402496 
0.15749875198681507 47.38041355583904 
9.000324109435635 31.153269723573676 
1.2062514188412812 42.541157912873715 
61.88657066574466 9.848099824546575 
22.914935005660666 21.882318980235798 
85.79701150731218 6.166342922669735 
112.60546176541601 4.391541372538842 
48.03526408004622 13.112911552425283 
85.79701150731218 6.166342922669735 
69.99742058370391 8.34354145623147 
37.32763476751393 16.142600067009674 
24.152522712959797 21.386304900918113 
29.819414638787478 18.84422066086828 
7.441852092343781 32.57665756575784 
79.58503223142623 6.888674958438472 
35.91144576706368 16.630404048986392 
76.74116005776273 7.3165234972834785 
56.2724487852209 11.134027568757585 
21.805592252235805 22.44643655642532 
45.18328083716154 13.77179447515513 
34.88275057519947 17.049858872460668 
92.41780657852763 5.550125217201571 
72.95165869072736 7.859236912916507 
20.515788884542783 23.309706235836785 
111.5748482932312 4.432387915409871 
41.12866937502129 15.10634721231267 
34.275030384178514 17.293859016256572 
74.71005746902907 7.613129252515081 
14.451110978462307 27.034075140820292 
14.710099143050748 26.6665230633007 
115.01268098671397 4.322164693151826 
134.6109962539533 4.00143836809682 
11.147918086088332 29.280421407317444 
115.37769830246182 4.297371926820683 
