135.9999992391103 4.000000000002627 
6.830194101792441E-21 49.99999999942159 
4.891012313083673 35.789763581926685 
30.28496250752756 19.080571086526565 
22.791039212417047 22.026696452475655 
122.48109337053862 4.122947397882718 
10.665977317628371 29.679636329935377 
48.328695650632426 12.951853604771129 
5.607753775302399 34.750790121697975 
125.85175918314027 4.067862965292777 
32.339116899948785 18.242585369170648 
58.827472428551744 10.657969054304663 
35.21402056482607 16.89973434069538 
115.3812065692496 4.308271426299246 
50.87162030601561 12.45233450938798 
41.422809799686775 14.876440728261066 
28.11924145253493 19.549348501425904 
83.75269704582576 6.410686570794107 
25.29113455931521 21.003975414815706 
96.50788170811113 5.240572525382697 
0.02283204238488379 48.93904170087923 
85.13462844032591 6.235939884153586 
102.64334166076776 4.851266982490909 
12.045833519837979 28.46988687644679 
17.59412571006635 24.743369314506097 
99.0993296397152 5.0958128849943485 
56.35123714630827 11.007218296731505 
0.41452183600021975 45.61113185238195 
8.573761431746227 31.56499380777425 
118.33645492799543 4.218474992828887 
6.4214156282277415 33.916164645700746 
3.3682284751672187 37.88333057840302 
25.799733662295058 20.536651038972735 
2.4584329773577274 39.65562831955228 
89.70332917435327 5.7845842707564294 
109.1222415695404 4.541697390586513 
0.8374896010671706 43.849738086018235 
37.700971291567754 16.211487526170814 
21.715955802115936 22.51865492713948 
1.0538148921966466 43.14985380733933 
60.80279722452158 10.319916209399286 
16.695057596449118 25.44829704739883 
0.18070481750922981 47.08219117443113 
1.657396015822707 41.4725285738823 
6.738362034452457 33.51017212337156 
3.841124045973993 37.10861375646181 
100.71294240694083 5.022832552284935 
91.52788852565513 5.6289569292642145 
94.43405768155176 5.39422385426199 
78.1704216534319 7.073242481544462 
129.04611846077324 4.031407122279508 
108.09514134992615 4.5867252506838545 
7.804943130219686 32.390235227730045 
73.9779579145323 7.73636912493105 
80.83555187336913 6.733750144530267 
46.57213323179325 13.41282977020829 
39.1528934820286 15.755369183190275 
71.55761633912752 8.0740156963309 
1.3703319079859169 42.48006135867059 
69.96843692876146 8.497578228555744 
40.89933795430737 15.42787445160475 
54.07701373977123 11.696992896808474 
80.83555187336913 6.733750144530267 
1.934784715398726 40.666603359177216 
13.887484682836238 27.300379076901535 
93.19920247361777 5.539406814379728 
8.927173581178767 31.140367545872003 
2.057449975979644 40.383651606855786 
7.804943130219686 32.390235227730045 
112.1889615537003 4.404104100878335 
112.18870205774753 4.404147350490287 
87.79642095355595 5.964267238331518 
43.52223025102591 14.316284706555114 
19.63224049606142 23.69000926339607 
9.462248808990752 30.660146227325782 
68.6719630778778 8.57126801356343 
132.90246244182245 4.006399292904858 
3.841124045973993 37.10861375646181 
14.595950402296584 26.667935125074997 
0.16176746756019228 47.969364379672044 
105.14801678966288 4.718117272508255 
20.722021208679184 23.0051241901023 
0.6221181059770873 44.59719974323204 
1.4013798477921782 41.98320515917462 
117.98355516183287 4.22756623700727 
66.31784288832075 9.005662756683915 
64.64552507193451 9.333797442199268 
0.002106993585528459 49.77101674912672 
61.85122214256485 10.149697908146933 
134.8201594136798 4.000875185439298 
52.106636718353975 12.11101248068551 
62.940364861944325 9.65276703003902 
67.51536420296163 8.820509811338928 
76.2854558700401 7.397968280053409 
131.45618940236437 4.013490533430154 
43.52223025102591 14.316284706555114 
55.43834447969185 11.428233009487926 
0.3016367047444052 46.3909412474915 
15.612251441783656 26.08507236204744 
16.244065223816925 25.80707731495776 
