135.99999950848226 4.000000000287713 
9.092871439123975E-17 49.99999995039481 
135.99999950848226 4.000000000287713 
9.092871439123975E-17 49.99999995039481 
5.829874938750926 34.649423581126015 
7.316664000092212 32.714885158730226 
119.54727333029547 4.1849794938277896 
103.77056756239 4.781406491828286 
100.62073976727464 4.962105934152 
3.5241828657497862 37.66520858867746 
33.690939548587046 17.39031582461319 
114.85403036771143 4.315537861537999 
23.528464544234218 21.71411017160687 
121.97421531435694 4.134471812178838 
73.23773040767904 7.799356445144879 
67.23780388265295 8.863620881966888 
97.49534518180722 5.164439826748357 
60.2530538718336 10.185337108881125 
31.41424752453853 18.23283739004605 
70.74828350538449 8.224970963482054 
91.18611666449266 5.652921414477804 
128.74922672885498 4.0341105047196155 
4.19993028626142 36.55875731261413 
43.77531818452831 14.162146025658162 
45.2796362837937 13.760392023977902 
81.48371331621432 6.676427714425323 
36.303926994387496 16.4772094578247 
2.9311267806689614 38.63371744136451 
27.022866911149073 20.13250348492918 
38.37366697789203 15.854171375458048 
0.6320952480519666 45.21095118647401 
42.18945495706174 14.68255148325175 
69.2545458607638 8.469167013327196 
5.153639869648765 35.34447031366679 
78.90297399892117 6.976227320999703 
0.10357339926739428 48.416752232637776 
47.018684845305984 13.324408932725905 
50.463534832309605 12.402143395747604 
88.30369852549697 5.915340076546447 
85.13128127799887 6.24161744525396 
131.74695622094887 4.01184501772374 
18.818713649145074 24.04748092218412 
52.53514400183798 11.882696717152491 
107.11635982888606 4.613939221119509 
16.735250248750535 25.26260719467627 
25.286683237341116 20.85624295750081 
48.167514418913484 13.000648806676047 
62.74377585827095 9.78232117200028 
10.804020701188083 29.45892337928314 
4.844945474150904 36.139861102240616 
107.980393908371 4.600877622896328 
133.59518654543558 4.003658579987514 
2.242688576926548 40.246691342300366 
93.02745917168076 5.49860169420079 
15.782968507553115 25.924491246060523 
126.00574162483133 4.066033716419006 
0.15534759739986445 47.25351764807705 
7.968076565478995 32.033305124716435 
49.81887120010329 12.699412694183282 
12.55774626527031 28.098733843648173 
0.6891105196472898 44.37093607254199 
25.442196827316096 20.77740176427663 
1.6946127109430664 41.31022582542962 
55.9134794742738 11.10424091593146 
63.35325014726253 9.688145162836905 
0.9348227707654833 43.3977709364103 
1.4259154449632603 42.05940927254379 
28.03084312830596 19.761875007452094 
21.106927809755806 23.04138066016437 
111.14143413214788 4.46118419457624 
10.332089373801557 30.006901679622306 
30.79942319398215 18.461555748291996 
34.87465866654075 16.961200447509185 
77.78822741617876 7.182141611677567 
0.31773331037459845 46.09363356754541 
95.41712236774576 5.315864377403147 
9.175102812463916 30.976998498129213 
53.25115329087792 11.713425181938392 
28.52218591790249 19.370699615175617 
11.659913391476053 28.860889556383132 
75.1531797290622 7.5339533592804235 
22.334689045711652 22.18320562047535 
65.16738627059817 9.215104349704276 
65.03673589898432 9.27043897438321 
76.40440358258974 7.320441219705322 
0.7842930017761487 43.950060411098846 
0.031248923300046114 49.02363202543253 
17.381411880319124 24.880818827103507 
126.00574162483133 4.066033716419006 
39.843814501387854 15.371619727146346 
39.22634898550167 15.589375794455322 
8.41871089062769 31.589774470245594 
19.945049483783293 23.41098596247903 
35.42971712268893 16.77209420181113 
2.6888030599980275 39.29040941402735 
12.922102574377147 27.85435461712509 
13.685995951839184 27.265983820405268 
14.93918559462465 26.42095754387826 
87.3209765775587 6.075153462110041 
58.690818837409836 10.515982821354854 
