3.477538711243716E-21 49.99999999968894 
135.99999998610053 4.000000000123471 
1.9640516005364974 40.81137250449569 
95.44679292921418 5.3135299763041575 
51.333752364061425 12.211061326204575 
1.302919620092294 42.42350561342995 
88.28896381640382 5.918321097081577 
10.668199778697408 29.589787767459455 
127.72425597876625 4.044702604311634 
55.507307541498704 11.40316668292918 
41.25930052902417 15.092067208059202 
112.51163755619447 4.401932409807375 
37.44140917711304 16.11097265133204 
49.18314321829041 12.713317260143214 
14.320650168381807 26.84614945813025 
39.76225935096542 15.377987808309431 
98.7895479506624 5.077908151002377 
12.080456357887325 28.443238557668977 
43.651492332714895 14.200778471774738 
31.753673050988212 18.099348062281045 
2.683789669856009 39.27734357938413 
3.4420647840361047 37.8278366086616 
71.24952632365586 8.12662513417386 
25.726018568466603 20.566843463967935 
34.34786770581924 17.571182386073207 
85.93318665134188 6.154041704665471 
79.5751621241296 6.905422742601342 
0.6646038121692845 44.599527599301595 
8.554929399019493 31.467676908772063 
114.93395089854806 4.311097456605975 
108.43929423413684 4.561939768759961 
60.479095612662604 10.129974737471269 
130.46839819967948 4.019672097636581 
12.87466546306938 27.86684253866693 
66.53639281633343 9.002726110157543 
123.1336739251313 4.110708600758615 
65.00956538549227 9.308050944090887 
17.15673560581726 25.306739880361086 
104.52226471545754 4.741549934890869 
28.10521920966147 19.541056446865102 
0.4781878778547223 45.36792247580952 
73.7246178838624 7.725771804179483 
108.05758226851185 4.671701053544231 
62.641187834670134 9.7317646625478 
9.83194411598568 30.383508285025936 
47.260891652178444 13.204106627848663 
68.83390905580531 8.550187762166026 
120.88295045412713 4.1813539871254894 
6.113946510596225 34.36579158362548 
24.357317245369458 21.31685622749507 
0.8572506799209882 43.67075503097681 
0.06888747012419442 48.70490071158471 
55.733483888658256 11.14630924211413 
96.7609097174344 5.257506042163216 
19.22626604742132 23.840413103539355 
7.950825380282538E-21 49.99999999953075 
57.694218984858324 10.772068296021068 
4.054813925588146 36.77535999462779 
16.33665514499977 25.564621083782463 
59.07380430324716 10.546607306167907 
77.41749579450996 7.177312240095976 
132.76348205134371 4.0066550440532795 
117.75620390663502 4.2295442205226275 
20.85985572055022 22.94531362350991 
81.54488671536465 6.716742782063701 
102.25567805350298 4.866788045541467 
0.1997884957486822 46.9093249523561 
23.139326369003506 22.14540097848063 
5.1821086117756785 35.25579127274193 
17.968566808537226 24.521164605929552 
4.770325572437314 36.1523783313979 
7.942379003419683 32.0820681180817 
5.274282669222459 35.082176993482136 
34.514147433504206 17.163499853480232 
27.426481302554535 20.149645204981915 
62.17114987069981 9.833101118531632 
9.382219140798576 30.745935516254896 
18.14204228089575 24.418539989255592 
134.23891117174236 4.001955861639415 
45.289100435434676 13.75923286901935 
31.010356580309264 18.462810309403125 
3.0751087867278213 39.2454607619475 
23.347190003993894 21.672376305036117 
36.45590586514346 17.11452583126847 
117.30270494558926 4.242640426529332 
84.01322644743567 6.359699789914496 
88.24447317316134 5.922559455507668 
69.97452721722743 8.345380082981478 
44.44784173459913 13.969792651857755 
0.8566564658684812 43.67240692106911 
0.33848846699528345 46.00233436271507 
0.11957940844945472 47.799303916445695 
3.1713839929967103 38.375237171141194 
29.00707424485364 19.168273955326125 
22.111901749478303 22.49843339619617 
15.216784740983092 26.28866955727859 
0.069086552869537 48.634402163836725 
7.378425768237592 32.64602853995176 
46.2954711104079 13.497374333698442 
103.78809654793244 4.780281569742146 
