5.827408832421356E-17 49.99999995992524 
135.9999985130572 4.000000000006452 
37.15477143598221 16.223064728247238 
30.3002642937698 18.79981316089617 
35.21668008206796 16.856193708768764 
39.54967746980014 15.478418944678221 
57.99998453391298 10.684611907506785 
97.78691740898401 5.147200796051025 
16.045059277755986 25.98967453473265 
32.448475378138454 18.23106186015388 
21.44768016335412 22.61824757262353 
1.902939117878963 40.748510135025015 
1.0960706462313328 43.370843710909 
6.9172446415367865 33.350985189746275 
76.0137761235825 7.3778832566320744 
26.53168336382389 20.227151444295195 
128.39828243482307 4.037589568569275 
17.116697824713903 25.066626262338183 
101.8623063703314 4.887789620128139 
47.611615436241 13.145393650063237 
7.624582157299456 32.39946663268041 
79.85928330896786 6.8517059142297665 
0.1326792577967705 47.466340790947754 
19.601645253794075 23.609071987124544 
0.4924045555348577 45.19403414632329 
119.10684357756956 4.1952473679299525 
89.92878733825741 5.76409319450668 
5.040817840092528 35.45802576870631 
123.04864274134937 4.127229290500838 
14.911868664642864 26.677762081984547 
14.071234872053362 27.01814855897021 
25.533062786366294 20.731243778019515 
3.481852537476173 38.681518747738515 
55.10332459533253 11.288661380882075 
1.4865255947143061 41.957577525110196 
63.691296996667674 9.555186545579984 
4.28505778377432 36.62986013623362 
73.14672184542886 7.855018696892955 
28.259038925587824 19.486784537744498 
0.3615662005664467 46.19051110890566 
2.8187069748807465 39.253202922665906 
125.67158985942945 4.076277148300824 
43.49465352465037 14.278302343452207 
46.064139074821284 13.568181417950878 
8.937907292953124 31.188819389635615 
3.920705334486917 37.423198169497596 
18.325179509908374 24.31582665010973 
0.6866081704704801 44.485830537116115 
75.46408699423165 7.458128985856732 
3.7665629783907857 37.91764798000965 
94.12843872341921 5.411775198714862 
52.70264866342852 11.902397852249077 
134.87135497746092 4.000800674540632 
53.05323431333633 11.767264451591402 
72.33748423644059 7.946099035679029 
1.5271994418901274 41.869885163578374 
87.63887888413436 5.9817450355033515 
13.136817718149633 27.747686392516133 
28.13842675773973 19.595662166925454 
33.43104890053231 17.530385511265738 
12.387728156786633 28.228412514001384 
11.317482179142747 29.05176165369419 
86.7388847102329 6.326569994598506 
70.4055905312915 8.27816306392545 
0.8155368443121196 43.85561146671297 
131.71853527606396 4.011728177153528 
68.47560928978885 8.623608723640473 
111.00200068544086 4.464656177559464 
104.96968645977523 4.722580813003954 
10.796699180929501 29.511884557683437 
24.40407816510556 21.17155423929586 
108.38983699992772 4.557286088414835 
41.02489134985787 14.97625810539751 
117.63315713885825 4.286693327211894 
9.447698003763264 30.858768778019453 
107.89257752836428 4.62544013406554 
54.98067614608993 11.317061368755244 
18.046584290989458 24.746780706459894 
131.22713289655997 4.018366142214756 
65.59692062133121 9.192640306064893 
82.05183100686011 6.618566052236665 
19.368465803358518 23.7335462812072 
10.273827028517093 30.02984278150191 
61.66117741916025 9.904763924005554 
0.056982713944260126 48.39309375596275 
9.926077301259461 30.34796827434524 
2.4199724188559104 39.95285604628465 
105.33856477277658 4.700095586517465 
50.67210992058344 12.336205747785218 
83.9332265116107 6.3684038139080466 
61.66117741916025 9.904763924005554 
59.65967542485142 10.348353823329042 
64.80152627028151 9.366474769463714 
33.43104890053231 17.530385511265738 
8.277361293394348 31.93164613126438 
0.0049092838819224365 49.52914431436295 
114.77522085513408 4.3183080263058145 
59.65967542485142 10.348353823329042 
69.8137102930555 8.372359543184192 
66.82667888107764 8.904599646932413 
