7.007133107898199E-20 49.99999999813576 
135.99999042414063 4.000000000238438 
7.007133107898199E-20 49.99999999813576 
3.104939610352569 38.91843717348786 
93.78574480967984 5.457784499369637 
88.04137249733844 5.968883870158286 
3.8489683844018465 37.102867139107346 
68.38115614116396 8.635186752294707 
76.03585577336284 7.448013439659974 
33.72607535923834 17.37516625962204 
12.05029556240829 28.467521700154975 
50.920855047630496 12.28733374593053 
126.5254833271248 4.059022440018725 
13.566963288656758 27.38640098718855 
82.50025611857572 6.587268957769275 
78.37826616952998 7.1222136689679685 
15.25243669014855 26.215019939483074 
71.0704738596477 8.156302315212663 
96.0700892522835 5.2875754927308005 
36.635223428922274 16.384413797841162 
34.923686693925916 16.954153827492995 
1.5596210204000394 41.88807789938373 
115.91375358505195 4.288871731225226 
123.79894681029903 4.111572956516354 
6.39290145101946 33.738028363628246 
9.828160778047103 30.304186519176547 
31.33323286743459 18.25715466373688 
45.32271188328342 13.750406884856108 
7.072286555541127 32.977724655190684 
65.45145964261161 9.182436064067993 
72.84633730612416 7.862364243423928 
105.61135329290721 4.7215219825072605 
60.59729126295076 10.163592777457911 
103.74860981147043 4.816552631226995 
37.93556866595209 15.990201263569478 
98.92837883417695 5.182268114957562 
108.14597365235814 4.567206036755243 
134.2824586000773 4.00349430830791 
28.98759952781652 19.176621472915862 
58.290672370465884 10.678582089374576 
25.902929427908205 20.779381922769034 
5.70014320060549 34.64972323252279 
1.1280416460686007 42.92379135449903 
39.30949099800101 15.516981417492698 
130.62289295093782 4.0315814715539595 
22.649564098166852 22.016694079613792 
113.22434385503485 4.381693892883156 
2.2702345898955922 39.981296348071 
56.01541240033761 11.104846650451684 
16.78322835428854 25.33412119929499 
53.72749859516048 11.614741785004759 
53.72749859516048 11.614741785004759 
121.11473644523079 4.150487766329392 
49.59867110554535 12.620059560381138 
84.74359881218686 6.279698504468053 
4.942815287288587 35.5150353318931 
41.65219738525539 14.77756491448267 
0.03204780380359147 48.784045851460235 
101.16396584176822 4.934890744559616 
27.28554506511673 19.90524057288051 
48.48566658984964 12.8949971824186 
109.96778934418535 4.503314926347437 
41.65219738525539 14.77756491448267 
8.756093009804955 31.967889280564982 
27.117704333512638 20.021046602326358 
20.437960332772818 23.243134206073478 
131.05617528212608 4.017257995997865 
0.7164602448415143 44.29337251685345 
111.74147316994473 4.423999530871163 
1.7936467441207102 41.181173250385584 
14.614180761359632 26.625083637591928 
9.178839187035546 30.94940195320753 
46.55280869291258 13.392593055934068 
30.379347310014904 18.706630421005073 
2.064523403908938 40.837463486353926 
21.86886266758694 22.55277259906036 
61.46866500448492 10.026758161996721 
0.014311415975185935 49.357674262704556 
8.927999574357793 31.213363870476346 
47.290549172918645 13.206523923752286 
43.58593850595561 14.22999777584818 
43.58593850595561 14.22999777584818 
0.4944572868451139 45.15478873271739 
5.445771074516074 35.02656943206442 
14.034632235242974 27.018734040011008 
0.40125873802406226 46.20518836084017 
64.58889397908663 9.344773821288532 
24.67577488958212 21.434074202289658 
25.072353947823288 20.939696951345248 
8.756093009804955 31.967889280564982 
85.85708949576333 6.162050032465013 
0.10177080504593092 47.85698170223655 
0.21297356126888925 46.88728373645634 
100.35085477972854 5.041034977476258 
80.56888036166924 6.932732743562823 
6.90553400143252 33.15565159219271 
18.344068857505334 24.312614027778807 
4.746261585635834 36.19773103763644 
63.06222242444291 9.700067001245184 
4.746261585635834 36.19773103763644 
