135.9999874027059 4.000000000000528 
4.516052677694775E-15 49.999999663920434 
49.14333616770983 12.771962784079856 
41.30840270944023 14.881420576021775 
103.8950925740694 4.775066210384688 
2.1603415828057533 40.15335169989599 
0.3165840801208446 46.77664979129212 
51.93852669937662 12.028866568630598 
5.702718313170497 34.86402197333642 
89.71450414340464 5.789540001768358 
35.71698777555794 16.77680679397583 
38.38260560030429 15.791535129125986 
106.046517931383 4.676180996311546 
54.53691043627002 11.428547945926317 
88.09332034251995 5.988439046420849 
116.85469276839761 4.259820914597709 
114.16291846928942 4.4622905366856305 
120.59596086553105 4.175009467041438 
33.105421415068115 17.59793827504984 
0.13321764957680737 47.64380097756509 
38.709119420899086 15.689981906332559 
24.912650253742804 20.9544533426729 
2.9450362286385587 39.04842263680274 
4.607294124092228 35.97589108010433 
12.378256413473672 28.36443794141239 
6.146783105672277 34.34709448641662 
59.08150882054357 10.483868232979912 
97.50001000045887 5.220413160487728 
15.672782252183282 26.053760490984907 
95.65976112467445 5.2962368591325175 
123.82295322126461 4.09881184195723 
35.36526824175584 16.891065891758252 
109.82762477200136 4.496341134539129 
56.49333914084306 11.067464870707031 
23.854119957506764 21.55573087210247 
0.4185642332071878 45.53645898090626 
82.60061423567754 6.521970784694474 
7.963661666882663 32.04430752358347 
72.7610977293331 8.01956411011027 
100.05552398272596 5.000406548464729 
63.30214811748523 9.566955107095417 
67.47596693617227 8.811063182487125 
17.717710957644172 24.682457130821398 
21.27666664405779 22.79011727747343 
3.4506380063986697 37.7940993704422 
6.69050834017963 33.42722295053781 
52.784786878324766 11.845216420811635 
92.96849127108835 5.511120856414072 
22.750369503412017 22.164198544945535 
13.560981777780198 27.445342241321192 
14.832391901902856 26.47727215272838 
74.6979845315845 7.594865957924366 
45.880362282048765 13.621937094405759 
26.27080567623444 20.483623449421927 
85.11681643123902 6.23751839716785 
7.300257640280584 32.7743101674494 
68.52422395427925 8.611469865064844 
14.151043352199265 26.99372308195239 
3.9726997532976798 37.3111227358028 
128.98195999089123 4.032479105949637 
18.833436230633165 24.27794466094019 
61.10187036765752 10.006819017361527 
131.34886435223453 4.013901372287826 
12.799780416887186 27.99640113958776 
10.603596547841821 29.64779541507334 
81.4421733701422 6.749274102755865 
135.0259859964833 4.0009976718325575 
47.05959793863285 13.275608051577208 
109.3458631942878 4.562155111372845 
11.399089374041065 29.33464164048062 
65.61281575091343 9.12884636413052 
8.883287620384934 31.157171478064797 
30.80319265221216 18.462912886053733 
61.41699336445046 9.944212927647992 
26.822065942879327 20.159261087665428 
127.1150196282718 4.065651593849509 
31.982690515496593 18.01996533382011 
0.5996128770829419 45.29108754895339 
122.28114878731782 4.13980217658258 
29.14225775935831 19.161476578511675 
84.72480740138099 6.284935149972295 
20.4584416982018 23.162217144114166 
9.479854912998196 30.600049312082408 
0.06138295360266376 48.59311409548481 
93.18735048123699 5.485796467126065 
115.07331321855372 4.308076122559108 
27.929563898171068 19.647290823935087 
1.826080876521381 40.91104378886406 
19.562187904164155 23.84066981355159 
100.00202501324222 5.0093428324568325 
71.51896817811797 8.081336057921245 
0.005985081385328761 49.61467973154705 
16.935459897578234 25.134537254871116 
44.76052128528969 14.016626972879196 
30.36333091848346 18.666705898362345 
43.3632417003506 14.39168410801718 
77.64037146954965 7.352674885991829 
22.988689889705697 21.894222968279923 
3.4230266243195446 38.61324224615004 
10.208913791081486 30.245724637458224 
