6.977098447835888E-24 49.999999999981476 
135.99982473890924 4.000000031764696 
6.977098447835888E-24 49.999999999981476 
126.33995816257527 4.1450779596657785 
117.49887411081534 4.236355107966859 
113.15674466885042 4.370718084602877 
32.83419548152433 17.8947773566175 
107.25740392566514 4.60735713545061 
35.728285435953744 16.669974421863927 
5.377469235696891 35.086020384073954 
129.77202263651571 4.025027975323819 
135.19458128355805 4.000407110407818 
53.909781226889734 11.669028948273706 
17.346473628162816 25.019906779496964 
93.59146419663101 5.480244597641311 
22.879497092707435 22.090788894625263 
77.91539025607244 7.14667717599546 
67.83193454171395 8.744854658742526 
0.5579236914218016 44.888125818078436 
11.630234869146932 28.79717157697913 
70.0619601412942 8.331948324005413 
74.99910345469632 7.525564452548787 
79.05698724790567 6.958918154500715 
101.93739574659745 4.9529459756898655 
24.229843897290753 21.320865645589542 
71.67125336492374 8.194150678678193 
15.233262508819085 26.846960300904172 
4.874688972061911 35.67135240108191 
95.97942731245334 5.302913219306074 
0.9974435074714074 43.340163740484 
52.01457322748068 12.011222628132622 
12.788508663793387 28.188511148469424 
2.591743597148058 39.27709492353691 
18.726485022262956 24.087677118906953 
0.8244388611361764 44.16745760027546 
91.03570189190684 5.665925906634678 
28.98994847685346 19.17523684361708 
7.41669448725945 33.04858851914107 
29.99517887867331 18.81525671782166 
6.2974948609279355 33.830019698828735 
99.27450060906756 5.045996929279174 
10.236069681212637 29.991221666722417 
82.06558485272609 6.714735608799806 
115.93507040842019 4.3056310638613615 
63.060814152921694 9.613268168424813 
4.052531558072969 36.895298412999665 
2.141592548309703 40.44025574542832 
4.2933405786377365 36.470310017947796 
13.36534433335282 27.674995028257488 
9.447351640168346 30.922826580597455 
39.21427212039676 15.5528500746066 
13.932812149949621 27.08952799033467 
56.00081045389295 11.257334338484437 
0.20425830243098175 46.855498142532156 
0.10600771559527569 48.0542244000287 
57.81584089465834 10.705571345982765 
8.315120489361002 31.76602799054732 
1.6195823655119046 41.673074507399825 
97.84423593015761 5.195002850050765 
25.663554281485773 20.61787208135752 
16.05573399549366 26.056545222579707 
65.41404685454114 9.199752122696438 
0.06578905337688495 48.245014186637086 
3.4662813409253537 37.728544699395826 
73.53452006518395 7.752481334565262 
41.56229598230501 14.80425419026495 
0.008576324128543165 49.35758611875504 
87.96238357171802 6.028612260512746 
45.436146603163195 13.695556763748339 
128.63989726363474 4.054484767650157 
0.38798453714858316 45.90307599449969 
28.030425176895413 19.82787358203971 
10.888855247427996 29.40367585186295 
83.18395547345935 6.516938974280594 
85.25951967448054 6.223021406941031 
16.78779767248189 25.47651393768284 
24.87916355222319 20.99163465016484 
46.72434184699645 13.34709270738988 
20.371810794567338 23.254709317261845 
50.74652127564673 12.317535108804275 
40.55237302548859 15.159984355399812 
31.35081167200795 18.330195489058994 
26.562720722659343 20.19840783545469 
43.06141605111205 14.37693167361841 
103.92491057139819 4.785709457323055 
7.838214461587331 32.210925199860384 
6.2974948609279355 33.830019698828735 
50.12453497798611 12.537531952855245 
19.479515830714572 23.901379875781387 
37.26680365433555 16.153366531489517 
1.7755027045723808 41.26639658972704 
59.47305366769335 10.337493148296003 
60.871539270234166 10.052691692641464 
1.2646611129172458 42.469666821146596 
20.65593216774204 23.11843011063274 
105.83895076014812 4.6778380693746495 
21.49568496882266 22.597607235091928 
7.536494341544497 32.59634304173798 
21.786177527224833 22.500684948069487 
3.008615694385184 38.48717443122315 
