135.99999998629337 4.000000000003082 
2.9080586159437747E-24 49.999999999991466 
2.9080586159437747E-24 49.999999999991466 
59.0065053380621 10.453715565888121 
56.73984148697541 11.01767215986882 
39.72957552986564 15.462992433357453 
62.14919386323572 9.941078624420836 
106.98996827038212 4.679738412739545 
77.15562806048221 7.26519756153499 
1.468908216948284 41.89157184834767 
13.470345547203696 27.470655654309596 
0.03034168234377997 48.77616855935443 
11.834616589555772 28.658203005267715 
49.049721646194556 12.76821879178189 
50.799576555922755 12.303507016171551 
91.53576658644688 5.652604666673194 
10.285711857027339 29.986215087376998 
112.83430591259614 4.387760152320339 
133.64742146179813 4.003500438930145 
37.03981953180019 16.22868302500376 
72.36292012631941 7.940136313638629 
63.1657929485365 9.63650395764764 
5.384817436926582 34.96587704571442 
7.32642847065252 33.45458424996958 
88.26691452860453 5.9236834992658665 
35.49376205771778 16.757288619140123 
31.18977531294346 18.931473435348178 
0.20221029109118266 46.88116739511909 
82.91785628078776 6.551427813321373 
108.5947176306907 4.609046723581539 
102.77121598471695 4.838281277475352 
111.39363913546995 4.497982277676377 
2.9958578788174135 39.598572607279024 
97.30964724803678 5.177849765734653 
45.42196880047031 13.845931192927624 
79.76169469744008 6.871372835357919 
27.61593348502359 19.74535952743924 
7.62555106489896 32.49938161221237 
43.56687881851518 14.265353627523709 
14.252915026330493 26.882190780262505 
29.26669773808374 19.161912626077257 
0.34330329210077376 45.99632119723374 
12.383167099915514 28.323445991102325 
116.57747669598558 4.262356255999119 
84.1373699986878 6.343797192322185 
33.62159555361005 17.49061979626005 
19.63473893455479 23.6127992816891 
1.2889912026186197 43.197412214953935 
54.26609070212161 11.485264793243957 
26.3821780612276 20.407322506889656 
75.58737417440159 7.625532070780025 
23.128554469296034 21.781801146269796 
7.917157146481333 32.100435585758675 
16.397268488798016 25.658462322653797 
22.11814010806055 22.29491230544351 
2.3610140690150914 40.487551628074755 
4.132025052389135 36.692764646856816 
14.921322077492832 26.41655645465287 
80.45985345713008 6.79003222242696 
6.130748985561998 34.391929747969606 
17.4327258019431 24.9262001110172 
34.05513344724617 17.29085944213886 
41.28653972510976 15.116084704024296 
23.950723586073927 21.469648949318746 
32.10955158059647 18.127605099331696 
86.17847608283277 6.156113894017526 
6.25159752542706 33.88492013880892 
3.123603851934985 38.36127912896349 
93.06646001332169 5.526890846931631 
21.590839506899215 22.682165737187688 
99.52713132875954 5.03542570999528 
48.4298267708496 13.54572099568307 
118.75513237514721 4.203971680239494 
0.6918302583474296 44.39519621354452 
65.5476338128854 9.229068875281987 
121.93812966510056 4.1331220641913315 
17.751740901112942 24.749196115529514 
3.6110648752067362 37.46584919960955 
52.67540242337553 11.960667959511841 
130.25761188107288 4.021383825956053 
120.50302953262874 4.167219465650783 
28.26490131645803 19.473911919991124 
19.63473893455479 23.6127992816891 
0.5053316935405144 45.308745439005605 
4.486124557193351 36.148684428179195 
8.661773740789778 31.42364161586479 
128.60222228368798 4.035989175648584 
31.880548095117 18.260727002816683 
0.1277523171387687 47.67040751498596 
2.499368326975497 39.80533007714123 
1.0946260371595558 43.23674556375637 
95.5473209818957 5.3373220457529165 
5.0194377068916 35.86993768403643 
3.155937298180465 38.314022567918414 
69.34429284590371 8.454592330093572 
36.63736885838471 16.378846617951428 
94.72297901859213 5.398419231197551 
1.7050622645160893 41.19300477060871 
70.70934065679685 8.217645835838102 
46.732332667529626 13.722915980038689 
