2.6645463779249362E-22 49.99999999989525 
135.99999301055877 4.0000002923912605 
2.6645463779249362E-22 49.99999999989525 
94.96718359896376 5.354955136630631 
25.640408391213377 20.897438398422388 
106.97580210534412 4.658246628089407 
27.858175869315712 19.763764275953175 
12.446724093194987 28.256961713857294 
33.400480998291 17.628016953587842 
3.095291878713088 38.66053793767817 
0.5755990180407173 44.78013412170176 
93.44474137743819 5.512057764760093 
18.612221033208293 24.147354511236962 
124.03001755938382 4.09560195351475 
100.7719363509155 4.986017004818254 
11.346481404478826 29.066176551898124 
115.63227765600149 4.290204628080178 
15.166045916702153 26.294268141424222 
31.308242736623335 18.365739240433644 
6.609725912240227 33.47476249609143 
57.03282671963271 10.918582737643618 
70.08503896728801 8.330062759508117 
103.53501377369037 4.794874425562346 
112.62575885763567 4.395270860512611 
7.309267196827962 32.93448138206019 
5.992526252223994 34.43062894129574 
0.3015656560205552 46.22946389740294 
36.728143146200395 16.345555028047855 
42.73324607635743 14.465309535343739 
1.5304424624903352 41.80401887462642 
0.15073235255074272 47.43743535103974 
89.8167473934937 5.774262812074401 
129.7164249679837 4.026844597597763 
73.20940572946563 7.815574947267125 
10.647377855895183 29.704150408023814 
20.85397059335399 22.92932304647874 
37.85472729166993 16.0573879070439 
45.011375660070954 13.850221781989394 
14.121964030859873 27.362071827435507 
1.019446348628837 43.52197621355646 
2.003223211023312 40.53002117174205 
24.185074109409378 21.32231143089114 
54.227907275119165 11.490620872276434 
52.22831935594455 11.980440578538076 
59.03634750026519 10.446249757399219 
121.03820648191373 4.158829209011311 
50.737794099268854 12.338942496626789 
74.80088122064524 7.594304244670844 
8.51276109719385 31.565513555752233 
118.19781981463413 4.224150630008556 
22.085210903770527 22.59034797576482 
7.98002447801183 32.04396437284281 
13.920264582940183 27.476325185819434 
1.814552508430681 41.03192352210665 
133.39738855640277 4.011009597980776 
35.066894344743396 16.949233556708126 
0.034905229521804006 48.90579134063507 
0.7312072294673924 44.203816053589975 
9.929767428030384 30.255561835227965 
76.52841317363561 7.301309425214176 
77.6492170065885 7.185794925226825 
3.552023691235507 37.57273407986875 
60.59179605630722 10.162868125875868 
110.54092806211679 4.466902980829835 
131.82453616342917 4.012515061237105 
0.25948733963042847 46.50879598056673 
46.66370431634187 13.42402785220616 
34.62123114227091 17.05135947002258 
2.4173427811063513 39.61393859035489 
39.195743697514715 15.558057867261319 
79.55240901652706 6.968677670929105 
83.30133265882067 6.461556342426635 
4.724564178912395 36.1039771461968 
28.863095496294864 19.297807247378195 
41.33758313053714 15.0382473434083 
57.69168356293158 10.724108908880968 
17.51740344519309 24.859120114222666 
39.57876846842335 15.422709876902172 
65.3117246317729 9.183616214622663 
101.95888717751444 4.882669938679284 
48.25431679828695 13.086063738280679 
20.85397059335399 22.92932304647874 
87.1970237628284 6.044714780047872 
1.301269567419303 42.63326590153328 
62.51033632537738 9.721682340643756 
22.85577082302821 22.121923257329478 
9.430354784663086 30.6675588715503 
2.4052558761029363 39.648411992888484 
80.1410313896354 6.815912259754649 
119.75371251680886 4.187155296112976 
126.88111269934979 4.055175566403349 
126.88111269934979 4.055175566403349 
69.38394346813229 8.453752202773268 
66.55020021917193 9.025288625518336 
1.2356914467855706 42.781549409837325 
41.18291312869368 15.093551397348357 
81.71351196300034 6.653370446655423 
5.203705641855464 35.71609023644063 
49.39960502401399 12.651782809305303 
18.091017446784488 24.44824564027187 
