135.9999999982251 4.000000000000158 
4.9185548438011556E-24 49.999999999988916 
4.9185548438011556E-24 49.999999999988916 
135.9999999982251 4.000000000000158 
67.78008663489949 8.757506859663255 
44.39195502212087 14.074953296147026 
86.13174075688886 6.13107510662355 
1.2999462030977165 42.43410835461327 
64.8136028241212 9.32267134617998 
133.05618648305398 4.014016200011199 
47.336001240788505 13.201746922685647 
23.515333151257938 21.59022719075516 
6.069465160327898 34.2295254049198 
52.79586795998149 12.065757292674355 
17.30383017876609 24.95854759816946 
37.14062241682727 16.2283267593495 
32.43766624389938 17.87268885282394 
75.94912583424325 7.385242254895372 
82.10169295381888 6.594408925466842 
39.25850125214777 15.533760034801098 
128.35655465645465 4.046165603248325 
34.590560710834175 17.164529180268126 
61.77238414722879 9.868038711303981 
26.389042989274508 20.316293150937376 
58.95404929123852 10.480206985863703 
105.66284606610081 4.683585700324274 
102.90878577209469 4.837968097873667 
98.39177285966144 5.103852396744687 
101.07633399733231 4.948523621112297 
70.11479969961209 8.321570902665743 
56.37676754021881 11.135279625630856 
90.11123936333381 5.747655988488661 
123.19572548121019 4.109814817161449 
50.355147231090896 12.41418234360024 
88.09846677329642 5.935667404253161 
121.85229007074776 4.13947115748162 
15.90534462199873 25.894345856958495 
0.6028913175278392 44.660833475269115 
30.401961701246744 18.73821250353974 
1.722111232841995 41.219473715967425 
78.03376065498483 7.144864220587047 
12.157000574835955 28.395729746468007 
118.42787619259147 4.212267956554178 
63.24373751020191 9.583758294002891 
59.64532515279538 10.31345206742893 
31.655508309416817 18.342160771512916 
0.4137023005384712 45.708490508510295 
14.207455119063113 27.069744209886515 
43.64980625247691 14.696683896091493 
7.05274477858659 33.11084891528259 
18.702532983284307 24.655124576232975 
92.21621635355133 5.565493159566586 
10.027124678357119 30.50244749354658 
7.949753675842876 32.49760431888678 
2.1731341455701165 40.12358367296849 
73.53771698002723 7.750715124602824 
110.97150185443522 4.4500018174666955 
115.94762192079236 4.305690784290994 
1.2149658691044452 43.49265528723245 
129.21105524747662 4.036137508019554 
3.690872776395649 37.57016650370204 
93.42170176876225 5.467054788482145 
0.03972217644550799 48.60141837872834 
10.385444854611466 29.838631414493943 
13.178694349659303 27.66849672902689 
24.675719444187227 21.215341969930492 
107.93770732883965 4.576499295121077 
4.139716762939329 36.91383347578157 
36.086819457296095 16.636584836348185 
28.971619590876514 19.655990234868483 
71.19299343375556 8.13551002579656 
21.713633073015473 22.500494210088576 
7.9831085867562965 32.040218810281324 
113.69854657920138 4.351268182452008 
5.450486528313731 34.85433849944593 
0.5186030935434844 45.21133656194624 
11.213660677111356 29.13016295399029 
20.960685682123348 22.909711108584744 
0.871986597237161 43.65789718976133 
81.52537342880943 6.697654377166263 
9.450047602287322 30.92209240759036 
0.12027643529080174 47.829403709088396 
54.3544663490444 11.484943564798272 
8.469291382810745 31.541962712617018 
35.525317859635535 16.87066873052386 
55.71713653819316 11.158407192473113 
21.713633073015473 22.500494210088576 
49.39577972671155 12.658719568257448 
72.42661613272504 7.930939179686847 
41.47135890078193 14.831902779624354 
7.05274477858659 33.11084891528259 
27.624001317531516 19.82740647489497 
2.001535547484182 40.61320312023347 
2.950024313206278 38.62013939825582 
79.7060142000265 6.871431470022451 
10.833070868679844 29.491566571009024 
117.40811259644957 4.243229996458141 
0.012973146043309642 49.21055943612164 
2.7878480471396534 38.98748121643841 
4.255061213795546 36.55944829414487 
