1.0697040170539596E-19 49.999999998346105 
135.99999999594615 4.000000000000005 
135.99999999594615 4.000000000000005 
3.5411742690435526 37.59223138129237 
2.181182694430983 40.15228577295214 
96.26890067429304 5.294207085505857 
61.24887547892731 10.0027110319256 
0.811063941479292 44.60331865786068 
27.73002277600723 19.697149007178645 
22.075344510536958 22.311760690200636 
36.93299869604547 16.26108275634023 
23.826048158645744 21.448558309165495 
40.96719401782802 15.07770377903708 
107.1278246971842 4.613299361305191 
84.21174455435218 6.344280824465535 
26.28679362727555 20.476838843610643 
4.433242198630467 36.388246321042324 
55.306354067357525 11.31162581965602 
29.38477775800001 19.19082003449062 
0.4719301875296323 45.5514891969585 
122.30567417883678 4.125994924779625 
6.7682698999410675 33.297973778321726 
118.10884953310372 4.22024560866846 
42.39933965039232 14.563168954574245 
14.266130040302325 26.860671305066322 
100.67793977029936 4.959915033151268 
87.46698891111576 6.15569686032377 
9.06959951154202 30.977041472890015 
129.202357958884 4.029905332853081 
90.44777600634666 5.720554048390758 
43.897315333628974 14.191733456063961 
20.531193996516603 23.194948945609227 
35.75389424332556 16.830231765081233 
64.17785778930337 9.397875211485847 
32.56251188564323 17.95408816007885 
9.7854801036423 30.361737191256214 
110.29555423662626 4.4819809220391855 
1.689032513508434 41.27284304365354 
12.716784932706823 27.993508249877255 
104.67445692411442 4.7335963070368825 
13.365166807323249 27.515451420433706 
18.288461221490444 24.33644220483061 
1.4061376834272723 41.98549385120474 
0.3000587598343336 46.37649648767789 
16.781294733916873 25.26807888500874 
102.84764854391715 4.8317065081823625 
5.909787774931068 34.30990003382179 
119.71502183134123 4.1807987189546365 
4.08670503191708 36.88099553305268 
5.2093208301222855 35.29256506945873 
30.45400626038511 18.671359724567196 
82.30927946583299 6.55239422220744 
88.8191123880653 6.034533089081383 
17.370338290770235 24.88255787880943 
8.340163140997706 31.734355004044943 
92.94380196749005 5.506448960994316 
21.59559601958146 22.870410028250454 
45.286537248491754 13.740578437957016 
114.50657687624584 4.32961077333263 
34.27179081131851 17.179957722630913 
125.17212263621913 4.0835245393110595 
38.789934121409644 15.681752016505637 
56.86071977611832 11.26515001069794 
15.17721051776816 26.25169500881512 
6.439786413132725 34.04647215135443 
2.0539990766476697 40.47305506647122 
48.1808578677967 12.963237575358475 
7.542396179397957 32.488507082441565 
0.19872283727121215 47.0274250227106 
10.751002077691677 29.502665278341343 
1.0036763960572475 43.39264191209713 
11.80648345868452 28.66601983280372 
5.309049077496968 35.19056452404327 
39.06146410610557 15.587472355102129 
11.594712284624599 28.83543615020084 
10.646130658095654 29.74522482653537 
67.95187595566114 8.723991378433709 
51.056684108237775 12.29360390889868 
134.804159871679 4.001011268009456 
132.6136993311522 4.00923704736774 
69.60529564134157 8.429973838097961 
15.906559191742135 25.924236259551655 
74.55767042194728 7.630522747295869 
59.79975784175953 10.297349050144593 
19.404190515221863 23.92169579783866 
25.229376616395044 20.83410116343316 
24.69604782442866 21.040085679999503 
126.1063059982176 4.064446389547807 
92.79268446472702 5.531712286589659 
71.30310867061729 8.119802933573117 
0.013915828245368562 49.1704158184905 
52.8250301212161 11.858720534924066 
59.290543569487774 10.44458698921628 
31.362023371344733 18.373457705850583 
78.0060792434904 7.128524890582862 
79.95726328631353 6.9032090204277035 
112.56554068024906 4.390516412902437 
0.16642142884511177 47.5655862211089 
65.89741098453109 9.082568623218101 
81.05078432193645 6.7336254062804155 
