135.99999954677324 4.000000000004823 
5.1186827647099847E-14 49.99999873684071 
135.99999954677324 4.000000000004823 
5.1186827647099847E-14 49.99999873684071 
0.7013396629081705 45.044402813850866 
0.10202416398757405 47.76784616999113 
36.79908896784078 16.368219905870106 
127.58207988560534 4.0478385154611045 
34.192878832420256 17.53298192090979 
42.413597250171435 14.699274575486697 
39.975328388599976 15.290066846685333 
28.084153043314117 19.68325366470745 
20.146703968102514 23.37740427802428 
113.8197265200701 4.365905423366287 
124.6524174875666 4.085420499791453 
59.74183151236634 10.399188755130151 
25.983197617689285 20.71971616054032 
5.1539099737306 35.26848257773953 
1.749981816430914 41.214396313360446 
118.20830495173286 4.230051019961875 
11.477626892146853 28.954019495013064 
9.177634671697863 30.873171307725727 
87.07981570230137 6.035165307297541 
108.46186747183546 4.553207544870094 
24.55928365741555 21.44544601959602 
67.15402625981461 8.879063124926716 
29.988041090892846 18.83086051178529 
57.432633010939064 10.780644632051217 
132.08727344977447 4.009760292577673 
50.07092789187625 12.556517938691021 
7.304255430434598 32.765174629839336 
5.758931584695906 34.51428079658223 
26.938101542307322 20.138877755470244 
69.20269684773115 8.484768122995106 
21.828672140409374 22.535781384869757 
1.3626136937451947 42.19929509202043 
65.52822303136493 9.455368623446285 
0.9187408844466598 44.3320375760581 
79.62475857929257 6.883592105936684 
81.49819302209377 6.685418034773246 
101.95650093090522 4.884466524054918 
56.33693073517126 11.050900066860274 
10.516868042016306 29.705714237730795 
2.562318014053157 39.43515814328635 
31.693596494883863 18.14192946606775 
83.24069100730871 6.499176701973612 
0.9420908244371877 43.5083914810399 
12.504279150810524 28.38375521671905 
6.599369577089707 33.48482481326772 
54.600855494939665 11.425978338583135 
61.65763937825894 10.044014115513832 
19.25819147723518 23.98683895355981 
95.0323650143194 5.370388474155659 
46.11613099239101 13.586015709218785 
121.26343247917771 4.154031220238712 
52.3179533064295 12.492314295321895 
103.98020270765079 4.773794345473357 
97.4899263915704 5.164727441877114 
12.952052895774894 27.960519584160167 
38.528300910889186 15.827519265883868 
111.8028279927562 4.418383054444705 
52.83134234352533 11.869151063892676 
70.68205504530616 8.225023663498872 
6.253553016110391 33.89129700450347 
48.427714734052174 12.9490150980184 
99.9669008261721 5.022453442016521 
17.35485036173647 24.881608523387182 
0.02757433391036394 48.83500098928863 
4.520992621084318 36.17464197784699 
44.01050183360755 14.100112978894192 
13.56748716054708 27.40297173761261 
16.582087477120353 25.356061072716734 
73.04774306397934 7.836244495050815 
48.05872752597776 13.18494663832929 
62.452256797571984 9.85811386512467 
7.872250539340162 32.14347952583944 
0.010103796543254676 49.46160566498081 
16.05234419509128 25.68265393797214 
3.8214184286602415 37.1329506006477 
77.4317350389527 7.183788782829945 
14.386505950133934 26.817792177631517 
38.082135913072655 15.9895069834029 
3.3876805096467475 38.14158868226809 
89.323802818317 5.894428517084841 
22.83701641127274 22.00912315531517 
93.64957709918218 5.504266172616365 
10.034560277748275 30.11002152318128 
43.84387315085739 14.149039169168393 
75.60373608817235 7.435184353486429 
46.347582393144954 13.483458244905805 
4.438478761820947 36.30961252290681 
78.18968924169724 7.174136268689896 
53.762339026548986 11.654675691635354 
15.10786669426178 26.30406667551601 
3.580600194630839 37.63529147084896 
2.980249530224029 38.575427889221515 
18.034451619670453 24.559633584718846 
84.8200948284972 6.269596789436485 
18.870155859083074 24.39225150043861 
2.0563980910485435 40.39305202798209 
