8.106787625033025E-13 49.99999543351677 
135.99999996672778 4.00000000000011 
135.99999996672778 4.00000000000011 
45.96118782171095 13.57221466886074 
56.83469352658542 10.900877655059215 
0.024787677248068178 49.06674687639578 
16.891126172873907 25.57788236791904 
54.033954324917445 11.533340162331344 
83.64620837306512 6.398581517651433 
96.54191606359726 5.318401874714305 
43.759180617503446 14.563844827490737 
7.866461814966332 32.142753746693735 
59.77239396075172 10.432922873615276 
104.47293535052609 4.744329238027998 
27.459875217358636 19.849893405913157 
49.93299148201311 12.74754852089421 
14.312245563685362 26.862129057077 
49.348294483232316 13.31768845842699 
15.53584188843827 26.248686855609478 
73.76265692695983 7.715000314193842 
82.139242049991 6.773735871890203 
87.18726951036675 6.024368127879523 
6.968348105466427 33.083285813614104 
61.11740775548709 10.027737370611426 
65.84179801427847 9.124293762704784 
79.09612051252881 6.975416398531108 
0.6842719335484673 44.33878764033187 
38.483111184655044 15.790750550528045 
0.1381297482022491 47.41054626552401 
107.89801283309112 4.578155242589827 
8.772498757306499 31.357460208680557 
30.538864014658976 18.575692133410868 
39.91346233310053 15.447193756915153 
3.54360906531127 38.1045657924051 
3.090435197230308 38.46034543452876 
121.52683208447372 4.160421076581507 
68.4928166440933 8.641230050680743 
31.80401143441989 18.086334458528842 
24.866971720515703 20.996662375186865 
13.162651475956006 27.636915325173796 
11.730934275000436 28.73356453413278 
132.7032095378849 4.011853781238732 
33.01410898569365 17.768594681909242 
52.135117151508496 12.024003957912186 
101.98708958644792 4.881264312279331 
41.97108980294753 15.259169465860413 
9.672627561557505 30.48468140650051 
29.356599637794304 19.18059258291961 
92.90596926078632 5.523094516128808 
63.47164710643053 9.586643398026323 
34.09490816973136 17.289832141350182 
1.477287205696381 41.92629142071585 
10.797834647303787 29.47504535895076 
118.19204484227986 4.235030792181027 
10.605017689726285 29.779278378358875 
113.06182791777951 4.374700299669471 
6.387335033031924 33.744190941450995 
21.813930609031484 22.431524437969635 
91.26759567454761 5.76371441565936 
5.781425204211802 34.52165283779182 
123.47535722294522 4.11206527161708 
69.00149445538776 8.52691001029288 
0.5407036980692602 45.43446433834669 
23.786330168613286 21.46046946521848 
2.7393262326302326 39.51110883198908 
1.5644956121991311 41.65589869026354 
34.91337912398781 16.968504168127005 
43.32369573262884 15.071105228339814 
71.26157969030702 8.244399744401218 
100.52686804145631 4.968750170290704 
26.56859841996851 20.512492939070214 
77.46387532214982 7.170209544259367 
36.91684892824553 16.336910288738473 
4.393290835297426 36.281436398695575 
130.48507455809826 4.019580570527217 
3.9404312326257616 37.065583921063364 
4.8372673403839626 36.170786026816444 
35.99512804838949 16.619770477516067 
9.249134886455465 30.835693732061735 
21.163888075982797 23.108037355444203 
18.021833028769517 24.52509063854922 
71.26157969030702 8.244399744401218 
135.718922647844 4.001671329317647 
0.37063528592423445 46.37885116013645 
2.021270565673764 40.79291230106827 
0.161645404009562 47.21832415976065 
126.63718845036811 4.06510253668586 
5.089458352261483 35.336054767729536 
115.3064238221738 4.301257013254609 
1.1174097576016844 42.94595697255589 
111.00306333857674 4.449859670943208 
25.827971506854247 20.53617518039251 
0.873216480464811 43.62073875940291 
5.198186556694367 35.210606064778844 
117.65576082026364 4.250401907481181 
20.477823971644106 23.122703306715053 
29.45803267236934 19.012770428564178 
127.60656914253823 4.045997566593416 
98.75667769808285 5.092814616481669 
88.41549196517077 5.904643167426991 
