7.521568279678526E-22 49.999999999860776 
135.99999992700714 4.000000000003672 
3.2667262641673416 38.07536422012856 
27.832838917557208 20.086112342915342 
38.731091189427204 15.6767623983695 
89.91396891480224 5.76912256343833 
130.3470778306355 4.020952673364757 
45.73340770965844 13.852596105527283 
68.28970109372875 8.638836690580913 
32.818121057482884 17.710581103911252 
71.46782001794159 8.089514561333289 
29.450066716867518 19.030068459971844 
77.74026728672493 7.1465834374471555 
74.24024487464412 7.695284035163078 
0.10845766665659376 47.9354162569951 
127.1019685218301 4.052153687379568 
20.019493209486274 23.37009668326573 
133.8086177647241 4.00486625849626 
1.8438603908445668 41.21658588124372 
36.96699509339511 16.25795672848883 
2.3718395394669036 40.24404314831912 
1.4564447738357942 41.859003437463315 
35.40906398344593 17.386119679955087 
13.40730612855507 27.48133707660046 
15.549856275523327 26.220428864822452 
80.92187567349376 6.718649329153164 
47.19663416442421 13.221076832193958 
12.854487643978054 28.107997727321816 
76.5474354406115 7.300106782860303 
0.9657833006796941 43.56887607976436 
18.426113353665855 24.253694694984752 
4.740674794294756 35.98525552886059 
10.14890854423416 30.246797294856982 
26.29605607734172 20.393108315023344 
24.371120038437226 21.189951122320586 
6.183709912593892 34.0689792452706 
21.26504341700354 22.788557345970627 
43.47951479424846 14.26204086204687 
11.785201180213093 28.67281148282847 
40.65024055379756 15.158726741625824 
93.46612830886866 5.469942721562294 
42.839110090771385 14.43060245445932 
17.405132965220794 25.150186122070153 
16.583629949413528 25.44567205212641 
10.732423865357621 29.53492774471485 
52.37395407634635 11.921571616506998 
58.10424619363063 10.64662563137465 
0.5154842877052137 45.6086140291754 
25.502301544844805 20.91300287731285 
101.46902474252974 5.028337266304834 
6.958781528401534 33.08971577748127 
18.913099285838758 23.978144618006255 
21.83466729279641 22.41754971774019 
1.1246130512637202 42.78912050673239 
107.44020981649365 4.599422449235533 
51.17035900729158 12.211851541798236 
9.53213797375129 30.75767473207593 
87.98728937324714 5.949110664189269 
14.41120666777972 26.878596252548093 
31.586650334557298 18.19382058547708 
4.55589820233267 36.79910488444017 
72.40284590794047 7.933597823901411 
105.28282807660553 4.706054356723261 
124.65293265940032 4.0861271899223865 
0.24538045280133455 46.96188045514537 
5.1520599912229095 35.34977610113842 
59.43328051564869 10.385169638322367 
5.4956345144607335 34.94140066518828 
2.4520756653951308 39.54188340620894 
108.89964067471806 4.536470905229591 
0.026172684360935648 48.9092753025313 
4.55589820233267 36.79910488444017 
21.83466729279641 22.41754971774019 
98.94036739683064 5.072531653108581 
2.745306966032758 38.97937943118495 
65.69581985460647 9.122258043178686 
54.85839015509791 11.345435571487451 
0.6569724102483211 44.67920568085252 
113.96152075524103 4.343120746703688 
119.5106654583999 4.195568010156541 
24.371120038437226 21.189951122320586 
116.4106973986132 4.266907588260671 
5.909165342471708 34.30905563503704 
0.020889024614936573 49.16219781596766 
104.04796439568355 4.767317777089669 
60.803423224191775 10.261489348780328 
54.85839015509791 11.345435571487451 
86.09818489463096 6.149960304418965 
35.929651160451215 16.6105609906078 
56.27527609666724 11.025623944437179 
0.6569724102483211 44.67920568085252 
96.22361861124841 5.273241369296519 
113.26773503255885 4.36616984587364 
56.71238754874104 10.928022299407932 
120.98795816814585 4.153242232268874 
67.21209174760986 8.864597322677383 
49.96303840811804 12.521542817683333 
35.437642373679516 16.78742503131403 
48.48356340293916 13.040751094436963 
64.2412510554697 9.412398615710359 
