2.7972875626565212E-21 49.99999999973307 
135.99999988604952 4.000000000000005 
12.971705431266361 27.812698135344846 
3.1917165435941346 38.19284056861727 
15.728280356058203 26.02263797051323 
8.116573101586198 31.891593783446705 
35.45435312666957 16.780656782535466 
90.88002629659562 5.679480931359592 
24.147187159834345 21.376811606870657 
45.37765797686721 13.712931943440731 
26.28491288173292 20.36260236591597 
4.089838908561676 36.91477934130731 
94.97626581030067 5.346064475706129 
37.9493841930061 15.945955840071246 
115.60455033948377 4.290446506530914 
74.26985420570972 7.636146830001447 
2.4841524156357746 39.47633770540969 
21.759010876556808 22.712022381884005 
126.13854324811331 4.063980342253471 
55.612171372335645 11.225544050974904 
78.47881992312264 7.083063067483286 
76.06042585399976 7.4822507750612015 
1.2662756306515766 42.749428641429716 
99.2374132958492 5.048381301746418 
7.00451933200932 33.16019197793437 
10.722270069626898 29.527852193908736 
0.9794932765167252 43.393105519340445 
1.5401916062215115 41.60975627432815 
0.5915566069243502 45.02242235136817 
105.38527289326186 4.697408809072056 
38.75416868644835 15.669171738288487 
0.6740905884500588 44.400861483895454 
122.83690458416416 4.116070138347832 
43.806571167569274 14.166061121359508 
93.61028136997294 5.451853349123259 
19.85212355560418 23.50018340832125 
40.66810787857009 15.082633980290307 
66.55344365295673 8.952475356236771 
27.094697428912298 19.967322648890956 
17.969052440855748 24.590965943309776 
69.7277407435891 8.393810156121727 
58.716134462874344 10.823338970440975 
0.3274227195494107 46.09353373122259 
112.71531794945176 4.385189407603493 
0.05187834115526491 48.8741287145353 
47.891690569440925 13.139660951793964 
87.77513660574402 5.966314046080201 
42.67138988795166 14.52867686095464 
103.41445097808077 4.806497294124021 
118.70219209959828 4.205176801314293 
23.342653990146204 21.785825409773988 
2.0531883911140527 41.19212702087389 
4.703874141752515 35.84135010985674 
22.229744870255715 22.21927936221185 
6.058768401018715 34.271294960600144 
101.50458102951714 4.908695056780719 
30.385396994378166 18.6383072793089 
16.043216543475673 25.75710339520963 
132.77352036721925 4.0066152504071875 
129.96803071763065 4.023455992814905 
32.72079794460839 17.762085077264288 
64.4192277666468 9.401183896547327 
128.6102236683911 4.035457748894885 
11.6052203187492 29.013091223403137 
28.415118359085405 19.433023640704704 
9.093836315317983 30.95326844809489 
4.473119307012139 36.24613894519803 
108.40344073699222 4.55576261095819 
2.082679549270933 40.322476589502855 
11.90122506293994 28.606587141310897 
41.492946009033204 14.91477785467497 
31.588295052855287 18.162707678266706 
51.896205206691086 12.041550108846472 
84.34059520687103 6.357131816712789 
9.796272128097796 30.331056437050798 
80.11906734635367 6.865876363324227 
66.49319199591069 8.963560867919073 
108.10225309762302 4.606224253176072 
12.542155619369442 28.097024035196732 
2.797397431259096E-21 49.999999999732566 
0.1163793377060663 48.00837653393804 
111.37991879735316 4.4354626707083975 
86.47847729568659 6.213070013540456 
54.54710208136634 11.442562717310647 
61.8859628278836 10.014747793712475 
5.299400369105928 35.05617266075663 
62.95201346934529 9.67548708363203 
34.084696023448465 17.24418618966896 
60.16642157561113 10.290000542716074 
58.985633734340716 10.745597274166087 
0.1625612663028909 47.35209358805353 
17.1135565138073 25.04319629597449 
53.0597133361606 11.758602454153493 
2.297211891457782 39.99889090950364 
50.75307393841902 12.313349866199523 
71.5661440087658 8.072744958369475 
18.882496789497097 23.997045376895223 
49.27046846995155 12.683725671688006 
34.16953687621542 17.213234165849336 
99.72930710041311 5.01701478286407 
