9.308725375867244E-13 49.99999490046687 
135.99998988805123 4.000000000134657 
96.70779197200613 5.219382741072813 
121.31478668492161 4.145694742879508 
106.92435681127489 4.704779135992009 
43.0278682667612 14.697465522567368 
28.353978277495393 19.448200790057236 
111.93335971489381 4.426155004603018 
47.54219048986063 13.261929565779145 
127.70958095321356 4.0581861210245815 
50.3034535673887 12.620998765776772 
30.754000949473067 18.484795241586745 
0.21730509424547959 46.840135016492795 
16.141455404426903 25.636662944885966 
53.76501622650392 11.677219225917709 
6.633522138570428 33.44645919820685 
5.272780345449327 35.365067355570616 
1.947067568988935 40.63222320266631 
2.863375460978843 39.01683546549202 
8.05206720823866 31.95423518554513 
68.49248273647832 8.621042864424926 
58.735172991055826 10.499290688862356 
45.44995693254997 13.931828835491405 
56.312282372896796 11.174006255182526 
0.8111190692271147 43.85060861861925 
63.743774687782604 9.48383619999935 
4.526799220805731 36.23077363189044 
88.1956939520627 5.95644887210248 
104.52596074446372 4.742186894278777 
80.45948516448871 6.78043551324849 
115.2620490260006 4.303104236329372 
1.5540900545099166 41.924713553553545 
65.81624141875224 9.090226141630144 
100.65779339953362 4.967913272568875 
118.18505532025077 4.2223923250872595 
75.1426360733438 7.545658560331303 
17.601238514459098 24.833811102156474 
132.87859009722894 4.006186434681924 
1.247172021194959 42.58687199775848 
31.88311591379133 18.0445620344444 
102.60166882589027 4.941049021214034 
76.69314652051636 7.279187760460286 
61.28799900901002 9.973253372105368 
36.14045833664633 16.542066829072503 
10.61073560051043 29.65521417785304 
20.404448587864408 23.257483048148103 
40.988333753461475 15.196857663588084 
70.54353738098841 8.250603282453454 
6.22696302913559 34.55072587306091 
52.49420655617896 11.9956855160492 
85.45272210774877 6.208489869363733 
66.85527677675078 8.902272114028515 
3.3198673058669623 37.97782099284704 
51.65503621770647 12.36969679591656 
78.21487809379957 7.069145310395146 
2.4505581309325453 39.61704424914655 
0.46670291233829564 45.29027600543014 
14.037437937056552 27.055902023783467 
83.21004806685397 6.464803311686851 
17.869841116097483 24.655648874576762 
25.028250789043334 21.31076852628231 
35.020387974283516 16.959453764849705 
113.85998227574812 4.408510392519849 
0.4172029251658112 45.713463929906624 
10.344545701175594 30.464176451042228 
0.6611457143052767 44.418481545767264 
26.32544656029941 20.367002221128537 
9.568757612070536 30.519130565927984 
62.53502972078259 9.737850068245884 
0.03350198894202882 48.982795361587804 
2.389179797723032 40.1993074834079 
93.67067695080162 5.48528795775393 
15.528113914171646 26.28866125457631 
37.171622592086216 16.199548001749584 
21.480203670619662 22.623096034453297 
0.0666967640411209 48.19834873998335 
45.93327006127484 13.620508908780739 
6.0049360747762766 34.647941678768696 
119.62244989506283 4.185287449816355 
7.2428396215136015 32.79942454321643 
7.4483651017573465 32.5906345496101 
12.678882886702166 27.99161771890644 
3.4034525838333973 37.82581416939618 
0.10086787146984541 47.79288187174189 
73.47447488356434 7.761242923170842 
22.773133962250583 21.950735629688705 
79.54713527634279 6.89577585364926 
91.18204604732918 5.660464611302397 
0.01512884151077839 49.3710658420234 
91.63918544904146 5.640008443195837 
3.898156620327663 37.09501356486419 
27.22929758250554 19.957011447801985 
8.948166914043663 31.192069585340178 
15.528113914171646 26.28866125457631 
8.948166914043663 31.192069585340178 
4.117937183335501 36.71886543757881 
93.67067695080162 5.48528795775393 
130.50554313748137 4.02449262423138 
11.177898431974702 29.285683610375777 
83.96382707044395 6.369032711594066 
