0.7245277903537485
0.7244828302157801
0.7242122711843069
0.7222648119463305
0.7237597788252349
0.7243007092117119
0.7239568514153383
0.7231237473699162
0.724718848578445
0.7245003917480635
0.7237361640812022
0.7235665969216752
0.7243586882000929
0.7249315017137125
0.724503058402527
0.7232939901888418
0.7240102776360171
0.723721171383884
0.7238662873105137
0.7247118411479977
0.7236202501677449
0.7223950140112024
0.7247902881385007
0.7243955211816867
0.724763314333194
0.723103481293609
0.7247095153759755
0.7238893815129065
0.7242426130988119
0.7247999856749779
0.7233979937880053
0.7238927465548588
0.7233470429975395
0.724957601964119
0.7252891101643542
0.7233856666211753
0.7242224186714183
0.7236294033849884
0.7242077407324081
0.7242648436953079
0.7230065971342899
0.7239800770246015
0.7239131572922236
0.7242565362904858
0.7239295925646825
0.722691118420789
0.7247331896144268
0.7241144328432898
0.7237497847098957
0.7242601624564459
0.722839777529709
0.724483383852234
0.7243025086657615
0.7238200621370235
0.7235314476126677
0.7231358900860111
0.7242178111893067
0.7235797143171606
0.7238024048251959
0.723523174488846
0.7240199316786254
0.7239963530114145
0.7237572120084589
0.7240451267311132
0.7217245544394014
0.7230210816261236
0.72497237700736
0.7240914070568367
0.7240380698269266
0.7243156744138328
0.7238013340636321
0.7227615691258439
0.7251770043851087
0.7243404374438301
0.7238203308282538
0.7237153245583529
0.7235495397114163
0.7240945668239981
0.7239524077862768
0.7242166451090345
0.7233912157354319
0.7234892683226702
0.7236317082799212
0.7233804529160881
0.7239616286499483
0.7229616782814958
0.7234616879228983
0.7240340939963609
0.7240735356168722
0.7237799527577372
0.7238759921697699
0.724092713648475
0.7244534270811586
0.7252936571358513
0.7241806789547115
0.7235278660271017
0.723653342536666
0.7242838633840305
0.7250612787661735
0.7242291723021579
