8.481171320795511E-11 1.0161105290507066E-10 
4.999999760639267 2.999999999940405 
8.481171320795511E-11 1.0161105290507066E-10 
0.7841986260186611 0.40158114689136776 
3.80818214198807 2.9906830283169623 
3.620641183212253 2.9835047422053798 
0.7232237070119398 0.6627137886873711 
2.8622958043239963 2.983714423975632 
3.2515566153746693 2.904538434993404 
2.011596251871877 2.094039006146877 
1.2155062176675442 1.2389990013771657 
2.584566113773013 2.4597218878246965 
4.757259740648386 2.999975098527862 
1.3722125353958208 1.228321448101743 
3.447723072436868 2.9560564347505975 
3.324356497259629 2.922878790081824 
1.429080299007366 1.33072862429804 
2.9745077791363235 2.986623835833603 
3.8828684665599766 2.9901262154740307 
2.0660464408709664 2.2113927650679743 
2.1359022595087476 2.041774525090101 
0.5444645497991571 0.3057181857724708 
4.471289555074475 2.997667111429301 
4.687254170686155 2.996562203919685 
0.8524378243918708 0.9335818755207919 
1.1482355692746178 1.0670497982589051 
1.947594166500785 2.0100211888113915 
2.4540701587757594 2.3039569498207153 
0.9028707937730809 0.976163904596379 
2.772830679320368 2.945212205338123 
3.0443171332001917 2.9906048751105194 
4.180632142575423 2.9874994914965316 
2.6224593034808965 2.8761137003470814 
4.1245604906675295 2.9874994914965316 
2.062020387813337 2.2873487024785173 
4.000082380384546 2.9549002789741214 
4.246964709201911 2.9999640284315183 
4.957126023945556 2.999586010225585 
1.9127169429365265 1.8943108979673 
2.536898150104021 2.8525104502201684 
2.01349325869198 1.5561417847288221 
0.7439493812420662 0.9335818755207919 
0.44305572333371235 0.29276618236809915 
2.143690430722238 2.2873487024785173 
4.865804567278505 2.996609609339545 
1.7156495740701914 1.6489201204226007 
4.396936111311387 2.9955030957761686 
0.5893710041900545 0.4692552257502358 
2.723463643940429 2.566437001022843 
1.3189421849368368 1.5672264039908779 
2.649159120298718 2.532554166079818 
2.649159120298718 2.532554166079818 
4.612999154399443 2.9998204800983874 
2.5583374785420396 2.4196233430584804 
3.492114570518634 2.998505549339232 
0.7841986260186611 0.7878682229742426 
2.2761997407046004 2.2873487024785173 
0.07734584174312387 0.04505076820594189 
4.037942960158943 2.997667111429301 
1.906541138483082 1.785073430856786 
2.5123835854072167 2.4102583610971644 
4.303360145193722 2.9955030957761686 
2.2761997407046004 2.2873487024785173 
0.7422147776571407 1.2798986195314845 
1.9463942546770459 1.7294436934281343 
1.7201383339056746 1.4664972538062981 
4.87509257222778 2.999586010225585 
0.3486251190748918 0.2399491353608012 
4.352237340297869 2.998899535863633 
0.560837931432644 0.3658859121318152 
1.3721175309767577 1.33072862429804 
1.1583668797587567 0.976163904596379 
2.414302550632243 2.4102583610971644 
2.073588182072816 1.8152324585770496 
0.6384452467423539 0.32942148971997764 
1.8044874748060455 1.4869568319775914 
2.602153164279403 2.931887644633048 
0.004983124098104086 0.05960723503081969 
1.1583668797587567 0.9434967225525536 
2.480830149781911 2.3807811871658267 
2.395290670419791 2.2713580146442816 
2.395290670419791 2.2713580146442816 
0.23927113653705645 0.2576114223623319 
0.699905458135668 0.9335818755207919 
1.3182637775819335 1.33072862429804 
0.08417910533168305 0.3053335270349016 
2.75458871774297 2.9256562496053427 
1.4756037437721168 1.9978832082384703 
1.8839190331384568 1.6489201204226007 
0.7422147776571407 1.2798986195314845 
3.5319173766172227 2.9983048575303592 
0.07734584174312387 0.13950025815936817 
0.19783839030252537 0.11875757508356233 
4.029129768335288 2.9755381034102997 
3.447723072436868 2.873225662248581 
0.8967318604355929 0.9603413303809486 
1.556229012021582 1.4711113066381702 
0.9272613164582494 0.5716221194190028 
2.9595762913953227 2.6469725690912314 
0.9272613164582494 0.5716221194190028 
