1.4389744951159855E-10 7.74679714821147E-8 
4.999999953863016 2.9999999999999996 
1.4389744951159855E-10 7.74679714821147E-8 
2.1968306777719717 2.442645060312705 
2.585139944184731 2.5104784284688995 
2.264585710194947 2.701771132497754 
2.2594587044102856 2.1014951294141024 
0.4788657280955152 0.5372176828615819 
3.452357406801025 2.9999641924954776 
2.700106610460484 2.5067808107800467 
2.0968329872535105 1.4174698940808863 
2.02785443018293 2.442645060312705 
1.5518111057233144 1.7990448856304062 
3.0097743336041853 2.99232017003444 
4.572338861188005 2.9998894137649583 
2.554264223635472 2.905829339019504 
2.3082408521272284 2.5574162456597915 
1.924804714183178 2.1136314920400467 
3.6132717616075674 2.954804892917471 
1.6290197892048104 1.7990448856304062 
0.48079149170090685 0.3550632836683399 
2.9245766670845104 2.996578901780515 
2.1833560262548897 1.959606099783937 
2.18380965633221 2.541968882194915 
0.4441954242765165 0.4897979373062784 
2.5732799919364364 2.7492123379655107 
1.8888323414822292 2.3153409883061715 
4.074993785620646 2.9998894137649583 
0.8362020754908001 0.998533637876698 
4.2651486079322405 2.9998850184623853 
1.6498890841010927 1.99083766377361 
0.775730518235063 0.9663061298086538 
4.727006267465502 2.9992786316245774 
4.983583038928617 2.999283101078696 
3.3675599340561746 2.9999709876649607 
1.6474763527574985 1.5571119938148383 
2.8203127847959646 2.963106339508114 
4.873993944788728 3.0 
2.8824335352261397 2.9632646459992955 
1.1217348815223882 0.7873861903518335 
1.929360817728642 2.045799988778811 
4.194732852327846 2.9999458567558963 
2.6940359866595758 2.1014951294141024 
3.255075023445103 2.886544711798856 
1.6491857202628806 1.4174698940808863 
1.8888323414822292 2.0066020075716224 
3.9988477028035 2.9999345097501386 
0.5247256841603389 0.6526624864091108 
0.6713906832880268 0.9997492344689033 
3.3262681108190337 2.915327638828499 
0.9917801211588527 0.998533637876698 
4.65369349991303 3.0 
2.739853916349856 2.8261496580551233 
0.29672557516164344 0.35627878812369995 
4.461280470615975 2.9999345097501386 
0.9214612152293341 0.6526624864091108 
0.8068702205279344 0.636405099464214 
0.8138844009910216 0.644467117959157 
2.5563064379068843 2.7492123379655107 
1.4282374869572982 1.4578074324345387 
3.952241528948504 2.9998602644423307 
3.605486099405381 2.9999265858798365 
1.1459411199156881 1.5633882116512128 
1.893015968255834 1.9418388886693385 
0.15403879067824722 0.006549237410722442 
3.1990757108989567 2.8887820305227243 
0.21985549563893603 0.32641196984517573 
1.0877056153448146 0.9663061298086538 
2.2801630976850547 2.1525487629725824 
1.6477053356397675 1.59084116683213 
1.2777220126041975 1.1596497700544401 
0.9444775069309932 1.308233504722805 
1.1235722472793823 1.2165055960291682 
1.1436364340897507 1.3574011830841135 
4.328646972856069 2.9999375251370077 
2.7371695031944627 2.885881766709981 
3.781444300152313 2.8903781732519356 
1.520335451533456 1.302765690410086 
4.461280470615975 2.9999345097501386 
3.426357095325597 2.886544711798856 
2.9110357084158998 2.7956970469851625 
0.6403729420606263 0.6817285667328263 
4.615533811206302 2.999283101078696 
4.8593759302163 2.999999999999999 
1.8888323414822292 1.7858432034690392 
4.375333343248725 2.9998894137649583 
4.796735619484149 2.998671762838484 
1.693890243573122 1.2505793864560943 
0.6713906832880268 0.9235233983323948 
3.824583432537829 2.9495781668207193 
3.892547750285059 2.9998887886318255 
0.4441954242765165 0.3035321667224004 
3.723858662777243 2.9838367485101376 
4.1703257708543005 2.966820329172546 
0.1866735994196037 0.2862841565105265 
1.8114069645528348 1.9240005982791177 
4.7819293929151625 2.999956794550685 
1.1083066611950918 1.2165055960291682 
0.7716793686576892 0.48900630014584645 
0.00990773499298235 0.19005101900068477 
