6.506863381439132E-9 4.5014147926486503E-7 
4.999999999168211 2.9999999999999725 
4.999999999168211 2.9999999999999725 
2.4651280455830404 2.3266801830736594 
2.659560742297776 2.671218830360938 
0.017105401547156368 0.07683960274446755 
1.1871630342956978 1.6773268832342456 
2.5722214510457535 2.6252933908440483 
3.451408612515162 2.999888445046323 
3.918623929698942 2.9630837844195588 
2.013714486033425 2.6238805466550876 
1.0202446674159704 0.9621415032888141 
2.517780278403027 2.9332372832542384 
4.137493326260832 2.9998971336995206 
1.7659311002402078 1.9355764396024426 
2.2469423925174605 2.7266275424434463 
1.4041932123260352 1.267400021058399 
2.0493643451020804 2.8525741711360286 
1.2009063713025008 1.5626209903475083 
3.0725663917546475 2.999999999999964 
3.5101075442047693 2.8659999198559856 
3.5773628095639793 2.999882115407237 
0.9587539414146008 0.9071261798606493 
2.6741291120519275 2.8510323447741075 
2.758928855212042 2.974686718874441 
3.3068149223053545 2.9730464506547554 
0.2693596536798008 0.31386838062572436 
2.279311824067144 2.1036909004964275 
0.12392194955159896 0.1384766676010556 
4.239634796568331 2.999999999999964 
1.1478495183400217 0.9357169297245855 
2.0107407911035824 1.8951615959218053 
2.0487394948587765 2.4043776877772216 
0.4532047027170603 0.8249289446752117 
0.53002796657065 0.7011983699072317 
4.627546160775457 2.9945825336782357 
3.0301592585267763 2.818038152507482 
1.9430142734318503 2.0434525665757626 
1.6759377046636228 1.8460703508305834 
1.2893602244082925 1.2760145299732284 
1.258613661730402 1.1613032417313311 
4.917663060654725 2.998731799668524 
1.85339812419785 2.195095132253567 
2.659560742297776 2.441416790698718 
4.0618227121703265 2.9997280962629382 
1.8994797518325595 2.6238805466550876 
1.176580458450536 1.016767089938351 
1.7365037967816683 2.0793519358712285 
3.7774337982488793 2.992905981657898 
2.936550000027059 2.691576837831072 
1.9554954068613077 2.167894083246958 
0.5024571582405237 0.3418458798303009 
1.1972192450610075 1.1252220852265111 
4.536293593036446 2.9950044488024474 
1.0101484713153335 1.2770491330919365 
4.389605228525447 2.9994704394520935 
0.9329402078712262 0.852324073809472 
1.6759377046636228 1.626258116765201 
3.7626904182824994 2.942628032015255 
0.927725367211658 0.7646449791144546 
4.67772783281557 2.997949570596352 
2.8723463603554418 2.999999999999964 
0.12392194955159896 0.3461492090654636 
1.7164772958566972 1.732134011836787 
0.7327136633710816 0.3846586092457669 
0.36746802338162243 0.5060544978970014 
2.021196293745696 2.1547877675412987 
1.8630680636109527 2.712913806870787 
3.168125060551274 2.7889744572662796 
4.016826743038104 2.9994699409692336 
2.0466797847808595 1.566285881811332 
3.2202562053477415 2.9993197232800672 
2.021196293745696 2.268033900586595 
0.7584810553971859 0.7232075756156924 
4.860176281450306 2.999992525449429 
0.7863700048166165 0.6055823838926914 
0.553772823898079 0.9500802569298753 
2.0217936962303185 2.216107457227812 
1.1288937061694875 1.0187652927857256 
1.3722231155245659 1.8460703508305834 
1.574337848692635 1.4236989131716808 
3.168125060551274 2.7889744572662796 
4.993212205791853 2.999593727472483 
0.2945411633899938 0.07683960274446755 
0.35588292863312465 0.6153576054018925 
0.12392194955159896 0.15828676957257504 
4.761469886994265 2.997949570596352 
0.7612153883715117 0.8324155936620717 
4.453064454776791 2.9994704394520935 
0.4389850346455686 0.29435451203888485 
4.330496888897614 2.999593727472483 
1.848324519214897 1.743757250417208 
0.311646747641257 0.34810978843007195 
0.8558113896208767 0.7530826678185973 
4.521771296080237 2.9945825336782357 
1.5841042207723692 1.6155710478472285 
1.9891034231222324 1.8460703508305834 
4.785568664093402 2.999995807810712 
3.9650529471256686 2.9945825336782357 
3.6199476561488693 2.999975326237701 
