4.999999999412724 3.0 
1.9247239357866874E-9 1.3634248174909658E-9 
3.5131963638840196 2.998272785763426 
0.4007218488952914 0.9246199552056581 
3.6886294915950026 2.994966256701565 
0.0881348753974147 2.6508959491119977E-4 
0.5200673362945303 0.6341736732464611 
2.0336533916131954 1.8359492914610591 
2.042681586605763 2.0026211129521667 
0.6997600814120899 0.7535373102408004 
4.770916542331435 2.9998890522224326 
2.0945411274212264 2.7874411435350055 
2.531846847075125 2.9988962085171793 
2.0945411274212264 2.518507992465416 
2.0740225027747523 2.631366180957378 
4.3861637404325915 2.999723006617328 
1.0178663742720588 0.6882982522790813 
2.3973714299954625 2.622029815379134 
2.527162887593783 2.2813907207843798 
1.8636910204958461 1.6279661606816056 
1.2915554429268863 1.5999078242679645 
4.148660119579655 2.9769162970706127 
0.10754749173107964 0.17040609085533165 
0.4281943062906002 0.6341736732464611 
1.2121739633430084 0.9335793321037325 
1.8636939547516165 1.8548113112715825 
4.226347208329584 2.999314231707837 
3.4056551241473243 2.901708444795655 
4.6315170569574615 2.9998323172597186 
1.0398549609416605 0.9369074955100658 
1.3777272908832046 1.6601808626053633 
2.3544753039811885 2.1535616904722863 
1.845659824816899 1.9580289464421505 
0.4004244440341502 0.22085790338578726 
0.22064426580364638 0.2680990759327451 
2.6562779779684833 2.5001844317247404 
2.0336533916131954 2.0729247918240223 
1.6748193630247374 1.933835191583189 
2.7916531111195013 2.842341972042049 
3.8784694921954803 2.973593587717203 
2.7563409213625807 2.957168534698033 
2.818919936787965 2.9683098008804327 
3.2519350750179075 2.99947299687246 
2.265071615333639 2.957168534698033 
1.5331993277128355 1.6279661606816056 
2.0212961597574846 2.315847077244039 
0.9144278717163566 0.6597023946849914 
3.8926278284627784 2.999395108818294 
1.9971858843335277 2.2189840993701795 
0.3612785874589409 0.18060291770911552 
1.3777272908832046 1.6717092019648128 
3.4056551241473243 2.901708444795655 
0.9144278717163566 0.6597023946849914 
4.53669121997364 2.9998718238755084 
4.9018224713823155 2.999723006617328 
4.467568290636897 2.9873318847412986 
1.2868269168922846 1.0025426610665336 
4.226347208329584 2.9833764782940975 
4.817559940140823 2.9998942141611287 
1.6415839356815256 1.5999078242679645 
2.1826413909160607 2.005506133891548 
3.798943376866573 2.973593587717203 
1.6965150829208384 1.933835191583189 
2.3378248309711256 2.086857595339108 
1.8442533533992542 1.476438489938172 
0.3955903985987548 0.45211720713878967 
0.38785115115080304 0.3198744065564679 
4.595478549347803 2.9999523191844553 
0.5561501998776301 0.22085790338578726 
1.8439487492732936 1.5532254913598074 
0.5163678731553364 0.4479868467272641 
3.792211666864966 2.9596161216020653 
1.3431058463198262 1.3151744813778778 
1.112947734295307 1.247871762276178 
4.86654721826368 2.9990059411387446 
0.22064426580364638 0.1560068770710361 
0.9326795539871459 0.8503616736260415 
4.961258902737451 2.9997202966778964 
0.9948094434177488 0.8831628490082818 
1.3043495887378485 1.411130964195574 
3.976417057093552 2.9998726192694596 
3.9651184502389465 2.994966256701565 
3.396153308153452 2.7643474782746327 
2.5479088497996276 2.727771008849222 
1.8636910204958461 1.5601600297968394 
3.198736351118225 2.994762294503211 
4.057556666892165 2.997131061209423 
1.4118661229765412 1.158853855841417 
3.06847372176206 2.7643474782746327 
1.0178663742720588 1.425002412551177 
2.8146456285843553 2.271042229080268 
0.11634809678990443 0.1708027644803085 
1.6121733243603729 1.1593433071523422 
2.8955431105689646 2.7668376357264965 
1.6999396529733155 1.1503724365051067 
2.5479088497996276 2.8880947262558356 
0.22064426580364638 0.1560068770710361 
4.401493161838324 2.997120115066705 
1.0469584882220695 0.996724868671144 
1.0614299628387238 1.0467930554457276 
