1.765254609153999E-14 3.457674369045094E-9 
4.999999997728819 2.999999999999998 
4.863043449023502 2.999801412812573 
0.17538111982779592 0.020010912829401817 
4.382437418607969 2.9995656626548683 
3.972271612500049 2.8619571916181883 
2.5659554803369065 2.410307129546195 
1.781166951903148 1.8599280165675165 
4.284667814269325 2.999051342617711 
4.097180492636907 2.986309973820519 
0.6164092007872064 0.8587838981000981 
0.5260114609315626 0.3536927142353413 
2.1269490563670974 1.9642641221137553 
4.710993210513248 2.999689247275925 
3.9764127933658044 2.97868987341911 
2.354806024187706 2.5336804264064168 
0.4012861463920634 0.6291304173651568 
2.295102842778685 2.510255975685557 
4.204544847140288 2.9999962996831244 
0.9615278118079021 0.661881759917371 
0.03490019686554513 0.01582398207268687 
1.1343250328594507 1.1435761498606183 
3.749041701161754 2.973603960546295 
0.28190695392958987 0.15118144053031446 
1.9048977136128753 1.9825948241466387 
2.3096350049557124 2.0942877711735157 
3.2964059962019077 2.960029675856479 
0.28190695392958987 0.3874708712335658 
0.684421850501762 0.6518243642644898 
3.3254772346886 2.9997607344470025 
1.2261011738832623 1.2642658933386133 
0.9621831242719638 1.2254399035567771 
2.5655472558554813 2.5336804264064168 
0.28190695392958987 0.3053466321694935 
4.134452240256234 2.9965803215389357 
2.247575259700639 2.4714272612460664 
1.8318455517233119 1.9399335201407644 
4.479052543909161 2.9995591100185703 
2.358919311612739 1.9294705749052345 
3.4378087108041604 2.999051342617711 
2.305960565592616 2.320331434700845 
1.4258710009716027 1.4474053313734234 
2.7075058434509387 2.765509742811017 
0.6164092007872064 0.7965814186658556 
3.924037156105527 2.999773405345179 
2.5659554803369065 2.619897847953126 
1.1045597906686144 1.2597058867438735 
2.7167240474179075 2.5234418845858912 
0.8448158634891497 1.0869145245026492 
1.7288076896240776 1.441996098653893 
2.9655923976214766 2.998733419917511 
2.6207036611618415 2.778607391116954 
1.6061246549138892 1.412975103851574 
1.0296549178411802 1.0935352834172085 
4.907407980233515 2.999798637122995 
2.358919311612739 1.8693560156467124 
3.491306549341944 2.9020303812473163 
0.8107792653362791 1.2075402595324691 
1.5663869111970687 1.2156265650900935 
2.169511579173877 2.000767951033936 
2.305960565592616 2.208090614527164 
1.8372740817758604 1.9399335201407644 
2.148409424964741 2.2134873210169435 
2.1269882495155232 1.8031259938658848 
2.933052369775462 2.998733419917511 
4.531832875176217 2.9999253029367954 
2.6207036611618415 2.9816295669615736 
4.595464140523741 2.9999996817545114 
2.3046461831961325 2.208090614527164 
4.9659019829965345 2.999848268438668 
0.5467268162280939 0.5253627972907943 
0.12882276180085872 0.1885324527197909 
2.634994883468079 2.6722242966098206 
0.11705860165428739 0.19291793501758892 
3.544196245419848 2.9712800388114378 
0.4142862081586429 0.340802166756379 
0.8571970032615075 0.9938859758813056 
1.7288076896240776 1.383071612018841 
3.2964059962019077 2.838628401161919 
3.1837647125874575 2.999647636593518 
0.8107792653362791 1.2447471474221685 
0.9621971444156344 0.8121211917321155 
1.3446951912889946 1.2433205623633765 
1.7288076896240776 1.5822528000149223 
3.7203824904951226 2.9260414018628107 
1.7779385466874205 1.7822608135099867 
3.0635971685078625 2.9995435089030753 
3.647147781369223 2.9607213272677266 
2.8726932208088027 2.984333228598402 
3.051346626490676 2.9979422570068652 
3.0199354696441767 2.6634399448292547 
4.646320118125295 2.9998303322793225 
1.4909487691019068 1.8599280165675165 
2.1269882495155232 1.8031259938658848 
1.5262758096131046 1.9476527190456756 
1.398947428829043 1.3022524909181517 
2.7641714387862435 2.9001442597259723 
2.9989775604679565 2.7510811423537502 
0.28190695392958987 0.5337776354705728 
1.5216871139956958 1.3966891882310397 
