1.6678880498943727E-12 2.943811860944834E-11 
4.999999999671034 2.9999999999691322 
0.5901321709587979 0.3778318686050457 
3.856034926235346 2.9987818993645927 
2.631898162566225 2.430339513914853 
0.3129401696494245 0.4772822595098868 
3.616350647648399 2.9990413380535386 
1.1999597285566945 1.1077664891647951 
4.78864394455763 2.9999921944803627 
2.857565256312654 2.3898007639318957 
2.049789888289844 2.47248590412984 
4.375614082121235 2.9969836158028893 
2.0999865975104925 2.224951366784129 
2.5220178894278718 2.4362289650150672 
1.2791451843133825 1.394256124083138 
2.1524701433770015 2.303787559566191 
3.962132865798314 2.9998150178680083 
1.2287115964451765 1.2289759567351093 
2.298361152231533 2.3728483089088654 
1.9554796114192272 2.0284274086273735 
0.6742659829285398 0.46509440087944753 
0.5765922913642532 0.7266756673704895 
2.9695574486812584 2.999018195992752 
1.8014499622053253 1.785016155609546 
1.754568009733942 2.3470104443042183 
3.5345475254393897 2.9983779703776103 
3.3169268187305043 2.981909960112602 
0.20344967721621676 0.35321265815785585 
0.9998653520384813 1.0672401920597991 
4.4422390799789016 2.9999999468242025 
4.257412580752517 2.9973757982249083 
2.763343509248977 2.7356364073204613 
4.859742745260725 2.999999999967604 
1.2171357210586153 1.3180466616514264 
2.764900363643506 2.9982368457490756 
4.667270989661938 2.9999999983904826 
2.707392438730626 2.987041601497592 
1.6603964236603808 1.2378479784489422 
4.1389277553020865 2.999973869095265 
1.8571512952405653 1.8913735403144611 
0.2952756473776693 0.1798868019877469 
3.087408597092387 2.9831296695862246 
4.267929747056684 2.9663397043016895 
2.8971572821248137 2.6956959474871596 
0.9998653520384813 1.2075824223585667 
2.4337006974371596 2.427410931082435 
2.8854664636712544 2.9803624865072758 
4.611536442921491 2.9924019197191383 
0.6912573694042587 1.0250121349980987 
1.8864493784556693 1.5907979299290602 
0.3166437207247754 0.33771204317556913 
0.13123211318518269 2.4094503059401973E-9 
2.661730996411492 2.6169751765935514 
3.9111934071207184 2.98207873159882 
1.625938937694306 1.4706764031372914 
2.4061863612701018E-12 4.451872204214169E-11 
2.557784990757937 2.8073636542614144 
0.7068498692896107 0.7169844793873135 
1.519095893868892 1.3328583763778559 
2.5261471062098546 2.8960372707545337 
3.219394785917409 2.9983113849357426 
4.918421546888571 2.9999999999896936 
4.520969073531279 2.999981602082334 
1.6779506298430806 1.5490144008196838 
3.425557570787852 2.941390318889894 
4.070345847081918 2.9993672997015093 
0.1747735127853286 0.13928870437277796 
1.4302026563637038 1.9337404050133207 
0.869668096489897 0.7343054915303023 
1.519095893868892 1.4780018157515835 
0.5765922913642532 0.9274280148068899 
0.9459681577883902 1.0443845054889316 
0.7965182189126006 0.827121148469747 
2.199327996460389 1.9471757040291928 
2.0798995821366115 1.5907979299290602 
2.8971572821248137 2.673811352789518 
0.9998653520384813 1.1600965748559935 
1.519095893868892 1.4926011642279424 
4.955777245536383 2.9999999475932344 
2.452516664417741 2.303787559566191 
1.8338069990824335 2.0951708844849852 
0.3472083055826889 0.8051233378907566 
1.727703394397236 1.6887387251989998 
1.7164316616538564 2.4835134018478833 
4.508593605435984 2.9997099755508136 
3.465982711816832 2.9983779703776103 
3.6148024841917863 2.9990533995864803 
2.9344626856252622 2.9803624865072758 
2.3616093787936254 2.3526073993855774 
0.31731083441930497 0.3368648851204956 
0.22957759856708027 0.17865117683629572 
0.1616153356908281 0.06144375787583822 
0.5163315213853058 0.7254293613254932 
1.9024785242070683 1.9058709363816602 
1.8428173750298464 1.460136829087494 
1.2791451843133825 1.472407478483336 
0.13123211318518269 0.007054834252882891 
0.9889071174707987 0.9309506727399652 
2.4963494480486683 2.311299896341685 
4.116681958562604 2.999992298161492 
