6.38378239159465E-14 6.72184530259301E-12 
4.999982729012918 2.999999999996324 
2.6933791820745223 2.2707930129686007 
2.909015457503437 2.7210765750788704 
2.432758460527964 2.7361476809858583 
2.107079523961812 2.1090088073702455 
2.344506062325399 2.7278758248213517 
3.025927821502053 2.8429109108390804 
0.666099690950378 0.9311822676372614 
4.318841264811569 2.9999996289767723 
0.6710630904682311 0.44645061786437834 
2.727072174786533 2.565818393816614 
3.026214628080676 2.9843275019366238 
2.3730677834274925 2.202820982651021 
4.0736409285946795 2.999964295534533 
2.556050380893026 2.7941771909052084 
1.9868061534389674 2.462247825011901 
2.6130557918635335 2.895114200318721 
3.3741216264421485 2.9962371666425787 
2.3939201188994166 2.3201798877695827 
2.5674886068748424 2.895114200318721 
0.8899897782645698 1.0030535822121909 
4.415345325473497 2.999999392276738 
0.9593361949488153 1.3481704589586614 
2.7437546056065467 2.9889611534964833 
3.1767442705827253 2.951224554477421 
2.065307518334571 2.007292650479758 
3.1914186566487244 2.9999996675565557 
1.2649154229617392 1.4459761908316722 
4.53629640188128 2.999999916335739 
1.3873181513903585 1.5338117221143373 
2.1036418573008016 1.820340714292536 
0.35038877877570196 0.32583385876765114 
1.6326234455325894 1.7723946423157504 
2.344506062325399 2.4590484874004703 
0.9159929753329332 0.5719682282601594 
4.461957022462236 2.999999955721872 
0.17751939591255805 0.32583385876765114 
0.9323942068034603 0.7734835830775467 
2.1036418573008016 1.9339106784823605 
3.281734409326669 2.988439354623054 
4.835786628809201 2.9999988404553815 
0.9514662941422474 1.2684142623476093 
0.1452593653979033 2.4289792399656562E-11 
1.791313141442529 1.732086336744146 
2.1063911034531886 1.6140481239224473 
1.5831611661423142 1.4075992338740932 
1.0423960623982342 0.9221832643233374 
1.639939974233752 1.6392643555023279 
1.8356696626642943 1.818549665653583 
1.4273540312592328 1.4098764703027635 
3.046325006771696 2.9993431576193084 
0.929046675040615 1.130639003023901 
4.2481623137870805 2.999999392276738 
1.645037082457834 1.732086336744146 
3.481998359195151 2.9962371666425787 
0.13720166097222886 0.2704632299738523 
0.4100659734904802 0.5976900511908227 
0.9807856849580939 0.7648359617373376 
4.620015103788709 2.9999999999938067 
2.344506062325399 2.4590484874004703 
1.044597455417374 1.3481704589586614 
1.87310102017006 1.7233019035164663 
4.91568087599802 2.999999999996556 
3.3179324224705997 2.999999446164124 
2.126344013611654 2.2343206309814394 
3.992391956511719 2.9998733747476174 
4.21046213184936 2.9997760939567013 
4.6959601205571255 2.996845153250429 
0.8666720016208846 0.5252118736539816 
3.5266893186723216 2.9999988404553815 
0.35583239895934815 0.41921758237659856 
3.7861697326437658 2.9993431576193084 
4.593111264944515 2.9999016027432437 
4.767472232334028 2.9940904892604774 
1.4230952914638504 1.0030535822121909 
1.2206366263465616 1.4072527918464273 
4.906642727899952 2.9999999999938067 
2.299377779993876 2.104189252657809 
1.6529881360486351 1.4045716190733415 
0.6129208322304958 0.7186212595941137 
3.6796467539348843 2.9962371666425787 
4.152127060692112 2.9997760939567013 
1.2101240384802114 0.8856238845633422 
0.409540886619995 0.47466633615856013 
0.573396693005423 0.642917283819357 
3.059760605080376 2.723544500610141 
1.8356696626642943 2.041374950665156 
0.17686954003009447 0.4332902859816806 
0.7243752708867707 0.7186212595941137 
2.0675520609594975 1.732086336744146 
3.915253409753103 2.9992335444038716 
3.835714240382691 2.9999997397315243 
4.792568041145114 2.9999988404553815 
1.2322166717641618 1.2621384789359875 
0.0683389851619374 2.2265710493313273E-4 
0.15173026866567052 0.1622826202814237 
2.4361025490063777 2.202820982651021 
0.5152098576087882 0.47466633615856013 
4.710733155158712 2.9993436521903964 
