4.438727163602607E-12 6.520362283435333E-7 
4.999999996698612 2.9999999999898344 
4.438727163602607E-12 6.520362283435333E-7 
1.7153786993556124 1.3683857584395716 
1.716406935533298 1.836342660234001 
1.154554102165998 0.8715120215209471 
3.6532244708947377 2.9589201164472856 
4.866694819504351 2.9995480313952734 
4.426201964930167 2.999829133107449 
1.8480265590256983 1.4865379080494967 
1.935063907992555 1.4865379080494967 
3.4780166052171584 2.9855764221106647 
2.604993971198557 2.706907430735204 
2.1579275569846317 2.0206767546063436 
4.3612547167798645 2.990144443230677 
0.7135316964906577 0.6448111272143483 
2.8586571505632277 2.566760543548639 
0.6569102979880043 0.5185636849563595 
1.556377174398397 1.3545487229537114 
4.547256141750886 2.990144443230677 
0.3019442977197554 0.3967600723309036 
2.4589557669336477 2.7737375868785574 
3.4420179466165863 2.9770836184317595 
1.1426381749142724 1.0461999337089405 
4.199704473779839 2.972631605902267 
0.4600187667613168 0.4491471333261142 
3.75532886036694 2.985560959904692 
2.0533467348687604 1.9111100600597868 
0.1464173662436331 0.009833195432450273 
1.7028250651635037 1.9950989801383638 
0.6481865385720185 0.40050087924241506 
1.9978836640597786 2.5975222739070127 
1.1782704170078278 1.646774401398736 
1.235199580346401 1.4578941633772562 
3.3352784552103723 2.969233215003823 
2.780860753138192 2.978756619863054 
2.323760814733227 2.5051513420855462 
2.1770573061419745 2.9550218113752074 
3.69075845420067 2.9804161752538403 
2.490132640119107 2.403616148221702 
3.0152953593932748 2.9770836184317595 
0.05466115325527854 0.03566231053279656 
0.9152956809206144 0.9835720302011743 
2.3824923590245457 2.582669903828867 
3.23325561425486 2.8977641798410723 
1.916955320550639 2.1241446282994323 
1.7187825133510095 1.4865379080494967 
2.312625200973484 2.174945464304141 
1.9916499870848345 2.3007988269815116 
0.22118040322593358 0.04707168418663654 
0.8930056890188149 0.8839416063014494 
2.6519938500666287 2.938894627787039 
0.7497074802010033 0.9058689579436416 
0.7073820013034904 0.8580224124060356 
2.323760814733227 2.317958097602944 
0.8733263954310413 1.0482897843607342 
3.3136266422540044 2.969233215003823 
2.86455799445112 2.985573571033344 
0.207060269128448 0.2509930943138998 
1.7187825133510095 1.4865379080494967 
4.253085257787783 2.9999900362189904 
2.2490763436831203 2.469223079011488 
2.184295260573748 2.5659087167174883 
1.3578628537428403 1.2625687327486665 
2.0533467348687604 1.8252030615344463 
4.713446862252925 2.997124912462373 
3.043575997913721 2.9999875781510608 
0.22596616848314754 0.28687387119566443 
4.661309388461552 2.997826045526539 
2.919342223991837 2.978756619863054 
0.2754333438892379 0.10701926859404187 
3.938748583762647 2.9906144228289477 
3.21509490826139 2.9797084241011227 
0.14864659143700532 0.45147628927376626 
2.5819626292939386 2.9294459915346187 
1.1839302485676049 1.1258744539354337 
0.5788816278932751 0.9058689579436416 
0.6514594073910795 0.6242166355966677 
1.1426381749142724 1.129574981106868 
1.709106020048294 2.0931583333683923 
1.2047376613384002 1.194915699353382 
0.9152956809206144 0.8347019251529585 
0.3019442977197554 0.49877154641369503 
2.2989263411259597 2.7940563465484285 
3.8194077005352978 2.9999999999941194 
4.585187329898868 2.997826045526539 
0.7339005256197345 0.5185636849563595 
0.5788816278932751 0.9058689579436416 
2.490132640119107 2.9999999999951186 
4.253085257787783 2.999775222219995 
4.617204584596271 2.999878511549958 
2.461242089755223 2.563879056597271 
0.3019442977197554 0.5002573662984076 
0.5336810003644449 0.45207956110058944 
1.186943296621242 1.192596482190035 
1.5130330858031342 1.0391848379398827 
0.8498680449860306 0.7675770753526966 
2.3219393643426707 2.1099184464786673 
2.7258132405763944 2.985573571033344 
4.041973790044233 2.978956775002605 
