7.685130753998237E-9 4.4357409301198913E-8 
4.999999991840497 2.999999992780457 
7.685130753998237E-9 4.4357409301198913E-8 
3.9965038448054235 2.9999924543661143 
4.6615203576738855 2.999903033027751 
2.431156544227211 2.9767805556227303 
0.5578152192000536 1.091152771696528 
3.6294313591498364 2.9997191783801767 
4.142415226809375 2.999020594761594 
1.2735843060356924 1.476931952849896 
2.582221683439288 2.7117217985473436 
1.4194340342454272 1.4914399479491238 
3.7949415625442833 2.999999998564726 
1.199932130124614 1.3462422693063651 
1.3402613822295766 1.3462422693063651 
4.499977414206001 2.9998983677585445 
3.319634507843026 2.883584761597315 
4.920852993586148 2.9996001510907195 
3.4419893974008815 2.9988077812188676 
4.378801175304733 2.9998983677585445 
0.31427325460128164 0.6819459965718777 
1.9730242129256976 2.4278498720950203 
0.0814930187589128 0.011738658708703942 
0.4824217227780312 0.6615134813680841 
1.082156617387414 0.8609900952667943 
2.6093731724856397 2.2710504801204348 
0.9400917535083835 1.1103560880862524 
2.320664955775499 2.497099380908027 
1.6403370743871362 1.702306575890237 
3.546726884780838 2.9887844178023313 
0.7668140278855016 0.6801571991145298 
2.290623341354574 2.761692990136824 
2.0782455887393882 2.2104416359657035 
2.087205776985356 2.419118253084328 
3.1664940115208173 2.72948253985042 
1.2183274592951232 1.089952270012869 
4.493823911692296 2.9996857589407453 
3.3310904214387382 2.9600209028577265 
0.8213804328258164 0.9564678974451045 
0.9400917535083835 1.1673065873360373 
2.131649739600168 2.0669621334509127 
2.129889849568298 2.9767805556227303 
2.658331121075269 2.9059608198172535 
0.9258531582182705 0.9563982120737973 
0.4923530563841333 0.4585846940586663 
4.706438235995314 2.9999562181581294 
2.7880191228122895 2.867346750523669 
1.6533744891026567 1.547588579382036 
1.433671273542993 1.58779663914977 
0.6768986521314322 0.6987922641554992 
2.7668700916582125 2.7558396534126652 
0.09382650736557463 0.32304276735620185 
3.871046405059462 2.999999998564726 
2.007075376770242 1.8868976241744626 
0.158016739292261 0.03221711171723474 
4.340486263568893 2.9998983677585445 
2.0672732234441047 1.893137296061622 
1.075813388615639 1.402761315499193 
2.3241916570980723 2.016356890687936 
3.3686989880853404 2.998842735379267 
2.0398708502269227 1.8002966116238728 
2.153729872973885 2.3908164136530528 
4.8427572625091955 2.9996349993302274 
0.4890233157233392 0.6838994363329436 
0.4075083627400061 0.8533053073038249 
2.016380645276445 1.4914399479491238 
1.0534591318443258 1.1533592855639863 
3.0855325355844596 2.713601033766666 
1.4534877234041983 1.5162331588942788 
4.275882097939734 2.9998983677585445 
0.2863689641653482 0.23678274004854566 
0.3592147378938653 0.27500314006270477 
0.7807655309682996 0.7547606953151685 
1.4194340342454272 1.8260520954571464 
1.619239221078206 1.4914399479491238 
3.2694612437590407 2.7558396534126652 
2.177145030040033 2.439529447890931 
3.117844082268177 2.998842735379267 
0.6886196939807986 1.1103560880862524 
2.0768142441913064 1.9812827166584257 
2.1933320823194733 1.9398433479339636 
2.532770514860113 2.438966396574826 
0.11163187214930548 0.17120294567402516 
0.12518854456076128 0.6261147466973588 
2.732866293182422 2.4515339260148865 
0.27855117693557074 0.23678274004854566 
1.0534591318443258 1.1411788690417533 
4.775022887077374 2.997012820043466 
2.312740795099905 2.419043063959199 
4.195269281127668 2.998294504718671 
0.2352151554434555 0.6164650859568741 
2.308654857305629 2.419118253084328 
3.078258514528805 2.973317546691608 
2.973187125299393 2.9827227384261015 
0.2352151554434555 0.6164650859568741 
1.6709768769600222 1.7793707119088356 
1.433671273542993 1.6621076355160174 
0.7807655309682996 0.7547606953151685 
2.536856452654389 2.4388912074496973 
1.798311152906014 1.8064676752288833 
