2.246092201119154E-12 1.0964731900209301E-10 
4.999999998155167 2.9999999999955267 
2.4605974670881423 2.4074566397248884 
1.2662510246489571 1.1234724673761822 
1.4364153823019725 0.7742089438123192 
2.0104760967383513 1.9973070404216648 
2.37260510202669 1.7820845812020463 
2.4271221775102543 2.908949697622202 
0.640797877239971 0.5736722443854723 
0.5805301463863713 0.516147183410043 
3.571777819706832 2.9932913487136936 
3.453878345434423 2.9986910884063924 
2.4605974670881423 2.705573010545263 
4.363076032805231 2.989508625230727 
0.5805301463863713 0.9108250183959287 
4.075855057760118 2.9983787635683177 
1.9981295990848156 1.4000038999013167 
4.214673102325114 2.999999991928479 
1.5644278712358717 1.4880969289004524 
0.9268354764275993 0.7861427247775769 
1.7683453366941593 1.9995120141140463 
1.0474972417737585 0.8446686490626306 
2.4605974670881423 2.705573010545263 
2.9116502215772915 2.7918032384271756 
2.1554242625345386 2.2722537450104796 
1.4281300094103726 1.0947797435074365 
0.3640808329329973 0.5366106266532583 
0.28539210291258454 0.31129786584942154 
3.987436362794752 2.9999255810797014 
2.8768250314341937 2.573833894538125 
1.498396495071489 1.1780513597930315 
2.2649563765574174 2.0748133714510253 
4.214673102325114 2.9410671392929464 
1.6053453989351447 1.3389097158002519 
0.742248172795363 0.5817124736997228 
1.6489675252741016 2.0249070945848255 
1.9853426686770952 1.9220015676028395 
4.8471098634883205 2.9999999999898153 
2.7200832321146864 2.524408086335931 
3.6436469132883764 2.995980166221597 
3.452563847254886 2.7216513392062733 
0.30705475887341205 0.5147029260849119 
3.3905704503242777 2.899201106392815 
0.6972679085969776 0.6837266867710179 
4.704797882958886 2.997342883523216 
3.8636831049995353 2.9998682204903764 
3.2510170298964165 2.977549493616623 
4.661765403010379 2.9998689510581023 
3.3905704503242777 2.9934110466735784 
0.9046199902351281 0.8972697968793343 
0.3146580741600427 0.44805242754349767 
1.1960021610835003 1.3982088709885456 
2.30825347422219 2.3834775264495263 
2.1559601481642736 2.0748133714510253 
0.23230908103606474 0.28166248484790746 
0.015140272331383264 0.07561536050373108 
1.7476710601869436 1.5533781133265394 
4.994836925611811 2.9993978777049053 
1.352703226548817 1.3895251692828599 
1.8088349977854885 2.0354571507879577 
0.6972679085969776 0.8870716511592819 
2.3093107742199885 2.300589725418422 
3.7713426890397512 2.9863210447400625 
2.397293874852055 2.3935967072207953 
4.90604160608182 2.9999499471734605 
2.689459462536069 2.899201106392815 
4.586692668637649 2.9998189882536397 
4.514410175289468 2.9993901734486714 
3.352052107577715 2.9918826097318627 
0.46398871909482287 0.5251177195718817 
3.9940613771778413 2.999033008208005 
1.9934663403600714 1.5421308427941858 
1.6436766863456937 1.944930475427006 
4.439205901327494 2.999328919218403 
0.6972679085969776 0.8870716511592819 
1.131901584962208 0.8446686490626306 
3.6867540525596363 2.9932913487136936 
1.4957007303620076 1.7398963836114405 
3.2510170298964165 2.859364370661882 
2.167382746066546 2.331098900465249 
0.19757844094018062 0.2167284950354813 
2.592209503895767 2.9114253842299638 
2.2649563765574174 2.3223518713036353 
3.8221668049988726 2.999816426026614 
2.167394281415284 2.351814106600537 
0.30264222498583293 0.16567672147860368 
4.766074306069803 2.999918546537706 
2.8417256756261837 2.9913003963954914 
2.9598678221996 2.9075929964538947 
1.5900265985039823 1.8957829428675548 
3.744765815682827 2.9807346428837276 
2.7562551909275492 2.9994835281941166 
0.2318457561096574 0.07284325407898629 
0.28539210291258454 0.3941432194129162 
1.8088349977854885 1.8280046561063985 
1.2074215415810805 0.8240680287015216 
4.79608059569205 2.9999956790735354 
0.9799066114425181 0.7861427247775769 
1.4957007303620076 1.6329308739769957 
2.785171726591246 2.9994835281941166 
