4.1355765534323297E-7 6.52820020263789E-10 
4.1355765534323297E-7 6.52820020263789E-10 
4.999999965453702 2.9999999999995337 
1.561046522286779 1.5539454938679045 
1.190345343383744 1.284458583972806 
0.4966120738382198 0.7031697281122877 
1.9277930344471712 1.35488163106295 
0.2664790275716551 0.4240501413339963 
1.038370432701124 0.6962575360634019 
4.194850641104993 2.9943630692724463 
1.61174779429002 1.35488163106295 
1.5057392956244686 1.2626563443981562 
1.4568536808083685 1.8747961633437435 
1.5512867733801257 1.35488163106295 
2.6142988713022666 2.545925006212457 
4.415960923102106 2.999993931998006 
3.556060040207614 2.9998555454372755 
1.0324631154194468 0.9669092530864526 
4.570822767632463 2.999985312008686 
2.635429794148035 2.4276301774047524 
2.2377853751359904 2.0253797085310685 
2.817993518346924 2.8956926720565987 
2.8948495166999866 2.9455844083107503 
1.9444284391022908 2.1503213468052733 
3.0062227458523925 2.9695148715484043 
3.8399629167366327 2.9947641514746586 
0.39714035541894255 0.42459305819867943 
0.8288869049450949 0.4975222055575258 
2.2160804397939735 2.200603892215722 
4.307340945239343 2.9999108146261815 
0.05863734633965478 0.2008966203800504 
1.5432716930549057 1.1579893587232086 
0.21853563726078373 0.30648621231701756 
1.6042461162689223 1.880459731365228 
0.8662723510587309 0.5495352068845871 
2.651315751750076 2.5932129246172715 
0.8703218956633096 0.7786085272779317 
0.4925233522137631 0.580421690111784 
1.0655272271076173 0.8036853755602832 
0.12883441101233306 0.4584070151411882 
3.963276882985429 2.9943630692724463 
0.7481918098498245 0.8036853755602832 
1.1138072243004853 0.9724854817777806 
0.8419108832155238 1.306225973545913 
3.706557795057594 2.98826150856877 
0.1179344877767361 0.2008966203800504 
2.8378211535522886 2.9734246667382394 
4.655782110160667 2.999997621872662 
0.5198561100696251 0.3890220018374271 
4.72614515814544 2.9999999999757723 
1.261103017708705 0.9693941701309593 
1.957790341117192 2.206299307383608 
2.3939054977166068 2.3025591846027478 
3.5368527683717055 2.9371502551879187 
4.826187332588356 2.9999999999757723 
1.7206125333240943 1.890621852278211 
1.5432716930549057 1.1579893587232086 
1.984442722954412 2.479889163605884 
1.1983996652126372 0.6932705883513712 
2.519460993226649 2.2999130317712795 
2.401378867407231 2.181527269891322 
4.337521782633328 2.9939721685208376 
2.510632488926687 2.4774752712402193 
0.5721179378829668 0.4523935672524235 
1.6924591763027124 2.0928042527610033 
2.488568503169601 2.2999130317712795 
2.309854558630825 2.2354349759097714 
3.3400587606385352 2.9856847151571637 
1.3541235948331765 1.0466540938240825 
4.031642177634964 2.9981405852728704 
1.192063529469921 1.1391565384255848 
1.6305764570899866 2.1971336249068782 
0.10813360549905782 0.03019384615669335 
1.81928096225396 1.8747961633437435 
3.162368318232062 2.9587996538740526 
2.614676102477044 2.9565297455360677 
3.037061586095539 2.483960692580654 
3.698018730483306 2.939675481760254 
0.023093961946582864 0.010246899412882593 
0.24048403408843555 0.17248045164589398 
4.410959392454824 2.9999977494960044 
2.02152776482514 1.8747961633437435 
3.238817495984106 2.999799517062284 
4.874210280662213 2.999999999997155 
2.1576086435890565 1.7689486037572992 
0.10813360549905782 0.03019384615669335 
2.3969374012747493 2.3111218448984894 
1.1138104597277863 1.173669605201721 
2.4780088798127395 2.428264228593949 
1.6764010645619496 2.0387563651227385 
4.130765385896654 2.9974731162989103 
4.602543978439953 2.9999999999757723 
1.9527696456902226 2.0387563651227385 
2.649309338739034 2.793335929886249 
0.8302420032701885 0.7435794817970182 
2.6683186792537628 2.7064494783228903 
0.24048403408843555 0.17248045164589398 
3.094743201204496 2.975234995065679 
4.715749382064189 2.999993931998006 
0.6247134754204939 0.7575248051523534 
