4.999999999183789 2.999999999999995 
4.999999999183789 2.999999999999995 
3.2065999855390714E-10 9.320322291728189E-14 
1.5599804517312275 1.6440279470096337 
3.048389445815131 2.9312824402964957 
4.108128044721644 2.9804115324904625 
4.249065142719887 2.9999775637776724 
1.0031392600655176 0.9725229482162167 
2.3516604695900147 2.5228485687630355 
2.3689189481123942 2.0841079178516284 
1.9082505680757111 2.0591930061799486 
2.8239068235192937 2.995947501834265 
2.7674272355713816 2.903340502439159 
4.459481784332745 2.9999835209159436 
0.4776224938329579 0.31925050132461863 
1.0902304211164124 1.0536103974777498 
4.576053193252584 2.999062867721437 
1.892702528794613 2.2913834743556167 
3.8731631726002242 2.9980641075629 
4.906166812207623 2.999999999999995 
0.5068071325097104 0.4273800613351717 
1.4515608282495258 1.1527494351687353 
2.517488460873839 2.2176030851933297 
2.7648697869772136 2.6763034589190604 
1.5580506033650043 1.7283343713592667 
1.8817600436616189 1.9410901509993401 
1.4405809975177877 1.3324911274456928 
0.06186061735121473 0.12212854089620828 
3.5469184966312377 2.893341082729032 
3.1403592255604487 2.9999039008163253 
0.033641747359747065 0.03157970005098369 
3.620353830046179 2.9965967299002956 
2.253324965184783 2.069525067377688 
2.864165526189601 2.909158709807245 
3.3747788148624354 2.98988855162247 
1.3445748472397234 1.5277506592782117 
1.7350970559157122 1.6446966204207638 
1.2419411937341511 1.2470025740968393 
2.3007471006141023 2.8632814713093584 
4.314570254240506 2.9929527543180297 
1.234574572951383 1.1026400466094999 
3.3410732064207065 2.9573732257455214 
0.910206724925101 0.7166653887345487 
1.5003873256092821 1.516732534333626 
1.3835490610916712 1.5482498883101559 
2.2080861247243133 2.0875722420004306 
4.031731130378805 2.991193206122066 
0.8796829678243402 0.653949756650866 
2.5780129647526526 2.9841313107976113 
2.4592458644851938 2.2067093737325774 
0.49554221370736495 0.6203017073122816 
0.9691550389700181 0.7166653887345487 
4.741038259023931 2.9999999999999822 
1.900435085938093 2.145532701659949 
1.5003873256092821 1.516732534333626 
0.27443735130974783 0.4249146503196932 
2.4597039954778634 2.9040210421625674 
1.73706046011975 1.7055301145358441 
2.341144778082204 2.2101428297062955 
3.7132842106035797 2.9965967299002956 
2.366276094487105 2.204661401114203 
0.5574197955867776 0.7327805506429015 
2.5797581172550133 2.9841313107976113 
4.999999999183789 2.9999999999999822 
2.7648697869772136 2.515605605003748 
3.597913670898268 2.9443648640866753 
3.974872127238984 2.990599191168837 
3.516741705771923 2.9999134673055483 
2.3007471006141023 2.8050808870902415 
1.194211720673183 1.208601956551243 
0.8317826200250409 0.9343611673153391 
2.3657920189314736 2.5960607247488703 
0.27443735130974783 0.30908738692985194 
0.28451988218382784 0.7327805506429015 
3.6904991438519907 2.9999993856729312 
3.2203750710334544 2.9999039008163253 
2.308342903037583 2.7514925691581062 
4.393740310303603 2.9971810766294333 
4.627565987756371 2.999062867721437 
2.341144778082204 2.9040210421625674 
4.697960224315969 2.999062867721437 
4.374239197130111 2.999908808556401 
1.900435085938093 2.2057689101302422 
3.1315965077766355 2.9312824402964957 
1.8331590666729851 1.828994099800287 
1.5409489660895954 1.1527494351687353 
0.5080619493208705 0.7381684583725965 
1.524744976669158 1.1527494351687353 
0.19380101190138393 0.2127113365309526 
0.06186061735121473 0.19791038088051605 
1.8331590666729851 1.9032955613144005 
2.256119071735388 2.7536530796212215 
3.2341820417397598 2.9999615636893915 
0.8317826200250409 0.9716480747870267 
1.2345831733231356 1.016720522519258 
0.834662409897921 1.0536103974777498 
1.703080080706732 1.7982033875680887 
3.080772128259627 2.985484503285899 
0.14771381774175651 0.20517222506246013 
4.659325053078538 2.9999134673055483 
