4.999999999423921 2.999999999999929 
8.07030120508756E-9 2.1778722159027097E-9 
8.07030120508756E-9 2.1778722159027097E-9 
2.8562902140253676 2.987454534868942 
1.4553704635297589 1.4069165413553795 
2.5240515544186173 2.9375214912381 
1.2576564449823309 1.824009763767887 
0.5432753335645426 0.18200848328822272 
0.10141263844692627 0.11927975965502402 
0.4477241079358168 0.7982369828853798 
1.4133773005539036 1.107821712703203 
2.018894737006874 2.179637863185878 
2.715300526622837 2.853245420485575 
2.9954296698363394 2.995647925679255 
2.4641521658364893 2.802095448648164 
0.07227703105412331 2.1778722159027097E-9 
4.69165825696999 2.999969483144441 
3.593724568825401 2.999997641468243 
1.4386673524758842 1.7361234670329961 
4.218905472298409 2.99817603993953 
1.1382905367736207 1.1468337066965375 
0.4247006973342227 0.6393725578545354 
1.9884121381518511 2.1404317343310044 
4.790805196282294 2.999154784539779 
2.232104647374384 2.916352718055901 
0.4503212295026666 0.4011661341816051 
3.1312337830026773 2.976854277274141 
2.7139187633203607 2.997910979470283 
2.4296588086432633 2.3153864113394946 
1.740349472876022 1.563853664364582 
3.985556407613621 2.9979864803913765 
1.7998781410037983 1.922348059222918 
2.115707988106068 2.210897005561254 
1.0375191941545039 1.3588748443824348 
4.879593321713859 2.999319521254681 
0.32077823062555666 0.2751523368198712 
1.3311264917778418 1.3215268911241327 
4.955730637330834 2.9999794079269586 
1.4839535220312996 2.1404317343310044 
2.1160317875266004 2.311865737510742 
3.775211327855573 2.999978940466691 
2.316192834374142 2.7165350243682425 
4.553805486443656 2.9819319483053297 
4.32793256899004 2.9773032675670215 
3.1841918114813463 2.9956523213227078 
2.4797978705548975 2.4307938339426705 
3.7082900670655796 2.9999980533856188 
2.7246107004045674 2.9997775023688416 
3.504952563709474 2.986744602515781 
2.4641521658364893 2.802095448648164 
2.6505142714358088 2.324296135179689 
1.987919128294763 2.626896666759193 
4.426946084404174 2.999154784539779 
0.2925420382312008 0.2742475019761035 
3.65727056894653 2.999154784539779 
2.0711807495399728 1.9628477830789126 
3.031049398569929 2.999190106465107 
3.8329286512264855 2.999928923939367 
2.36537443362285 2.741693206543154 
2.0244172718536855 1.4655850815465388 
3.2563856414175594 2.9760762000851155 
0.8984164491959815 0.855215445893597 
2.2587959081372126 2.274896646087651 
0.6637124120026454 0.635999469931454 
3.295415931974866 2.9988192115614933 
1.0224119615605025 1.4151483568046463 
2.2186959226378056 2.626896666759193 
3.8904387767656265 2.9964386841226256 
2.5243937171219004 2.997211389385954 
3.955705539453466 2.9767399446291765 
1.0508904072243714 0.8989444712108209 
1.420314823270172 1.3215268911241327 
4.33692975508322 2.999154784539779 
0.9301869747908054 0.8577923601057921 
0.8127847395307328 0.7670771917885348 
0.2795648269644383 0.1510844749889309 
4.631285488069497 2.999999999999843 
4.833428808927422 2.9992249856704545 
1.9393271839179835 2.0356868865737443 
4.404959513828368 2.9947209795672007 
0.7587023928106608 0.7091123320763402 
0.12127948957197732 0.2014760512023415 
4.070100592147544 2.999908446724199 
4.601792110151876 2.999999999999843 
0.543801881874336 1.1078065706373603 
1.1382905367736207 1.081526994168672 
0.3027503771867088 0.1510844749889309 
1.0443796063916486 0.8226296184943057 
1.9431819490519873 1.839721410929189 
4.073921481111144 2.9994646977440986 
1.9878638193516145 2.626896666759193 
1.7050127540575892 1.4151483568046463 
0.7672674184679907 0.6121716487871658 
4.152027173274051 2.9999139567938204 
0.13382782559027118 0.2021796592094928 
3.417422250023187 2.998849313138696 
1.7727863797188783 1.7963651577742894 
1.0520714675181781 1.0919336724286408 
2.2587959081372126 2.137733566951827 
2.0465217362057824 1.8529307997058304 
