4.999999910483039 2.9999999999718456 
8.576223620160306E-9 2.0061746708321948E-8 
8.576223620160306E-9 2.0061746708321948E-8 
1.8087542859612884 2.192660962051785 
0.6208959176566646 0.1698630146883826 
0.505280483934393 0.562382493862469 
3.758880682505728 2.99636425307241 
0.10214933751008204 0.21821632260311918 
3.8835311151937533 2.99636425307241 
1.084953214321279 0.9327600049501205 
0.7588418535687657 0.6608173437730763 
1.6037739466102525 2.1251361112881075 
4.919382004210318 2.9999662718631424 
4.336663172740187 2.999979418584039 
4.766312204865182 2.9999662718631424 
1.9796533091558368 1.8688368716520705 
2.1298462820078177 2.0980976195403014 
4.8411634898745595 2.999983402526116 
3.07632056445062 2.548092005975073 
1.7300391515197884 1.4122826241706434 
4.16238154695828 2.999990923840077 
2.509100021471909 2.65257957460602 
0.09250586178160547 0.05155361655447899 
2.431450138947609 1.8722797272228582 
0.774344272101951 1.0062507275175265 
3.547135631331164 2.9996137010677764 
2.3564626402219235 2.1242342028090455 
0.442886367771933 0.13561466164417013 
0.9891658479056276 0.5335005232612674 
1.9796533091558368 1.9379214868269359 
0.47068153278047986 0.16914141004800354 
4.683699838076417 2.999997898389941 
2.2549943559834325 2.4683323119455527 
2.416942720332689 2.6508379038979215 
3.74819598349122 2.8894700416933716 
0.35825781744560514 0.3891788927211428 
0.8761041534333954 1.002375102211762 
0.9993052280823387 1.3110875883912154 
2.2329339688923318 2.6564904736745234 
2.5611956884143865 2.7205045830631778 
2.794508899492363 2.9956272339845937 
2.4666464721689207 2.490079598762597 
0.1988525068274294 0.2665592589977306 
1.4286219655214976 1.0958273434607508 
0.7031619445452775 0.9791440265953886 
4.64075277002462 2.999058871574172 
3.083277032262071 2.9190192350523976 
2.1298462820078177 2.0980976195403014 
2.5134302865023046 2.142203294241822 
0.027036849165441135 0.16914141004800354 
2.5525011959783983 2.6690626538561455 
4.574119766090987 2.9999849095793985 
1.729209826041492 1.7246392142158733 
2.3095444420676143 2.2302587620511556 
2.516088588126438 2.0817711806135635 
0.7281969232092528 0.5672306832275893 
4.123824884030366 2.9776349571033194 
1.4188545446859018 1.5355470326930947 
3.231756360415436 2.996924639975939 
1.6034333709327073 1.4697948677825388 
3.4778506090999937 2.946338224450613 
0.605510789686715 0.9804230821769337 
1.1578374307468466 1.0431955556908912 
4.2490090436976375 2.999984569875851 
1.2885207518531985 1.3110875883912154 
2.5525011959783983 2.243787636427914 
2.7374433985003086 2.611997038580526 
3.2712142324348896 2.864063761233208 
1.0803295115863856 1.044188545307202 
3.3611587163144168 2.994843335478142 
1.7094951816365986 1.5331480774903703 
0.1988525068274294 0.2682160641795531 
4.057533647212775 2.9776349571033194 
2.5113849316309262 2.997924692399305 
2.5113849316309262 2.997924692399305 
2.2185572643857157 2.1675846032596993 
3.001953538503696 2.8446128527599575 
3.2651980002699847 2.768919438159368 
4.2507227745149905 2.992247425956501 
3.5006057907441015 2.999342275381136 
2.307658534876826 2.5189289075854977 
4.532637610611619 2.999979418584039 
1.9611065872401499 1.6425762824621084 
3.0186432869242963 2.8991625355674513 
4.411689093233793 2.999983402526116 
3.74819598349122 2.8894700416933716 
4.490870627675814 2.9999849095793985 
2.577774930438072 2.8562944636427443 
3.212351721251183 2.994843335478142 
1.6916044897071592 1.966399611985747 
0.7072422159064861 0.9355363144912016 
3.9669177913695393 2.9999986427701146 
3.9669177913695393 2.9999986427701146 
0.880849071895986 0.9704108783105119 
1.413156612083374 1.9869952158108704 
3.3306013408723 2.9999451633758487 
4.410230053679657 2.999979679831272 
1.4246911056475193 1.3517241730816978 
1.3571660385463664 1.106924189182977 
1.8559790894836157 1.4697948677825388 
