3.671803361360304E-8 5.798762248154787E-9 
3.671803361360304E-8 5.798762248154787E-9 
4.999999999633517 2.9999999999994755 
1.6874651151615483 1.578710245313602 
1.82705359031825 1.6544234036740577 
3.7434056421635376 2.9999829799649897 
3.6116970816483094 2.9999957381279447 
1.6874651151615483 1.6361804555466941 
1.4796130791200157 1.5833207980762625 
1.4229850818803027 1.1491599291482801 
4.120228146137766 2.995891542016489 
4.652752612793441 2.9990126843252334 
1.2491466028622287 1.450340527972174 
0.10070964014946607 0.02856647733998774 
1.4941435604378361 1.556200710747852 
2.224016378482479 2.4499434594289085 
0.4749992326063708 0.5492812686592774 
1.3733832358224332 1.4937273633569588 
2.103335989574468 2.655896121806098 
0.7638142473178802 0.5585430460713017 
2.9583741496342433 2.8964967374723702 
2.963544105049699 2.7637175985028035 
0.13156226271932603 0.39174289434586107 
0.8505085067303257 1.066806820702186 
4.19434498993169 2.999954347471791 
2.300450377482952 2.279009343229213 
3.8321166192592213 2.9999781260125067 
2.7923037984126364 2.4456547972156555 
0.6512961915115768 0.5799451473239681 
1.7642791535987077 2.0568635269057918 
0.39147746275840456 0.5477398846671554 
0.8269987487617443 0.8741391132264125 
0.3184399785599038 0.29919987673456516 
4.530127894980701 2.9994669172558237 
2.9285283011250387 2.247716436032327 
3.429587674326532 2.998145555534409 
2.150600273177334 1.7613902344901164 
0.9907175270045226 1.0590960498300657 
3.0133716410134763 2.7623922748755194 
0.3184399785599038 0.3665477682966791 
2.2894389466485308 2.0406551799191592 
4.016115478816624 2.999914281762751 
0.7462002107693787 0.7818914411334176 
0.49987643027605644 0.3608167260443951 
2.845608408767539 2.763147728924066 
4.71324623146529 2.9987654852750234 
2.261502235785067 2.838706405090784 
3.1491602201867335 2.993544236837627 
1.3344842121605374 1.1491599291482801 
3.00396077934892 2.994192238617486 
0.5499914246991854 0.5945974291678192 
0.12650139331756916 0.09703210856903766 
0.22781680796332737 0.1969182976315077 
2.7423773845346346 2.7848749946078293 
0.8525823910337523 0.5737738278640081 
3.1919539871111473 2.993544236837627 
2.163919202071584 2.0706941101188923 
1.9019477298465053 2.0568635269057918 
2.0378686081990303 2.371448634997223 
3.8996342579665817 2.981084673693619 
1.27367618267752 1.1685461072905923 
4.812469703222815 2.9987654852750234 
5.767534068408242E-4 0.006933985084390248 
1.654627543979009 2.10572661651375 
3.411852378866632 2.9999813820819945 
1.66390300061342 1.9128274845433055 
1.786332689489131 1.8734969905492913 
3.541052002406931 2.9977422074406666 
0.06409476949830673 0.266444031407975 
2.004465809695726 2.0568635269057918 
2.013320788111617 1.693212642463184 
1.3011730946034077 1.0613999822526665 
1.9474509317493962 2.084276668649003 
2.260415997548321 1.8717789885128107 
2.982694088527724 2.962991503676922 
2.2882933813871578 1.8717789885128107 
0.49657242891764125 0.2693216649725564 
0.8084130551142819 1.0233450689030994 
2.464825155836578 2.5025624108825957 
2.3390105803234142 2.982676443740607 
3.3505187677224066 2.9726939593735935 
2.2074023165215664 2.071966637186449 
4.375893381841324 2.999013094448499 
2.181447074384094 2.838706405090784 
0.12650139331756916 0.14141337316307834 
3.9359521000637416 2.9994669172558237 
2.464825155836578 2.9668349611089675 
2.628749432141715 2.767019389699258 
0.7087866793513731 0.8844451101345443 
1.3242538999515623 1.450340527972174 
2.1622218295474913 2.360647172188047 
4.448431709395429 2.999838025707133 
0.6589630932171964 0.7931089641853318 
3.541052002406931 2.9977422074406666 
1.1764672816163717 1.0424183384505086 
4.283105103061795 2.9749888321079303 
1.0922999769321693 1.049564684542936 
4.530127894980701 2.9988775392358082 
4.931572024619933 2.999009682279554 
0.31820041542224575 0.4778891480630696 
