4.999999999652829 3.0 
1.0013038620471093E-8 8.279110451717142E-8 
4.999999999652829 3.0 
4.712033582530712 2.999983070467769 
4.394120907042235 2.9996782344812436 
4.555958838743239 2.9999999999999987 
3.8648922277523448 2.996468255619776 
1.435867204736784 1.4555104007257431 
2.4960255470394057 2.6416028152676754 
3.989886099249639 2.9950770569263927 
3.4791771468827215 2.9966596206581833 
1.545045861174136 2.0961364019772173 
3.1057078558188476 2.84086808934728 
4.848720454165876 2.999983070467769 
3.355313034164706 2.9692310863245326 
3.3125738613308937 2.9148506696584096 
4.613109795509197 2.9943045310546244 
3.1218190644876995 2.9956913853412757 
1.0223210680217871 1.4813032212656387 
1.9062142323782427 1.5897404984413503 
0.9496228465111434 0.9879110651024311 
1.6538370660534154 1.459701905756962 
0.05507550686703366 0.05358767386178276 
2.038343939346366 1.8817236862949591 
0.4892617068300046 0.2587839704463994 
0.5638165943717085 0.740943977733517 
3.0231385210665627 2.7324255901964856 
2.1289874004779508 2.2721632765783975 
3.517428367577917 2.9964213198709615 
1.4094621332343673 1.3601984117652977 
3.7129867398438146 2.996040090331066 
0.5638165943717085 0.5780853654509844 
0.902326844367443 0.9679754445230874 
1.7444283344280187 1.5897404984413503 
0.07568839824617513 0.19222301083221183 
1.728863783958803 1.5252120397502873 
0.16154189853378376 0.19628958127919227 
1.9433455926113183 1.8731448363729728 
2.1289874004779508 2.070140442073943 
2.6312398824777716 2.6580327737371165 
1.0869014010481035 0.9671295644160642 
2.748009397235632 2.637871724470598 
0.12428827230052808 0.309860602013585 
1.1030333225780877 1.312765008698039 
0.05507550686703366 0.13228195771038886 
0.46044514931187 0.4139616610703671 
4.107100428446619 2.99977142384238 
4.047561577913016 2.99977142384238 
2.8399582035467748 2.7973674395571164 
1.019359359473131 1.577140285561108 
2.8308181233020386 2.7454222246223052 
2.1525987293071562 2.349169674241561 
0.3668995219836555 0.32918262562447076 
1.5729899764420074 1.8488258456914863 
2.8770269940535327 2.8280024219202806 
2.1289874004779508 2.6126464077006295 
3.6192654074218815 2.999467141158178 
2.2409282268854067 2.1051722963273547 
3.0525490946057428 2.9956913853412757 
0.7108804457736785 0.687390726428813 
0.2092242181924417 0.309860602013585 
4.967329712979692 2.9996531762014866 
1.9877670310371482 2.0983658536295873 
1.4094621332343673 1.5807442490086756 
0.19403140196058655 0.4098927219231743 
0.4232502057240195 0.6311404210142006 
0.46044514931187 0.5568896539054906 
2.7879578398085547 2.638940390967983 
0.7325266349114453 0.7781432123091567 
1.0294480673961943 1.3252791650623998 
1.579536475344725 2.119639562315694 
4.901447369595686 2.999983070467769 
1.017093026647968 0.7548306737246193 
1.0604387028464652 1.0312869016236823 
2.8579948165060416 2.9981632677398973 
1.1810940359181077 0.9849739859870987 
0.42267019192700983 0.5088491840741478 
4.180264402822356 2.999999999999999 
4.260322981971302 2.999999999999999 
3.62809479275215 2.9994844121100512 
1.0213624498041929 1.279730153849585 
3.7760446098333684 2.9980037497188325 
2.8579948165060416 2.9986465044183666 
2.106830143809426 1.8731448363729728 
2.4498112450910217 2.3687257724526867 
1.0237912046951685 0.7309326379765132 
1.1978180964615943 1.4487466129606 
2.335425931863222 2.6013478786687743 
2.0444633258818445 2.23479823101994 
2.847579999458705 2.6431267631116593 
0.6217899690882812 0.9672103023637545 
0.7026374088001557 0.9701473814790867 
0.46741277462527303 0.7548306737246193 
1.117097489820951 1.1341845254508363 
2.538503640898808 2.7075495190539773 
1.2695586802952372 1.4265351781137232 
1.7444283344280187 1.522169295424045 
0.879317994138755 0.7868844871992499 
0.20040128499969856 0.36782934887257557 
2.335759810820841 2.6730840096687283 
