2.7990942896849447E-12 6.998990276230188E-11 
4.999999998073248 2.999999999994447 
1.8492838501027622 2.2617229701185497 
2.038886217083637 1.8514718940850043 
0.2763821819296144 0.3566550353668225 
0.6567029850730638 0.36927861513290205 
3.2257403860274443 2.8727926245247604 
0.8330021615371632 0.7551757197637737 
1.475479262160344 1.5487158392720803 
3.556859533640239 2.9942553802997707 
2.8740668142541552 2.931376685317126 
4.156851960887126 2.994160847399865 
2.0409369953754863 2.302562760879438 
0.3998218157453183 0.44801241279335635 
0.8033371547663618 0.9261464215948816 
1.5028006998500472 1.3864003099499376 
1.8492838501027622 2.3784554107185985 
2.960208045377569 2.980813342122093 
1.8062055398247674 1.528950679280113 
2.7164392440607 2.9692439599222813 
0.41230603158191703 0.5364291623598081 
4.319634621833245 2.999999786626707 
1.1053847031196065 1.0845787682455836 
0.7249618657101091 0.49022083501809 
0.6469681489745784 0.774296198471371 
0.6932854505766847 0.7928190363943346 
3.4322667389768364 2.9915679048860087 
4.444020173051259 2.9989903152861843 
3.881138967071446 2.9692439599222813 
0.8387160557885305 0.949394606518636 
2.074201644433284 1.5487158392720803 
1.2311139995437024 1.0409821573788158 
4.562626910953487 2.9765551948706603 
2.449721387720272 2.4799285331713863 
1.3251386115732766 1.236760694865642 
2.6789820956412 2.6492086631898637 
4.597211861302049 2.999971807426239 
3.6213804948650883 2.9942553802997707 
4.858361475406578 2.999999999999118 
2.6879511701702334 2.9575291116112195 
1.8648834020969889 1.3721554418862763 
0.2763821819296144 0.2477276777293982 
1.1057797712218618 1.52640858863446 
2.142868423894284 2.5606207670529337 
1.8648834020969889 1.5487158392720803 
1.7364068554659582 1.3721554418862763 
4.780650976871155 2.999673526522112 
1.139482856966049 1.2311910925872067 
3.3178767532519 2.997577256406229 
1.780944986623865 2.3784554107185985 
0.04463671825329096 0.1507734771019168 
3.4150008034295287 2.9994594638804024 
2.418422955582696 2.3831205338180714 
0.82497857044943 1.2285509115626805 
0.6307757660125275 0.6880071038944507 
1.8504319366143194 1.6865692669282817 
4.050950660887175 2.9999999832739386 
2.390682235071877 2.983326202339261 
0.13826742512262485 0.27903632092132646 
4.7527487980813845 2.999726864683407 
1.1053847031196065 0.8877333361532018 
2.4418667918751296 2.561697103284682 
4.890633143033202 2.999999786626707 
4.254350634567594 2.994160847399865 
2.038886217083637 1.8092973969229078 
1.2000826946089282 1.2026157972300562 
2.1688667013728136 2.2503307743165553 
1.3251386115732766 1.4069454520132036 
4.6737344996910135 2.999999999999118 
1.113150805074517 0.7835296322520682 
0.07461858041730396 0.23047909751318243 
0.9958635864616152 0.8877333361532018 
1.4387930705427587 1.3633542803051308 
3.775000894928509 2.99947539996163 
2.9103446125472603 2.6521754043406878 
0.3998218157453183 0.44801241279335635 
2.449721387720272 2.585909918430149 
0.22896910854505537 0.34563523228224635 
2.941994593191832 2.931376685317126 
0.2726737215740106 0.1598447390370345 
1.8062055398247674 1.6565568906104131 
1.5099989431043364 1.1820249442410682 
0.08637149950796053 0.15032729909124032 
4.9511193273352445 2.999999994001131 
4.686265975772127 2.9999994531461622 
1.6268722635948536 1.5252138727119346 
3.9845729825907483 2.9935763432053935 
0.0303990801459616 0.071615889030614 
0.02215844347254714 0.071615889030614 
1.8426658346594114 1.8378184502227854 
2.603315803195584 2.585909918430149 
1.8504319366143194 1.9307602917827094 
1.3251386115732766 1.1597459096609242 
1.8062055398247674 1.3953882641624844 
2.9118361028841138 2.5224360106866435 
0.7249618657101091 0.49022083501809 
2.0409369953754863 2.474649546698058 
3.1576380526790433 2.9984397367253774 
4.223903046732094 2.999903050694865 
2.463450940008357 2.6348496583442063 
