3.811857232638438E-9 1.956182993367861E-10 
4.999999962827397 2.9999999999983875 
2.2411768771717124 2.065385935903119 
1.7692561836814547 2.1082691075731734 
2.1522004454082433 2.0425971857665792 
2.1050750353286274 2.335825006948554 
2.789557460937778 2.591980961659368 
3.9311341595334577 2.99881869608604 
1.6074980320810406 1.1946609963895942 
1.7115415099974973 2.2765641884405765 
1.6128977498437418 1.6614694969777581 
0.4500274803358902 0.522694984108582 
0.21146387976965242 0.4788535152952301 
1.0612132292245067 0.7766193678392853 
3.1675778857100694 2.9949781917162857 
1.765422204506511 1.8751547351595663 
4.806206517692006 2.9999915863216433 
1.3821748880905205 1.539079931293509 
4.057782779730014 2.9999959175154567 
2.347239286571063 2.5285117343286383 
1.0177186683478645 0.9329492223165811 
3.3113709618732883 2.9999405294279313 
0.11769348729116746 0.13898941505897644 
1.6128977498437418 1.5162361827886555 
0.2749369571766733 0.2179697420793687 
4.558150435130787 2.9999959175154567 
3.6718144464903104 2.9999959175154567 
0.8664640361033088 0.7137538330283739 
4.667688294947851 2.995804844535799 
1.1662319802733254 1.5387885281442912 
1.3826405108873812 1.267325505016932 
1.6644224976549284 1.9007796942022774 
0.35684940850650704 0.8620450301565454 
2.650011924664022 2.5987050521310837 
0.3267615266055599 0.5146438607512777 
2.6837131290539142 2.9530506413047792 
0.8414302878736983 0.6027101430972978 
3.1372371916613453 2.9059289847850804 
1.832862724214964 1.9249347951502815 
0.11029982845344555 0.2796882156701497 
0.7290912305630339 0.41605615154239406 
4.735777251259237 2.998384780396417 
2.23483378518035 2.4247023185906884 
2.294797433783784 2.4999879012916604 
0.9525874876959519 1.151978255664314 
0.8528032578363837 0.5028945585760297 
1.4877582945924448 1.5387885281442912 
0.35503431401738605 0.2135478365327641 
3.145811084553832 2.9949781917162857 
0.8674388656344773 0.43496041082432757 
3.8123477659076963 2.9996856823062976 
2.688009504309305 2.4393169270515003 
4.971703806982801 2.9999999999996585 
2.5295486163307253 2.620055796343543 
3.032528531282304 2.9812986710608076 
0.3267615266055599 0.5244299430838554 
3.5940818630846545 2.9987156054683695 
1.1681160534889128 1.3855357502132146 
1.7574180712407474 1.9864763810102004 
2.1495094350372135 1.9332282363495206 
1.1948681636980067 1.2919837888215207 
1.2242154264925893 1.1535454626165604 
3.6718144464903104 2.8640006718056616 
3.016989054957002 2.91533440193274 
0.28290728350050487 0.3519199909360008 
4.891795558159912 2.9999950060263343 
2.8526347402682104 2.9968946196124637 
4.33377913830113 2.9948052610789446 
4.153479474276172 2.9985046059178133 
1.233265298174732 1.0854637255801616 
1.7649368761364084 1.7280096540616452 
4.2543345855001515 2.999682730656558 
2.2147701613904687 2.313226311816227 
4.528096115287905 2.9840634804623614 
1.233265298174732 0.9170502741174038 
4.250706944340192 2.9840634804623614 
2.650011924664022 2.592798842112702 
1.6906167119541802 1.2858698246745668 
4.879822335582481 2.999019372610043 
2.725680793210505 2.9949781917162857 
3.4188749981175452 2.970564171830291 
1.5966641777796111 1.514192839183632 
1.2463274269977385 1.0075339705649982 
2.8395554652084707 2.7114975778699804 
0.05755216370555394 0.10456302854677724 
1.233265298174732 0.9800898069222302 
0.6698165194106772 0.39539718643225513 
4.163578022285298 2.99987653838237 
2.4886081842024037 2.5445739890336605 
3.4629931757751864 2.9984971056242764 
2.8395554652084707 2.7114975778699804 
2.845308503766427 2.6113479995219544 
2.6837131290539142 2.999677550756752 
2.1495094350372135 1.9332282363495206 
1.1512915766138445 0.8624778425945765 
0.031121102666349376 0.016087197994403835 
4.438230314687486 2.999319404060285 
2.845308503766427 2.6113479995219544 
2.9372519820794576 2.9708548209285106 
2.8648726054009597 2.91533440193274 
