4.999999992986437 3.0 
4.999999992986437 3.0 
8.382183835919932E-15 7.025120818404673E-9 
2.6334765368218807 1.9050718000557134 
3.107448456828303 2.992306374412096 
1.4618706233032133 1.216422987102014 
0.38144196322690405 0.2883092379705813 
0.9035611344371007 1.1546470748990472 
3.305021660028392 2.9067239776004516 
2.9771218516929445 2.992306374412096 
2.138079609470868 2.2828393426565023 
4.5805095042806805 2.997854180681899 
0.5746030916004001 0.6507177595353011 
1.8583606117990121 1.9495241495019868 
2.7128279981129695 2.773218546373374 
2.231292645560273 2.4528059273497367 
1.341078991016694 1.0520946901878123 
0.653697991404371 0.703544115064448 
4.325738383635061 3.0 
2.887581357751154 2.9382708239812443 
3.9899101716370353 2.9998396923698016 
1.7408838673677705 1.7375092532823349 
1.797433824420064 1.5273148645927792 
0.9803206058128175 0.9227295339831415 
3.9175836208626795 2.9724116537934298 
2.912659149361844 2.9922473203754776 
2.8752741906687245 2.8673440453714347 
0.36414621801008995 0.4325028707119588 
1.7074083915831084 1.8700469975939609 
0.8354453453833287 0.58471586930212 
0.9475889441616131 0.8378596281762292 
4.119323823875913 2.9928339431454205 
0.36499102160049623 0.58471586930212 
1.2541480763255533 1.4998361531386353 
4.240419943682299 2.9999350533722735 
4.460710387461487 2.9998396923698016 
2.0523663572555333 1.6301839470091974 
2.7205449533426966 2.8667558996004954 
3.771572191534504 2.9845155374410117 
0.5767592654987467 0.4447491469855164 
3.42867885204502 2.994986000091222 
0.026042864397652243 0.19044027108389328 
1.045075357858801 1.1546470748990472 
0.7650758714880077 0.8378596281762292 
0.6957398856502848 0.8220450114336749 
4.738565964804166 2.9999808262280876 
0.16885564679928655 0.291562573525941 
0.6101358899325927 0.48379515806670925 
3.858432588412402 2.9626297779960318 
3.5260399152012734 2.9957398251215137 
2.833100575384445 2.5733249236573434 
0.5746030916004001 0.5804213788211938 
2.0448378400085243 1.9495241495019868 
1.4568971254571994 1.673447757610795 
1.6778254236049137 1.365520518063672 
2.412734334419615 2.682173171294437 
1.6778254236049137 1.5398170946325158 
2.3700438437430513 2.6302677253470215 
3.9607480786204343 2.9999972156738828 
0.013692938495821538 0.10684586844341143 
4.808558118295473 2.997417402482763 
0.9035611344371007 0.9911136816936519 
1.2311718841923445 1.2798379832512976 
0.16885564679928655 0.16459490885689032 
0.16885564679928655 0.16459490885689032 
3.4762921391243067 2.9959555405478797 
4.873560198017237 2.9999350533722735 
0.5686341500829425 0.291562573525941 
0.2603270632863931 0.2883092379705813 
3.66406054390647 2.9999096353660497 
1.2348623629563424 1.2343678749162472 
4.625443721887195 2.997517577158013 
2.2436180714399665 2.1005170511529823 
1.7150183338373832 1.7833646484544436 
1.7430356615708982 1.2643810343236317 
2.3843176812554896 2.4772986650100646 
3.3658129507958647 2.9866930255675737 
1.5066889955125577 1.7703370453131808 
3.3031019689228875 2.9999965611346786 
1.6912614522293472 1.9571502767827358 
0.9803206058128175 0.7126093728287297 
4.9441592918809105 2.9999859724515217 
3.5996327329641193 2.982277422325217 
2.188326693937712 1.8621642684494444 
2.10496540588552 1.9818291338104246 
4.6660974089773655 2.9999859724515217 
2.043209568330868 2.674524135584445 
2.1896756936172577 1.9818291338104246 
2.0477944350991377 2.0959805827640987 
2.3722995931986235 2.6160511815986522 
0.031397462853503755 0.1551893259847097 
1.2897370157437427 1.8700469975939609 
4.701553261849305 2.9999350533722735 
1.5759815992087554 1.367593752099607 
4.9209516491117276 2.9999350533722735 
2.798797127657782 2.813515491064726 
2.5515551836504664 2.6160511815986522 
1.4618706233032133 1.367593752099607 
2.7495051489745466 2.6626344856278674 
1.3585702588125872 1.5465530784887838 
