4.999989396549032 2.99999999936314 
1.5542989117989237E-10 4.119003249591913E-9 
2.254611252824338 2.4855152094924162 
4.0584280292140935 2.994514251943059 
4.420718975541083 2.9999997846603503 
1.5173456609802747 1.5299998939173378 
4.902121532940375 2.9999759198332203 
2.499033015499446 2.5152448328377632 
1.971845126610262 1.7123740369445462 
2.666279547139716 2.7283763380632156 
0.42809939270552255 0.38240930289908404 
1.1697648863323753 1.494342480349744 
4.5460052973788505 2.9974315255154345 
1.0681984667556148 1.4534030242261498 
3.407841343301447 2.941266732164765 
4.234617804292088 2.995246072021795 
1.6828954776961635 1.5299998939173378 
1.724042704268903 1.8406435498471616 
0.26524649028387015 0.4140715889336416 
2.9542625154879296 2.7630996319067616 
2.237608438459263 2.2572370193690525 
1.9296254182613377 1.8544932544307273 
0.19709828380754724 0.30733051805924627 
1.2211059561324848 1.0012064797302946 
2.0912805530402503 1.9737956905411824 
2.6075534507404203 2.5152448328377632 
1.8767306176460707 1.4916633426436907 
0.3440626786278964 0.266174609547442 
3.5492692637066248 2.999751587327898 
2.8588647845665878 2.9991595955910095 
1.3380830433261168 1.12920405741504 
2.1068795185855587 2.139493801214955 
2.1031558105589125 2.339102992618785 
2.847060377818429 2.9514416721570216 
1.3612053375700786 1.3704974636632665 
2.0876388608742893 1.8903017652023855 
0.6705878823162079 0.4397560605871823 
4.590113340753818 2.999987196556586 
2.3080775728513623 2.525569699939796 
0.847194794746493 0.4487286198509916 
0.02584225560612985 0.09442449500526118 
2.237608438459263 2.2572370193690525 
2.518176654507555 2.997688220351744 
3.238244220714678 2.9996258349106197 
2.0912805530402503 1.7578713180924281 
1.9130288613955848 1.5829052659754157 
3.7688941022382645 2.9724103075254265 
2.0494850535086684 2.297891223794425 
1.7523579928906339 1.5134324447116814 
0.6583140083054532 0.5789345093578194 
0.6214523434319801 1.0523523715255034 
1.8838358438533354 2.0374696283173614 
3.6649825487137973 2.999751587327898 
1.1362199745809116 1.2025673942149444 
3.9620757984311217 2.998916884118165 
1.9192701998398618 1.5048678568272282 
2.3854993873624832 2.525569699939796 
2.9465747508055835 2.997776100825744 
3.5492692637066248 2.8858553321597302 
4.712792803314857 2.9999999987238755 
0.6214523434319801 0.8435571249723179 
0.6101357425735463 0.3883994628375932 
3.268377182759791 2.9967988103559215 
0.5158480416975265 0.3883994628375932 
4.799476317783972 2.9999829289970426 
0.22515697038938343 0.10434440045403504 
3.137753297705317 2.999797268397042 
4.234617804292088 2.995246072021795 
1.3602385515723663 1.4588417470970663 
4.999989396549032 2.9999999987238755 
0.6705878823162079 0.48575339449405563 
0.8728852753789372 0.9153123216180776 
4.329550554057629 2.999987196556586 
4.321151245255024 2.999987196556586 
2.867735655259347 2.339102992618785 
0.745530492636046 1.1553393241737426 
2.755854870183636 2.5152448328377632 
1.083502146099753 0.9749008787637398 
1.2631625477838742 1.1008133947193355 
0.0031452639819410377 0.05115206080297452 
3.169258441680136 2.8039623042579485 
2.658201093667776 2.969498201278772 
2.162084607659641 2.148831088508143 
4.7826351576161406 2.9974315255154345 
4.666181496742785 2.999999898811668 
0.745530492636046 0.78891912484826 
3.138690724645426 2.988973947901506 
0.22515697038938343 0.03648266110216991 
0.19761701766407616 0.23398401100583355 
0.8895716321859602 0.9661841705407672 
0.7130622667462513 0.6769543731581056 
1.3380830433261168 1.6223880043292485 
1.903025498668621 2.2572370193690525 
2.6517896056449057 2.5147986247614615 
3.9419392321039766 2.9991258970177754 
0.25902894315677427 0.1366292173188901 
2.1819034383226876 1.9534152631265946 
3.046604857039763 2.999924508970117 
3.069062272934977 2.5152448328377632 
3.8393749999344617 2.998916884118165 
