4.999999994427439 2.9999999999851505 
9.098846676103278E-12 1.9938778406114466E-10 
2.3445484284972156 2.5329932915751256 
0.5801645834825793 0.5659067040439774 
3.7022137425962165 2.9986169675349617 
0.427869823610343 0.39422570294756604 
2.531725004809389 2.6237815884540874 
2.5127234409236427 2.5569694513170065 
0.1335594803001246 0.12745595854588732 
4.310863236776284 2.998934560575147 
0.580516396640019 0.39422570294756604 
4.4882337454134165 2.999287629413585 
2.670862803811132 2.613156974391236 
1.4523220746779693 1.542896179205564 
0.03321870197288779 0.050332292200410134 
0.918079748343133 0.5099222530437726 
0.25051758960927545 0.36458323632700623 
3.5613755170271264 2.99859497209124 
1.5310884127377198 1.2604031170523826 
2.3284194283401454 2.461896715867643 
1.0495980740042956 1.0446936894676617 
2.2514386983854315 2.3716010554380373 
3.4262663968225935 2.999999999999673 
0.7286374629221201 0.5353700598865578 
0.2990597488467084 0.14247434294706907 
2.2761684596653824 2.2544962200917054 
4.610911235691547 2.999768981145322 
1.5626604980239054 2.1467496391491605 
0.30466148242308133 0.22350192280912884 
2.7134196707253464 2.9082545917833253 
1.9218101669019134 1.975138078017334 
3.142223230735564 2.8299745287327704 
4.237808360670062 2.9985923999067263 
0.918079748343133 0.6245372478137274 
1.779931016925718 1.8434931075382268 
1.6951718943600844 1.6541758786954643 
2.1802947558449937 1.9469774981122479 
2.89272793286632 2.9986841372100663 
0.977849486348506 0.6314608291406765 
1.6951718943600844 1.3996179300391312 
0.918079748343133 0.7779325083081385 
1.779931016925718 1.7902338403535865 
2.0776669492983 2.008270876816312 
1.2863466023172352 1.0969352910005394 
1.5130114463003166 1.187736158461104 
4.908305682545888 2.9999889414072722 
2.0979698506169147 2.1288862835037747 
1.2863466023172352 1.006232631749709 
3.6585160906898544 2.8530691913440465 
4.6981100303760055 2.999546507134006 
1.6457533999558684 1.8386116353590856 
2.2761684596653824 2.084705257794649 
2.837759211145353 2.613156974391236 
4.412660830915308 2.9931234863826583 
2.538174154694776 2.8493292496287816 
3.2869551364690666 2.922619332811148 
3.3683250801763736 2.9011704745638633 
1.3251199865472718 0.862435289419911 
1.8800031978124776 1.9056793971964927 
3.107925325463132 2.922619332811148 
0.8455536508687506 0.9852103650354669 
1.4959720366427562 1.4112076943132736 
1.4566962433385395 1.4241600763151254 
2.736037839188131 2.5999699844846487 
0.717321899377116 0.5353700598865578 
4.1837264094946915 2.999627120352881 
0.9706692603526303 0.946849168257488 
3.1663558637388385 2.993471352506831 
4.9975337578247085 2.9999999999851505 
2.784819990747489 2.902816181468949 
1.0072559780646497 1.006232631749709 
2.8485580096618226 2.917721342699651 
3.367422781740223 2.999618170205418 
0.9043133012410287 0.5494325646264321 
2.395444543231895 2.04241235072333 
4.101611952345374 2.9931539946622947 
2.7134196707253464 2.8313372441162152 
4.626962368351854 2.998934560575147 
4.016202997683981 2.999930899510131 
3.7793098289843337 2.99777781474318 
4.1444625771725025 2.997643521892974 
0.3825232034753596 0.4832963808595888 
1.9532682393550969 2.038512092053457 
2.242605130885917 2.4679158912958625 
0.5166261941315098 0.4157562511641568 
0.1919422518402112 0.1539934590843548 
0.918079748343133 0.8407668774083145 
2.079214334537711 2.383795910123 
3.8066661814578575 2.999287629413585 
4.886546799634141 2.99989901752112 
1.682330779701572 1.758678156005102 
2.2514386983854315 2.4416893499601677 
1.9592110047955291 1.975138078017334 
2.529794662548041 2.551750596458662 
0.25051758960927545 0.36458323632700623 
3.1225346935090634 2.9889842767103305 
3.0899007133587784 2.9889842767103305 
3.9109483932727125 2.960901784285062 
4.802549759096378 2.9997931731885785 
4.445184829706596 2.998934560575147 
