4.9999999824818335 2.999999999999985 
1.0115885906714084E-9 4.359013150434521E-14 
0.5543110635749551 0.40693315725102397 
0.39377356582288314 0.40693315725102397 
1.362469032058749 1.4282604982340612 
2.241222696492162 2.1932274948468127 
0.8364868190136325 1.2806390905539324 
0.1780861931084674 0.10447010958113745 
0.5706901285479593 0.4819295120035443 
0.6001101885898894 0.5847956666909848 
4.659954529946722 2.9999962224247287 
2.27377585495256 2.4561495868205148 
2.2640938569360083 2.360530937369487 
1.6136399869400577 1.6021535946000314 
4.8002724675857396 2.9999836553021195 
2.210960346063424 1.7769224561193075 
2.4045048018106328 2.9921694624363213 
2.492422828007558 1.8281575326807165 
2.4587764118335502 2.3538603403988643 
2.9612094578438257 2.992368717708749 
1.2485888036881998 1.3600016912145911 
1.363902476771822 1.3600016912145911 
3.047495054041281 2.8333159278890516 
0.16744281767126346 0.023488098007379277 
0.9756857895195764 1.270554101709229 
4.719075146832318 2.9999876723164234 
4.365173697676741 2.9999836553021195 
1.6327703863386487 1.3129234280407962 
2.2694401597514995 2.6350442252524506 
2.8193600370946768 2.2207516370203444 
4.547067176016799 2.999994566571767 
0.25709000682987604 0.2687138352854572 
3.061603866677456 2.9888834664003188 
0.16320570265798784 0.26324288147279606 
0.6852929509135168 1.0800374095767926 
0.7687627893668937 0.6281066104414588 
2.5037685266366543 2.4561495868205148 
2.639329928089319 2.8333159278890516 
2.615068051339929 2.665735176002506 
3.883592792140895 2.9712301038294524 
4.877414655771338 2.999999999999998 
1.7992607690981466 1.9588188499381856 
0.6624370984449682 0.6105507850940144 
0.8657727209486188 1.1571224357385181 
1.671306767526719 2.352331592454007 
3.7684602250889223 2.9972271693968278 
1.0809287346429592 0.7979037217515377 
2.6522653615724026 2.6461935693724574 
2.6125723354240726 2.5521980940049414 
3.3928500623654525 2.999999999999997 
3.564271632144139 2.9990565860843352 
0.45031278684108267 0.26324288147279606 
1.677602291010667 1.7023243213606123 
2.0280100206387908 1.8177569217654237 
3.9834624094185576 2.999999999999365 
1.1824042516735034 1.2086737121953028 
2.593666420048367 2.512414296178294 
0.799274270014419 0.6861554777894638 
0.5723282360166537 0.7567524447514709 
1.6989712800174726 1.3637026176717595 
2.1824545216843934 2.3538603403988643 
4.0805363888117565 2.999964947464479 
4.4583545861479035 2.9997386753820976 
2.126020386169629 2.128511938184974 
2.0280100206387908 1.8177569217654237 
3.6622348326973904 2.999192647369699 
4.294806311268351 2.999999591521774 
4.1774418606587504 2.971578716558033 
3.4444498035805236 2.9888834664003188 
2.6721619419389495 2.9930912594123464 
3.6622348326973904 2.9712301038294524 
4.435384151927098 2.999999591521774 
2.126020386169629 1.9941725241538197 
3.063370842382956 2.522170253515623 
3.9698676787359855 2.961233488752481 
4.206673257947896 2.999999591521774 
4.547067176016799 2.983037600257109 
4.269242896064269 2.999994566571767 
4.924197114222936 2.999999999999999 
1.8250791341853954 1.787116284738375 
0.8408975056334644 0.68302833400266 
2.849478703480964 2.6859663741936877 
1.677602291010667 1.7023243213606123 
3.206607129741244 2.9564458174126194 
2.176445750383155 2.0410284409928083 
3.559767260545773 2.9315286861777663 
0.6110382741763641 1.0214500084604294 
1.011864130811035 1.281277047963703 
1.1824042516735034 1.1622046189139208 
0.39973148580881956 0.26324288147279606 
2.3703707775995886 2.1733481843556106 
0.3189303187803887 0.1251609832983629 
3.889470977313805 2.9999629260965794 
3.7407050414737464 2.993238623188626 
0.7284962173915605 0.9663287529071434 
1.6342801970385248 1.8034687756249785 
0.16744281767126346 0.023488098007379277 
2.25647748089753 1.9005042163415922 
0.885355102253304 1.0951414428193806 
1.6742840096959664 1.9941725241538197 
