4.7112511336599994E-8 6.642335458773019E-6 
4.999999998157024 2.9999999999999782 
1.3303417351617934 1.4814591614343562 
1.6103880822699281 1.114216428027176 
2.0654847119467097 2.396325502391038 
1.4237223453409196 1.6456208847911102 
2.271136433630516 2.396325502391038 
0.3607841399946953 0.35000019288116935 
1.307180209316119 1.2179150799150564 
0.5521585355554995 0.7175510130256583 
1.2515725865772467 1.0593459938503447 
2.2362110175507466 2.631289877633883 
2.925165822236637 2.594745025997289 
0.2656448798596702 0.31801975100193525 
1.8894988821797252 2.0226442187758344 
0.7862447422028167 0.9207090517504246 
2.2145540079242005 1.9770378614638604 
2.243165967813928 2.0404791592204754 
2.9155596412566775 2.867082245235583 
4.808677361470609 2.999395380858388 
0.16953175356338385 0.3018516149676047 
0.6419186962584011 0.7742584507989163 
3.36193255837681 2.999762274542444 
0.30715622109379637 0.5624951104088601 
2.0085281542029403 2.0314673590168226 
1.5687657652264186 1.7749641787429926 
0.9385651585219897 1.0020173981963192 
2.369213923804721 2.615889941152265 
3.3601407299876263 2.941678715339723 
3.8462686221253883 2.999787242657332 
2.5557765738798697 2.886751698510266 
2.392792245753615 2.7702138260263003 
2.1756434840923986 1.9064398718184372 
3.9171938394337653 2.998106475772091 
2.9155596412566775 2.978351867681776 
4.695900883445952 2.999537528267779 
0.5126129034234893 0.3937567654105858 
2.5557765738798697 2.530400643186859 
1.6962952859347729 1.5891060508214312 
3.102250967917157 2.9518545892005466 
0.6453896804968206 0.9207090517504246 
0.056309612974323575 0.15336024346843524 
0.5360251165633597 0.4970186510772173 
3.7125166471499744 2.9964687636133585 
4.330545724249645 2.999965043543526 
0.9865626454164911 1.2462985859253484 
4.52748894859342 2.992278272207623 
4.890724887195297 2.9996951796246067 
4.733733337785895 2.9996360537136018 
2.324321432972292 2.440966572535298 
0.8145595511783198 1.0131522176647212 
1.8431910679984065 1.9420598925528867 
3.5159118445444157 2.948256645028768 
0.7868989922525864 1.208425593093315 
1.5060847142100042 1.9433438448721034 
1.8084637806339585 2.0226442187758344 
4.407473922222848 2.999711913438932 
1.299826465761002 1.1743387722691456 
1.4237223453409196 1.663542041473341 
0.5014189638909448 0.6569431259247503 
4.147638216506783 2.9996029183860817 
0.228889113640245 0.15336024346843524 
3.983152296774451 2.998869522522235 
1.9912228276277932 2.396325502391038 
2.6581997967676627 2.713899939729788 
3.1281485319576525 2.9976136376242386 
0.8670441449538959 1.208425593093315 
4.6074941613672875 2.999711913438932 
2.102884053999791 1.5947105183801282 
0.056309612974323575 0.23209159779318245 
1.3803200627332979 0.7782460677779715 
4.02138471210049 2.999965043543526 
3.4816794491943037 2.9982705606579314 
2.362975303040413 2.6588186346930494 
3.5718923169322876 2.989312331624397 
3.2438220596994585 2.9719165730637425 
1.4610105704008673 1.7339050357280363 
1.6441326837522654 1.9770378614638604 
4.890724887195297 2.99646187696215 
2.8542496908839956 2.7971388313462056 
2.998027846480129 2.9928908293268206 
1.4610105704008673 1.7339050357280363 
2.9373518129487772 2.767650568078349 
2.6172057709434684 2.713899939729788 
0.021529605435478216 6.642335458773019E-6 
0.10699298034265303 6.642335458773019E-6 
2.5557765738798697 2.725532824408387 
3.219116193740293 2.9446458152529296 
4.241411275074488 2.999965043543526 
4.468159585511617 2.999711913438932 
0.12679872050361551 6.642335458773019E-6 
3.6454859609092836 2.9964687636133585 
0.7874488267255496 1.0028699345912742 
4.584845093736623 2.999711913438932 
1.5678827245740248 1.933912125931045 
3.7778680511712253 2.9967333646039798 
0.6275290161043703 0.9240340970239169 
2.8542496908839956 2.7971388313462056 
0.08526240815351355 0.25051968854424067 
0.7484354243024243 0.7268034486379766 
