9.307498938238012E-10 2.977056193872512E-10 
4.999999990952524 2.999999999999971 
1.269099640668736 1.9461648108209761 
1.546805484067395 1.4852774338057557 
2.3243563790579147 2.652696481491627 
2.2034532341858224 1.8061564761468007 
0.046129398754308326 0.15934517624948819 
1.3286191834502512 1.2116924619236429 
0.3801202104995367 0.7851949279969951 
3.233527542463284 2.966617219591366 
4.1816041327359565 2.998919699173181 
3.3143321771116425 2.9997738278906825 
3.7263881432993218 2.9993835177858093 
4.412435687335743 2.9749351608299275 
2.3772684827710644 2.3599260586936515 
4.457389911637472 2.998475919331011 
3.8483935967817704 2.998919699173181 
4.7608269696912515 2.999999999999959 
4.702114215817888 2.997610701227935 
2.8029579313464352 2.646752403020124 
2.5392739758109197 2.646752403020124 
4.60783336496295 2.9999954420365444 
4.548317529578674 2.999988069612836 
1.1669992756468588 1.1337084553169634 
2.6162846019144674 2.6714395409936147 
1.0251192943882883 1.1492866066211356 
2.7076661677805838 2.646752403020124 
3.0830246265669494 2.8987113123881203 
1.8531463439427216 1.4877391039706778 
2.8865532342184235 2.799742165250122 
3.1280002489323584 2.997154616114359 
1.0692626892868438 0.8313871668952045 
2.973007625297564 2.871182795096737 
0.8570597694514475 0.7882349208595292 
0.6725976051857153 0.6132237979810661 
4.118311153493573 2.9728943095228204 
2.2286726122164047 2.652696481491627 
2.360725494894089 2.7355019080129623 
4.854323878258146 2.999999999999999 
0.8548828586519055 0.9184046236955464 
2.1036808472814137 2.069864047521223 
0.6286106196333275 0.6989001808490716 
2.814037401484619 2.786453705874637 
2.223222303855314 2.0894751243106087 
1.0251192943882883 1.4258205889070088 
0.046129398754308326 0.005912765028150302 
2.148877533200194 1.8061564761468007 
3.839860874651567 2.982122794711791 
1.7013032693149723 2.0003567736631793 
3.1534248799324365 2.8964608728288206 
1.818617788062526 1.9461648108209761 
1.7279438904911835 1.7449932745606627 
3.9888749860731076 2.997068402553806 
4.289593147950894 2.997610701227935 
2.419284677184927 2.12328227999151 
3.44353019725154 2.9998455658936667 
3.9888749860731076 2.998032925554786 
1.0681709849389072 0.9167764757867161 
0.13818077333699297 0.16000793803120383 
0.6286106196333275 0.8063826672862358 
4.29428140171406 2.999988069612836 
2.1036808472814137 2.069864047521223 
1.3286191834502512 1.3475861711295396 
0.9395283077415868 0.6741127197319408 
0.9884007080410198 1.1286786574651877 
2.5240720923139808 2.997610701227935 
1.6619480268252937 2.1695936619871476 
0.4572389533040192 0.3563728137133212 
3.54697046931793 2.994903464219587 
1.5743495500002078 1.976774063033017 
0.4712092915449827 0.4516439008674361 
2.309441699102642 2.305596551720358 
2.4066742686927696 2.3881693228760468 
0.4237120209544869 0.3071111138843192 
1.8157409088630703 1.8138581303572283 
4.118311153493573 2.997163120002871 
0.4560083223816442 0.3972364878777571 
0.10308250852379286 0.23453288717088638 
1.4474328912897652 1.440298313268252 
3.5815640408904854 2.9977204012715633 
1.331708696038123 1.4263444992880898 
1.4254278782944643 1.440298313268252 
0.2850892064035002 0.3563728137133212 
1.3286191834502512 1.3475861711295396 
0.9873365453035614 1.3701498847726463 
0.17453648741698125 0.23453288717088638 
0.8639330058732757 0.6583342663057438 
2.233236429328326 2.254587645187294 
2.4466759250161765 2.3917686103447116 
2.309441699102642 2.305596551720358 
2.294916327282706 2.8178733395157405 
1.0251192943882883 1.3705397908425438 
3.6561016474441104 2.996840633251235 
1.304473144379725 1.4837342324288363 
0.17453648741698125 0.3760871144969198 
2.7661618190144104 2.9881442305932255 
1.0584879481567826 0.9959647185495198 
0.41314550215364654 0.5784234325422544 
0.4757349046983013 0.5869034111757658 
3.6561016474441104 2.9902017013358937 
