1.869060461956451E-12 6.22894100830674E-11 
4.999999984784116 3.0 
3.7559183214351015 2.999976981276516 
1.9373680173486343 1.8837813760845874 
2.177221047741286 1.8837813760845874 
3.898488448133316 2.999978242209672 
3.139674802225855 2.947242907892332 
1.3835243947237506 1.1819259316697717 
3.599954560539603 2.993188270370001 
2.569754247926671 2.3916872052571447 
1.9173613739330824 1.470615296114307 
4.102797180581842 2.998424655079182 
3.2025420034143526 2.982800500619557 
0.6322810248902115 0.407278746164927 
3.050099109937526 2.901651426518994 
2.377145627207677 2.14477922997289 
0.9634084474973731 1.4408752446299515 
2.2816481047846002 2.5315138955095096 
4.917420494506779 2.999988343343757 
4.20373282556909 2.9998726557547997 
1.6680354469372254 1.9289347140253321 
0.32474963632267484 0.45552153485043234 
4.691102187962951 2.999598586922498 
4.756966391566147 2.9969909945718007 
0.2799136872983392 0.4082825555882691 
3.4166340232499466 2.9903329485616257 
2.8034544469578346 2.9057290745400977 
0.1769334345327327 0.17241747725317658 
3.489880518771036 2.9999880034433306 
1.2275602866876316 1.719121089310794 
1.2581538746217116 1.5529498715543069 
1.4995669246821461 1.1613022005481488 
2.003903179844847 1.7935750266334056 
0.37730597972583496 0.16678188865214705 
1.5362812666929935 1.3457127337011001 
2.532354817226069 2.9990435315056834 
0.9577396199365332 0.7886564018656683 
0.333259615369127 0.5313037221699477 
1.3879405688941953 1.8934454554928601 
2.3496178736639424 2.0487974284236143 
0.2486282425793846 0.35783557640803654 
1.5119458329299533 1.5164655622972238 
4.0214710211060956 2.9999952156898337 
1.6680354469372254 1.9289347140253321 
4.824848382076316 2.999999278703979 
1.1989485041473973 1.163386545074986 
2.3749142269607955 2.752095270348592 
4.618454578665681 2.9999924755619136 
1.1275533394813646 0.8854202706784566 
2.1541946651713952 2.3117181893711796 
2.252511789693958 2.3848509079394473 
0.9040200584198388 0.45552153485043234 
0.5003990322746408 0.6364440363075244 
4.369515062549361 2.999910770697294 
0.9576817250845147 1.2976245484948692 
4.5322158666650445 2.9992769597406546 
3.35510196225929 2.994776339683663 
0.7625619756022817 0.6997295060523504 
2.437393749373538 2.6013740325235575 
1.9543195212388855 2.3814101517280455 
1.0684363727949067 1.0635046981427208 
2.5446239918013553 2.188582269502031 
2.6563089911621995 2.7788410406517445 
2.541410963212872 2.734277864793686 
4.862858352874649 2.999988343343757 
2.5873312239878903 2.613150251696394 
2.63461806781043 2.991778108777332 
0.27321857829207774 0.6632063860644678 
1.6263660299944571 1.7473053269230308 
0.6174428367235244 0.8703539443744163 
4.429542964777942 2.999999561750395 
4.583173753877773 2.9999924755619136 
1.9354819510472658 1.7473053269230308 
0.13540020026821553 0.13946113183036335 
3.98762400419263 2.999890734825155 
3.2902563287429194 2.9749560634079932 
2.9178885703095636 2.9057290745400977 
4.999999937117914 2.9999991196392077 
1.9354819510472658 1.7473053269230308 
1.2275602866876316 1.5081340091089859 
0.18017620687401947 0.055852040949880666 
0.6917865019189139 0.9841828982033631 
0.942851046376133 0.6997295060523504 
0.8885280666879296 1.0195857115695492 
1.652071397070741 1.5879497906127926 
0.18017620687401947 0.2735943752013234 
0.15773809839528763 0.28071721606482547 
2.128109903805104 2.0720024169421265 
1.0684363727949067 1.109563914537406 
2.0095798368375952 2.250534257455751 
0.02825678296336931 0.13692406828298465 
2.782022517925352 2.5554885628050337 
4.485907106261838 2.9955435019102588 
1.5211646060624044 1.561836903375101 
0.9577396199365332 0.867473770228329 
4.258819432982894 2.9998726557547997 
0.5424898333989756 0.7886564018656683 
2.4412239944175145 2.250534257455751 
2.449216564741722 2.35192248820214 
0.02825678296336931 0.0610459577117366 
