4.815731506901955E-7 2.8380185534970792E-8 
4.999999747221463 2.999999999966352 
3.895772762245347 2.999983762947525 
4.618300192862828 2.9999999999722617 
4.230657418998241 2.97197358768443 
2.5764514511628254 2.029498703249468 
1.8343912157223572 1.929638162209304 
4.359783970393816 2.995934522018227 
2.251923465258133 2.610438340410468 
4.790490721671874 2.9964301900560066 
2.275908954418639 2.7195775081884013 
2.0040475934732704 1.9163229061048819 
0.19725505762562745 0.12416406808122987 
1.3816415386695324 1.4582285519525438 
2.73598121719439 2.440422265876437 
0.9083443097315703 0.9128478239120057 
0.9487915320014433 0.6465212410777281 
0.46816363833910946 0.517290730618983 
0.7104690989905829 0.45943174098468653 
1.0278710118034695 0.9780071498479839 
2.852113692973172 2.998094088996294 
2.6645504148184957 2.7538998410716644 
2.1326276993541406 2.610438340410468 
2.84998416792773 2.440422265876437 
0.34029529139595405 0.2949218234728 
2.852113692973172 2.7930970542214584 
0.8487569664812009 0.641335650849898 
3.626995785834573 2.9822516757567463 
4.139257698610326 2.9996726305733894 
3.3379197950359076 2.9955237827514614 
4.45191838106841 2.9993224209486677 
0.5463614735420504 0.3000194224653438 
2.8906970052753995 2.845686416030392 
4.0229937177187 2.9966597900127527 
4.53360341932573 2.9987837311718133 
3.1923279513229272 2.931672094477537 
1.5996106489770467 1.3570392036687833 
4.921346108990269 2.9999999999722617 
0.46816363833910946 0.3043284624149165 
2.0078213022237206 1.9848003921766229 
4.106144964187128 2.9647918543387255 
3.1918884186410157 2.997521468325865 
2.8152971298263125 2.7195775081884013 
2.1830435111388224 2.0662612643700857 
1.085585726808668 1.2141612454187887 
1.7167378197936451 1.4676250900881547 
2.475523874228261 2.029498703249468 
3.0068560118018275 2.931672094477537 
1.085585726808668 0.6150157616136303 
2.3932091041111527 2.7195775081884013 
3.5199481419045413 2.995520923852805 
2.852208648137234 2.928946059878684 
0.6877657007738622 0.5974488825881079 
2.7920123900155556 2.26239383583545 
3.2509359529796096 2.997521468325865 
0.4860461210582169 0.6135134073004416 
0.25144561377695696 0.23119435848848757 
1.2504495173943104 1.394896228653757 
3.446894358609958 2.986876511892706 
1.3816415386695324 1.599539601775229 
1.4726828496559756 2.021946567441877 
2.191561405533639 1.988002917338478 
4.425036341768985 2.980612175872733 
0.15667892489075075 0.2824047552477318 
0.8422506377423311 1.369945359682836 
0.27846339867235104 0.2962170896085546 
1.7012590758046096 1.920176866090022 
1.0894168727033318 1.097889011005633 
2.8722393191759874 2.717351417018989 
0.01180481165233005 0.09075320191244063 
0.6882802402559661 0.35151850634631954 
3.811123048224432 2.9821150797702156 
1.1859431630960438 1.5733935593006163 
2.2167898666428996 2.0925458979842975 
1.701518013922267 1.573177474397895 
0.09936179743198181 0.08247074767071072 
2.513712559752158 2.2725683009016393 
1.0439935831426392 0.641335650849898 
4.572710081446267 2.9993224209486677 
0.9083443097315703 0.9927842264846262 
1.014297848670918 0.9128478239120057 
1.2631693959855377 1.2546409042913726 
0.6873332037338289 0.615171693922388 
0.09936179743198181 0.1238717121805748 
3.0646376931414183 2.996099886630606 
1.7027128004140784 1.671541985673316 
3.3035770137921823 2.9955237827514614 
3.717265104960557 2.996239585092433 
0.001798255147758998 0.06147338168767158 
3.7401022800137467 2.986876511892706 
0.7692524445114086 0.6187001145103644 
1.7487164633238415 1.9363148314585987 
1.1585205836545895 0.9459766306624835 
1.1859431630960438 1.5733935593006163 
1.1585205836545895 0.9459766306624835 
0.7680439665480752 0.6630179192774313 
3.811123048224432 2.9821150797702156 
4.861517693630622 2.9986716223832737 
1.0506230102211336 1.3002560895406563 
3.4666714817488873 2.995520923852805 
