0.7010034639777896
0.7669456003189515
0.7434310283766681
0.7635972587339356
0.6556394919461801
0.6779056861715883
0.8768533660803068
0.7246434731301461
0.676811208822095
0.7661422875085953
0.7819567854813368
0.7257422778051931
0.6971780754586401
0.7485996024860663
0.6419195785269612
0.6966595599887039
0.7663723989878412
0.7392860273987777
0.8331615582540505
0.679925056651366
0.7845705329016511
0.7964794081432862
0.7790551896282778
0.5940543844196879
0.7637947949942927
0.7154951066843005
0.7717122031684096
0.7210308501946925
0.8243705075045584
0.8143923306542241
0.8278326833369025
0.7268292684338633
0.8095527720606884
0.7816517889591145
0.6678496403339257
0.7752404236496911
0.7351617872919963
0.673436047314327
0.7883708550107899
0.7747184496680115
0.7672615925770018
0.6900682070214589
0.8337954268713119
0.7784890452665533
0.7068373127931171
0.7234393094124292
0.8266655760673651
0.7630965390330697
0.7926939103107642
0.8231281730432194
0.7501272621739086
0.6939846629672134
0.6407976652210214
0.8876993148880824
0.6832310061740179
0.6635987659606446
0.7620757921273217
0.7772929316153459
0.6824725145649517
0.761381660171879
0.7568912246436555
0.8111145538071954
0.6956569080296425
0.7201230001331367
0.699036861125854
0.6980438071600761
0.7116978285819204
0.7728368314693534
0.6608551038002786
0.7304128601568417
0.7627049263587928
0.7898765552397304
0.7183696970114813
0.7857537700204972
0.7641903150599535
0.7620899531740045
0.64690429725676
0.7695727050921162
0.7200089644108386
0.7159987925105432
0.8037724887909623
0.778434971554278
0.6890324066886603
0.6935042278501179
0.7427981824076227
0.8097474352655799
0.7984988442343341
0.7090797005849726
0.6430606573102386
0.7600736486228884
0.7588510120614972
0.7590190520150972
0.7948034850727945
0.6921259287824139
0.7356139031092155
0.7502232032560169
0.7007603533141481
0.7403461905366
0.6759989918952283
0.6616875856450702
