223.12314011272647 -217.53431275030704 
10.116549250356838 2.925941734413815 
223.12314011272647 -217.53431275030704 
10.116549250356838 2.925941734413815 
15.342840229282288 -12.691108338723758 
199.77135109326485 -200.0135024549958 
19.2976136577676 -18.73061753357101 
168.4356226008795 -168.64845583316017 
210.6471210825895 -208.81672420369534 
205.35708062325514 -205.5992319849861 
103.13441399920163 -103.12567695533028 
69.90640562574119 -70.13836784977988 
46.60835837114767 -46.68180013468053 
12.727290127770372 -8.053489642128458 
114.63306382778694 -114.41970194896516 
106.81553276868108 -106.96523759908293 
194.5088629661152 -194.7397520558124 
212.5863954996084 -212.82373269615854 
197.35302850410042 -197.47755904508722 
42.45769467568954 -42.531136439222394 
67.44046634477756 -65.90295012930662 
82.19938516767658 -82.42618328555822 
10.766669214701789 -2.1130980826503842 
48.46596178355132 -48.62991516516533 
137.95881913561934 -138.2085801790712 
156.43772949451815 -155.28353829230622 
171.6013698368639 -171.45058833349626 
179.84072822757057 -179.89367034585462 
51.09282816411387 -51.30256058210682 
128.42595632764738 -128.64935633781488 
136.1973163983092 -135.70099734338345 
206.15217806667775 -206.36408456450664 
111.95548501241262 -112.1667654523861 
164.7803106917661 -164.62024185166683 
189.45619497495062 -189.51765027304197 
215.93576126247473 -214.22380478676197 
101.03852367669543 -100.20789403670864 
85.40194635232724 -85.62874447020889 
123.21588101862466 -122.40678366858741 
187.38949647797455 -186.5824788944028 
11.369193288631303 -5.17203544742121 
126.08570687267493 -125.32029393445606 
162.9247168023302 -162.09529555352088 
75.8344139471397 -76.0317783063931 
147.73671858508382 -147.93869383292073 
185.9097674346173 -185.1928845901764 
150.26622351092075 -149.54934066647985 
40.49279045735595 -39.58231653960378 
86.41508498406003 -86.19818177863328 
182.53445068260584 -182.20291517037316 
191.9459742381907 -192.1479494860276 
143.3469454799627 -143.0186637855719 
21.952458841869444 -20.414942626398485 
218.87739596078455 -217.01244026367107 
183.25423470900478 -183.50414978891524 
119.74587410417229 -119.81836771219827 
79.87681328234783 -79.20265989512771 
73.26075950876 -73.42471289037402 
133.67962532248546 -133.9292810489366 
52.82995497257152 -53.063904950876335 
121.26057608872078 -120.37184749953337 
22.338102016288047 -22.2364780619445 
178.11271718881875 -177.79654794552386 
110.16384867817553 -110.375129118149 
173.4823632521804 -172.5261709384116 
132.7565142639554 -133.00616999040653 
118.0260517972104 -117.35189840999027 
124.68152704728186 -124.91064855772629 
217.6419466332738 -215.92999015756104 
92.78695327078675 -92.81689236339975 
130.7873851356364 -130.88941633492564 
81.2748207913104 -80.34906675185218 
88.90970591315117 -89.15474575867164 
158.43339499254898 -158.49512558396157 
140.62674459902917 -140.5971749746815 
33.98996350346252 -34.211241476105826 
28.190130305943086 -28.431737121868544 
26.749796879310246 -26.995677948818795 
191.1513214542434 -191.3033594382852 
77.65351101260242 -77.73912587633754 
140.50150610789362 -140.47193648354596 
24.152741459513372 -24.286644080509546 
41.60639052645365 -41.69731246720553 
222.7666614851479 -217.17783412272846 
153.39000447070373 -153.62403956070537 
160.81415165166695 -160.23724037080342 
98.98563819413572 -99.23529392058683 
177.0274492523087 -176.71128000901382 
54.370319958875264 -54.14491916366096 
57.89147922367491 -58.12801374598338 
118.0260517972104 -117.35189840999027 
130.23114643832338 -129.90324392661137 
94.61540424274219 -94.34440864120651 
32.74358577639596 -32.526682570969214 
108.41498482777229 -108.63578921882593 
97.03422526514797 -95.81106603651044 
25.625373158824456 -25.83820639110512 
144.18003203852905 -144.31392431926736 
90.8450463475518 -91.00779792039742 
59.794944782989106 -59.17214403423464 
