220.2862397695007 -217.40540707110156 
10.115331855206852 2.7056854919332167 
220.2862397695007 -217.40540707110156 
10.115331855206852 2.7056854919332167 
12.777665532761485 -8.326685505905 
102.28324999896884 -102.1420801839343 
97.96407412408225 -97.86579726311163 
39.52951398597626 -39.60961179593804 
146.73192742839066 -146.74055256767755 
143.0451387847904 -143.09686399298275 
124.38667383757671 -124.5454244736971 
22.11756585506134 -21.530727438116497 
178.3195685608531 -177.87016028662853 
196.58466576114915 -196.5076498722672 
29.179783588997175 -29.42501411423588 
71.95913269544687 -72.1360779832549 
51.16763465610155 -51.21935986429389 
187.80541637604733 -188.03245659793367 
185.47387884344045 -185.45210012699278 
141.06269139093772 -141.24499556877478 
104.54086972786325 -104.4039844381201 
207.67491587943522 -207.4804962546847 
128.82134256026504 -127.99090582227282 
218.25167299169593 -215.92565214504612 
118.05334078840846 -118.29465236207446 
203.89590718854285 -204.08769505894028 
10.576212238448512 -2.0713209343048193 
200.82089376789187 -200.4142615029701 
19.19205182318581 -18.794831457593403 
88.63545260454922 -88.86249282643554 
11.372530754764735 -4.888582774481749 
152.53449390975734 -150.98302629629197 
78.76234840922737 -78.48911332864037 
176.1740509284475 -176.30569843877723 
210.13766291521546 -209.60688329495315 
67.65398228251345 -67.84628467275357 
171.16865269246946 -170.57318140909464 
120.43600078126 -120.04323734891217 
112.88246510495172 -112.60651013197527 
213.61127979540657 -213.77100191657334 
53.19865737506973 -53.001295892880975 
48.37162878206149 -48.155990236800214 
91.04898635229891 -90.96792455074865 
81.05686536198738 -81.04009822161257 
205.16164761546628 -205.402208292957 
32.4307256602384 -32.5245053583698 
65.80615302712704 -65.77333125134356 
75.2393640236329 -75.47156741493505 
211.54475923009477 -211.70254276152158 
138.8381071833582 -137.82317184372647 
17.018496133998777 -14.074736182588648 
200.8315724055855 -200.93509459851745 
134.65273762126856 -134.6035326181165 
173.97767431988927 -174.13773495035062 
108.65406457103133 -108.78692303991991 
42.042745525103015 -42.292696418136316 
173.157837363137 -172.84351518980765 
86.62374662068858 -86.8522293607723 
193.85743428060104 -193.98908179093075 
136.33189404690157 -136.50571126913084 
150.75642374542582 -148.7809264998343 
95.92190766580948 -95.7775025291036 
76.92116454118806 -77.03480525428654 
44.72799382437093 -44.8077680958185 
148.96965227266838 -148.3603089175385 
17.018496133998777 -14.074736182588648 
168.91768093914843 -167.60881658897455 
115.27986327872159 -115.40063887442513 
83.7242456163856 -83.95644900768775 
94.92719362734303 -94.72031841388062 
58.40158810146325 -58.47465048454153 
85.47811251497976 -85.6699003853772 
27.37801024918253 -27.37479426838714 
130.61338480974936 -129.9471636392538 
122.84217949230245 -121.29071187883706 
116.10480568571396 -115.40574615626396 
26.375225957577655 -26.487026780421772 
165.96492761333332 -166.12498824379466 
154.6602802862852 -153.1088126728198 
69.7116505284805 -69.94199807380349 
64.10005173506508 -64.2923541253052 
154.7225066965983 -154.45019127542722 
24.271313466582228 -24.26727675726039 
111.50532602365782 -111.36092088695193 
110.21874902222848 -109.83213311951127 
63.020182659412825 -63.10028046937461 
34.77726694979081 -34.83826842651455 
34.77726694979081 -34.83826842651455 
54.88696581772249 -55.1122072307283 
59.75769114447194 -59.96274439084489 
195.72568133283823 -195.2461521126436 
160.90055713598005 -160.8902140454531 
168.98374639779402 -169.17922392149907 
156.82333172397134 -156.42719252783812 
159.46368909782802 -159.69407215513763 
133.1577026721804 -133.0539407590076 
163.87991717199512 -164.1279987185232 
93.1658333430127 -92.58114823862964 
190.15811936481435 -190.33193658704363 
181.97475307598805 -180.86936879674326 
