10.362831922259218 -0.7767310442085558 
223.15053759484772 -217.73114443259726 
223.15053759484772 -217.73114443259726 
10.362831922259218 -0.7767310442085558 
53.28026217050622 -53.46138669283246 
206.23885189450783 -206.48679866317624 
164.08440045058666 -163.32138841920718 
169.0956181784587 -168.70002961258209 
14.757961622088711 -12.345107735618804 
107.19615675883658 -107.14140693570056 
200.95869838254217 -201.08679476721915 
17.800326898389738 -15.945350378300617 
197.20428663710925 -197.41142216201072 
214.05328726421047 -214.13595143403634 
59.84492385011008 -60.06336535465109 
195.21311719464703 -194.71152402256254 
89.4476730246324 -89.18814912632882 
22.24259348332006 -21.616234031353642 
92.6248807122623 -92.40013125478853 
110.22472921818559 -110.40972669374707 
46.00046485450501 -44.70737932119266 
104.20637714179264 -103.55229649874988 
129.47411746347956 -129.66766911630015 
82.14338033190279 -82.39145588098845 
156.81914170798248 -156.59439225050872 
70.46225324072452 -70.71020000939295 
216.75830004873538 -215.685488357338 
27.773595825499775 -27.982635415258834 
79.21216624419034 -79.44582182495536 
64.10059516575785 -64.31903667029887 
76.64938235875218 -76.83387556615834 
136.71373471267256 -136.95917268286368 
96.31282052456648 -96.54273196274937 
47.2878606940028 -47.18463652361656 
220.8849448217544 -216.23135378135413 
210.7422472632923 -210.8762414739485 
31.69659183674709 -31.929671553867543 
42.34056997565189 -42.57777339580897 
55.337406245503374 -55.2885175483469 
11.284718910727655 -4.2360930134266095 
133.041495381204 -133.19013919346708 
187.60140780744314 -187.28924599817512 
13.371351001815803 -7.3142871839859 
189.39962567473825 -189.58411888214442 
41.16946483356066 -41.31810864582375 
67.81241955181804 -68.00212737435989 
94.09357103276386 -94.30267653183763 
47.2878606940028 -47.18463652361656 
57.37101736893824 -57.565617470881264 
176.151812943312 -175.66320619404607 
66.56695114042327 -66.75665896296512 
161.7277632660374 -161.88892081870284 
145.40211265454226 -145.60924817944377 
159.65824712051122 -159.7845842658987 
170.26247488824475 -170.51042165691317 
177.57188373641506 -177.7297132431084 
128.2930187692008 -128.54166262090476 
31.894301338712438 -32.12138557199176 
35.01495184392227 -35.254550575787206 
153.40997875405395 -153.60103052922824 
24.055768503979877 -24.227182337504725 
134.95694875219561 -135.04467687201694 
141.07080727352286 -141.0409477379286 
87.51443239585792 -87.68520419831219 
99.3785931033946 -99.51258731405079 
192.2411397419102 -192.36747688729767 
151.48843391296924 -151.7370777646732 
98.4151340086578 -98.49593096483724 
72.43301295986632 -72.68085070319674 
37.46263326891204 -37.43677491032173 
142.73673078396513 -142.91094686502146 
121.94583534288793 -122.19378211155636 
38.40260464186325 -38.6437278924437 
117.99750118091114 -118.23471994635781 
147.39378710112862 -147.61944801887964 
116.72684180490614 -116.63131034520225 
84.1561667552206 -83.8440049459526 
139.4448752143219 -139.1482921101787 
172.70234906152766 -171.96747704234122 
191.880570250491 -191.89031926369398 
143.90190619506666 -144.15055004677058 
173.83318834305953 -174.08294614355964 
77.94633179992468 -77.85080034022079 
19.807391376962073 -18.685193789097482 
12.964648981901327 -6.1930777676647715 
208.04017177004377 -208.24830114363508 
148.3392230738817 -148.4732172845379 
58.92985988101072 -59.115805971596316 
86.12098125664401 -86.27352576667303 
19.807391376962073 -18.685193789097482 
64.20323783204154 -64.3456504883974 
101.41670022503212 -101.66534407673605 
35.368932714980524 -35.26570854459428 
85.28738812472945 -84.9768113429991 
182.84388752902566 -183.03743918184625 
124.01730921662286 -124.03594064538112 
111.87071715291617 -112.11843341941147 
180.83262196099093 -181.08126581269488 
183.91728865149435 -184.0642460545486 
73.49698630174795 -73.70609180082172 
