221.96928637956097 -217.66241520003504 
221.96928637956097 -217.66241520003504 
10.252228316615664 4.829018476505694 
10.252228316615664 4.829018476505694 
183.25281282305696 -183.4836177419828 
111.77967166368245 -111.70475928502093 
188.46279461858254 -188.3011603385961 
118.7578577294413 -118.99725812214606 
106.51781284088301 -106.4690060017841 
208.40013914132575 -208.4583896296054 
78.6599014398581 -78.7743135823444 
214.03122662365212 -213.8499580400892 
204.49699866799654 -204.4637925728838 
197.39694527384978 -196.82907093397628 
200.63864038733414 -200.82893724593387 
151.99529116159576 -152.24374060010058 
41.87092702483568 -42.07622231774248 
58.81385802822227 -59.044399770989756 
68.42159110586414 -68.300258890832 
177.259052718237 -177.11797138090407 
43.77351214015182 -43.75724106353827 
12.407805786656013 -5.921496976375556 
56.60585281380743 -56.64497718805107 
25.70679682114858 -25.83076312905252 
71.4442283742155 -71.48335274845913 
216.78049212328892 -215.9537289138056 
122.69968894496469 -121.78487860606717 
179.80406280423875 -180.01526415756405 
93.69135201548607 -92.83938946084024 
126.70445388692764 -126.94993480423567 
97.92367210249475 -97.84931871064659 
64.67417954277423 -64.50762188523204 
15.430675760860849 -13.611819612330184 
46.84338514411 -46.457339902011654 
100.05999617708825 -100.10093674881344 
115.77259216222131 -115.99621267615996 
195.04241212381982 -195.28725287890848 
73.8246818654909 -74.06394209558951 
149.86649660668198 -149.94277141261622 
31.839394542656127 -32.06744252194379 
83.9982540914853 -83.22168316081112 
159.83645401433708 -159.86898718896197 
143.44664413817188 -143.27726560267175 
10.359548400826514 -0.8270701142683343 
130.335808223116 -128.65220056862452 
101.93618836272312 -101.64272071124401 
174.27734699812325 -174.28389149551313 
11.199574163244037 -2.390947555415165 
73.8246818654909 -74.06394209558951 
220.1542830813665 -216.41842389576425 
85.46160339558315 -85.27275227880439 
51.85700527816108 -51.575912145496204 
131.3204990796913 -131.35962345393494 
169.33254734117952 -169.55174663191443 
166.82299511313863 -167.0689885068087 
134.02281067313154 -134.24643093177406 
61.53734478154469 -61.74710280093653 
123.71611457096375 -123.51720896922573 
136.06976618722618 -136.19063908521957 
211.03088431526493 -210.24576640999058 
22.842878062393805 -22.74947041029194 
145.80976924302328 -145.76096240392437 
37.55740351109968 -37.27631037843479 
88.59687378662282 -88.54648058181303 
34.5627913730452 -34.81209716200899 
13.95105343563755 -10.34081163649098 
23.9616548520844 -24.154738621277126 
193.97986142453152 -192.65950069720134 
20.257119718171484 -20.140047359653902 
13.499972759121729 -9.525592579458756 
17.034918750556415 -15.348136471809187 
189.7346926798525 -189.79294316813213 
95.82081824631413 -96.07081774986948 
30.939597055202917 -31.156925063448774 
133.35878176062084 -132.39064677743534 
157.97858634111307 -157.68808973813398 
156.98189614656368 -157.21010779048916 
18.73228271468323 -17.27859773414822 
179.26093706874457 -178.89772110596743 
28.37941878486957 -28.57194853782343 
155.17796401083712 -155.0114929311228 
103.52499323930601 -103.74862179082129 
127.93650820241773 -127.59987539294313 
48.7372647836332 -46.61597280555329 
161.5307184853938 -161.3514069902639 
95.13204891144724 -94.88164390976218 
142.17815195884197 -142.2172763330856 
21.447447632581138 -20.479940512509184 
29.017003162546967 -29.243813695457725 
166.0284329871703 -166.2505111232238 
35.628507199081255 -35.7371523706513 
90.95443493814236 -90.67309205508882 
54.48771745285113 -54.52684182709476 
146.30706370441555 -146.55491361111535 
52.92628686449876 -53.13804888972764 
10.359373357639534 4.060273346741725 
81.65484036291008 -81.87464288027877 
38.63389717114488 -38.85963692841308 
64.2988180104262 -64.32363929823791 
211.03088431526493 -210.24576640999058 
