222.39082678724645 -217.70442334346134 
10.1174556108719 1.9162911743581272 
10.1174556108719 1.9162911743581272 
222.39082678724645 -217.70442334346134 
81.9724544790061 -82.13506137760163 
28.39628443501082 -28.636665733316384 
175.74803545908145 -175.9831806174151 
20.53305229764401 -20.261139656817104 
110.64532889937936 -110.89072151431401 
105.4846834639126 -104.93357461796086 
25.11731000980191 -25.357691308107473 
197.5264334538256 -197.5988037427315 
160.88737574110354 -160.6015274702556 
129.97888111986643 -130.22308066298856 
216.12981454830566 -215.60596550265004 
172.1075653520513 -172.33150997074665 
88.23240783023554 -87.93434653640108 
114.80391903115243 -115.03130786784942 
31.566130790710314 -31.67261836561974 
119.9104843273107 -120.15370788780152 
17.44288438940294 -16.5609743907485 
203.01503284511017 -202.72852407163288 
127.50193340971109 -126.59042155980961 
163.16830096210504 -163.416618731776 
40.03062113796158 -39.711492330822836 
139.44353801259484 -139.60286501468744 
85.35466455388628 -85.5967421381379 
73.69993195228416 -73.39829307311975 
157.88569796675972 -158.10964258545508 
49.60002701281718 -49.84763314927537 
73.69993195228416 -73.39829307311975 
137.68382605061504 -137.84614805643287 
209.7737152566497 -210.02168366294038 
221.08548127755233 -216.61817912852555 
65.12512128099969 -65.37091377685138 
10.672966076858765 -1.776945655344126 
111.69536645524593 -111.40276568641968 
59.48572545080273 -59.00139383448972 
90.5429683628749 -90.75174332882695 
56.29084456166836 -55.46887063030677 
43.63203970625027 -42.52369021242979 
123.06998570042715 -123.3153783153618 
94.29094689074363 -94.5354351262926 
181.35698497877232 -181.30042982264027 
183.77226251514082 -182.83323348265705 
200.3490959799836 -200.08847777771223 
213.42328184940683 -210.97132960229925 
213.63444310421443 -213.61877090298597 
177.8773877825056 -178.0071418058118 
148.39601479162837 -148.5338679728866 
142.44631104293623 -142.546280406136 
185.28319238232032 -184.96647007414518 
102.5475621492287 -101.66718132613576 
47.87475067485591 -47.57311179569149 
207.78519488051566 -208.02869677718186 
206.18773146932875 -206.3525092725937 
11.407854608829078 -5.23294530417885 
46.2155771533149 -46.17295252086281 
83.4703248690457 -83.42049916098443 
179.58237420897603 -179.42414256850856 
118.06316696121476 -118.31059871451481 
166.07740462759028 -166.3180246617697 
170.77615151668235 -170.50020829132552 
116.58820075267143 -116.82858205097699 
146.47020760791003 -146.69415222660535 
190.887304309896 -191.11124892859135 
69.4023271830657 -69.35906437726109 
125.14180501678071 -125.38090316062812 
150.1575360070765 -150.16687634522563 
68.26202648226658 -68.23619919327385 
12.678383458921365 -6.830550533693506 
165.45285209726825 -165.64178049739166 
194.63677573603846 -194.86776844386256 
52.122132770568456 -52.367938397701934 
14.629822992608833 -11.83805608138692 
13.62093479061318 -8.886602811911137 
132.25302172183348 -132.40174826482541 
37.71405076478151 -37.95888012327108 
193.10725440077852 -192.8313111754217 
53.39358547172723 -52.9797094938972 
168.90952662477613 -168.80165486252275 
156.10284300586713 -156.33228895921897 
55.305155312122935 -55.36456535700074 
201.24106436427434 -201.42797212962245 
22.662463481390475 -22.675672373375114 
187.28350892130214 -186.45800007609222 
96.75540574793996 -96.94231351328807 
23.24140232622051 -22.821606760897605 
135.37174633692854 -135.03886404882942 
44.510764946956186 -44.09148474026041 
71.46253654273926 -71.32160758518839 
35.72572350958939 -35.38235632656771 
100.13879764325942 -100.22825208264891 
33.69298082801453 -33.52770260340126 
63.3582874084653 -63.49548404576733 
16.097711230947326 -14.694475186611156 
124.02368811083531 -123.83522894136233 
155.4198618796384 -155.12261979415024 
152.160872654706 -152.40884106099668 
59.84338457729055 -59.90279462216836 
