223.6048825392239 -217.66562096429817 
10.111033360257219 3.102537204265202 
10.111033360257219 3.102537204265202 
223.6048825392239 -217.66562096429817 
200.7512470422871 -200.73323136708788 
206.66305285664137 -206.8486102564965 
174.31159154187355 -174.47365495265126 
68.16180981929266 -68.2796238728481 
211.63160548460388 -211.75754422179153 
122.87935507478812 -123.11931283811165 
190.50576293537287 -190.40894719234618 
158.1410745452602 -158.38994979440818 
116.21941187535698 -116.4366998073796 
81.63225378906515 -81.80855032029109 
197.0577376840536 -197.27894633313053 
48.60328491129637 -48.85231210117953 
208.04185520781135 -208.26764469430844 
213.74809902588444 -213.86925883278457 
10.670096936965088 -2.425546333999108 
79.8327697460957 -80.0350925620823 
84.93718849170766 -85.18708533527206 
146.69896207252285 -146.4113937423391 
126.76132650933559 -126.92347446698344 
104.10098699565978 -104.34239660327434 
152.3610744832239 -152.34152826748848 
160.5715336670061 -160.82075055598892 
178.8975245200727 -178.9320750680865 
112.09992240638167 -112.34735605120295 
87.59809857825502 -87.77037673197565 
16.226808348138807 -13.29301107310695 
35.35633367380741 -34.63914690482639 
175.97665630250535 -176.1388042601532 
71.33969947827619 -71.28783531806178 
62.68336060585348 -62.7484240103179 
162.83405853132 -163.08378973111132 
217.65592357561886 -215.51955253114258 
58.70107228140018 -58.95009947128334 
170.13849281808825 -170.32369364288812 
141.2559597939586 -141.00706472062384 
97.7216055116357 -97.96997286607294 
219.71671771157477 -216.52050874687407 
101.24223858199714 -101.31430293357397 
93.89406176557216 -94.11242067232979 
60.60687202043165 -59.72279195489233 
144.23160179131997 -143.78901487154732 
129.7797292824424 -130.0297168236063 
95.22881278329032 -95.45002143236727 
41.63985893041561 -41.82656950543339 
37.204043106161286 -37.42158355312724 
91.1897292839287 -91.18773334297805 
192.83022807986566 -192.86477862787947 
65.57854625477262 -65.69970606167274 
11.745311065131812 -5.183800722992729 
45.59237151292119 -45.84227499303089 
55.87602218188543 -56.113123168662355 
187.17204658257748 -187.39325523165442 
167.6919733935604 -167.94197328609107 
105.93189263126561 -106.09451583946878 
27.288221365998872 -27.507273302568944 
76.74222949944078 -76.96343814851774 
43.18725215736664 -43.186857164168295 
137.43966668938103 -137.6744990191106 
13.885457725408703 -9.685919156357887 
117.95328652776941 -117.08817900303916 
13.053945925725696 -7.3794848902858305 
23.25069480491385 -23.34103899682814 
25.082952206703197 -25.332921452420567 
135.0715139301209 -135.2590788709909 
50.91151101137632 -50.623942681192574 
155.08710206060644 -155.2875756751571 
72.47971407558461 -72.72112368319918 
148.79581898189375 -148.83011056656647 
195.54765956401073 -195.79756304412044 
14.79342635437911 -12.373085798622881 
64.74799585266808 -64.28823493789994 
121.69210315177031 -120.80802308623097 
132.21965989248545 -131.53798079606878 
142.65503186846362 -142.71892104821708 
20.58370666527207 -20.490076482164085 
155.0816030627151 -155.24404147541816 
194.0946069826802 -194.2566703934579 
91.28929754837597 -91.51980035738859 
164.9821958896451 -165.09561653583015 
150.5930000174606 -150.2837675284916 
107.62429222489706 -107.7965703786177 
29.779099914127055 -29.850852068221215 
86.58100305151922 -86.56815338969506 
119.89842505572611 -119.37418811891017 
132.75642640791705 -132.8284907594939 
45.01270164802882 -45.22552676650986 
76.55673572712388 -76.50396915036592 
170.1225168760273 -170.3100818168973 
134.98835493283408 -133.86805327081686 
53.13344584972515 -53.359235336222234 
32.68604314207586 -32.8583212957965 
32.59095061336677 -32.74257038971436 
180.79017380119396 -180.66687416462628 
26.291745173333123 -26.538118099703905 
186.04180050689055 -186.29179220154757 
111.28426024821748 -111.37615678261687 
