220.5407676372039 -217.47298352143207 
10.103282367185564 2.3414476422554378 
10.103282367185564 2.3414476422554378 
220.5407676372039 -217.47298352143207 
76.23971120431038 -76.46661276167711 
15.074607818775224 -12.218428803559132 
19.636361038940144 -18.628986269943773 
134.54784094015932 -134.797061266771 
80.58378945401812 -80.67710103319669 
181.44151658315803 -181.46134053145684 
197.7999642287578 -197.927277570194 
45.03046364207105 -45.27812757109354 
96.2781867648539 -96.42482062270119 
12.18628956177865 -6.903134776791235 
177.15217669011975 -177.28109845021407 
122.69330600999832 -122.92221358552706 
137.39196761211304 -137.64098791743191 
186.20901250567104 -186.37412614322602 
174.07737477568458 -174.2345770713074 
160.57585974374564 -160.82299399897713 
166.08011189132867 -166.3280025985891 
41.880306236464776 -42.12763777318878 
209.21163518044472 -209.45716119372665 
163.26099116852487 -163.49113402311372 
179.13725975523835 -179.35933371379087 
62.01527960458489 -62.17724341089267 
55.705529226858744 -55.80022318261356 
22.627218811516855 -22.7550371978873 
200.1669076636806 -200.41479837094104 
36.698562719621364 -36.80233948565206 
65.47982453383013 -65.56997263409838 
184.8239499872888 -184.9890636248438 
68.20590395235722 -68.337556954097 
73.49852874803068 -73.74586028475468 
114.05986801608464 -114.0866968150745 
140.05272884775593 -139.32904415212735 
23.746404361406313 -23.966430135087222 
11.737689923405838 -2.8927141544584485 
116.97825698004257 -117.22736307389576 
193.26649019535276 -191.68400517339052 
70.70388910809965 -70.91177172490971 
64.50930257848111 -64.5303971482888 
10.516402496313368 -1.3653252933424813 
145.7268919235035 -145.31583353989186 
207.0197626036289 -207.02078116562515 
194.8320774655872 -194.91107867085853 
153.96847234386152 -154.18524233661722 
143.80855254298558 -144.03355597886056 
85.47203171521394 -85.09206406775309 
216.2227919628765 -215.3354242651961 
218.2889321003489 -216.22061255358534 
109.36135018966553 -109.60848444489702 
158.5118051873387 -158.7408275363374 
39.70376693896837 -39.94900126758466 
129.95467781791368 -130.20373113557486 
99.28297131957606 -99.41028466101228 
82.13924700553133 -82.38518218241377 
26.132384395058992 -26.380524445280244 
58.310035367151 -58.548701118543775 
106.97038866380748 -106.77518939246731 
147.39521506601642 -147.225282102245 
29.595355003386274 -29.84487198768367 
119.92540757496327 -119.87393612908063 
53.15905860101198 -53.3327553873812 
119.92791422451069 -120.17446798155495 
20.329175533067037 -19.709022356042635 
47.32040183487327 -47.44888922555365 
157.3827645681437 -157.60980971910806 
169.66223583691217 -169.82734947446716 
49.110186637060885 -49.359216529117404 
149.86314712582438 -150.0257085597455 
164.97633823255975 -165.0783492076164 
72.56329859916386 -72.81231890448277 
169.66223583691217 -169.82734947446716 
151.5899542243541 -151.81243291739847 
102.467522353368 -102.14169021611607 
31.097090636331632 -31.261621272155068 
171.86486883915427 -171.81143365047168 
148.36846909812482 -148.61627156873772 
87.641750104509 -87.87439885159272 
33.384527995579525 -33.148477227184564 
213.69346014747293 -212.74112512131083 
214.56322415603458 -213.45193744546782 
87.96453696048903 -88.1929967485517 
69.0677046373403 -69.31691937203837 
126.52287736549664 -126.58557392863732 
189.9595247512608 -190.13322153763 
205.97386821730422 -205.9672531675222 
55.63018614633337 -53.42624654137718 
155.66242840301692 -155.90553834287596 
191.30952517936925 -190.65044174995822 
90.46409024158658 -90.44228568619624 
125.07788194453397 -125.16500700784488 
51.49183378215517 -51.738636239296625 
51.049250551068546 -50.65989740560724 
194.4357800343243 -194.60947682069352 
204.59775839394018 -204.4025591226 
36.135685811934486 -35.987351299936144 
128.92253830779265 -128.0723801252436 
172.4379968218001 -172.383609446505 
