10.123724886116616 2.75969539991872 
221.3172539013384 -217.60006059845375 
10.123724886116616 2.75969539991872 
221.3172539013384 -217.60006059845375 
134.09232825044808 -134.32332196809008 
141.2312918214898 -141.45753941877484 
72.36993815084857 -72.58882338917093 
12.004759793087274 -6.886148903934613 
165.4648971153234 -165.7110091468908 
38.14499613678448 -38.17912442013396 
10.622897099627963 -1.8774557051041683 
109.33181067870811 -109.43623524207281 
19.352179371127068 -18.427262303463273 
175.34301255470342 -174.02495185463914 
171.68983653876856 -171.93594857033597 
79.74476007965347 -79.73437358934055 
212.28624712321863 -212.51204078510258 
45.572276665571025 -45.12957379500321 
113.87990242383782 -114.11089614147981 
14.080377385934948 -11.03275209750713 
209.07519375545453 -208.38779050566055 
111.71317572902599 -110.91938595797313 
83.22378732530818 -83.43264640540258 
169.77958163786863 -169.4724804058497 
181.134354595518 -180.70947991078722 
21.337202081454237 -21.321198575442505 
215.41819057443405 -214.72970846876385 
131.91468485339215 -132.16192746769994 
127.36804178710126 -127.09639174300722 
160.30583253455958 -159.92887163778633 
189.65444123774859 -188.3499419429981 
153.7288860618528 -153.6507220609857 
205.89487430421642 -205.118803815397 
41.623475910896104 -41.86590901329194 
186.49158329786857 -186.73233894077836 
157.38491955439918 -157.378259077278 
91.67942258242137 -91.33570474790628 
30.904063332565805 -31.146648586100838 
197.7198658751976 -196.94379538637818 
68.50874821148422 -68.73735966466366 
89.25369284487729 -89.49987278692313 
105.7458931465344 -105.80085868175804 
160.30583253455958 -159.92887163778633 
65.3668496639659 -65.59784338160789 
16.810513773550966 -15.185941761803523 
33.68780038062649 -33.251186704176995 
102.14627133849719 -102.09423113137962 
155.95374391546207 -155.94599673866554 
210.11707948835192 -210.33768599835048 
200.32149267218483 -200.54956006917882 
99.00628287832076 -99.19198161248633 
87.51178489100562 -87.65362551913302 
192.60130450170172 -191.63634898380005 
179.00470898755498 -179.24937298595225 
63.37617303675604 -63.62099566718834 
167.2315455474386 -167.2248850703174 
104.64692017010549 -104.75134473347018 
77.00438918382775 -77.25391399861704 
33.68780038062649 -33.251186704176995 
149.17402696730218 -149.39493992329108 
85.7898494378414 -85.82323642245954 
96.01323012452417 -96.26134265829198 
55.819950984730056 -55.92431080028605 
116.10776581419023 -116.16523028253116 
198.94644682400488 -198.96936426626226 
146.33225159779118 -146.41787190647776 
67.25175186897592 -67.50167177394972 
183.5570865838418 -183.79485144822104 
39.24314687589847 -39.44401753566133 
194.95693768689407 -194.92896735150782 
204.65224498701076 -204.40561529594885 
53.12742736833624 -53.145743730288835 
176.8863029632988 -177.13124338484633 
53.73699916989847 -53.98618428428085 
61.97418644348279 -62.21994845670805 
93.46574109184957 -93.5890634015111 
183.5570865838418 -183.79485144822104 
125.4959120592473 -125.23709356100824 
144.72709820574394 -143.43094284268852 
123.34085874519995 -123.58146744063534 
75.01302348434614 -75.07899140743022 
218.07637642079166 -216.42836078209467 
23.349700995323047 -23.510708670971248 
78.41186137738643 -78.43270068672861 
94.07339863336469 -94.32336159201827 
46.4867686753655 -46.71344335531323 
84.21781765318516 -84.45844447288687 
129.71376891767204 -129.851572644654 
48.7914606451085 -49.010001553433625 
15.247618392595655 -13.333355723880475 
187.7365163606941 -187.9772720036039 
41.595623765073704 -40.70277993757673 
121.81567121617749 -121.4110951171676 
98.0967876891109 -96.5598694910625 
129.71376891767204 -129.851572644654 
48.317436356848354 -47.35580922134645 
50.895230748183536 -51.11734862183155 
146.08771927362412 -146.33379548159868 
142.02051314427004 -142.26740786674577 
202.464780923732 -202.69914937887725 
