221.1174819173205 -217.56383208689897 
10.10284861093213 2.5741060192713485 
221.1174819173205 -217.56383208689897 
10.10284861093213 2.5741060192713485 
208.743511652045 -208.9742656412345 
181.34754855274645 -181.13855738854735 
214.95110058618417 -214.78969401548585 
175.22481498501762 -175.3198365651807 
33.864975103630655 -34.10444049911702 
98.77021336990222 -99.01986901224467 
144.26504929171466 -144.38307967822948 
44.670170633214255 -44.8810279042503 
29.72015218400208 -29.845455988705766 
156.51432817318374 -155.956041549505 
136.3800416767824 -136.61618740650812 
200.41869698477078 -200.61947706546727 
147.44958612302133 -147.64752051371892 
40.93585166190138 -40.5661605096321 
191.47185479752602 -191.71560414356944 
102.92068692794493 -103.13258937831546 
20.982707360591405 -20.425104179634225 
195.00258897736268 -195.23832078416223 
75.2528449476045 -75.50281149462045 
218.20226496991035 -215.7655447723321 
18.857633900029608 -18.229263756857335 
50.329018048077 -49.31875679626444 
113.1199262764824 -112.63015563623478 
197.61210714963323 -197.8481291056496 
115.28909170993775 -115.26880821833078 
167.614898878584 -167.6551751227159 
106.98468775088229 -107.18198697679637 
125.33677266233784 -125.14738013678138 
152.3028285594051 -152.42813236410876 
11.191942299281013 -4.636591844861841 
54.68015254917395 -54.901139302157155 
66.00431833800593 -66.13233296247225 
139.54344467189892 -138.31803272453726 
13.671054257826407 -10.23818136212099 
127.7095200814033 -127.91365250785388 
133.60304493196577 -133.85303423222473 
109.66005433509004 -109.86418676154062 
159.6199126269277 -159.75925821715973 
205.9860353572472 -205.22757705651046 
56.689578020504996 -56.66600976569891 
187.54338832808153 -186.9751470037675 
23.245187772976912 -23.36043738156379 
183.61514140670303 -183.82403177770124 
165.16255050444306 -165.38471042390543 
162.00024254500204 -160.64672557004053 
85.45236587845598 -85.67693154696138 
157.51965954002412 -157.65765680992146 
36.825868181596206 -36.90465953194471 
169.356691977227 -169.58139137280938 
73.22975782879053 -73.42931035065374 
39.675856819526466 -39.79061193208521 
80.78054419954816 -81.02590557198559 
28.33383003316198 -28.553480264546813 
64.6646639693968 -62.82589296299387 
24.241666613568725 -24.310167899853337 
82.73156563361532 -82.98149155578359 
141.5283847134817 -141.29607231517144 
149.77380689692623 -149.01534859618948 
129.92953436695902 -130.1336667934096 
173.12305948474452 -173.3476251532499 
202.76826599658705 -202.97338128589234 
58.45715133509162 -58.48660976498287 
52.06740632346419 -52.2672044204253 
170.92974599180445 -171.12768038250206 
37.35312873417522 -37.47878012928207 
96.65159895476165 -96.47324151231865 
150.46078834573007 -150.68535401423546 
78.92518994432943 -79.0650071502217 
163.09936869295427 -163.26613844151296 
77.79522210521019 -77.98523418772535 
132.197633052482 -131.8096192726568 
46.65613302034153 -46.90613159519965 
71.95792460925657 -72.08309316209883 
52.74423449457957 -52.70402327931294 
196.49754279392448 -196.0917087073701 
123.86873328009344 -123.48071950026824 
61.33162927785251 -61.526942742424865 
189.17498409750357 -189.18320306410124 
116.98937660228633 -117.20265456891752 
185.79065825907526 -185.20719222492195 
68.24754155092214 -67.00398073442733 
15.163289656705068 -12.26829378252365 
62.80444795382225 -62.78416446221527 
122.5508916448892 -122.74789987600944 
118.79417243072966 -119.0375075903119 
203.43854110840132 -203.41401036210289 
140.3797711284973 -140.35524038219887 
129.1913182756108 -128.88866968811314 
172.22824793228395 -172.44789816366878 
205.25559806453126 -205.056141043486 
105.49672539322549 -105.73871349541021 
12.799091812508404 -6.960324723590089 
11.134763777326693 -0.29205256393825874 
47.694425633462075 -47.91995090575453 
26.400169553048084 -26.618765384307665 
163.9838931391799 -164.2084304613028 
