223.8360179339582 -217.54429507297516 
10.132170813856789 1.5401575896048216 
10.132170813856789 1.5401575896048216 
223.8360179339582 -217.54429507297516 
36.33649484030316 -35.949873002149545 
43.34616235736853 -43.57073337170232 
217.42951286161656 -215.85647747099415 
152.63730752310346 -152.41984863571182 
147.8038483113205 -147.99429452889132 
190.83759429074604 -190.66577462472642 
85.19687888443127 -85.39115458001811 
204.36979299822298 -204.41458542321075 
52.73142723470378 -51.99732050240621 
82.97976154298658 -83.17145111018677 
141.61254332358973 -141.85974832029052 
209.26813355985564 -208.67090804160662 
174.4204174210444 -174.19465179123713 
19.180914629164896 -18.617979944473355 
163.86717336711956 -164.10160717817308 
123.98111431812994 -124.03945257298888 
138.77121672755442 -138.84176238858095 
87.89453346969167 -88.09433973460695 
185.38714570839565 -185.169686821004 
143.40375563476587 -143.6182202649184 
101.45988121887612 -101.70757921028813 
23.235539200612667 -23.305400467388793 
54.8579577145466 -55.03633192194754 
166.75992924639374 -166.83047490742024 
76.01317067208245 -75.94203594097002 
223.50357422342066 -217.33197298553472 
94.49320508955404 -94.65240284144497 
98.44843209196249 -98.29423827976586 
29.86553651894446 -30.08464681952455 
28.033766957928272 -28.123479304762746 
64.88657660268909 -65.03202869153986 
17.196968176877196 -13.027613603153902 
213.22301402094004 -213.3131837059373 
121.27647708084729 -119.70797723270174 
126.82359957581325 -126.3865909766169 
61.474782956589095 -61.536666515899284 
97.86040646249663 -97.15149302286223 
113.63350683171491 -112.58632219823943 
111.29846396818353 -110.75974313555304 
12.24989680476601 -7.429332325030709 
209.9809595488615 -210.21064675828933 
134.57594764935416 -134.7558985348409 
193.2499440395286 -193.3516508390514 
129.88442159638365 -129.17550815674926 
21.638979324744568 -21.18088032523341 
168.88268118387543 -168.90533594577022 
154.5542033540696 -154.80377008539105 
102.72252859702675 -102.87382491799843 
50.07562152576607 -50.311339769284224 
156.1345998650726 -156.15829859752535 
131.4533428389724 -131.63329372445912 
59.826127593885516 -58.90889934913942 
80.5727142918953 -80.57531210261998 
159.78703006908634 -159.87038274999122 
13.317228768789033 -8.764888985065557 
72.77703236888173 -72.83891592819192 
212.9411094196575 -212.51971426119792 
73.756045457326 -73.98086458160495 
11.113803174491515 -3.4734321155789587 
178.50799872069567 -178.67538695986093 
115.4427238428479 -115.62922080380244 
10.752525277984338 -2.673570456546766 
171.5995506998246 -171.84655148345945 
128.69798635772224 -126.99469487220598 
188.38640335990289 -187.98005941403846 
187.71900544722138 -187.9673785337682 
14.321180486849778 -11.828963494142108 
89.70548411941124 -89.34495158200313 
117.96836886324063 -117.61857687308532 
183.53104742368964 -183.77905700851485 
106.07457290039984 -106.14960206684847 
137.17884547292198 -136.82905348276665 
68.21442581326174 -68.39901693563141 
195.90771470570303 -195.91031251642772 
108.16213860370273 -108.40539396187202 
182.39069828702569 -182.53012217979634 
118.31258500075866 -118.41425721370555 
145.80259788054732 -146.02290337441968 
70.79783579760304 -70.56247198829968 
56.50761903108101 -56.47069897798275 
106.07457290039984 -106.14960206684847 
25.415446386318845 -25.662160598802494 
202.1202453332856 -202.3674646539521 
34.15875968420459 -34.40799472528497 
197.75785949393736 -198.00397888170585 
171.71554363700324 -171.96166302477172 
77.89546193796838 -78.04379530305783 
161.9661387037477 -161.36717957925904 
25.954272794221094 -25.904908469595952 
200.0696473139817 -200.00701666893787 
32.249531895909236 -32.00986510106634 
91.06924498161914 -90.65008964256623 
20.538178608445175 -18.61857664985627 
47.42702466202523 -47.6660771435249 
114.80207831927159 -114.75339623497953 
70.060249999766 -70.16195679928877 
