222.08797089046607 -217.67242969327978 
222.08797089046607 -217.67242969327978 
10.376643014205527 -0.610802244756135 
21.05667183308173 -20.324526689320905 
23.075425384033657 -23.23542485768119 
91.62182069767815 -91.69467371368535 
16.584613700600634 -14.404375337689741 
71.32130220160843 -70.12341497002014 
187.6820775736466 -187.62712877225107 
100.17655701980944 -100.39788426996958 
27.77544898007247 -27.925191176984846 
215.7177248113145 -215.02858448477843 
172.13238125244436 -172.3759057158759 
94.54538456638024 -94.79300516027811 
191.2909211485204 -191.4919307672566 
12.487053968095001 -5.906950967240263 
195.72199946684427 -195.90317308221202 
67.16883944443401 -67.41838247644972 
212.09189452489977 -211.99407897898513 
88.03390126154488 -87.6200477308147 
218.4044098932983 -216.65461072090864 
40.180634975710475 -40.089740225421714 
73.7631138811015 -74.0101287464415 
103.46781673052332 -103.38353056259277 
60.81912121989761 -60.83191869342574 
115.6952585725277 -115.92511270959314 
167.88347655646245 -167.7991903885319 
124.65661835987822 -124.64944411794748 
54.87559148798205 -55.09911614122762 
121.89836733758989 -122.01542383264089 
201.43431037385727 -201.67174685268094 
35.11960510389479 -34.489265400714984 
120.59671106381644 -120.70334667780317 
185.56129240368017 -185.74310580541032 
142.19397623219766 -142.27556796036964 
11.001364324072739 -1.2139604759835745 
81.9353100129619 -81.96622119622958 
150.7724969665705 -150.0861116786898 
178.36943942171493 -177.27833720758326 
166.0220913642276 -166.26410134395567 
161.25111375196738 -161.49312373169545 
136.06207891488276 -136.26865325914525 
104.66699685518707 -104.69594909711704 
46.02120319024081 -46.237469180664135 
160.5051516022774 -159.37833635328644 
110.35744984621917 -110.26096632699978 
112.12058683849484 -111.79001620017856 
98.24905785443427 -97.13629426777386 
76.88131954836092 -76.22221117348909 
145.09716495581904 -145.03012584130656 
109.3342018007828 -108.0241733244306 
43.44840760155371 -42.03816388033473 
58.408467788552066 -58.336645466699736 
13.320933617728366 -8.98600189357972 
134.36305938543842 -134.56828568681766 
32.346745160932784 -32.505684246265254 
175.6676738733466 -175.88845538189335 
15.180481373057603 -12.763185092541617 
80.13993284201936 -80.37984724398503 
65.07970297458328 -65.27044629303418 
193.20417831826876 -193.03523694636277 
157.97890375417563 -158.21634023299927 
96.93183007737338 -97.13374113053453 
199.36969969245132 -199.59039272581248 
145.35276936221123 -145.59546949131646 
45.11009822443183 -45.3288996841367 
147.89134018812865 -148.1179605416151 
198.4432123803358 -197.37881843665645 
126.00786817429253 -126.24203366315464 
139.4371454452011 -139.26487695282742 
130.2546714785851 -130.48173305514683 
181.4557846559509 -181.1370934434567 
83.9398443567386 -83.88880616659709 
118.1006531893124 -118.30999608532782 
175.6676738733466 -175.88845538189335 
209.59155876139133 -209.81958292536387 
44.099928554066004 -42.55979091150834 
206.0386714097679 -206.1995462258154 
164.39170496636532 -164.6337149460934 
148.118128111794 -148.36013809152206 
106.77575246450053 -106.67926894528114 
183.8952187590928 -183.91823847559874 
154.18480151607986 -154.112040736737 
118.0293978208948 -118.24114132773158 
222.08452636735242 -217.67010226285447 
62.78655952685985 -62.499412489408755 
210.58376632749233 -210.83257115073377 
163.27858964877194 -163.28024241256617 
48.40066205953031 -48.63587605397067 
48.40066205953031 -48.63587605397067 
78.7756834593037 -78.87973007000784 
38.17889132918704 -38.422923432439475 
170.23742752612978 -170.38767835438097 
113.76795526700263 -113.96896488573883 
131.8146989715604 -131.93175546661138 
152.67175333683966 -152.78880983189063 
208.14787792896504 -208.3290515443328 
170.23742752612978 -170.38767835438097 
156.79756790981597 -157.02776729070501 
30.51459391297676 -30.750405978952713 
