225.27103051528366 -217.51499298718892 
10.125980053296734 1.5211916966531653 
10.125980053296734 1.5211916966531653 
225.27103051528366 -217.51499298718892 
120.20298798771195 -120.30128349164393 
21.122986910722876 -20.95243860228593 
112.58338016871622 -112.82761248893526 
35.51257146832873 -35.734593334443296 
210.2484680371134 -210.35171078267516 
32.52207834504524 -31.682961262817173 
166.35031699752912 -166.40842175307412 
169.59191424591734 -169.51995014050414 
83.46188856841704 -83.2693002051277 
95.96857221074089 -95.085484396487 
39.22935684424523 -39.10821662193957 
182.72477154202028 -182.00682502525274 
29.315677124699825 -29.374513755286983 
86.31681148063137 -86.4444797465968 
187.5595819943619 -187.42856392547847 
47.43170331620638 -47.58506631249378 
217.630747363503 -216.3819855700036 
149.94994642200723 -149.76962222916094 
220.45175426085476 -217.45835595357 
15.14228889874659 -13.098252118607522 
111.86029579655536 -110.42457909623599 
15.14228889874659 -13.098252118607522 
55.37908340535387 -53.97613825526494 
142.18899374349115 -142.35724598842032 
213.12483589402177 -213.31789768382902 
24.78265121209711 -24.986546213858986 
81.04179057629715 -81.28998175187823 
158.24456586668407 -157.08871038954308 
148.2773939114951 -147.7651510094768 
93.73159004214173 -93.65962593672852 
91.37752612647175 -91.5668565449462 
190.2762410992811 -190.52484261371075 
207.14670282127636 -206.66490558158083 
137.71496492993145 -137.8298041273585 
22.701020116642816 -22.850286420530477 
156.339066707718 -154.9613590175087 
179.56034765859505 -179.8102187049954 
214.83009010003903 -214.06048996297062 
42.39025356189037 -42.2245454918138 
102.05610643077621 -102.06458680263435 
14.156480889641799 -10.55106884833791 
98.7835295748643 -98.79279544044425 
73.60337507926411 -73.63055300609184 
62.04097511066415 -61.85489460941764 
144.98352318701836 -145.04511589620986 
57.72986655738828 -57.97926415948018 
202.49228296683307 -202.3093602557658 
164.21367023185067 -163.29413348083537 
11.045365359205377 -1.8243623007096215 
63.73452148797861 -63.953152838426085 
107.89688681783828 -107.99053311948848 
79.13969797966118 -79.38907460947233 
88.30638302968818 -88.35363536266274 
184.6400226226686 -184.793851461212 
68.25391703839581 -68.50329366820696 
133.8935417500549 -133.27203169701772 
130.9570790924862 -131.18052328949864 
71.12825595806869 -70.9561141208097 
152.40864615554182 -152.62487750128108 
76.52035346584513 -76.76972843432911 
197.9792567324954 -198.10327072062827 
123.39423999607266 -123.22209815881365 
89.55980211232338 -89.80943712388107 
52.913932718812475 -52.432135479116944 
127.19101484945483 -127.34437784574224 
197.0111626559608 -195.94191505887932 
50.34759023027375 -50.59735449851193 
121.87095322268475 -122.12071749092291 
139.79327789464796 -140.00950924038722 
195.3951890941282 -194.51319379215008 
74.49642982790317 -74.74580479638715 
177.1709434485061 -177.33789720633962 
145.67437803638117 -145.92024559314999 
103.98581797392112 -103.7515056772407 
50.17787973524197 -49.02401407421083 
173.16194538888922 -173.242043080315 
11.136293786350219 -4.350947882101786 
100.02062067626362 -100.26744056603277 
105.46534909849862 -105.27149764472158 
12.68169546826023 -8.245148455665912 
44.848588896897084 -45.095259930740795 
185.52695671192814 -185.77659172348584 
200.4909606021546 -200.00916336245905 
171.70606983029222 -171.85798746291863 
70.632644327938 -70.14401931021457 
44.716840614190914 -44.52073912276939 
204.424906863551 -204.5965941728089 
77.69662659504996 -77.94637164784648 
153.80901844382424 -153.87928693451252 
159.84944679967447 -159.66165225901022 
107.89688681783828 -107.99053311948848 
206.49258127375967 -206.17362074093765 
140.705611237798 -140.95482937485056 
175.10600108802547 -175.34179094606472 
134.7089893371038 -133.9427758364177 
26.799861043128857 -27.047014228840617 
