223.37466999400965 -217.69690115839924 
10.191191060639298 4.55289331489128 
10.191191060639298 4.55289331489128 
223.37466999400965 -217.69690115839924 
183.51845026761697 -183.71917316670294 
201.26603694878656 -201.27348993281066 
16.005772087567347 -12.046735368603287 
75.58466571488128 -74.49093874105718 
178.53631629037272 -178.76003525573324 
21.26236198852014 -21.097124653014717 
172.8220992033529 -173.05188999803252 
12.400374327850628 -7.318900276575325 
136.72202667191496 -136.95701524032185 
96.01422363730369 -96.26374996551584 
27.344402142727112 -27.5803311456928 
205.54575724133628 -205.7826623345207 
36.30606787046058 -36.23954359743373 
218.14322705611912 -216.29340764723753 
98.36581237669648 -98.61534244137238 
142.54191503815898 -142.6712361241664 
63.485313738545955 -63.73466772566756 
108.86429082158415 -109.10881988004883 
17.165963892060844 -16.230907436474414 
166.13055708108388 -166.08625167869647 
71.76250059663371 -72.00702965509839 
139.03516512954312 -138.31757428541107 
158.80814502182383 -158.69659012637993 
153.624149545583 -153.87414917835937 
114.62620788152819 -114.81712910037088 
77.37159470055987 -77.28896195494606 
211.65562125565356 -211.85989683427067 
24.17564126727276 -24.37610256820257 
13.64286536765299 -8.68959646116812 
149.21795085829837 -148.03927543813302 
67.74314825999936 -67.94965832072437 
169.23632515177187 -169.25827252577704 
40.20885003470939 -40.32687003242154 
70.97306034666363 -70.55279743291234 
10.665086211542278 -1.3795568150860182 
133.50568492498863 -133.7430295053744 
117.85663363510062 -118.09173148406721 
199.7016645822994 -199.75686293642022 
131.09368131841265 -130.1344406834094 
58.83064232502436 -58.76615488573219 
155.8658896041267 -155.8155367532261 
107.06494740860275 -107.27751276301231 
86.09641700677363 -85.53218016774113 
103.31769485568897 -103.53026021009853 
105.1248055796378 -105.26406565393685 
197.3120968850743 -197.52471388711777 
189.77634210090122 -189.5435781953389 
170.2876064597337 -170.16162553566397 
211.2401509421503 -210.6996455582807 
40.29107867373713 -40.41621288449868 
55.81849631354139 -55.92728763262959 
35.1309116686583 -34.71708274708766 
87.61455820547347 -87.46036599104032 
222.76098331626534 -217.08321448065493 
123.9069153670049 -124.15393084235197 
175.42483683858202 -175.48856022385763 
151.6150589125368 -151.5647060616362 
61.51633606272362 -61.75037687502416 
115.72434731094819 -115.96120244022983 
121.04126503518448 -121.25379518831322 
146.38492953360102 -146.3003169822528 
161.6986478151991 -161.94595057249234 
207.9732042403317 -208.18539528302392 
31.77875509745342 -31.9083903028595 
30.24010031218632 -30.444375890803435 
111.72808442899711 -111.49926879934978 
191.36174343479348 -191.39433249969426 
195.46053112379207 -193.41694668652008 
10.4603042383175 -1.0932941511756864 
195.87201337777287 -196.1088685070545 
150.41551884780472 -150.5451540532108 
101.13026825437238 -100.58976287050277 
57.734912392826125 -57.84370371191433 
164.72545379150353 -164.97498011971567 
157.49211843268466 -157.62143951869209 
47.865315746977984 -47.66244970638045 
81.36760522459176 -81.585864184616 
215.42342384923242 -214.8788337183678 
54.13317015494053 -54.241961474028734 
46.464688257577166 -46.64253205508415 
146.38492953360102 -146.3003169822528 
120.344914789369 -119.18483926911776 
176.08769026127894 -176.33234413993682 
141.4692559382709 -140.7397585987074 
51.64995459365976 -51.466898048234434 
19.436871713712975 -18.541556131686548 
93.96841191410553 -92.99028160729347 
111.72808442899711 -111.49926879934978 
44.820350215989336 -45.069880280665245 
215.42342384923242 -214.8788337183678 
125.79316330410956 -125.85688668938516 
79.27463625598685 -79.22150593149374 
101.3498076092874 -101.52029902009937 
178.48978442388335 -178.00564169980768 
127.61099283755539 -127.718794258966 
186.31276490112447 -185.744629081648 
