222.945800661339 -217.56244736329387 
10.140407247177357 2.222014379808141 
10.140407247177357 2.222014379808141 
222.945800661339 -217.56244736329387 
39.46149610211199 -39.5501918586201 
36.42927760541861 -34.848242965825804 
44.902544005956216 -43.24606826316544 
63.35751107221243 -63.517467528926815 
31.5013129406207 -31.75022451262371 
145.41521999175524 -143.76590906597272 
187.0922896245228 -187.28750571845913 
61.245480188676574 -60.89848069163357 
123.50093807575308 -123.71857318134666 
140.00154299955648 -140.25045774403074 
69.55555678828237 -69.71889690942182 
103.98989335622852 -103.96400998854128 
22.088613843775796 -21.996950729551116 
14.860298169111179 -12.198054841649416 
85.35590663142261 -85.4301495015912 
57.77394692718558 -58.01671046771692 
19.262887957307157 -18.953251607932103 
106.85863808242013 -107.04020878436634 
137.67497628954175 -137.91336114486424 
190.54641529973412 -190.5072072189338 
102.18347297512962 -101.85681721179901 
166.34445445649388 -166.467201341217 
12.63572934922255 -6.541479726264475 
197.6913488983961 -197.4349913186266 
157.2135996201597 -157.28184767265603 
29.96571027720174 -30.21114416362206 
116.85399912951733 -116.39258472891889 
113.94509474732314 -114.12666544926935 
66.73515869781842 -66.90112688723528 
169.67851221361857 -169.91585260629193 
206.80791910767744 -206.80604724827379 
54.44408268387285 -54.552794427378025 
13.077281236573834 -8.221650010418111 
91.10351045914288 -91.28865176999636 
94.89356144866413 -93.83031137781077 
204.2662121012662 -204.3311848139693 
181.96283119036875 -182.03107924286508 
82.25986501349333 -81.96441267580983 
97.11656162180616 -97.09226060382171 
191.63803997268693 -191.88161168572606 
154.30015383605428 -154.54489770905937 
120.44873062853073 -120.63171530847917 
89.60546006164114 -89.02261190510026 
46.170950615652075 -46.39424743984267 
25.14344423229745 -25.250332495016135 
18.32390031939553 -16.516420935643353 
214.6037640725313 -212.20170694547818 
194.73950625097095 -194.97534857436983 
219.338390584233 -217.0598424650444 
78.89306329632655 -79.13543724348995 
72.46540244712182 -72.71325343416095 
56.33212016272053 -56.57650179009665 
134.94363717411994 -134.7170841866195 
52.328432054484466 -52.272415520145046 
99.47339019345763 -99.41333146939867 
117.99341450835817 -118.24310485323953 
125.71549028524167 -125.95387514056415 
179.6729444898994 -179.91893954706865 
93.09804024727568 -93.3392339444541 
112.46455133597549 -112.65743084513409 
49.10676411770912 -49.286413807703504 
127.36190486171812 -126.32482402467362 
24.068171252797246 -23.896533700914947 
81.62342911446575 -81.87331023358956 
194.17746137137908 -194.07514374931932 
132.37409579379087 -131.57737489605412 
200.4774900322306 -200.6186302414363 
178.40605646553053 -178.17950347803006 
10.73568100577075 -1.9107984822953998 
198.93774044826318 -199.1751589270279 
175.91882282022277 -175.55796682895073 
184.8579674790724 -185.07975762244862 
49.04624547579142 -49.229225545856224 
110.97163472072474 -110.74508173322428 
208.32380513875358 -208.38495112209722 
67.96759536988044 -67.0185665777575 
77.43480566858204 -77.10814990525145 
161.8940553953105 -162.13139578798382 
109.45192210920501 -107.6847046147466 
216.47488616833965 -214.1517811605027 
172.31046766063588 -172.37715581858416 
75.4991919568846 -75.644529114593 
10.73568100577075 -1.9107984822953998 
148.6878503482319 -148.82349080210483 
170.98361319935356 -169.9203631285002 
27.521549011107936 -27.495665643420697 
129.12332762949868 -128.854183010233 
74.56054682031683 -74.7845975380892 
148.125492287473 -148.3753448667124 
159.5592895944112 -159.80917071353502 
134.00463741130042 -134.19985350523675 
27.521549011107936 -27.495665643420697 
139.33339098367202 -139.53931834894223 
158.51882596696052 -158.69252792944357 
209.53942159849697 -209.7323011076556 
109.70011218840001 -109.72334832855823 
