221.2264948505039 -217.57360928387413 
10.12608083015989 2.7787859328505276 
221.2264948505039 -217.57360928387413 
10.12608083015989 2.7787859328505276 
217.99763560659062 -215.57489121908245 
149.253292659919 -149.46392013493426 
145.27528785718175 -145.33473442516848 
89.91126655604265 -90.00166862481528 
211.14210340574215 -211.1908078524546 
162.51652522442666 -162.7579390445994 
112.04484510230557 -111.28228279911406 
102.87659124556015 -103.12629273855808 
60.319618454280835 -59.671556728919654 
153.12622056825077 -153.37566201396902 
116.97343990656385 -117.09655814280296 
169.44925467473487 -168.15842106728968 
171.95458504223146 -172.16945220035126 
142.88790096885003 -143.1378887506237 
99.605178260273 -99.62730253430496 
131.57693687053916 -131.81812116025355 
175.9968091300708 -176.23686110460326 
12.858860628441011 -7.421134391578256 
93.58637638060401 -93.71055691106275 
116.97343990656385 -117.09655814280296 
87.26035051075998 -87.50801887545336 
121.3760388614609 -121.28268675447414 
15.56254518753814 -13.554414916824543 
200.7304378465624 -200.94777323829683 
166.08687808389092 -166.3133824334474 
64.38171428871502 -63.02953181293951 
14.228553785137116 -10.272864948323509 
193.65636005676896 -193.87903207058673 
206.91789793305728 -207.16731788117733 
74.094033868753 -74.24806897665655 
26.277367651726568 -25.500536435721227 
173.6324540242843 -173.88238646222277 
197.0402539893531 -197.2688158694386 
11.78065897870528 -3.299743210460438 
10.628290925364244 -1.8644702538720388 
178.47310714553117 -178.358645515583 
68.5042158201619 -68.74089321458352 
140.46771995467049 -140.61240665296756 
20.124011003592784 -19.966406793090968 
50.52033361741408 -50.2728639072395 
182.73540746090487 -182.92045940844886 
52.275033849796515 -52.21662272956776 
137.47103939199422 -137.31325971858985 
204.18176997987499 -204.2868902590709 
105.81758932149853 -104.13706981660275 
43.44891236129861 -43.66727819493792 
203.53179832920944 -203.40583549312578 
27.5138148463799 -27.05769538752851 
160.6248927139722 -160.41768989663112 
158.0027123180113 -158.14849298504538 
134.4100904913498 -133.9908604080702 
139.50351212160615 -139.03535431198716 
198.9013243580059 -199.15125689333374 
34.2508581002372 -34.487943843622965 
208.71797830141693 -208.113394165882 
29.177002788418392 -29.336459227500455 
85.34595271676883 -85.47908904272003 
72.14829325886964 -72.39589645534193 
19.92014968943014 -19.059805592237083 
23.379762777132697 -23.051127242237783 
192.7672251146448 -193.0172128964184 
31.23892766769912 -31.410963679980178 
66.56277223624618 -66.2325779469223 
180.17407232227882 -180.29719055851794 
53.8962363699434 -54.14578831617004 
186.38739636434855 -186.4029436092859 
23.379762777132697 -23.051127242237783 
36.289238571511234 -36.5359285163402 
17.980028576899013 -16.089443402932044 
108.91351755387467 -109.09328234194734 
84.24701436253403 -84.4454817148024 
39.020132430062404 -39.08128196667758 
64.83517366693913 -63.97482956974607 
76.2460608169072 -76.46919963098854 
155.99935931645018 -156.24566442561488 
37.10026807355966 -37.280301334936205 
166.9381032652891 -167.1611904481194 
39.76966326700457 -40.01107708717729 
129.40787188320093 -129.64206569463215 
57.508960715610286 -57.71958819062556 
190.67842657138388 -190.92795260403093 
185.30310082182314 -184.8828602932068 
107.32862487179354 -107.56306973679025 
17.74086976210798 -15.732739491394383 
122.496783313788 -122.73776448159873 
124.79224310641908 -124.91579653026501 
55.710114739449025 -55.93730286292775 
160.15496677332652 -158.548380625483 
106.46461922081501 -106.58773745705412 
190.19861962863928 -190.44855206657775 
47.873904397551385 -48.11531821772411 
48.43914920515885 -48.67995870203603 
58.29515706394924 -58.464073536357716 
96.39558075273541 -96.61806548979919 
80.27445687014999 -80.47877321342737 
184.2434048119629 -183.56113658687596 
