223.16310785967434 -217.72941777001483 
10.104452782287183 2.8150123929015 
223.16310785967434 -217.72941777001483 
10.104452782287183 2.8150123929015 
25.95409341658989 -22.919053496737565 
27.972226207240336 -28.175084918211326 
214.01181111465667 -214.04598493074744 
175.92286531958877 -176.17089332333265 
185.25692976587698 -185.0379913363343 
181.42288229006542 -181.46345925980003 
16.165257942845745 -12.60310598400582 
139.87574324364496 -139.5919645648431 
39.470310000947926 -39.16191070312411 
110.80807771373125 -110.95279908018593 
201.76106565763263 -201.73859950788048 
10.65825755575072 -2.335302211648286 
179.1202062662836 -179.25640745744823 
20.51024917044829 -20.224319302636673 
13.35612955675077 -9.979860854010013 
12.121786518773323 -6.133327934260265 
142.9196901568188 -142.30206651478917 
195.9114538977947 -196.15964126775583 
119.6776299038506 -119.81247374460327 
131.6506165237969 -131.41136125787148 
128.07601607031157 -127.18172968545066 
43.86164050671678 -44.10004195072989 
113.77347703722313 -114.02062832556925 
18.002889692735632 -17.231990422231664 
31.840011271045604 -31.98500363461092 
211.16337503147454 -211.0494347135389 
62.53358681100548 -62.73336531937822 
98.1084366688811 -98.23010847198559 
205.09493485991254 -205.34312222987367 
162.68257323387047 -162.9307606038316 
81.26077638554912 -81.15308369369242 
154.03404549560605 -154.18034668780348 
169.45864245573392 -168.1108760447589 
133.22976519026543 -133.37352379453793 
165.82359187842022 -164.4758254674452 
122.66902820656085 -122.26689406394671 
79.14125133242189 -79.20609221881607 
74.58160958746555 -74.76047846463248 
144.73194323456738 -144.7989714878954 
157.0716191790687 -154.91401486982247 
70.01033221767266 -69.39637429700606 
166.8364200620316 -166.91630393708388 
187.33969071047403 -187.56692142113866 
67.5647427429932 -67.41593017123833 
199.48452067542004 -199.5623832915793 
218.88223589683562 -216.87227026310032 
65.24878766195346 -64.95017393398406 
108.07976878287522 -108.17809695600072 
72.45096067632113 -71.67374371178668 
193.0766597288049 -193.31430015629152 
115.4684418741498 -115.67820995426852 
209.2511034615201 -209.50014415357143 
149.88122742741572 -150.13011670833515 
136.44203365739747 -136.6902210273586 
83.92497728089899 -83.11620380091497 
56.2879056261135 -56.53549147991363 
51.14233972361633 -50.95449180617982 
136.69909352152789 -136.82158561076633 
47.26717809545862 -47.44184697361199 
124.81084427925153 -125.05894592349387 
49.09351520390259 -48.43295293558326 
207.64450677310177 -207.84409393601803 
53.441272415681446 -53.68885826948157 
84.33943151767629 -84.5862446104879 
218.88223589683562 -216.87227026310032 
146.2948432329818 -146.50963477867487 
100.16753579993245 -100.33727162902592 
60.3997378525706 -60.54034284064667 
19.447148151059675 -18.749841034239314 
127.02403261030253 -126.59934038982254 
89.75871093600256 -89.86974530580368 
223.11467590088267 -217.69941658654 
160.5427476553013 -160.742294644644 
170.95166438693784 -171.19925024073797 
206.30924312997294 -206.41206136081396 
151.66864306587524 -151.89107866237427 
190.33833277664505 -190.57278565370285 
172.9635845773566 -173.17837612304967 
117.86327703283868 -117.3730924629839 
172.9635845773566 -173.17837612304967 
100.90428100960798 -101.15206751996176 
124.09045567186563 -123.45721925651617 
198.8011723480381 -197.57558846398084 
75.92698309120942 -76.03317883536897 
66.36328250734138 -65.89763703990512 
158.67561171731236 -158.87943405644918 
147.93553556589322 -148.1725359107108 
71.66223804483224 -70.79851236444291 
46.120964624244756 -45.232715984048944 
50.30086340535199 -50.44146839342807 
38.02651403678574 -38.27606929754127 
91.84198431677108 -91.94777391917879 
93.97871196274468 -93.54868632366274 
102.89118293139633 -103.13937030135747 
56.6418667070118 -56.89043992659033 
117.17405827267876 -117.355499292026 
