10.121597307034582 1.6430836285444048 
10.121597307034582 1.6430836285444048 
221.87231358393336 -217.68487884842045 
109.943024725951 -110.01949949701036 
61.1687034090406 -61.36460194103899 
170.49680982766705 -168.80035015170225 
43.29433004836824 -43.34121061609105 
174.80819794493874 -175.01162446277226 
57.76158933595558 -57.7020669478072 
126.67832416289093 -126.9279947644253 
132.0253043406753 -132.27107970743708 
207.49511072592912 -206.91687120202954 
149.64177931352916 -149.69638323933566 
106.14449732236122 -105.21595714224597 
115.49673206138249 -115.49988398346797 
153.202857287432 -153.40529654617094 
219.86357971678277 -216.300523921996 
200.1564876494588 -200.16806026722767 
142.10693067879654 -142.1697013615815 
77.35135098770527 -76.71957056097118 
139.36407559497786 -139.56737821447024 
39.43915872470035 -39.674981233714036 
87.24418508275251 -86.90329901844979 
35.862482071041924 -33.18107854119711 
119.71800688971967 -119.95568463619291 
81.46882776404634 -80.36858776952309 
32.3003416790051 -32.16430063952542 
161.061400113438 -161.26800351537676 
137.15288199297174 -137.39873017035933 
186.80921609686666 -186.8776841862177 
31.06147885392244 -29.37510898032027 
147.8401552811972 -148.04245088131609 
65.0399728934242 -64.08750410940645 
36.561711590912346 -36.79866691291622 
203.5484799324128 -203.53313053912623 
24.780437111865623 -24.947252856324518 
163.41187937714477 -163.64198500925374 
215.17607566258965 -214.33357271632175 
212.58825027302066 -211.3187485689253 
124.89921422108074 -122.27019141117326 
55.12586181978426 -55.13945005007884 
10.59441423789815 -1.7683780716613837 
209.35626055488535 -208.7160776608025 
21.622265762772848 -21.608232727946092 
45.815562262975064 -45.85669841670571 
145.53889493947764 -145.67655940374328 
144.42072058923537 -144.43876704483992 
183.9226672925213 -184.1726418896129 
19.839767141469835 -19.530913324172623 
89.13179231704785 -89.10176108288772 
203.21353728904697 -203.23158374465152 
90.6129019565996 -90.293131025413 
27.185620033731126 -27.43124813316188 
75.75574743891875 -75.96370357767633 
73.08273840663577 -72.426822486461 
15.477262128739016 -13.673011705818352 
23.271270981687245 -23.41861034989093 
193.3911008129463 -192.99051949219088 
155.79800770473605 -156.03496302673994 
125.93889080141271 -126.18473897880031 
168.0732480543206 -168.3039436768609 
82.55189620033337 -82.6435842007572 
92.74393208774035 -92.21437747201554 
159.10137264909784 -159.35129151449706 
28.179876249355218 -28.130030164152416 
210.7994331580216 -211.0319927855137 
14.174988251494069 -11.137043882457442 
12.934688983559408 -8.106771033072814 
38.51680769248564 -38.559352277047324 
180.68580066056867 -179.64856255122828 
101.1228762739398 -100.09499444224639 
183.39243397568143 -183.4543189672229 
166.41246293683602 -166.54243063997248 
175.77972508090969 -176.01568327846334 
190.69932181397976 -190.74127774654391 
46.778776472303626 -46.98207909179602 
114.69012706029129 -114.78000933075663 
18.99320138108025 -17.433807588926477 
53.880894581642906 -54.12417939404013 
48.63389557750668 -48.36473386072301 
135.16663296763858 -135.18098998549328 
154.7012851086261 -154.79955540354007 
178.26067150003846 -178.50137987022805 
198.0576664284562 -198.30548138649954 
84.43428392441065 -84.68306730739663 
11.569247467049003 -4.449284812707466 
11.755377667039197 -5.6587772126271 
177.48373521146547 -177.72061745389286 
121.85952469433013 -121.27151645237814 
16.906207307817965 -14.933781439396151 
97.38859194250941 -97.41743519946613 
189.1047107458819 -189.33588707183128 
96.13116180702966 -96.33911794578724 
112.80460830437016 -112.896296304794 
188.16666003713726 -188.40909070819023 
112.80460830437016 -112.896296304794 
49.41585667795585 -49.582672422414745 
17.66063440223133 -16.399932604921403 
215.17607566258965 -214.33357271632175 
196.56090746221548 -196.37901210913526 
