10.10877589408415 2.841570867791428 
222.59544692158937 -217.36353666250034 
10.10877589408415 2.841570867791428 
134.97840647511316 -134.96616736724954 
11.338790937872243 -4.627391609052402 
129.00140402612038 -129.03478686737418 
198.08278825428937 -197.14239739281746 
66.68060894339368 -65.36691443727683 
15.812369011244847 -12.61106405706613 
50.593434379741666 -50.190113462399424 
56.27123582138712 -56.44247539327907 
170.53122778702715 -169.19039256573723 
112.21448786187246 -112.45851717456148 
178.01987361243505 -178.2593303113553 
63.026566318125504 -62.42378234293443 
201.367057545557 -201.30489602225012 
53.40731376233631 -53.574307100502914 
68.46009091047411 -68.68612007942585 
103.71872491255729 -103.92174689072613 
115.61831720269676 -115.6146107402193 
46.27990799195946 -46.48292997012831 
23.925409288068256 -23.931861859778436 
58.57765146385099 -58.81296365019729 
218.23316925267852 -216.44695843896258 
186.46506228969795 -186.62183680519877 
172.87355364123127 -173.0765756194001 
159.95134352860813 -160.15885496884226 
13.663641631775928 -10.393112841832579 
13.23583881101765 -7.0816711580717575 
110.55127185199905 -110.52520891884193 
138.5909809151576 -138.0360472800445 
36.992916263099076 -37.019685677567864 
17.853835660612027 -16.973390520840688 
74.09507103871589 -74.33692842541444 
42.39073741769194 -42.621187668649725 
29.902057024003483 -29.968246079660766 
183.76415663360785 -184.00506279806848 
71.80597623964299 -71.80014599929956 
21.67889636172402 -21.35656038810123 
40.24226030912919 -40.41506893179461 
20.892174212068742 -17.66710918085286 
27.126054313983285 -27.32128603982187 
33.9444076784417 -33.99396197089032 
195.88690854218575 -194.95609141440582 
89.9404463125122 -90.17990301143244 
135.66602884722784 -135.86007461910856 
98.54490866010806 -98.6690366100488 
162.71847573457978 -162.37667389078658 
39.20984108820585 -38.917580325379845 
188.10334537833802 -188.16045867716036 
216.12819784138532 -215.2400583579846 
70.5309492362926 -70.77497854898164 
108.52741648329581 -108.15581517232418 
85.46105162425872 -85.4488125163951 
164.4364423330633 -164.66177077474254 
91.96538154304284 -92.16919461237615 
168.04832537670887 -167.7243948285175 
157.2338171144766 -156.8537194603285 
191.9533292530284 -190.37138026208007 
80.3762618282912 -80.31569204691661 
81.7928248544883 -82.04229629940458 
146.69644659410537 -146.7397900495259 
51.60129517966028 -51.79681484469333 
192.8291047827904 -193.07401929570702 
190.03445245925562 -189.60112701172235 
101.35749903834909 -101.60290451049784 
211.30059561348443 -211.496723978197 
181.1218178517339 -180.35870364491956 
152.06547440500995 -152.1461793680111 
31.436519196787287 -31.54262480787076 
203.87668009924556 -203.3301802502225 
100.78705980871115 -100.77565794164524 
144.84718290431448 -144.80880327156422 
182.9383951071544 -182.89392557429923 
27.22001190519577 -27.469681685188455 
79.90878157660728 -77.63331851719929 
155.50096871605444 -155.72206386974108 
76.08273954045417 -75.19348432082457 
60.70247289014958 -60.898601254862136 
105.97130813373015 -106.1351140537412 
209.77324845663097 -210.01864194295456 
175.54843817782054 -175.79786983701146 
119.81452228442208 -120.03544885884175 
142.6361418012992 -142.6546088628769 
161.5965252677557 -160.82403991827695 
194.12220354701668 -194.3631097114773 
116.77774813085797 -116.97299465399624 
153.33494191764512 -153.3621056131867 
207.6755763889041 -207.9207710485838 
214.28149346230708 -213.90139580815898 
122.27447632195096 -122.27438683544585 
118.26421611621073 -117.92241427241754 
22.972343674743673 -22.56597171466943 
124.17342423672089 -124.36955260143344 
121.9710736974811 -121.69197704137125 
150.37854831708694 -150.05241980225873 
202.31934152037638 -202.38074274429044 
165.6486649127963 -165.8073395176296 
144.38357243372212 -143.42118126458345 
181.1364595402527 -181.12422043238908 
