224.60448741159377 -217.51932024564604 
10.141212289286926 1.4302037503111444 
224.60448741159377 -217.51932024564604 
10.141212289286926 1.4302037503111444 
153.41899511768173 -153.25441398041497 
211.90461028603278 -212.1145332552121 
195.86117096174243 -196.1106718343976 
200.44354483657213 -200.6858241223309 
170.22087439995937 -168.6177498648614 
18.426493755449968 -15.40478856944814 
141.81121364634942 -142.0350276710598 
166.4077798349038 -166.53716950347314 
137.6782483269113 -137.85852984370172 
50.98097207300762 -51.226236462511665 
54.87646397053696 -55.063038065940084 
214.80380269317993 -214.30321387038003 
194.45972277012177 -194.67747812721785 
129.91015039906597 -130.09510617761953 
146.59744664495213 -145.45258626514826 
61.03877276056761 -61.02782695997673 
88.49344660783456 -88.31322840158984 
42.18142146126278 -41.73510258245301 
73.26308118403107 -73.45719787578449 
163.9241437429422 -164.17027088042542 
91.37664535562539 -91.61834305023544 
108.43943003258038 -108.68112772719043 
180.14818527395863 -180.38962416536452 
174.74811930914152 -174.99448532252458 
122.0449696435461 -122.28666733815615 
105.81082585053042 -105.88364450699234 
23.544205912868595 -23.302412320690706 
158.05841621206957 -158.30478222545264 
13.192633795117832 -9.314936915242303 
116.1413367705099 -116.39083764316509 
57.39834825958191 -57.463450574853596 
118.79221634857461 -118.40549083061504 
114.90684377932354 -114.12669018542806 
104.4898113141801 -104.00560529523895 
148.06956302927412 -147.89183743728384 
75.90702655267732 -76.14846544408321 
94.49815652272585 -94.7083061087565 
11.326667522415313 -4.846125640890514 
82.92179537384773 -82.67112618016702 
86.39342620106473 -86.3882477890554 
10.447891047472755 0.20852978563263935 
126.78412639274252 -126.82786934339227 
99.0627893964634 -99.04510730148853 
154.48831005891103 -154.7060654160071 
71.85688216016447 -71.17762587194866 
191.00011369719655 -191.2315694942502 
218.50118534953992 -216.86012028463708 
112.17964350312815 -112.41606375840166 
120.18238688336777 -120.39230985254709 
24.791470957260103 -24.846802392388028 
42.80263066629015 -42.32427562879526 
124.81206030581907 -124.61756719309007 
148.06956302927412 -147.89183743728384 
20.487977359695286 -19.715377521918143 
183.10746328401567 -183.33887020896324 
48.8757409924022 -48.935218897126916 
177.28836021392453 -176.6937515615701 
29.584571429299864 -29.822116844836486 
101.78388030587769 -101.9980553993675 
161.7536534120406 -160.31497733712587 
15.030186682099332 -11.036066752535751 
66.19457209857224 -66.22726739162312 
12.060075595111968 -5.728377496407571 
26.84203753861894 -27.008213211055917 
217.8914119804124 -215.85382347056947 
172.39669812436765 -172.06567730709327 
92.77421236976393 -93.00483783033341 
20.921604435442408 -20.25019811626447 
69.9806691046277 -69.5052094097727 
133.07580934814268 -132.81492782567665 
135.48499462885923 -135.67457793821876 
161.91164894983632 -162.04103861840565 
45.28365404493736 -45.46743661780367 
158.63706747747574 -158.86847440242332 
187.23358168544993 -186.83891846610962 
46.308969864802975 -46.53187033332932 
27.83594155063977 -28.08496028731688 
143.19761071210925 -143.41678311074543 
77.12173862618042 -77.35889212496916 
32.93162292677738 -33.149423054361456 
34.2988619633833 -34.53539646873433 
37.89411667269954 -38.10403964187887 
172.42877510721758 -172.67598977512858 
35.60118726426422 -35.83772176961524 
131.8306753629431 -131.43568351488923 
208.39966339999617 -208.61108789266396 
204.7171445257675 -204.94194714924078 
96.5592954430127 -96.80679132243628 
96.94933458516053 -97.11164026632783 
184.64995165523098 -184.89346027657768 
208.39966339999617 -208.61108789266396 
37.89411667269954 -38.10403964187887 
36.871755948360025 -37.09135486868944 
201.80895272401335 -202.02670808110943 
78.65420528196512 -78.78104313796905 
68.47645473813863 -68.05749652184772 
