10.106260843943453 2.93521767169263 
222.34645342170128 -217.69500930936928 
10.106260843943453 2.93521767169263 
222.34645342170128 -217.69500930936928 
167.15883944078138 -167.31667284552378 
193.04899561990442 -193.29257316645032 
198.26574814059438 -198.5122393419018 
173.0823733968706 -172.35218008094674 
74.94723447014292 -75.18785659164399 
158.0265432490839 -158.0258546086966 
78.91176732800244 -79.08133869975285 
187.37457216531993 -187.4641908032731 
35.198393670362805 -35.32478451126544 
33.007270732466694 -32.383798160011736 
68.08955515648645 -67.52327532206776 
71.28197368049092 -70.59091261632807 
213.00835840813536 -213.10406379836496 
88.6091408231703 -88.7676427724668 
17.773180124229253 -13.607211734810893 
131.43853241621616 -131.4266216073015 
191.61549692336624 -190.70532353602664 
30.126924574009237 -30.19317816828358 
104.44031825315449 -103.84447795816246 
180.02755203302968 -180.1851011209777 
44.51485521097113 -44.37324149510927 
66.51140451096705 -65.37699153393535 
10.778206009874078 -3.0585103411424095 
154.5029524779885 -154.73436933959968 
133.80737613732083 -133.9685721703511 
100.64915837845338 -100.70058527966225 
204.0041612949494 -204.25400476382038 
63.48821451914331 -63.71052126471487 
128.02875662060225 -128.10515801061752 
20.241059866955624 -19.22442759773786 
53.91315021915768 -54.04605685335148 
46.15154302285276 -46.355200137694865 
57.860380267519275 -57.51354084181351 
123.40766234165807 -123.20778301794432 
91.98513536313381 -92.10653835981896 
111.33506987628321 -111.42788815829341 
185.55793112730447 -185.80035287395862 
113.17651070709991 -111.52198782192625 
97.90206945911996 -98.0977422966836 
82.3070530143826 -82.39231143529223 
149.81428075657792 -149.86183653434964 
28.0915444815698 -28.341001317023547 
59.7486671469859 -59.61203102698475 
108.49425606117232 -108.73389640269545 
218.85854362053288 -216.91357195062864 
115.02087130067127 -115.17842038861927 
101.94765832495588 -102.08963560115112 
216.55950331327216 -215.47906092718117 
129.44263816930746 -128.93916299085652 
80.50418600499547 -80.75304754682557 
165.4649507343721 -165.55428911297108 
50.57253044739093 -50.66356179975047 
87.16264129045621 -87.41258011325418 
84.60744336537778 -83.8772500494539 
173.32729340452707 -172.85348894452756 
41.770919811769105 -42.01366832380956 
175.7950682880217 -175.93917680642957 
135.57065520760477 -135.49292211086288 
22.651630931819803 -22.6333376056148 
183.6332328703643 -183.72426422272383 
106.38383253167397 -106.52580980786921 
86.99784403349484 -83.93394349365511 
201.26295222128397 -201.38385976903106 
97.0100004105117 -97.02239533502063 
142.53877021859807 -142.74382246788267 
20.241059866955624 -19.22442759773786 
26.10765809406447 -26.357508940672897 
209.66081185807238 -209.7760427322406 
125.09640928248949 -125.33074141743393 
148.11175432432188 -147.56278006282724 
162.55099445205062 -162.7990772244009 
207.6500923928978 -207.8838946123784 
207.6500923928978 -207.8838946123784 
48.285332873960925 -48.50763961953248 
121.2090809497309 -121.32998484955539 
38.477634723539445 -37.46345790069491 
39.17725745615445 -39.42719627895242 
177.3418432343051 -177.5898503662908 
146.7419268276086 -144.8793171509139 
11.340951962479037 -4.271481168029562 
12.486702296494382 -6.692821906765797 
181.84438317229873 -181.93657008748733 
160.1796705776521 -160.3434984638152 
73.55759902369579 -72.9913191892771 
119.82934531901557 -119.79502173723665 
52.291593022810915 -52.37696225887112 
152.49985004691214 -151.9508757854175 
118.15168368910075 -118.10314082815424 
160.49031981956045 -160.53431187926802 
151.40045053238555 -151.49838020458864 
154.14218688706822 -153.57590705264954 
211.13788163677214 -211.35473905228565 
92.62218536777021 -92.50899078345486 
72.5217785422665 -72.71745137983015 
16.94808208245248 -13.014154181927463 
115.85602051560856 -115.87270106224503 
