10.377462963959193 -0.947875939165141 
223.90309584283688 -217.70179661545703 
10.377462963959193 -0.947875939165141 
223.90309584283688 -217.70179661545703 
213.3750967959549 -213.51514007508771 
65.73020543124937 -65.66004072051254 
68.669946629018 -68.73475284000598 
209.10930260514976 -209.10865607325186 
190.2499480916057 -189.8791598676159 
137.93293224579983 -137.09300982361754 
107.15450688846742 -107.0534873356687 
98.68194863387494 -98.8850430847179 
166.98551934218548 -167.19434816394335 
95.07569554102881 -94.94575951909475 
82.17732180805396 -82.42354314216087 
135.4869512155371 -135.13981288463785 
20.800795916685555 -20.660670366008414 
174.67300667517728 -174.91333823356365 
12.821962206892408 -8.195286460135469 
61.503825733442035 -61.74941554480913 
117.64880218336921 -117.89856508006328 
163.33756249941771 -163.5805066444504 
204.36483129528327 -204.58907926044424 
11.691381410303075 -5.440316280806508 
217.67472660180076 -215.70606431878505 
72.63670374109401 -72.8822935524611 
141.2298635495634 -141.47849100228814 
80.03485753415255 -80.05002411702444 
206.87914737922006 -206.16280282120815 
121.03491127236373 -121.26309888224574 
18.788307916102973 -17.846746429339746 
38.339245899288876 -38.46387941488586 
132.1609128301872 -131.81377449928797 
155.96311542020533 -156.16790656712655 
85.73605313347902 -85.54081188885166 
171.82444540294662 -172.0519829916017 
194.45557797813828 -192.4441975838803 
16.980592702850032 -15.472708040981253 
47.051233222131415 -47.296273325288766 
154.9695200673873 -154.7218896549266 
149.20836560127478 -149.44204862278286 
180.8187680906277 -181.0204429574121 
15.146842788276544 -12.34335513580094 
201.74321297852288 -201.46248034342935 
88.14059558307625 -87.69955694720203 
219.76591392098373 -216.73683860490576 
29.976587254281185 -30.18584129275169 
187.19145147049207 -187.3997094713898 
105.47150281633488 -105.67118703192334 
127.76663248881044 -127.62679904592534 
169.27091501623167 -169.17077894357254 
152.30919847371936 -152.120511793344 
73.61494774124334 -73.85758180029299 
197.16908560243792 -197.40997741765761 
57.85939853041005 -58.071936009995866 
23.83244564598063 -23.72962775124682 
115.99273039585975 -116.2415108937549 
179.82648440888354 -180.03767527465456 
35.87672997316926 -36.07641418875772 
128.97735159069515 -128.87381070689543 
76.69105892120373 -76.9194889237526 
142.09846337274712 -142.33208861648404 
183.54866570113506 -183.78578105647162 
130.78757263986554 -130.92761591899833 
123.50062776794255 -123.73009936597674 
196.57484245371347 -195.11194516203568 
111.41339636121118 -111.57927822612834 
44.779207723406884 -44.91039129524888 
177.10097036372497 -177.2678079275037 
33.28567404825979 -33.48734891504416 
151.54661113211404 -151.4455478212356 
27.815170692628698 -27.227212658312194 
60.968741252871574 -60.16267389306921 
177.59258571621186 -177.83291727459823 
162.03747986996393 -162.14571030222766 
77.75071669796276 -77.46259179574851 
171.5207225086742 -169.3704837324583 
103.5138506263617 -103.734086111088 
90.25471628455969 -90.13390912051813 
44.172880622175384 -44.32526317664946 
24.8929349302741 -25.05117982609351 
114.44199869581408 -114.67528967067777 
185.8217315318515 -186.0458365190902 
51.22214793178075 -51.423822798565126 
52.99839653267137 -53.24103059172103 
223.13222322029014 -217.20711607198882 
28.195429646359642 -27.27310323333234 
144.3797256492077 -144.57940986479616 
147.623023130987 -147.7387187068831 
15.265970009527138 -12.966019502859979 
122.39382297677159 -122.30485420107149 
40.60471305636112 -40.27302164938794 
111.41339636121118 -111.57927822612834 
195.0358184585706 -193.56111766340783 
100.77548047802168 -100.94229869628454 
125.38604677061826 -125.58881636939122 
199.3040855857205 -198.94382291360367 
86.67773321193651 -86.69401530038239 
183.86489082030985 -184.1020061756464 
146.72362648735879 -146.9514261114731 
