223.58720019357523 -217.7121485311545 
10.145592501233637 1.441303204173309 
10.145592501233637 1.441303204173309 
223.58720019357523 -217.7121485311545 
53.104261930937476 -53.35355835272128 
48.39528514387836 -48.51666035038012 
177.5301150768082 -177.76789969139293 
140.5891226924615 -140.83579324318316 
121.66784158328473 -121.91777236342139 
214.96063689012945 -214.58934679051467 
77.8320929610839 -77.98315172425112 
199.3079682547766 -199.30075825695292 
172.67854911302805 -172.18074902230117 
175.5506200230791 -175.49652954257306 
55.675967281229674 -55.92495115292349 
202.62200938596203 -202.85085224236684 
206.16628933186607 -206.3480732099904 
196.3985580288298 -195.29748586831084 
183.8300265864957 -184.0770060729087 
182.172079237594 -182.17152285484877 
191.1281776945391 -190.88495763394184 
187.4791479291157 -187.23592786851842 
111.22050127255558 -111.46904797888465 
82.13611626565739 -82.02033799744719 
13.275786766984503 -9.577361324203178 
150.63376642907735 -150.88364847767926 
69.41674842982857 -69.61535484932793 
24.0568693668137 -23.634512687745037 
10.917677793325774 -1.4112390269428454 
18.563862593133095 -16.77319629779006 
162.9559056261152 -163.03201832184286 
135.04667337088463 -135.05236995927856 
212.79817381713485 -212.89422645645158 
153.75106498364985 -153.8081608654449 
211.19081831122574 -210.61487949957962 
146.90465638340788 -146.406856292681 
61.11878617013262 -60.81256868168833 
106.90114877262127 -106.51604085365318 
170.4570318334381 -170.03321037809698 
188.47603543367325 -188.69673866633968 
30.307292905483187 -30.14253426393914 
19.974281977949396 -19.31817578908042 
35.21057243734012 -35.435236117028 
144.0832434469132 -143.94850308552105 
114.07556600966377 -114.23267994338941 
46.35323517625899 -45.79943894070334 
82.91724728041329 -83.14629855973055 
71.51886896952558 -71.7542636430124 
201.34707278817535 -201.0419994148345 
88.72564740756313 -88.53066856513239 
58.26918628395613 -58.352759511752616 
160.81910504162965 -160.94030295455292 
94.42914984460931 -94.23423952564846 
219.6552531877936 -217.2087361887281 
156.92997381906804 -156.51255100788342 
209.12112787229034 -208.9089795046819 
14.930752673149183 -12.107426477588906 
62.863199626737924 -63.02073255752481 
25.703074845105107 -25.927738524792986 
98.80040035589772 -99.02759491607682 
32.973912059958266 -33.2227930630345 
124.60564175770729 -124.10697183357918 
17.318985421110156 -13.991530928046974 
168.2100712630257 -167.17819573134057 
12.387627392665436 -5.5316173710601735 
137.76006547216312 -137.86434414108803 
155.07546581385157 -154.150185728692 
105.0409916103963 -104.95361529045103 
41.71469266833887 -41.254916993612554 
108.76156294612318 -108.70495247701648 
166.34415954344854 -165.13339705243027 
193.19373708245112 -193.42242415311793 
12.025344893760717 -4.8062375449450245 
137.71363421230546 -137.81357425382583 
135.04949996086262 -135.10915644983723 
149.1793962894505 -149.40588452887584 
91.17190238627879 -91.03650648437889 
59.05121247326295 -59.28660714674975 
144.2904878527166 -144.17659557610637 
147.93402198849094 -148.18290299156718 
219.6552531877936 -217.2087361887281 
109.43065296960685 -109.6608162496749 
116.69679460457107 -116.94377409098405 
21.993622810923114 -21.552866083802883 
72.91038720533302 -73.06792013611991 
65.35824322851401 -65.3986347297451 
168.80516560872636 -168.66765835758355 
76.50766866808188 -76.72420099307405 
115.06409060806675 -114.65829864398825 
129.66207562845008 -129.90606297497607 
116.69679460457107 -116.94377409098405 
36.70367202745675 -36.94897951999343 
37.71318836814605 -37.959946017418545 
67.50324018290826 -67.57389353253072 
159.52327747280208 -159.749654540897 
104.03135296006896 -103.57277667249208 
96.78037546965659 -96.58539662722585 
94.12219946722075 -92.12677100708132 
33.25603058972149 -33.3156870786961 
97.88997115067872 -97.11881267354883 
