10.12924326658247 3.773014218322542 
223.38571920739577 -217.72530179191824 
223.38571920739577 -217.72530179191824 
10.12924326658247 3.773014218322542 
141.73508139443524 -141.2935890255895 
124.9148544982946 -125.16052959689445 
68.52932274642026 -68.74391663707895 
46.39569050302858 -46.546478117504094 
216.0520521997026 -213.80291651287024 
177.05063730034306 -176.78290040159408 
213.29045332395955 -210.7849162251704 
82.86849264442483 -81.51251649165107 
80.31348456323693 -80.46624211080149 
13.92089790676032 -10.736437647790897 
121.78700665857025 -122.00025487894705 
145.40959348066266 -145.6552175154747 
11.063712886968883 -3.481260967692333 
97.26748181307204 -97.41826942754756 
70.78701664889792 -71.03156275575299 
85.74046552548957 -85.6729004243784 
180.97436512783375 -181.22435475132843 
186.988889543531 -186.72115264478205 
100.02739640308866 -100.19947674673895 
137.6186453059908 -137.86426934080285 
158.1582312674073 -158.341037990426 
41.73964656770583 -41.9546717548359 
204.380325596539 -202.57562651007777 
49.99248535045743 -49.977724432242226 
118.02258951651751 -117.84576585438894 
77.05175841745668 -76.72252997415194 
53.30918523502177 -53.45997284949729 
65.23398176930536 -64.61792630905305 
26.83958274426488 -26.819138134255553 
39.5332205749552 -39.70116903948917 
195.84568359874922 -196.04723913125395 
24.72379466775832 -24.689897495092154 
102.00427033839935 -102.22679512695548 
19.591590784956395 -19.099398840225806 
90.5121354706617 -90.23148356451964 
11.063712886968883 -3.481260967692333 
15.720946903698772 -13.898752267557118 
104.18882939300823 -104.29260936664741 
119.7470375546759 -119.96140165637215 
185.07417551800629 -184.52399844258207 
58.57599553172379 -58.29534362558171 
93.52241075468385 -91.69273144579172 
128.1168268248809 -128.33151742946174 
106.01712278464645 -106.21918529237279 
61.82387408624888 -62.07172278462032 
171.07910926585959 -171.25028751094467 
38.557610421760195 -36.73541578561854 
61.06327030904609 -60.4040421376659 
33.50626313397309 -33.0713830922571 
155.6329929867441 -155.80773001525773 
209.34038103069568 -209.1948674613092 
55.80000568425562 -54.672889735548466 
219.43538399231016 -216.21708609367116 
131.87531580424186 -131.81868176814308 
50.87376334321539 -50.93324653736016 
200.64750978025864 -200.85784757611654 
149.04292320850928 -148.98271771551632 
193.73091878571148 -193.39934496139617 
57.10574630140327 -56.55426261130415 
32.14143142835675 -31.095883325267245 
76.15424427634976 -75.87359237020769 
191.32114273989862 -191.52871200738272 
95.10874532355702 -95.16362724666203 
129.28537831301 -129.53141996198985 
64.94896662022451 -63.67280914746486 
200.12176351022984 -200.14364495788567 
172.57542646069953 -172.78979056239575 
73.79871192031248 -73.16566294703047 
165.8965505093712 -165.9752748279116 
35.09353610657841 -35.16890256408432 
175.28576649462659 -175.4851654358263 
162.50884114728774 -162.7545162458876 
21.843828665392817 -21.410559863970324 
219.59440500420104 -217.1375020407076 
189.46465067794168 -189.69659290330733 
17.371461489814354 -15.864384990005629 
18.850090676758647 -16.2165003399271 
132.75785949472032 -132.92903773980538 
174.08174667532495 -174.1722146626012 
115.50125179050875 -115.42853895760021 
153.53349110136173 -153.70486689588705 
207.36396776036634 -207.3382497689042 
112.78400271483241 -113.02508509928191 
22.93091946530717 -22.43015271083303 
30.089351873617233 -30.184140191768208 
73.95093203918948 -73.57495935011293 
94.16302226504078 -94.37627048541756 
163.7118295543805 -163.2769567184604 
110.88525627210988 -111.08743669333153 
205.0767803314899 -205.30170738660888 
160.21545995999605 -160.31024827814704 
197.66644721033558 -197.86602508927848 
151.96610354321106 -152.20321009393135 
160.68862787274477 -160.67434649043162 
134.53301958607673 -134.59901541825653 
168.0135422830344 -167.79087124818437 
