1.4133506652223082 3.806311193639317 
-4.866248094004189 14.17998880015573 
1.4133506652223082 3.806311193639317 
-1.8898254162571415 7.984931597813675 
-2.5721733198326975 7.130324153994755 
-2.1363979374542295 6.6279725082964545 
-2.765239856721702 14.17998880015573 
-3.240752777788088 14.25511291543473 
-2.109560473263571 8.863469260715132 
-1.9624756475729217 13.568954620662264 
-2.2425672911251096 3.2677040678843907 
-2.9129101850596135 13.774549191180368 
-2.740788559913681 11.224045970492796 
-2.564241082575192 14.772554755398913 
-3.040140093969926 13.078531570673853 
-1.2679748972227631 3.1762925646887368 
-3.0144282394526574 11.934331446132882 
-2.2460934832987887 5.459349755064175 
-2.3362312245545427 11.872549960864756 
-2.006085282323614 6.353966296757111 
-1.1426766374848008 3.888830334701841 
-3.2394403677216532 8.442690747361643 
-2.246773954035853 14.461988367790308 
-0.6798741676235307 3.1762925646887368 
-3.2838637786436413 11.183920781391997 
0.5757142554308099 3.556506059036072 
-2.000845931813962 7.217335172044527 
-0.7930789163759902 3.4555468624992463 
-2.5652566883033647 12.006813004335022 
-2.031456615492188 13.230926418731302 
-2.006085282323614 13.680498495455547 
-3.7713087185718086 14.512081447400565 
-2.006085282323614 9.712244368637913 
-2.6494638164615045 6.411326667516855 
-2.4593222141565696 8.115476268837401 
-3.18953855714357 3.3510654735305074 
-2.462076918184914 13.653453150356547 
-2.0556807025040076 13.339296373536653 
-2.62257978769619 12.202899280175883 
-0.04335291913790407 3.547462538951578 
-3.869944972077877 9.470961353975227 
-2.798068409897881 8.967304470513064 
-2.6744429890664705 3.3510654735305074 
-2.0653406862825303 14.169320368150524 
-2.6744429890664705 3.3510654735305074 
-3.2216576968766195 8.891391304011266 
-2.6713250211467634 14.09636785709199 
-2.8956060272107242 14.581943751511849 
-2.462049578720886 11.703861706146512 
-2.4762453213792734 8.962375708972754 
1.4133506652223082 3.8140647538754227 
-3.059859055862668 5.062983457691313 
-2.141274717320575 4.594099323519901 
-2.2093557980284637 10.262739614196416 
-1.9167092491249451 7.49033364655308 
-1.6842988038073705 14.09636785709199 
-2.3547753120355455 12.74349380584397 
-2.5623389850720697 10.475796898539041 
-2.62257978769619 7.632452809688034 
-4.782046628211152 14.17998880015573 
-3.505732170558537 8.482659954781877 
-2.9085611724142253 10.2294940875456 
-2.5633428736507207 10.698081639227826 
-2.770641151467121 4.3932317832709185 
-2.765239856721702 14.586535127777022 
-2.573005974783864 10.989355937399209 
-2.083888716410966 5.8510791635803105 
-2.6462938239412326 12.33508708018604 
-2.218073553343673 7.130324153994755 
-2.730866991370468 4.594654993423019 
-2.6494638164615045 11.849506213412694 
-2.614064954481812 8.112626750656002 
-3.0547658488641316 5.299154574655671 
-3.7169230322958953 14.466745515646359 
-2.765239856721702 14.586535127777022 
-2.0530390394026106 3.254874413118105 
-3.16598272746058 9.213724491269211 
-2.006085282323614 13.882272259067852 
-2.636067249682149 12.481508238648477 
-2.3723928302385726 8.000409392672474 
-3.2216576968766195 10.262739614196416 
-2.3723928302385726 8.000409392672474 
-2.3362312245545427 12.793616470872344 
-2.246952324945558 13.637607111466833 
-2.321872708536368 11.224045970492796 
-1.9371058760203912 14.291558355960916 
-2.584593825262583 9.651074285685366 
-2.4762453213792734 10.326560848576051 
-1.7184152464364222 8.962368502698727 
-3.02058100947586 9.650816027687581 
-2.487837122013768 10.938787790752102 
-2.765239856721702 12.840998678433765 
-2.7368760885051846 12.784249276723713 
-1.902815479697598 11.03699159006037 
-2.246952324945558 13.882272259067852 
-2.0676951180324683 14.588879957229711 
-3.7478184461215145 10.617389954920306 
-2.0125630654624294 4.815098949846616 
-3.0127680675765314 9.753677726829121 
-1.9934236870692392 8.574826464256017 
