-4.721801846201663 14.236623690641295 
1.0048176536347833 3.6696568521731256 
1.0048176536347833 3.6696568521731256 
-4.721801846201663 14.236623690641295 
-2.2043767576720823 8.892760642421186 
-2.4019250200385422 3.6494038108543405 
-2.621880440048279 13.344482842832281 
-1.7775647843391718 3.0647170745079233 
-2.4321222785785968 10.434067044870236 
-3.3950468400881224 9.624276958514711 
-2.4019250200385422 2.9340026183437784 
-2.9214613992931313 14.08837847669043 
-1.7679834217396928 13.028702202423933 
-2.5761607305496255 11.34589938516908 
-3.3796869020598317 14.60840855442368 
-2.661416793750353 13.181082005593488 
-3.2403116194106802 8.666259972222763 
-2.650370087793485 10.548715991048642 
-2.8788303381337967 3.400655186072246 
-2.582319132096909 10.84443171030859 
-1.4360874102378312 2.906879046664475 
-1.7675324078996504 14.668238086912886 
-3.5777345915862 10.715493308913027 
-2.5410150012681205 12.85527240177816 
-1.7455937386667904 5.89909672111316 
-2.1988804258979537 11.945909792319954 
-2.5890079532872243 8.892760642421186 
-3.242723958927147 7.649344136287084 
-2.661416793750353 12.582611598499792 
-2.4510728751937414 6.2714302871736525 
-3.242723958927147 7.649344136287084 
-2.796104701384828 11.615140401519398 
-2.454926796105522 14.708659398277815 
-4.671935116210145 14.212522964318142 
-2.564865276907754 7.5028552409446725 
0.524238816878495 3.548547627032028 
-3.236614396293095 10.070459531897038 
-1.6430684879682547 7.649344136287084 
-2.703039488888139 9.150115823031824 
-1.4646382606250201 7.5028552409446725 
-1.3345174845496488 6.523860321503699 
-2.4321222785785968 11.07106140424903 
-2.5742412584148506 9.447914760493203 
-1.9463257671409564 13.797792697116627 
-3.590426078413287 13.26863475603286 
-1.7854244600664293 14.565384537016058 
-4.143761615048727 14.178675011808307 
-3.0154339930858907 14.655763067848422 
-2.8467650165368035 13.344482842832281 
-2.1651167087748737 12.359921548756962 
-2.887337884540423 11.79630675023974 
-1.7471903904869928 14.009295006254654 
-3.5631936902996246 9.342567836909637 
-3.242723958927147 5.288192645549774 
-2.580610814000365 14.594234051655084 
-2.208071589708971 14.655763067848422 
0.03474048072977842 3.3549118095476222 
-3.0409479017910055 5.336406508244327 
-3.0475634283452973 8.48280885135233 
-3.1389300747871136 13.295274372515017 
-2.550677871896446 10.764962768359478 
-2.4031497763523695 13.028702202423933 
-1.7747805674440158 13.430896314599739 
-2.4019250200385422 10.757625575447651 
-2.661416793750353 12.07887183258531 
-2.661416793750353 13.928978992358143 
-3.0415374463549125 7.479600864255983 
-2.6044119540693793 11.096593265750766 
-2.990570751116347 12.101880002286933 
-3.0251926208475663 7.403863334397896 
-0.030620943389237598 3.5602660102400234 
-2.74712668790842 12.87087361175309 
-2.637866936485515 14.081550596756216 
-2.5647639781554807 6.411567480342697 
-0.7559337996446598 3.2438029959390335 
-0.2674382475053365 3.5455173510237774 
-2.818234908531499 11.34589938516908 
-2.5719071728719145 4.848599169493213 
-1.7747805674440158 14.298807693489877 
-3.3147858478336665 5.811095183364615 
-3.0982238395896524 12.87087361175309 
-2.6433668254798066 12.512688110510974 
-2.063433905207698 7.065777791028242 
-2.7511816765847095 14.29162657617043 
-2.013388134119857 3.1342865707998078 
-1.4629325744148005 14.164027001885062 
-2.7511816765847095 9.495980133217454 
-1.6815896106946697 3.772598107307581 
-3.2634672803068265 11.279477541493439 
-3.3180954752935437 4.77208502855099 
-3.1252431187553062 7.572246154579927 
-3.270303305861837 3.439185637423109 
-2.9006813704310623 9.609420407249802 
-1.8555791556651284 5.102132396987584 
-2.835862118581378 7.162201309478207 
-1.2142177305872615 2.9407513007404638 
-3.1621624947646736 10.766051734886533 
-1.7602418736585808 12.80171355910755 
-2.454926796105522 12.415537652517598 
-2.063433905207698 7.428988215520314 
