1.1240061100990622 3.712260973979613 
-4.491781439537137 14.310673448124987 
1.1240061100990622 3.712260973979613 
-4.491781439537137 14.310673448124987 
-2.6378632741450523 11.51582390974595 
-2.654118145313739 11.842992027616326 
-2.676393768817471 7.964285998565373 
-0.18297369692257037 3.2889704304842997 
-2.562353575940592 12.943610298541454 
-2.964619970137441 4.390802956365496 
0.49924013618846375 3.5240081083071706 
-2.118456507544274 10.506320354068357 
-1.4160640850752317 3.3838384042938374 
-3.752222304570672 12.842928316658135 
-2.562353575940592 13.201424768725603 
-1.9897192044443321 8.863008377799273 
-2.6555838620038332 14.73360062136176 
-1.6677122669606295 6.488183979456005 
-2.6378632741450523 10.506320354068357 
-0.6840635230196463 3.2082075061756115 
-3.468195873671225 14.310673448124987 
-1.4783396987976536 10.879996390120507 
-2.297167754275624 8.92200332093606 
-3.2463921435940657 12.842928316658135 
-3.3215075682735815 13.280713000323923 
-1.9842447227495077 2.8609126983007385 
-3.468752860986839 14.546620712188052 
-2.55251081500248 11.449369843807693 
-3.222253448655001 10.904348070676445 
-3.291808623831072 12.41501616395293 
-3.746795610655759 13.434982165129803 
-3.072856003605703 12.224750243481338 
-3.5129513753480133 14.172024955839738 
-2.586987916426153 5.310802450293513 
-2.5961475797417672 13.781510502405514 
-1.9933833035507185 12.80837877717858 
-3.2705308783657543 8.867714206973616 
-2.5861089220985014 3.8056493521490395 
-3.5129513753480133 13.85796379712768 
-2.6462482369827613 7.7023223983794455 
-2.5618066173978224 9.151295187290344 
-2.05837293473299 10.34213585156848 
-3.291808623831072 12.41501616395293 
-2.6378632741450523 7.469704314286892 
-1.1308498943697072 3.237921516156489 
-1.6713784479935994 5.26717478810449 
-3.0495818475146033 9.639907088837715 
-1.9923119296294898 12.747986609287572 
-2.6714452974025713 14.648980852859577 
-2.351903399748587 14.393372595109923 
-2.246423057368315 9.886741477964321 
-2.8288759216978487 8.886300921461999 
-1.3977497934218053 14.381203265887706 
-2.573047940441309 13.493676061191136 
-2.5719539405988625 7.361871595827644 
-1.9933833035507185 13.218200986166536 
-2.118456507544274 10.256632009838768 
-2.521798743328936 8.386320146639774 
-1.6713784479935994 5.26717478810449 
-2.3294507578114323 12.332690903002172 
-2.034582966167057 9.21656800172408 
-2.4565550206331905 9.611175731141088 
-2.1183716671367363 7.07115852173664 
-2.061211290415212 10.879996390120507 
-2.9765318013969493 14.121759716352441 
-2.9054376540399502 11.966719337163608 
-2.5089495824589916 7.7023223983794455 
-2.6106125473025705 13.660937505670656 
-2.7216513934924254 4.866413712244139 
-1.9727710787653647 14.310673448124987 
-3.2047195832825333 14.250024114936775 
-2.9813352657424987 6.12969066695121 
-2.4288692861524974 13.460795312076748 
-2.4714537985430765 6.634101534175007 
-2.434900178381629 7.348688593030327 
-2.1440819050140045 9.619299638392034 
-2.6106125473025705 13.660937505670656 
-3.213315146508925 10.81413558304693 
-3.7434449577908193 11.475683186435678 
-2.596908743488982 11.010458967961185 
-2.071010399990952 8.512649187038594 
-3.8776848836715185 14.473277137691891 
-2.201684186889454 2.922381592963832 
-2.97870731209981 8.185007646330678 
-2.4939138397639864 9.478097489068075 
-2.3472737087064623 6.05845628398181 
-2.596815186299995 8.815824191739916 
-2.834957121163341 11.214546419405217 
-2.3226328900983213 6.301538035565597 
-1.0288566797503447 3.018327427878681 
-2.5961475797417672 13.830118619324141 
-3.5690387399420933 3.9294080081302925 
-1.6909412264798842 11.304980547232908 
-3.836756596411021 8.875852977510647 
-2.834957121163341 11.214546419405217 
-3.6007393585685494 4.866413712244139 
-2.333020581052667 6.488183979456005 
-2.4373598209978975 12.153365281053858 
-2.444274982958619 11.966719337163608 
-2.374973823321864 14.46567432284698 
