-5.403047111688187 13.992546300380843 
1.2954373373810433 3.7664972841615203 
-5.403047111688187 13.992546300380843 
1.2954373373810433 3.7664972841615203 
-2.110565327811666 11.96944890815554 
-3.937689151060446 13.457688973994216 
-0.7278824754582955 13.659880576958997 
-2.6486567467478337 13.217998429625393 
-2.70211714381601 13.784933776341216 
-2.9270297131400977 7.410976836360954 
-2.574390531952972 8.906419543569406 
-2.4029132736534904 14.493229593693775 
-2.7249757628781466 11.554921370685172 
-2.104988578980917 11.342362335308149 
-3.487349543410171 7.648772014331196 
-0.6625857017695154 3.2784474286302325 
-1.6142348661554686 5.1289995240844775 
-0.3293686831084628 3.3045498596515106 
-2.8904336085522693 12.1315808939213 
-2.5455729579569546 3.21473675725031 
-2.7156998136348705 7.29836651482456 
-1.9700109151445655 3.731758294697225 
-2.6486567467478337 12.752329362454251 
-1.5280391371315591 13.244234823372466 
-1.4259486361706646 3.21473675725031 
-2.3694407245535594 14.57072504662591 
-2.9270297131400977 6.60394523943056 
-3.022863912093706 14.13010563942838 
-1.9151731222136883 10.869498669874723 
-2.3852310724927435 10.993895593533015 
-2.7246869777834677 10.379110307785984 
-2.8695791943692353 7.648772014331196 
-2.5713096885741855 9.753367553585898 
-2.3771544993381593 13.058443549409137 
-2.5507017179864135 10.732268424680143 
-3.121008241835109 12.443542219665144 
-4.273607604343291 14.377935015456398 
-2.7600002874203464 9.787400235550836 
-1.4406451014575592 8.681512629007486 
-2.5599497031538285 11.332716207739447 
-2.5891289252722065 11.959519701043366 
-2.3654830783820517 4.850831128799186 
-1.9609167744207778 2.9011798911839306 
-1.496847042988775 13.672931467346672 
-0.8828179453819098 10.732268424680143 
-2.1015843807256798 10.555688217551406 
-3.0023332764059316 13.472866805180946 
-1.6440603741730642 14.378192084752861 
-2.5742766967870407 9.143840660224837 
-2.803789985760194 5.0393736743284965 
-0.9362844722760623 3.5174505210693177 
-2.0937373553207523 12.297954029649853 
-3.430633790794414 9.029490772106378 
-4.129346043878588 14.377935015456398 
-2.961390548440687 14.47579258531582 
-3.9536740027051915 8.508764153573122 
-1.6282439525559225 14.507997455834545 
1.0115005715261212 3.7628416675713643 
-2.8695791943692353 11.387095882412684 
-2.486073321389285 10.279988602607673 
-1.5280391371315591 11.876819089248798 
-2.6678757609437174 14.754082811627027 
-3.2501612160748086 8.817863908795363 
-2.3658696370266115 6.083495188996654 
-3.5089971584113426 13.784933776341216 
-3.091444791303815 5.134569796912541 
-1.8088044920352595 14.006352529482706 
-1.1909372675609013 12.837521411869165 
0.2669390029879488 3.474218800337934 
-3.003773706257544 8.510325549226202 
-1.9919617356418713 12.817732024931793 
-2.7103985708374037 3.4554719948514228 
-2.104988578980917 12.279644069492448 
-3.7183951122037815 9.480666740986138 
-2.2207927966814975 7.29836651482456 
-1.8501711098042763 3.4554719948514228 
-3.0032909648752417 10.483450862124876 
-3.0318718258129764 14.47579258531582 
-2.783602009961405 10.856185186977584 
0.28244884476442333 3.4595794674024463 
-2.6999768601377756 6.136407705357337 
-2.467249830454673 9.480666740986138 
-2.851956030628587 6.418701818084945 
-2.0712953574568522 13.672931467346672 
-2.865110670090091 8.38337852280308 
-1.8234679696001004 13.670837923574563 
-5.403047111688187 13.992475986262322 
-2.6068524146176157 11.962945916088108 
-1.644103926477055 12.752329362454251 
-2.0712953574568522 13.672931467346672 
-2.3918322389406583 8.510325549226202 
-3.6961515866503625 14.469728280491797 
-2.592220033030216 6.423492396666519 
-1.46544999165361 7.9807221289426025 
-1.9915480767171538 12.752329362454251 
-2.636779588537905 14.692134015580518 
-1.1876036315610605 8.767323858582728 
-2.3378208283165827 8.59232086636551 
-2.635157838600702 13.679891817160959 
-2.62773104127227 11.331024058548856 
