1.1006450595116535 3.7004800740942025 
1.1006450595116535 3.7004800740942025 
-5.282038961185247 14.038736753267083 
-5.282038961185247 14.038736753267083 
-2.2585981785978255 12.109424962124933 
-2.22847761652692 9.568952549806706 
-2.1401493821771935 9.261218419991934 
-2.7899993086002084 12.187016414474105 
-1.5191455718437492 12.727459330253048 
-2.6707758035788185 12.536119200158781 
-3.008036819261286 9.763668672204576 
-2.600472964672373 14.046812827799275 
-4.071582588712984 14.43673337838198 
-2.616869570667446 13.936425590713803 
-2.886490948321957 13.73215961846564 
-3.6440287288049746 4.661134826392783 
-1.9066805686591977 11.84233933221648 
-1.2216833177008426 3.13972553170378 
0.3211210746118143 3.5614235613961327 
-1.7631656420636599 5.484193038244303 
-3.165788385071102 5.794101112883212 
-2.05996010375067 14.344528418613505 
-2.8673390219830663 11.314372564637674 
-1.974057778986215 8.492083441196826 
-0.5800101445602683 3.2230692795427425 
-2.279088206650183 13.250832432088846 
-2.4797497223338385 10.25725057634342 
-0.9466542935481894 3.1733891525249778 
-2.6059969649391634 4.045679743017459 
-2.9833891909508146 14.296741891043562 
-2.3971989306604127 10.639533039728011 
-2.22847761652692 10.05163897204832 
-3.6760896366026374 14.483848584970563 
-1.9426352681846284 13.203624684732453 
-1.0121929222422708 8.492083441196826 
-2.6059969649391634 8.75276463104521 
-2.54468888669747 6.964243179181521 
-2.54468888669747 6.644977261914996 
-3.0410600844463636 10.431084878220286 
-2.824342003654155 11.615270140424878 
-2.5352289113985353 14.357789655278808 
0.9775391741886708 3.7004800740942025 
-2.2396351868666553 10.946192433796792 
-2.8673390219830663 10.912753081933056 
-2.8791611883209605 11.743381451400403 
-2.2684625515401438 2.82279416799485 
-2.2705399615237383 3.1889656764468253 
-2.601154097990163 13.73215961846564 
-3.4900124496910134 14.502882265478096 
-2.974140306783705 3.798234006911768 
-2.7899993086002084 14.67203313145419 
-2.8367815161705767 10.171318573509676 
-1.8774904119357512 8.374476204916688 
-3.638475436808542 6.242696088848683 
-2.2992967942572946 11.394055302975111 
-2.8260567070617784 11.58915253186087 
-1.908478704122409 7.8166723421188475 
-2.5352289113985353 14.609903311726365 
-2.398140865553789 13.725706734538928 
-1.8774904119357512 9.841122935995074 
-2.8791611883209605 6.346044686833176 
-2.2585981785978255 11.082914602502367 
-2.883175537299986 12.639198620581354 
-2.525981916161576 6.194657658721239 
-2.099768953805292 11.359202001111992 
-5.263581703035091 14.038736753267083 
-2.712822084255454 3.438210353209551 
-2.771723760549418 5.8688462011842715 
-2.16797505374282 12.852856393549136 
-2.144378666054485 14.440187378606469 
-1.7680914208898413 13.340136881496242 
-1.709250883078611 13.195693366039482 
-3.2281615339069174 11.038951629417602 
-1.7255930242151418 6.242696088848683 
-1.7454234386619782 2.948566692153113 
-2.2304691711202063 13.705073316488566 
-2.3889449877143796 8.693351244592474 
-2.58571237424312 8.457314854781828 
-2.1401493821771935 13.542426425171548 
-1.814179180265134 3.260215789997516 
-2.186893163844461 10.612943726249611 
-2.075413968698806 7.736171229442927 
-1.7255930242151418 6.242696088848683 
-3.086394423566662 14.327464013279927 
-2.394976798475952 14.59114682032513 
-3.133852056733409 14.504101152352542 
-1.9340246699073003 8.282615328195927 
-2.3889449877143796 8.999333806490178 
-2.0885583560044423 5.5698395769567295 
-2.130242326309843 8.546174533077881 
-1.709250883078611 13.195693366039482 
-0.21840940385065477 3.3045257101735266 
-3.205982737703255 12.378103991192413 
-1.908478704122409 13.514272618560781 
-2.2328180283717 7.995550281498329 
-2.771723760549418 5.085696949356032 
-1.908478704122409 11.415973695285324 
-1.7454234386619782 2.948566692153113 
-2.39746832581926 13.54374943124169 
-2.273194121409042 11.082914602502367 
