-4.826024194938552 14.201070289235748 
0.9306922491545992 3.6454318738299225 
-4.826024194938552 14.201070289235748 
0.9306922491545992 3.6454318738299225 
-3.4988321252426924 14.539669364250562 
-3.9426817527467626 8.433063275692927 
-2.3356522243810804 13.391067133075072 
-2.6557883154709754 8.540785453443565 
-0.46863300935066743 3.304727101137977 
-2.0576392767417193 14.817496143366341 
-2.278191604421991 9.154016618591788 
-2.228796938653171 11.412479540708155 
-2.867227855548739 13.746231887876696 
-2.7326184087743957 9.928913257137872 
-2.891099836161989 10.65089383838116 
-1.4351122384535717 3.6552670928550604 
-0.8775248257206538 3.982886191236873 
-2.332481984171487 8.43340959065937 
-2.458481700164499 13.734774746530245 
-0.031277009645153786 3.3238402105585507 
-2.8785781937173924 10.918611581244079 
-2.9293244055707084 13.79431248649589 
-2.277658606472902 14.492518154255572 
-1.6260069579135705 14.434189066032886 
-3.219132813345059 11.601081094030661 
-2.6135031960914885 9.42443537838307 
-2.9292878800174846 11.628638518307998 
-2.29734879854835 7.240193724026704 
-3.3416902955183057 10.609111347501775 
-2.548174224554688 10.40116436923499 
-3.268805557519129 7.625853638777687 
-2.3000698539923667 5.8387526498903 
-2.09761914886311 14.631127667650912 
0.6370550270959657 3.7078443770638247 
-2.2981159112484115 4.843238098556808 
-3.4513372222620546 5.921930566620668 
-2.603378389042015 14.294474465697466 
-3.682961839979121 14.540763682644311 
-3.1051021137172268 6.936996079035055 
-2.8947248877540286 13.064968729746496 
-2.3634457676215086 7.133564122195677 
-3.0965395728060705 12.467440386483684 
-2.5928415348484677 10.553748920702757 
-2.409224091244589 8.037763618914157 
-1.0586748345058012 3.1349427731512636 
-2.8903551725070606 10.008621124441639 
-3.4209541143641053 9.39716852234011 
-2.2374092348299834 2.827158289386678 
-3.1772760494243664 5.618961730433199 
-2.7602820732342774 11.594885079792794 
-3.4995898724431513 12.415384559205453 
-2.0375654017498728 13.749642730092367 
-2.6608499793485367 7.674501911638761 
-2.5928415348484677 10.242332627034257 
-3.0109909994145085 11.158530404081086 
-2.2642603961601813 10.633594068772933 
-2.481615832156232 13.521586167388666 
-4.726429487724135 14.198809309423739 
-1.9353412554065876 12.457732548963762 
-2.481615832156232 13.521586167388666 
-3.011578338466896 12.257624024726631 
-3.5101119671048466 3.3962700942443016 
-1.056720891761846 3.174452408177153 
-2.7401156640230147 12.881603422538715 
-2.9917877265224937 12.162841670327781 
-2.332481984171487 14.119572266188964 
-2.992707405872383 11.412819157584687 
-2.3634457676215086 12.102199882696873 
-3.1772760494243664 5.430999617292563 
-2.621127625737534 5.719337230423223 
-2.5146345084733084 12.868224603996296 
-2.716263849473595 7.736590307441646 
-2.7119826074880917 9.477152272607409 
-1.66430714756887 8.763668876041333 
-3.2935296106230103 12.247709302010604 
-2.4152816570760045 12.182463802732265 
-3.202386734524319 5.817320324484633 
-2.311847831084486 3.5293308770537943 
-1.2133133587768357 10.241136364966707 
-2.7613465910412867 3.9700011045493016 
-2.6291775792739522 12.467440386483684 
-3.168489714765062 14.34405323796219 
-2.8947248877540286 14.130924115182935 
-2.332481984171487 14.119572266188964 
-1.6479986266061344 9.26765352201371 
-1.8656018090220898 8.037763618914157 
-2.891099836161989 9.526876160639254 
-1.818799353945935 5.921930566620668 
-2.8844722894655774 14.529233621264499 
-2.3290904437355846 9.928913257137872 
-2.250616376674182 13.734774746530245 
-2.890635531921281 10.553748920702757 
-2.660780346684112 12.973797030763732 
-2.4830370970195395 4.123636199954086 
-2.908571372249765 12.220063423928188 
-1.8359874588276544 9.26370796818196 
-2.3330958769863965 4.123636199954086 
-2.331994909047044 6.716657805272935 
-2.3564531044332386 6.7935655538213355 
-2.7388995890026835 12.53776135373538 
