-4.606965955363239 14.27245241193979 
1.1822011164240134 3.7336081934249297 
1.1822011164240134 3.7336081934249297 
-4.606965955363239 14.27245241193979 
-2.5073849140467765 8.96026843344931 
-2.326538142412847 12.11309817034532 
-2.418785222424862 9.281532314718316 
-2.339565961868639 9.42029218065925 
-2.679686106295333 5.948994183963985 
-3.5488010439938145 7.651430713950847 
-3.1110649690126553 5.948994183963985 
-2.4072428334096108 8.210622948595956 
0.2723357324544904 3.5539584006423985 
-3.975410956018332 13.651814984529352 
-3.0841018118200356 11.260494699200109 
-3.2010468099122265 9.175225889473827 
-1.762961437565711 14.323255727397605 
-3.5277501286701334 3.7336081934249297 
-2.1279209438842352 11.990373418608115 
-3.1024696486560424 10.587368849737846 
-2.073615644567053 12.658097318129315 
-1.699129661486522 8.967050909066042 
-2.300694699058385 11.79861336306713 
-2.7518472257252116 13.024825341483394 
-2.3213178948418216 5.9628039733046 
-2.899502415498783 12.050512457359503 
-3.837590115432228 13.445978445891246 
-1.1747924056361503 3.5539584006423985 
-2.582446320945115 11.900917147905332 
-3.9200579783878426 14.46579043197963 
0.9829891590280373 3.6678503113210157 
-0.6563548517748146 3.6555838616791014 
-1.9760613481664842 3.504050869241011 
-3.0403562357042677 13.654570715273483 
-2.8899901824221126 13.651814984529352 
-1.4605106897996536 12.03232251273122 
-3.0404449360711663 7.118527136297402 
-2.469357956200858 7.372282033547677 
-2.857533733213482 4.293759152378906 
-3.1502314566220058 13.445978445891246 
-2.3793716638761206 13.370652046678853 
-2.516769074046307 12.396761937603642 
-2.378102372864536 8.086536272027562 
-1.8314564019470594 13.621013233130672 
-2.857533733213482 4.154258566761422 
-1.4898352556413692 11.79861336306713 
-1.1885967298182687 11.175682124270345 
-2.3383116997010935 11.081632976300547 
-2.081302961167733 12.488170793489328 
-2.0577826969042343 2.9137220570710496 
-4.228451414003075 14.221160186817967 
-2.466174873947992 11.286828642264343 
-3.309294471056432 12.720602857204494 
-2.5217897455929785 12.672580366960409 
-2.3500687428333102 14.077040662775532 
-2.400156277060412 14.802882064519132 
-3.6183998721042556 14.503591556594502 
-2.2607341922706103 8.9638085683225 
-3.7202422968840883 10.587368849737846 
-1.9760613481664842 14.83877471864946 
-3.0141357192568554 3.376708285542146 
-2.3145374821134395 5.66561877326355 
-2.136014078587025 12.984367906379155 
-2.7518472257252116 12.822553633568441 
-1.8308737993851043 9.04015050530526 
-2.4072428334096108 6.048921062988438 
-3.1009566704538107 9.675719977693515 
0.04375695268182245 3.5539584006423985 
-2.455072179362667 12.996686878812243 
-2.0916351896132004 8.137458935590583 
-2.307511450850398 3.389969044911168 
-2.41004349636808 7.066141421132561 
-2.5588932191862845 13.457278257438933 
-0.462680800607733 3.7336081934249297 
-2.9719388311142003 4.812245291216023 
-2.194014937463491 14.503591556594502 
-2.516769074046307 13.222799530988778 
-2.467850241569766 10.738258837233262 
-1.661331064717924 5.035561417632992 
-2.300694699058385 11.203266376982048 
-2.516769074046307 13.222799530988778 
-2.627885087753942 14.463134121490262 
-2.755460790136189 12.142180611524672 
-2.555002484362972 12.72792147697372 
-2.3080198734061637 10.587368849737846 
-2.1804904469175472 8.013416505066528 
-3.4204154852549244 6.97434708548663 
-3.6290363111191932 8.967050909066042 
-2.1368715694006197 10.7009402943745 
-3.2010468099122265 6.62662774575358 
-0.40452158739143895 3.2471192233922372 
-3.678421729276156 12.296994642576998 
-3.432323766812539 9.67352346655418 
-2.323711839934988 10.851742515171729 
-1.866808309226544 2.9137220570710496 
-2.857533733213482 9.517943556048937 
-2.5313840628960884 10.202634209643312 
-2.3213178948418216 6.743640130750516 
-2.249112052380096 10.520861792093566 
-2.122865272483161 12.748946764837573 
