1.161868604776378 3.7271514347912484 
-4.7267997029249065 14.233952650023703 
1.161868604776378 3.7271514347912484 
-4.7267997029249065 14.233952650023703 
-2.8367672415285954 14.680997049790713 
-2.6652206261445492 13.631383197074484 
-2.2422145788368515 12.915745353743763 
-2.4916491340181994 10.758709879502243 
-1.3915495038099328 3.0092809094811344 
-3.2273202267864796 3.5878040663361417 
-0.5558907596012446 3.55286538778116 
-2.7550028366917165 11.804069773403057 
-2.0076568530966323 5.804661683805667 
-2.0679023726434647 10.734708636155226 
-2.2076988868684553 13.642125944062222 
-2.3769188859038253 14.575878946221339 
-2.406362358473497 10.329655779284106 
-3.516746352813457 6.627215903861328 
-2.4964243797650063 10.848665325301699 
-2.4969239840538004 12.099211900720555 
-2.5227543752333914 4.044931735347163 
-1.2897735129572352 9.333004438300257 
-2.6405732814317786 14.184753302880749 
-0.5444538888280612 3.152136110204399 
-2.2701468888457623 3.595564657803636 
-1.4365568854726827 12.799061314939877 
-2.8974096562700535 9.472048713870313 
-2.3327999131350086 14.43028427847359 
-2.0679023726434647 6.7162489076099 
-2.276277563815354 10.21622440711905 
-2.670517018498352 14.574227136105323 
-2.2422145788368515 11.866309408225739 
-1.7173881192756193 11.915414369290378 
-2.5227543752333914 12.709362494187458 
-2.676404893144578 10.928075278459913 
-3.26597862968748 14.132544601145383 
-2.0942948704336115 8.086462260996608 
-2.7151566047728166 12.91065275709175 
-2.7550028366917165 11.914327660471423 
-3.074197067683252 7.228380816517673 
-1.7462375527346308 8.968392688518453 
-1.7462375527346308 7.746042327179495 
-2.4790178079145258 9.104033936115087 
-2.66805092911558 14.132544601145383 
-3.6435061568576996 13.495031220383435 
-3.259600013509181 9.422323135820145 
-4.582961160877578 14.235955240869082 
-2.070556118801453 6.479458163558522 
-2.568571683049226 3.5722666089331665 
-2.5227543752333914 9.40432286238492 
-2.6652206261445492 12.254982258041169 
-2.5941500784577807 11.257765078838089 
-2.879820807035127 13.699345359048115 
-2.084572583803437 8.302536118396727 
-2.0679023726434647 12.685648020668417 
-3.3911805650289395 8.364375304957033 
-3.521126346308833 14.559840576903342 
-2.565152411156254 8.393587547460953 
-2.1221478701388863 9.07879335387881 
-2.544599688651753 13.339699388474475 
-3.516746352813457 9.854314629746272 
-1.5467423712554345 3.6158270850627674 
-2.331857438577061 6.6806690977140555 
-1.6629155362577777 11.838123505423294 
-3.2261166058069097 13.82097128809397 
-2.6397450845143804 13.001714157913632 
-2.2076988868684553 11.53083496925808 
0.6060436204404713 3.55286538778116 
-2.8883169343239885 6.551039011558539 
-2.616243229584879 10.407061377309134 
-2.62799060715352 4.750393110509563 
-2.9680883772956284 13.82097128809397 
-2.0556891364010297 3.5583480062150388 
-1.8601801436596048 9.651216679303236 
-2.0640926365596624 5.968407919343761 
-1.6043593730543741 9.701056856766325 
-2.064045572038416 13.43366472829851 
-2.193187896507666 9.706803037939839 
-1.7737398939363063 13.472473674757182 
-2.602621880144801 14.559840576903342 
-2.146988868042429 12.382222008183325 
-1.9038905496369396 9.472048713870313 
-3.5403376606159354 14.559840576903342 
-2.507107207404673 7.732429327791661 
-2.59567228965427 6.594238789278318 
-2.0640926365596624 10.248522156275593 
-2.3398689042310936 13.472473674757182 
-2.146988868042429 12.382222008183325 
-2.62799060715352 4.750393110509563 
-2.365212393453662 12.685648020668417 
0.3939083772410191 3.4659920647965756 
-2.0942948704336115 8.441903684349318 
-3.195905128236233 6.555782101757825 
-2.880396671826411 13.699345359048115 
-2.6932626094994614 6.869494400272713 
-3.259600013509181 9.498536390959993 
-2.0640926365596624 7.090623202779738 
0.07397974407473962 3.4350867235597082 
-2.439259588939725 13.164030807525734 
-2.3398689042310936 11.294450147791022 
