-4.441734395992687 14.327003931462322 
1.1229523171832572 3.717032062461749 
-4.441734395992687 14.327003931462322 
1.1229523171832572 3.717032062461749 
-2.837324217824373 9.84429922086553 
-2.225719899742483 11.962020169953707 
-2.241874891079143 9.923878231402064 
-2.0686750930249023 5.680451861663769 
-2.2630590798682295 14.2271456702331 
-1.6684967096019943 8.162141540625525 
-2.497070841897805 14.294727138245927 
-2.5152506809440265 12.032165076301618 
-2.4603653644230574 10.234548427892467 
-1.9997517863974803 10.986102185988926 
-2.5498568544978304 8.145170166020506 
-3.561270211268102 12.764707389963775 
-2.5512636981842607 13.710455496465395 
-2.0362437828740094 14.062874136143762 
-3.286821893831097 11.956306907233987 
-2.225719899742483 11.608357458434714 
-2.945916822715419 12.921384118972675 
-1.706226883859471 12.046087359422465 
-1.978407736568263 8.162141540625525 
-2.037972546540251 13.156045791283205 
-3.3968193641052715 14.570401112168657 
-1.5198117110776792 2.967218667572936 
-2.4638372574642773 8.3698811303137 
-2.861433941208632 10.252062011231335 
-2.25089193060139 14.147037237405929 
-2.8614648696908964 11.219881895938236 
-2.938030875376808 6.490621439161374 
-3.045663598164355 13.216006648706788 
-3.167929882496411 12.509397886147813 
-2.2954970681706253 9.311837393903495 
-3.340341265667558 9.892359157507656 
-3.5387879393872432 14.570401112168657 
-1.5928358664616953 3.2507730880223717 
-2.469795825313459 5.9696846306507405 
-2.6525934298386997 12.086950626090339 
-2.5845967723032794 13.273742250367098 
-1.989210317688694 8.768360173625883 
-2.3440975625213163 9.72585315069022 
-3.6683555945972492 14.356799472134165 
-2.347601706282686 3.866985552309287 
-2.037972546540251 13.675296809366438 
-3.119300971297478 14.15368423956241 
-2.397849284273708 11.05416358637343 
-1.5342417283201275 11.292290095176853 
-1.181697272912659 2.967218667572936 
-2.007873744397836 13.78941772710563 
-2.861433941208632 5.045399143473475 
-2.861433941208632 10.442883181876374 
-3.3413328479974815 14.130964509681851 
-3.050570613881111 6.967382012687607 
-2.2526651463729737 6.799507829748884 
-3.462451080739811 12.051774340298627 
-2.320685722365539 9.457939746078978 
-2.538074101026822 8.768360173625883 
-0.2748986078987208 3.2507730880223717 
-1.753670758841238 14.2271456702331 
-1.6599318730307489 9.930952718827667 
0.42766291306822013 3.5540541972588304 
-2.2645941155520415 3.1926903935153845 
-2.8577760007058997 12.558670500713701 
-2.469795825313459 11.267473402375618 
-2.5201965805835203 11.602175642783413 
0.8484280744535493 3.6587213053841463 
-4.398994747307906 14.33024503313302 
-2.861433941208632 14.377543509831014 
-1.5168568294675238 10.986617641740956 
-3.561270211268102 12.926679209932614 
-2.5498568544978304 7.951469479614684 
-2.9668611698443494 5.188397384585427 
-1.6888633261425108 3.523331376055928 
-2.037972546540251 13.866815213320756 
-2.2987144376895565 14.810084865137508 
-2.1792413000373436 6.799507829748884 
-2.7254132355826157 7.0259740608302526 
-2.8118230661404615 6.761987477173821 
-3.568886741529658 13.156045791283205 
-3.0452182773615366 10.881389325767243 
-2.5845967723032794 12.872309665931784 
-2.386760806614623 9.457939746078978 
-2.654185638683169 11.219881895938236 
-1.7632657492842942 3.6055780873906036 
-3.4489323648681736 14.337187421854159 
-2.9300060569655333 11.447680985759316 
-2.8563863539317698 2.41904895899563 
-2.212622035862127 4.993983487509237 
-2.208869805966416 8.768360173625883 
-2.873236447707837 11.962020169953707 
-2.123108274359697 11.302479992192353 
-2.212622035862127 4.993983487509237 
-2.2399554670279405 6.292536284626802 
-2.1032722237281622 14.66734914830164 
-3.095178115903396 6.761987477173821 
-2.704514305497835 3.6709266079101868 
-2.1889308382580515 8.833051643054992 
-2.4858551822589483 12.558670500713701 
-1.5260860465404102 12.965031355635245 
