-4.659986388194678 14.256415510971571 
-4.659986388194678 14.256415510971571 
0.6647813146328754 3.56784619408017 
-1.5089676373796754 3.5968862033026836 
-2.1999991227471773 2.853492042863037 
-2.0791116727767367 9.542989445076865 
-0.9410778201235015 3.4361188305536796 
-1.296718141253557 8.6454530080786 
-1.9477783041245753 14.042128815309635 
-2.3306697019436386 9.911894128212971 
-2.1833648738885327 3.8766138621629516 
-3.469092527334757 14.55753486953899 
-2.5804707187024416 13.212766650008257 
-2.5487791564310496 9.476673448493734 
-2.7213377086349975 13.922843781054603 
0.11344657509097322 3.632103748536334 
-2.2376521686153406 14.257613041746012 
-2.4786231905023453 7.716455446284789 
-3.0897588879488396 14.571523458604254 
-1.6852279271292034 9.5119325882347 
-3.914142557308014 14.469496193441554 
-1.916138072581568 5.779591778822497 
-2.554636385861541 8.14271665920521 
-3.078174859303446 9.69942278710845 
-2.9870344202126438 6.8265434788999855 
-2.3580638772737106 10.731522892853397 
-3.078174859303446 12.836199417667856 
-1.9928765022889037 11.330225341073028 
-2.6627124664997393 6.579848021472445 
-2.1353858135658887 11.138883149072578 
-2.3879128857702576 14.42313416757609 
-3.438264196897547 2.8827871968539265 
-2.1213651019606408 11.080231185848735 
-2.238874363055171 13.86830356099489 
-2.089624230944362 12.11165828676667 
0.668186207925469 3.688426370074657 
-2.0319307564768634 8.97990252997728 
-1.5323299695243842 12.674551038604026 
-1.3419403235879122 13.853049221694128 
-2.589386913314675 12.956572214649297 
-2.589386913314675 12.755366498406733 
-2.2916117667969007 11.753796881007803 
-2.0298428368406736 10.296631839841297 
-2.68366820513275 5.699410104946086 
-3.673377709431607 12.239125275945721 
-1.9113714930285863 10.646689737404355 
-1.7380481391083267 10.805487389630544 
-3.6673746556527633 9.008116031058679 
-1.546528251665611 8.89325388597748 
-1.9369377347819434 12.295914581310761 
-1.2509890007080835 10.83693409137511 
-1.2114955486227519 6.579848021472445 
-1.9327061415348012 7.398616271733016 
-0.35875463242797734 3.3994187216340386 
-2.288402035404938 11.67579820754276 
-2.8017630107675977 3.6999661385574587 
-2.6709341728655 13.322745141651833 
-0.8668140704390126 3.2275229423264093 
-2.6004270781928267 8.548245063605817 
-2.2565730467899927 7.705317954573388 
-3.1472568052218586 13.83393648493579 
-2.3879128857702576 12.692951905360209 
-2.7192919215083986 9.524090205820146 
-2.671192776246092 14.24951537753731 
-2.5854392819185437 12.060131823538523 
-2.6766310853024735 5.608602816083682 
-2.6529040434832902 12.146381661788972 
-3.6464702105503424 13.82811703024662 
-2.625835253954897 11.129635550085727 
-3.149821892808851 11.531689319266295 
-2.6514543609087053 11.325630431453979 
-3.2541161797058726 13.322745141651833 
-1.9513305274197268 9.144128647057311 
-2.2983639318361595 10.880522288766034 
-2.6709341728655 13.322745141651833 
-2.3517575093725247 14.735128879665133 
-3.837960254476067 3.831633560548351 
-2.2014615871408094 14.652340163559803 
-2.589386913314675 12.888197202530808 
-2.589386913314675 12.182828616753902 
-1.9113714930285863 10.45922436080379 
-2.0235755217308284 13.872686540890417 
-1.9318796084077805 12.692951905360209 
-2.3044073284521716 10.87428353713129 
-4.659727784814087 14.256415510971571 
-3.2329031569389572 6.779557429159965 
-2.465428671437639 14.734762943268988 
-2.9983444955106484 12.674551038604026 
-2.621597720207413 6.004147936672531 
-2.621597720207413 6.004147936672531 
-2.882038465728072 8.276083003818414 
-2.577252163384419 4.9022626720890665 
-2.1841690772757887 13.277221047895932 
-2.7213377086349975 10.45922436080379 
-2.1353858135658887 11.616651220819039 
-2.1353858135658887 12.557263409207113 
-2.2376521686153406 14.718242672689339 
-2.1841690772757887 13.277221047895932 
-2.3592853273075547 12.653076818803566 
-2.619113114408309 3.6792513785156356 
