1.165553632118264 3.723532375311205 
-4.841650276305835 14.196104499207383 
-4.841650276305835 14.196104499207383 
1.165553632118264 3.723532375311205 
-2.5353389923310536 10.982421363331596 
-2.0335116415742407 9.771755518779651 
-0.7454467418260928 14.464004890281366 
-1.581667550664489 9.743437172445223 
-2.7484472600982937 11.140957503203865 
-2.552634667076045 10.05226748273867 
-2.786665558502485 14.013916232705386 
-2.2023450997723413 14.650087992421938 
-2.381560788025262 13.658758588618237 
-3.82272800270909 14.464402911253307 
-2.8062204329733604 14.68671697099376 
-1.454167413487073 3.307737625487004 
-2.6705854916147884 12.708011648032015 
-2.387087833845921 13.728940160098123 
0.48023783915613827 3.4935098965231206 
-2.467913441903431 14.634883112799105 
-1.1333492198834398 3.040378545109519 
-1.635059500142357 6.533790957737482 
-2.731181715497492 8.88774442942102 
-2.8381221720746925 12.246107268828741 
-2.0306059389130713 13.634084674265358 
-2.563467006581508 14.714758986437825 
-2.7545152995498605 13.729324118674192 
-1.9608503257446266 10.732560576444262 
-2.799999182691713 8.979783672345068 
-2.165422722384107 10.734751095667423 
-1.4095416430479442 4.221287556746853 
-2.381227116065008 14.420679098957777 
-2.9054888184256753 8.03536707341927 
-2.231741851459177 12.220394951733757 
-2.6925515550840933 5.336418701499493 
-3.116981998777401 11.676779827062193 
-3.5562781666778442 11.799736326371011 
-2.1625139905134216 7.8443009208117855 
-3.1779300146754963 3.6980231684423552 
-3.967577230558293 14.464402911253307 
-2.4140338546836446 8.74434728895198 
-0.010304579215427268 3.354490272814022 
-2.9951679055688087 12.372749801907224 
-2.6726156220201345 14.199799699502055 
-1.7071634031227376 10.292178638796077 
-1.873828190129455 12.262721094788416 
-3.0329618550234434 3.5588575594626617 
-2.4140338546836446 6.779685236108911 
-3.003600683452062 4.527096669626923 
-2.771903665692418 11.277974357361646 
-3.170721175949298 8.102096512497699 
-2.9698991728499546 3.354490272814022 
-2.5010600158236382 10.24559954538189 
-2.5038166915421654 4.924425245056649 
-1.3567386011376426 4.6660164738106795 
-2.973426000616072 8.15818136867096 
-2.9521381187644344 10.517468489310051 
-1.9649619972714332 10.056215577017422 
-2.1814372835971176 5.680221516243064 
-1.6099367085891712 8.03536707341927 
-2.8545419669654173 12.77249356293057 
-1.5998059615567652 8.613770846765188 
-3.1969478856686617 6.529323800756398 
-1.9649619972714332 11.845842144542086 
-2.973426000616072 13.096913070300035 
-2.791490007764865 10.20182637747962 
-3.2005485983524844 7.268733228982727 
-2.080963059178469 12.368666394425823 
-2.766604998362612 3.354490272814022 
-1.620073373951707 13.654267689413853 
-1.931319910815203 6.4960858322905075 
-2.2332245885182833 13.0728404459365 
-0.425805340228616 3.3071221780553244 
-2.1814372835971176 8.367077458152869 
-2.036645673093397 10.91619106485032 
-2.231741851459177 6.665608328598862 
-2.4967638577607083 6.575535084122363 
-0.7023432345039144 3.307737625487004 
-3.2669188473899258 11.4942797224965 
-2.9883645261156095 12.262721094788416 
-2.761767181375507 2.5029273015818774 
-1.873828190129455 12.058475655654977 
-1.454167413487073 3.656614813199223 
-2.0527483515463603 14.016556145539724 
1.1648202881215646 3.723532375311205 
-2.3720750335393603 10.943382009156196 
-3.967577230558293 4.458382006859372 
-2.0142733612220343 12.852259476733664 
-2.799999182691713 12.957682607237636 
-2.3720750335393603 10.943382009156196 
-0.01485285449834417 3.6471073904114792 
-1.8680541703989424 8.320362755922707 
-2.191318399047458 11.676779827062193 
-1.5277263133040178 14.453601570229313 
-2.047974871824142 12.852259476733664 
-3.00842221235218 14.241364163200736 
-2.973426000616072 6.511734217021721 
-2.30128518350144 9.771755518779651 
-2.960954113988497 6.546237778137227 
-2.7790181211372897 11.381116963932197 
