-5.004819559590446 14.140339911011107 
0.933593407925873 3.6470860808720746 
0.933593407925873 3.6470860808720746 
-5.004819559590446 14.140339911011107 
-2.3428065120056747 13.33918839569927 
-2.2770355642669307 14.29641951037389 
-2.4477573412085816 13.50257446095286 
-2.9141302087395466 6.008916432948947 
-1.8473319786264935 9.018875025477056 
-2.3377613639772115 14.668301363341925 
-1.6700827757088166 12.281028018726225 
-0.6283791073385516 3.905718689506332 
-1.284762505693076 4.269829395935626 
-3.088922163206827 10.137726079390381 
-4.107346255071312 14.37978264490447 
-3.1094447319365943 14.209501847986813 
-2.362610988512919 6.094305426455473 
-2.0835960505635382 9.110039182555125 
-2.368850492165251 7.146691374255723 
-2.0835960505635382 12.267855956972616 
-1.3003993812872388 12.264925891621475 
-1.0902901265874778 4.977333865371052 
-3.7518707797460875 12.264925891621475 
-1.8963036805180538 8.799595994140754 
-2.6020428641080415 14.464867769888786 
-2.3911952671137695 11.424460651556085 
-3.351232997455006 6.595891809742778 
-3.1837260274782655 12.101320508791927 
-2.7833081399572497 9.75313923790306 
-1.675941294719185 3.154589013565218 
-3.0093716634824705 14.690194245099708 
-2.0835960505635382 13.33918839569927 
-3.636048692689525 13.113982301530353 
-1.9880452322112399 11.332440445070903 
-2.0835960505635382 10.772516968764894 
-2.4229683605990164 12.264925891621475 
-2.37333497996689 7.655167066507678 
-2.6357978987871116 4.289783584222739 
-2.363628004032225 10.860899102224792 
-2.596341184324277 13.0659870476048 
-2.558991717457322 4.827880161157453 
-2.37333497996689 6.709875089530517 
-1.9228820625445318 8.545759585345461 
-1.9867042164998268 12.788504457652337 
-3.088922163206827 8.849660221263061 
-2.784720330192539 7.22790565689825 
-3.397333572329137 6.060096660236169 
-0.7508922394399704 3.3082880950292726 
-2.42350936251052 7.806166525613615 
-2.7746584660657807 8.154872294334417 
-3.4608879143284788 9.209085518292284 
-3.0847611741088774 10.739058835564691 
-0.3436366707187915 3.2313116260597017 
-4.7968845332136345 14.207836577287676 
-3.953421958117292 13.201240755394563 
-2.4254868444116147 7.898287884355864 
-3.3177079556952 9.854206670043911 
-1.8385653195737084 14.061062007854975 
-3.1837260274782655 11.418136093086101 
-2.1062030144495445 9.692730479428334 
-2.3720107861485515 10.180919385224957 
0.9226718015153366 3.6470860808720746 
-0.6283791073385516 3.153325465200378 
-2.4086310364057693 11.277985195324494 
-2.596341184324277 12.878817562576117 
-1.8805021055234317 14.207836577287676 
-1.8947811857551533 2.7888148110934186 
-2.8059300972671566 7.806166525613615 
-3.008565968335633 13.978758533642932 
0.17532496956517019 3.4163085710780967 
-3.0000044923099587 11.988633505405218 
-3.68166616578473 13.201240755394563 
-3.008565968335633 13.978758533642932 
-3.4985318376762358 12.022181791635283 
-1.5183454301744246 8.627877739889662 
-2.9248300119498443 3.6515530791322925 
-1.8805021055234317 14.207836577287676 
-2.405895708071461 10.735852787444937 
-2.37333497996689 3.6069084527090896 
-2.6332667942351433 8.995314054369487 
-1.7247986327259315 7.282751765729961 
-2.9188685627454887 10.705340090153076 
-2.0835960505635382 9.52134107183311 
-2.1997110898927628 13.121868789632623 
-3.0568939358675076 14.547370505238334 
-2.326396259850953 13.992889283996902 
-1.9880452322112399 12.872585686671169 
-3.68166616578473 13.201240755394563 
0.08836157743297068 3.4163085710780967 
-2.565264250189652 5.543796440844529 
-2.259571128129631 11.332440445070903 
-2.0345606773809766 12.878817562576117 
-2.2206465624187084 9.52134107183311 
-2.9191937482842634 3.3283150195335494 
-2.0835960505635382 10.397229593935968 
-2.76308447960455 8.856877815793812 
-3.7493735115389946 3.3082880950292726 
-2.598361179796398 12.878817562576117 
-3.808968438465124 8.930517986252713 
-3.0568939358675076 14.547370505238334 
