0.9977975302528607 3.666089282337224 
-5.269900518418562 14.043767736917587 
-5.269900518418562 14.043767736917587 
0.9977975302528607 3.666089282337224 
-3.9404292710653595 12.695185948181859 
-2.304571978613099 13.207945246757763 
-2.305494254579067 9.456038080093911 
-1.0620874711200514 2.9958283756083457 
-1.554413430590829 2.87490266819166 
-2.941276378787512 14.100215203939399 
-1.555905689659561 8.400952499953995 
-2.6006466915025768 13.39812805007637 
-2.968420454437007 9.634244118796477 
-1.5609454586115623 11.909687976839331 
-2.8618333698672624 14.3012315897769 
-0.022848610323884744 3.6093723108714704 
-1.809818151266282 13.242072387291191 
-4.3196148838240624 14.36439906727933 
-0.686003305796115 3.1118928490997897 
-3.3495842774389963 10.442248871126159 
-1.7311872987485417 2.974809723114882 
-4.208048261726313 14.257547232597057 
-2.397480859934203 4.387966869106079 
-2.2762941316882466 14.043767736917587 
-3.163600839446406 3.844617962342112 
-2.680380722701133 14.72524920642907 
-1.8118041355396712 8.056092180706463 
-2.142488778296845 14.66666923072027 
-2.8107654308164616 11.805795576676593 
-2.322197221513343 11.462470837965837 
-2.512886279422646 10.759009532296817 
-3.1883767003432784 12.169052468083864 
-1.613773518006402 14.410172296757455 
-1.0379529143913335 6.817706724367849 
-2.304571978613099 9.837779299868306 
-2.4554142194400397 13.880429770396816 
-2.34960978739817 3.6093723108714704 
-1.613773518006402 11.362066686839373 
-2.397480859934203 8.763378490288321 
-2.0257948331350075 3.6642225199611858 
-2.9061910584479858 13.519505206663727 
-1.8047481603841533 8.407879252408412 
-2.581616024451298 10.13166259452657 
-2.1169289877783233 13.942512662164955 
0.5682359230324558 3.8216319627868733 
-3.9404292710653595 11.685733670673269 
-2.6711853586359218 13.659155554860714 
-2.0848021343978678 4.243541513983386 
-3.223860685919769 9.625943134827054 
-2.8152433961263372 5.940812999318996 
-1.611022273812327 5.7476674393115355 
-2.361304701625508 5.368290019630763 
-3.7698652878827796 8.400952499953995 
-3.637639899613271 6.446044483799907 
-2.322197221513343 11.414854286512945 
-2.361304701625508 6.0376362883934345 
-3.05759848839696 13.270299655364582 
-2.391541983925865 9.707014737958156 
0.5682359230324558 3.603740857220288 
-2.391541983925865 9.707014737958156 
-1.2090398195763035 6.555594224027027 
-2.441564130443669 7.250754544539571 
-2.9061910584479858 14.174666022211998 
-3.67523635649009 8.056092180706463 
-2.304571978613099 9.148784646490796 
-3.1925368646955556 8.120557099738175 
-2.325704415885032 6.71336663118981 
-1.8464249313496923 10.589976223126762 
-2.1077975295362235 3.2449548748531463 
-2.339686715404105 12.56296960946481 
-2.304571978613099 11.804156179849109 
-3.615564718811627 14.556758708255419 
-3.023027923061562 9.812272103417845 
-2.9061910584479858 14.234802335821255 
-2.3513266882203965 14.672770191032157 
-2.680038954364599 11.139875324450468 
-2.4675664456648905 8.273314679903086 
-1.9184691592450653 8.68822318320748 
-1.861367206894455 9.635280991591644 
-2.886218902523838 10.244073429537135 
-2.361724367966128 12.140556800967168 
-3.4300752337252276 14.36439906727933 
-1.7196648102555223 3.570797451610713 
-2.823242769911695 12.711607186037169 
-2.2461405688132827 14.804905939541984 
-2.397480859934203 6.768382043566891 
-2.2762941316882466 10.602675071283238 
-2.6083384753858048 6.71776293961359 
-2.361304701625508 13.618411239120727 
-2.8107654308164616 11.695018937601048 
-2.3262104444180145 11.693379540773567 
-2.609373922863777 3.8477272150549098 
-2.361304701625508 12.825363223133516 
-1.555905689659561 8.653451844366376 
-2.6755561617367363 8.999403638538507 
-1.5732397663849653 13.212089733357438 
-2.6514209299545746 12.52289731561792 
-2.581616024451298 6.845982225844861 
-2.6643217401660815 14.043767736917587 
-2.5950941776943703 11.046054703698584 
