1.044902838489783 3.6821012846911563 
-5.137089843129867 14.092259105893103 
1.044902838489783 3.6821012846911563 
-5.137089843129867 14.092259105893103 
-2.7649885286992717 8.022471946875548 
-2.5935383688807527 8.407212306968102 
-3.163903517189995 14.629689124594076 
-2.814943726662599 5.141093911007453 
-1.898594551624523 13.925193619906874 
-1.5107495835034475 7.274667788533517 
-2.1632714388991143 4.0661540475978475 
-2.743662334727343 11.574884590720648 
-2.554905786606166 7.886895734798254 
-2.2583961804951125 14.819627095788318 
-2.743524379544684 8.897216782260504 
-1.6855415151655362 13.221648541413401 
-2.0089073433134836 13.243320482551884 
-2.7261776247718057 14.360978898192867 
-2.243065372870654 14.278697580933782 
-2.952737431700545 5.471611899383722 
-2.018304553928065 10.799898540938274 
-3.034101283917193 13.342788264608645 
-4.284375597106532 10.940332581014133 
-0.9347074114253422 3.4509072600010615 
-1.6855415151655362 12.561522842328916 
-2.232193752326864 14.746238360095562 
-2.7528481206733324 12.252114564391059 
-1.9902492663659483 14.436680249231829 
-3.2496837552729847 11.192487433615113 
-2.730308923588877 13.560139364650066 
-2.723612166210584 13.996856431979126 
-0.686969148680062 3.2986734657726426 
-2.754917958505781 7.096755091445719 
-3.3816040068412487 5.473023777319777 
-1.7241296115730087 3.6821012846911563 
-4.166554136767179 14.357967092113984 
-2.691218673209181 11.884936875649176 
-1.6484756783003225 12.470797572658043 
-2.571349723633421 10.940332581014133 
-3.8291336182572637 12.784635288343894 
-2.4436627328627147 10.883349804918193 
-2.6073617305714856 6.755652468881756 
-2.847205622240084 10.289875494791918 
-2.9175161956994593 13.719730925579093 
-2.576297323731547 13.981638233979522 
-2.7435040062840255 7.495796545939523 
-3.034101283917193 10.98241752355143 
-3.3845105639429702 8.185918521797053 
-3.181976669079923 3.47946070417985 
-2.8324325297295845 11.756567797972117 
-2.3413062068265442 3.2986734657726426 
-2.1301978059258144 12.981746615586005 
-2.284935990731634 4.436099175393501 
-1.7890418907930747 14.11647852534303 
-1.0534066047603812 3.6912797322741664 
-0.3895449892248898 3.3620404924840783 
-2.573438451350691 11.056482844398449 
-2.0002930595667956 14.733064108699299 
-2.7626091193742224 5.943356706954448 
-3.034101283917193 9.754185592014428 
-3.6402626157820226 13.003972402625738 
-1.0534066047603812 3.944395716135336 
-2.2687598060664924 5.17795493286132 
-3.5711781778160425 8.882618239880305 
-3.3681020761934564 8.382671709094355 
-2.848263239072767 9.415443291089414 
0.330932218061208 3.4509072600010615 
-2.485107304344188 14.536859343756351 
-2.2632312600360924 10.883349804918193 
0.3052028418415764 3.4409674387481477 
-4.140250870551795 9.477569783414111 
-1.6440349466233326 3.4509072600010615 
-2.644376340443397 12.400639654481228 
-4.224648945391027 14.37821804665557 
-2.571349723633421 11.300424586882546 
-2.8458972252095904 10.132445293584006 
-3.7690987012821418 12.633573870286128 
-2.365042496680231 12.651188705087947 
-2.0332409242855243 7.239296614911055 
-2.848263239072767 11.25896111603921 
-2.876732181914086 10.038175912136568 
-2.3895217365371435 9.414791871690245 
-2.5473666241776884 5.943356706954448 
-2.7435040062840255 9.211482636164819 
-2.312671322391605 7.242943342704801 
-2.7435040062840255 9.211482636164819 
-2.3484697346457977 3.3620404924840783 
-2.5783153143611286 14.436680249231829 
-3.264893690310316 11.11595661765919 
-2.91941250611669 6.745670503724403 
-2.0089073433134836 12.711065845094591 
-0.3895449892248898 3.3620404924840783 
-2.7435040062840255 9.593984012241044 
-2.236891435992351 11.170360109102765 
-3.099107915861665 9.541098107630868 
-2.4436627328627147 9.992014773893473 
-3.6419211519473684 13.008708250327127 
-3.5686015791804104 6.670698451354902 
-2.2583961804951125 9.87896238156225 
-2.244799828493083 5.530686421124182 
