1.1403841458893085 3.71493360382054 
-5.010570887954453 14.138191348610617 
1.1403841458893085 3.71493360382054 
-5.010570887954453 14.138191348610617 
-2.3897843511348307 6.511324410136318 
-2.943235750765784 12.620878067037259 
-2.885623024171376 5.539560638885371 
-3.192202704936352 8.185880417090619 
0.4670863593084058 3.5106519740408233 
-3.5360316795676097 10.162040221399124 
-3.3774564015238764 14.460530568098461 
-2.6974466068414498 11.882110180955996 
-2.2958549111638673 13.666610691248259 
-2.1090326999513005 12.227954135608986 
-2.6029390904513616 9.378285033576327 
-3.848277322556715 3.2697894854623613 
-2.387330327576551 4.13759157882299 
-2.2632542047559063 13.92912401374884 
-2.4439138612725726 11.108217087098689 
-3.673055213656044 12.809746575430085 
-1.0563400849934186 3.9652377375240704 
-3.192202704936352 6.533326809704828 
-0.8694621642864129 3.560305661311589 
-3.1871829523195068 9.292480836882387 
-2.93209270712936 9.895168598173058 
-3.9684612541606126 8.065487256615143 
-3.1871829523195068 3.2697894854623613 
-2.1332433170832603 12.338374068984717 
-2.3992258519927354 5.061824496130831 
-3.5800851969863947 14.488248711075649 
-2.5970186199868484 13.933283649822801 
-2.909500084314117 11.002085533283067 
-1.9500045392158727 7.698367390779578 
-2.090156138400313 10.700881642200523 
-1.9176442967619756 3.2697894854623613 
-1.7448983415370047 8.470544464890878 
-3.6967561511695473 5.49279091325972 
-3.104417707471364 13.487957523607475 
-2.477868821371788 12.338374068984717 
-3.1082647254228126 12.742181221811153 
-3.6526769687653062 10.890718378036535 
-3.873963359273981 14.488248711075649 
-2.1422562950677864 13.63296451983096 
-2.6435770803381358 5.398906703346174 
-1.7446399899332348 10.700881642200523 
-3.476562488941796 12.742181221811153 
-1.8915994696263114 14.852214711959281 
-1.5162538773601586 2.9527669846605953 
-2.908571635142629 8.702003280760742 
-2.0855098533400245 9.43178661157922 
-2.4718896342320087 11.302198011491129 
-3.476562488941796 12.742181221811153 
-3.5360316795676097 11.209786764986937 
-2.8685796829757404 12.421723609817862 
-2.8685796829757404 12.421723609817862 
-0.16261624853463763 3.305217715695937 
-2.035145484036047 14.380700420190639 
-2.74772075649264 14.380700420190639 
-3.9147048301389855 7.1470405184084065 
-2.675506920878876 14.210786436081284 
-2.6273944075207467 11.495229588051114 
-5.010570887954453 14.105260030709752 
-3.1755059601766535 14.138191348610617 
-0.8694621642864129 3.069827651935424 
-3.650323612148125 9.181033775819358 
-2.3219040089234073 10.359636109961171 
-2.5283614297500216 12.256337085333897 
-2.1100188255931744 7.895865387983015 
-2.3910394238391506 11.882110180955996 
-3.485188046332871 14.57893529955471 
-2.1423209220263484 11.109033358762908 
-3.4596626450806935 10.915109731208956 
-2.1423209220263484 12.634672128358822 
-2.3897843511348307 6.856536134101789 
-1.7645026771260963 7.895865387983015 
-1.681551904226425 8.286307388032434 
-2.684979626264394 14.078868278530159 
-2.685270867895712 11.504995523500142 
-1.7858989925895057 14.57893529955471 
-1.9713367057866495 14.209372488859348 
-3.064267571069317 14.302723233528795 
-2.5620717514501505 8.336309675676258 
-2.8480083184082288 9.725361271063814 
-2.953621550814413 13.607869737967633 
-2.908571635142629 8.702003280760742 
-2.4151264238913686 3.7015255063851447 
-2.2732622883486244 11.002085533283067 
-3.192202704936352 6.39411114005957 
-2.240536586451073 10.162040221399124 
-2.6974466068414498 4.482368290474845 
-3.2484537132517985 13.11654225202495 
0.010992265045058902 3.8576050442026384 
-2.531684521072111 10.793266265489738 
-2.0570056972445934 13.045837400764992 
-2.552605696764152 4.565226130938705 
-2.07767310047218 13.123103765890573 
-1.5581362320945584 10.418691726427042 
-2.34897256355275 5.921603434080143 
-2.1100188255931744 7.169627446496595 
-2.690194431909553 7.770203025147506 
