-4.5798490214083865 14.279254165342028 
1.179342759373223 3.7486010750835925 
1.179342759373223 3.7486010750835925 
-4.5798490214083865 14.279254165342028 
-2.661597476320935 3.3846040465332567 
-0.7852035214434441 4.400652459435644 
-0.943688735869042 7.999469135617112 
-2.509665134026654 13.38302841209213 
-2.4595862978211533 14.394501504011439 
-2.4439255787844707 14.279254165342028 
-2.503356196685658 13.76854722384401 
-2.792045361920661 12.029711718207889 
-1.3760358966942214 13.581977564511533 
-3.6275745011024947 6.5280022582374775 
-2.7368101897500674 7.89021051694331 
-2.407358483960519 14.17381292091602 
-3.3959681854863772 14.506037246058439 
-3.4098638737869655 3.998130670653773 
-2.3329612460038867 7.999469135617112 
-2.346019506613678 13.685050694522648 
-4.453787872131482 3.041638224617996 
-2.812293877011936 11.083290112390262 
-3.3186782544354063 13.57592008708938 
-3.3100799831333623 13.197645354192725 
-3.1825132559384617 12.058203500699321 
-2.7237319911958697 10.379313978641825 
-3.1087236183131695 3.7318350420339432 
-3.3055424037148735 7.724295690846664 
-1.8340373368254488 4.9456688251110705 
-3.4589369865244985 11.469931005642689 
-2.9010655844659414 8.837978593073364 
-2.0727564898147315 13.019295135811678 
-2.497502814919591 14.529478142177513 
-2.715770225289262 9.44713505686876 
0.5050105621490657 3.658807147034012 
-2.7153720212318886 12.862841807377961 
-2.368370447101781 13.085811681952451 
-0.9913868156148746 11.434769048931942 
-2.5589481512038184 6.570001256595448 
-2.990885368284297 8.547643425431705 
-3.5203802836766354 14.297211724217329 
-2.407358483960519 14.10051924241407 
-3.3219527294778404 11.190103375470752 
-0.8930493836315594 3.3168127082732832 
-3.1825132559384617 14.657992498712206 
-2.439204248156802 9.493444042270953 
-3.3152526759195133 9.946629696955144 
-2.3588888506572996 10.051313255946848 
-2.7774186715581735 14.615130335671203 
-2.6770627975660473 14.480886320847002 
-1.73305118031426 10.46668333906306 
-3.4319586480235302 10.6218880632983 
-0.7080165640234791 3.1175818290472987 
-1.1992541447780616 3.7431380044883005 
-2.702285624206332 11.932468888570192 
0.8178800133427082 3.658807147034012 
-2.4129756545706775 9.750475251370037 
-3.4213766438551643 9.685526902863693 
-2.687874083915835 9.232976502479723 
-2.2390513689205354 12.86120371644562 
-2.742672066277764 6.583801434584726 
-2.7287745332350237 5.303284777073822 
-2.3329612460038867 9.991026774244107 
-1.7605611843474476 11.364824772025653 
-2.715218532964443 11.20738021102607 
-2.7064064231799088 5.34600434988012 
-2.818727784371525 12.541598659715568 
-0.8668900899982677 7.365448919217302 
-2.7774186715581735 7.49347895265325 
-2.5589481512038184 7.4576364996964655 
-0.14592121800065572 3.3168127082732832 
-2.823287536212527 6.103357687666303 
-2.7941445032272103 10.777501363316688 
-1.671598153280204 10.198986531825827 
-1.5278386553351337 9.232976502479723 
-2.6360013069989376 3.7318350420339432 
-3.7260903890670884 4.71630189017981 
-2.3926303314406656 10.754992486549112 
-1.1992541447780616 3.262603499036561 
-4.5798490214083865 14.234875781917038 
-1.6317812453503047 9.685526902863693 
-0.14592121800065572 3.3168127082732832 
-2.380328474045791 8.712984357144736 
-3.101795472414562 10.305904050231256 
-3.4243031173841434 11.371677963132303 
-2.5140646896375345 11.450968059283992 
-2.3588888506572996 12.122032205509974 
-2.5295253896863565 7.640240720500409 
-2.4995971793031084 12.726286505987478 
-0.4948358543672562 3.5327021490420853 
-2.3121280678076603 14.016461672592577 
-2.923455281546421 12.27056754685469 
-3.1732041635308152 12.319278510386814 
-3.318561391323585 8.631239682537553 
-2.723999969288848 13.915418524452427 
-2.465016169523789 10.305904050231256 
-2.702285624206332 11.286360511647 
-3.4342743176058246 3.3277572201865913 
-2.001966175672738 12.577300367613187 
-3.1732041635308152 12.262989115124503 
