-4.5546570394512536 14.29048178392024 
0.9638557016355858 3.6609866360224084 
-4.5546570394512536 14.29048178392024 
0.9638557016355858 3.6609866360224084 
-3.5403461709572936 13.341090913679727 
-2.008511246500679 13.679081926096085 
-3.1111938699379142 13.771051534713738 
-2.722015829608238 3.431071874461991 
-2.401298486546339 11.140572716624884 
-1.3361148699636312 2.9579907891988606 
-2.0650235264546573 7.970866001634985 
-2.1201070938831026 9.20346884361999 
-2.1745732334189887 3.1611209653951162 
-3.1741118172784613 11.263971705260909 
-2.042358066668588 6.736578877234066 
-3.151951387377278 14.529360625376027 
-1.918195795145969 5.152515115713969 
-2.7547651442073877 10.551432338697216 
-2.4021273392066016 14.535043532060284 
-1.072019277449686 3.044563241446224 
-2.9792559065315793 6.563533159213962 
-2.773563538619912 8.264786748840992 
-3.5362807576049797 6.615860207431319 
-0.3826363655081342 3.485415236542784 
-2.6831429503834623 10.256819985663414 
-2.106626234675871 8.401022696026146 
-1.7195607913578947 12.22051234459785 
-2.3704030364099724 11.292207796847514 
-2.707833033804466 5.495463211806777 
-2.8198761858316765 14.57053916160164 
-3.727583299112574 6.15476333584516 
-1.4874291815276952 3.6236780646402122 
-2.7348319967050605 8.512730873309737 
-2.332757927628363 9.215625333888097 
-1.1644047417370316 12.656569769461825 
-2.523323471408901 5.91878880657111 
-2.800404878630786 10.381339712256132 
-1.4874291815276952 3.6236780646402122 
-1.3250155606408245 10.735330321582078 
-2.3183854439042557 12.766774843303821 
-2.401298486546339 10.980642396584186 
-2.8266906323808767 4.633072547836109 
-2.5158190550619013 12.61140372599335 
-2.4621956865246295 12.004059040891622 
-3.5604956873869624 5.706957361238851 
-2.4605547554095306 14.436301153412785 
-3.218327280179665 11.980989709736845 
-3.474129836454261 12.466484115085036 
-2.522106564416382 9.569259220448405 
0.02590719944724773 3.3794829430031346 
-2.186305747034216 8.65881937893883 
-2.1913513717823507 5.538218476526923 
-2.6173816071056555 9.989574348284155 
-3.3601089658029144 12.192248673029425 
-3.1546011546932045 3.8721840341115943 
-0.06795464938192608 3.6012872083424003 
-3.141457839554464 13.919960434047415 
-2.2471343214056754 6.999058926521681 
-3.4609029538147613 14.529360625376027 
-3.6988531001926703 9.493999656340115 
-2.183689947234514 6.466475523089963 
-1.9192035981915563 12.694681345036303 
-1.590019177354582 8.404713642529671 
-1.5839449888973456 10.247333892952106 
-3.7646009087847423 14.515855830383938 
-1.6282859145880035 13.638443089331748 
-2.7375558823645987 9.160067330561247 
-3.151951387377278 14.132076870620566 
-1.1644047417370316 11.975081444525568 
-2.6811733998394764 10.727376009502004 
-2.370068296420002 9.569259220448405 
-2.267661803158677 9.367941611712268 
-3.1154187391576196 10.482044894106334 
-3.46254707075741 14.529360625376027 
-1.7034195625940072 10.25641816626447 
-2.9792559065315793 5.636788483069968 
-3.4133052639109587 11.292207796847514 
-2.1442890104716232 14.174892853972564 
-2.52687395153139 3.3527296766267076 
-2.4589749693309115 13.273788843979023 
-1.1644047417370316 13.233529901780512 
-2.4589749693309115 13.273788843979023 
-1.5589012267191997 12.622294438265996 
-3.1062192438215996 14.393035286144153 
0.42345259019113035 3.552990255400589 
-2.1298527064625685 3.6236780646402122 
-1.8809519280351887 12.040683103472213 
-1.1644047417370316 12.656569769461825 
-2.9945542814764696 10.687175124351812 
-3.4434325298073785 13.929641623521153 
-1.878982377491203 10.727376009502004 
-1.7501885707224951 13.273788843979023 
-2.928864347446574 9.464640868757506 
-2.736651316507403 13.00255165222175 
-2.3775476665452473 7.9836045884420574 
-3.1394887465119816 4.785338187402253 
-1.7665647324357314 12.694681345036303 
-3.46254707075741 13.880941981686327 
-1.6282859145880035 13.638443089331748 
-3.1062192438215996 14.393035286144153 
