-4.4472339576245 14.324188085270656 
1.0998625412317944 3.709817883376852 
1.0998625412317944 3.709817883376852 
-4.4472339576245 14.324188085270656 
-1.2780837786240542 8.104303472748901 
-3.1738037561034074 8.234445684413608 
-1.0402189630126564 3.7634645071180977 
-2.0651814827746793 4.494197252979827 
-0.13912522767019087 3.612429968081991 
-3.175813093162528 7.24924463840017 
-2.596822637039253 13.180883552793073 
-2.8936744133980405 3.8098582463321025 
-3.2511337655857 11.255945826781327 
-2.3576998105841014 14.629185278516438 
-2.3432518682738936 13.203699880332664 
-2.220240586722109 11.561640175312096 
-1.2896501529220012 14.345831601423246 
-4.100908733908731 14.316194039820225 
-2.501440891190931 13.004318967432596 
-0.9522978637320838 3.286039160354535 
-2.43752662960887 14.781781185068597 
-2.51086593775898 8.427536252481438 
-3.2511337655857 10.722183838489892 
-3.385309387351972 8.370781701472726 
-2.5040480595394907 6.948276580505655 
-2.3743430919150486 12.644301438408878 
-1.4277221395851942 14.391681215651547 
-2.4393404978861373 6.78069211029168 
-1.5053354064518518 11.752220634749866 
0.3861662250822382 3.5229023785116667 
-2.385553166511536 11.73818971346411 
-1.5854021074685252 6.267546723980105 
-3.3704253492699543 11.73818971346411 
-2.354981223522101 13.590011964577975 
-3.5092630737260064 11.769671610299088 
-2.1529503871873064 3.2634574069218103 
-2.727591486409794 10.36768044007139 
-2.2666667445459594 14.53731251490547 
-1.6029437728880238 3.587356927763723 
-1.9488055547072807 12.242827492112433 
-2.7564375300643964 12.59356106183144 
-2.51086593775898 9.592332207591062 
-2.365008562022194 8.111688678798926 
-3.1492576739393487 7.314777431535255 
-2.7820123149917757 10.009717932820024 
-2.411945401790188 13.39622116122979 
-1.934703568110753 10.617440339877769 
-2.9292085649336586 13.601094667291989 
-2.668907114287527 9.633523132384882 
-1.623049696265395 3.3903009486202618 
-2.334987778558577 5.401081293003098 
-2.3497642155150706 6.308734234375012 
-3.3723440764681603 7.971060874084552 
-2.2919844504017046 8.35045771329511 
-2.51086593775898 10.003145491154635 
-1.9278746425918494 14.316278003536354 
-2.385553166511536 14.211579905193917 
-2.6379324285667436 11.165050640738022 
-2.261934820834363 12.59356106183144 
-3.242426228708321 10.641707403111445 
-4.011306954447616 13.802072594040837 
-1.5706532256015053 9.789665024954907 
-2.3497642155150706 9.955522010877743 
-2.420282181085075 13.655103174288987 
-2.333050670904832 3.7101662873757317 
-2.5942694868713922 9.393264971850474 
-3.862872149712147 14.460505664339536 
-2.6135953037755972 11.894101660606719 
-2.2919844504017046 6.738117341883118 
-2.876976664210674 5.592452709399342 
-1.2239300364688974 12.911463859545787 
-3.1763251388014044 10.363120974398193 
-1.9908051871602523 10.046970021832077 
-1.9308912618289003 14.436706266099 
1.0848329300646136 3.763752820854341 
-3.578135735488511 10.009717932820024 
-2.6001880264794752 13.819404435464774 
0.44044441221458097 3.5229023785116667 
-2.265686075453395 9.19704646369108 
-2.144994689024954 10.448928622431499 
-2.5950808605701052 10.872913576035135 
-1.5854021074685252 5.900912615199849 
-1.9887957161140921 13.033196064956714 
-2.7857274087661885 5.401081293003098 
-2.36710190650455 11.948581791035899 
-2.427546676121575 9.540433304586465 
-4.620789031396869 14.212931707564866 
-3.175813093162528 10.924456048123059 
-2.035553795611497 6.834126964300306 
-2.328423643597378 4.922724633240015 
-2.420282181085075 14.678323772988897 
-2.2507292262393332 10.735826051539537 
-2.5997988701385766 13.819404435464774 
-2.3497642155150706 12.43553816463534 
-0.75339012863869 3.1864844945801547 
-2.318539869624884 7.244379182561478 
-3.7052651236442364 12.25453219068769 
-2.2505711787548313 10.332309733178601 
-2.328423643597378 4.89807750928763 
-2.570988192751579 12.911463859545787 
