1.1332281461361022 3.7124679624713526 
-4.841347957713473 14.18299681571224 
1.1332281461361022 3.7124679624713526 
-3.012092870350317 11.385438437259001 
0.13844638543591414 3.423511724332199 
-2.965421485050056 11.116619667750868 
-1.4089496521828444 14.581673332957608 
-3.7504777111635543 6.622509674229547 
-0.6422311892545083 3.613614997235736 
-3.3082826964263403 5.518359126338052 
-2.780642883587042 6.6050592718539285 
-1.2387168354053308 13.57147330455302 
-2.5772702226667885 10.447914329128963 
-2.602680577909123 13.44327951587415 
-3.4234630340143988 6.622509674229547 
-3.0587141695955884 14.182430295506585 
-2.2118912326335933 6.802351765172513 
-2.3451748371605916 7.897792874897052 
-2.716744139092972 9.914653646602844 
-1.9963071744828396 10.881692474969748 
-2.716744139092972 5.693850521511263 
-2.0064947535336453 3.423511724332199 
-2.6211932904648725 6.934831424397279 
-3.926958588647874 14.45750092480516 
-2.8053284862229386 13.703301949855097 
-2.716744139092972 13.19122136488233 
-2.29387246722999 12.811604580401951 
-0.6236927783693449 3.186293172588817 
0.030645698817970413 3.7124679624713526 
-1.9745830863427356 10.630885792166643 
-3.3971809377784785 11.366359960952456 
-2.0275271589485713 5.332659835139464 
-1.4367760632061848 3.01057353806943 
-2.590236430012718 8.143164603682319 
-2.3601795828849856 5.623804864252476 
-2.071268213981383 4.365535938573278 
-2.595361604114896 13.674652198819281 
-1.994203360683937 8.33841370823042 
-1.7434711019248554 3.380193368358447 
-2.2221666374702487 5.518359126338052 
-0.635847369120254 4.456079116393399 
-2.7340262253710383 2.647740881171104 
-2.947711634371257 3.7321341953771245 
-3.5866540975765604 13.754458221979355 
-2.602680577909123 9.170420907777661 
-2.736546460804809 11.54661824813363 
-2.1452154878532017 9.908540689662365 
-1.7307134189437612 13.116115430297482 
-1.7636164295518197 5.800524185900271 
-2.9391886851658007 13.716436627871353 
-3.566836202704387 14.532868599585422 
-2.5772702226667885 7.897792874897052 
-1.7115830348276193 10.630761540962148 
-3.012092870350317 8.638061055218284 
-2.6570718253563568 12.863731468072569 
-2.2850885515690504 9.461879084946482 
-1.7424179594318485 13.33055688903104 
-3.2937869072667443 12.27872498533978 
-3.8534951019299317 13.477576861903543 
-1.9427121198387614 8.926618633967939 
-2.477009674127605 8.72976126618773 
-2.045405076381769 12.328333697507766 
-2.7334102289252815 6.214990199834109 
-2.4286873988456907 14.08494679798492 
-3.326635014703141 13.635719681893631 
-2.4322170533892384 9.928210964689102 
-2.7321026395529397 14.671422757790081 
-1.4934642545769412 13.919656549371856 
-2.088545218767778 12.547695544960522 
-2.120665861124359 4.529395423829913 
-3.39246840225471 14.145263961972391 
-1.9887252528572203 10.103687750902392 
-1.9629900999513534 12.27572136814324 
-3.042650470243216 13.470367730829363 
-2.5181719566175795 3.1922896878903204 
-0.9108294429457864 9.332817862565292 
-2.67001425326531 12.475710679097539 
-1.4326410071444577 8.893016866605851 
-2.7321026395529397 7.025751197891071 
-2.2064117168738777 10.288563322811354 
-2.5678713023037787 14.671422757790081 
-2.5238398995190936 13.372684055666323 
-2.670509312297973 10.798003115337329 
-2.9811786969747427 11.762155945260421 
-3.511180176565363 12.367647880242803 
-2.595361604114896 14.076882475362515 
-2.266005391383204 10.827458782999164 
-2.972055404013564 12.252271191944525 
-2.5693205620310726 14.594001838689891 
-3.2937869072667443 14.574141359318396 
-3.000089478498714 10.760818691531844 
-1.7307134189437612 11.116619667750868 
-1.6898321408039934 3.7124679624713526 
-2.7321026395529397 10.989025420202763 
-1.7726096947924987 11.282922239725377 
-1.7409686997045541 12.59239843625631 
-2.934279605883023 14.26545235909214 
-2.802200918540464 12.85696129920164 
-3.6010863586198316 11.536194950597913 
-3.012092870350317 13.410293493678392 
