-4.886069882535906 14.18142167055853 
-4.886069882535906 14.18142167055853 
0.7039303771966487 3.5697801788567243 
0.09737673530710222 3.494258688446286 
-0.6771491719798224 3.444878662534136 
-2.8778699746560523 11.956726659430325 
-1.5866719155099038 3.0018255318552813 
-2.7782871091489603 2.71234446871869 
-2.0009166010076282 10.745228572054115 
-1.7559503392286113 12.22960261289509 
-1.3343225702545507 10.746573809861228 
-2.584607909332856 8.59238760338777 
-3.5359101814161376 3.607108870557386 
-1.3343225702545507 11.662308794144947 
-2.2526371164493493 7.937140476303428 
-2.223917030274605 2.732631368578276 
-1.2916572612727326 3.0018255318552813 
-2.4424049992006887 14.105624446544642 
-1.8367771373584239 11.402160166224107 
-2.9372898294735674 14.05950278265352 
-3.5850167973024347 10.860566515734131 
-2.6269813775266906 14.763408987742888 
-2.8058617655660343 3.4848491836325404 
-2.8387117557574904 10.683997136524393 
-2.3324488220354755 6.9567296016283295 
-2.437655068139496 14.49650699992008 
-2.272026042802911 8.394051342505854 
-3.404201143100802 5.688319111560116 
-1.4441491875580748 13.65821463067677 
-2.406978839862205 9.877548485991614 
-2.8058617655660343 8.232501267508836 
-1.2124854264530742 13.160117945131631 
-2.8584412122989877 7.365719548169423 
-2.016437427183031 12.431840764491644 
-2.374193446277207 8.116653269523631 
-2.4888131038235812 8.875672887775591 
-3.890544472430978 14.438557862931848 
-1.4441491875580748 13.517720522402163 
-2.435448397456595 7.396330337119355 
-3.6809164573541353 9.758054053664559 
-2.795702518018554 4.99819331398059 
-1.8367771373584239 12.124655084480171 
-2.4910279956874866 11.670611361050666 
-2.60113242233755 13.941448539079985 
-2.8299892722938567 9.511963584750085 
-4.778130663540509 14.18142167055853 
-3.003084370602518 8.472175325013477 
-2.186617674852968 5.021092920271909 
-1.5660587668635062 11.349800628076505 
-2.8631022064930556 13.67694301382535 
-3.0022209573728666 13.22658231042496 
-2.221466974790589 11.536271778884199 
-3.5359101814161376 5.380728326134946 
-2.8778699746560523 3.7630373588538997 
-2.2254783624002146 6.374367721366916 
-3.7802527603134655 14.224513324031795 
-2.8584412122989877 10.557747442165411 
-2.8584412122989877 10.557747442165411 
-1.5660233175343858 8.61361575677028 
-2.862689351743056 5.526844623488644 
-2.239947367330668 14.438557862931848 
-2.0008627091615407 12.976400172928454 
-2.4888131038235812 13.717396098544905 
-2.7412566954720807 5.526844623488644 
-2.361150551441249 13.573291498830745 
-3.647180312826621 14.549286398274749 
-3.0159768624820256 9.197768036619284 
-2.936701195200661 11.359393441780515 
-1.5843300035150145 12.946211986742046 
-2.5076496536838344 13.88641327468426 
-2.845670229556977 8.832548264078312 
-1.1506558685893724 13.478078405055967 
-1.9184089826809125 7.565265488077335 
-3.0463707838821614 5.547825002904715 
-2.9935121638331976 12.368651962453338 
-3.0159768624820256 10.173722983413272 
-2.4881525318085003 11.536486524884534 
-2.1965912839736377 12.594834778477582 
-2.2442487841409022 10.148181265623656 
-2.254769820722176 8.510409242930757 
-1.8881907197100118 13.832146198940958 
-2.239947367330668 13.830183130920991 
-2.311600592207433 7.150939220093867 
-2.881476427285813 14.481035537025566 
-2.4361890313973924 5.632051081390177 
-1.8550031617531886 7.746787265901195 
-2.189667621642472 4.99819331398059 
-1.5660233175343858 11.345501703628676 
-1.9908614021827522 13.138431418347656 
-2.5076496536838344 13.324703810308645 
-2.2828918982422888 9.73941866700511 
-2.437655068139496 14.438557862931848 
-2.4881525318085003 5.526844623488644 
-2.254769820722176 13.478078405055967 
-2.769428686551016 8.980427254788333 
-2.9825765245097626 9.83660089121241 
-2.910633717692633 3.480181476677897 
-2.272026042802911 7.819366119918504 
-1.832984951079315 12.589899962423369 
-2.9007564547836537 9.717755767377644 
