0.9662199779556673 3.655728934408894 
0.9662199779556673 3.655728934408894 
-4.606521952297882 14.27502095206405 
-2.91656359531366 10.152618594652976 
-2.732597222686795 7.063928341995627 
-1.104844210862173 13.603838790382186 
-2.049312267443202 5.989729472536786 
-2.7158089019629883 13.270670085415277 
-3.0563473628484132 6.494992327762749 
-2.518149337884057 11.211006352141242 
-2.435002821305739 11.505048991589018 
-3.4100766582544457 14.27502095206405 
-2.9420362815352155 12.10036290873045 
-1.414394095394077 10.616985509175901 
-2.003161919822448 10.872761858014501 
-2.2819157473336045 12.526840626128589 
-4.452704738250716 14.27502095206405 
-2.9882902643214693 14.16333726257648 
-2.067299968552058 12.115934582598666 
-3.4390316430952184 7.7652262174382765 
-2.716095766982165 11.729516126630816 
-2.3809307303024543 5.2716044598010185 
-3.268691137130331 8.58189150438575 
-0.7878657967773641 6.107865148004676 
-2.611005646373318 10.821233823651337 
-1.3380017235282775 9.265988885654794 
-3.1213220094923972 3.0180194632594235 
-2.2916814985143636 12.859294668265372 
-2.4355653617035022 11.746098916119646 
-2.9260656177737725 13.670560114937846 
-1.1084649218930291 5.404421038375306 
-2.7184133692820405 12.116507120394324 
-1.403428623382065 8.1733288296974 
-2.3857866995655783 4.914918468732908 
-3.0151207560238027 14.281454880204654 
-2.2115831912992765 3.2456634063525707 
-2.358952604096929 12.933625248531202 
-3.5452286574084653 14.50653600297447 
-3.7326806983543466 14.331339853283172 
-4.196768343029621 10.19234879255061 
-2.013778065380201 7.084032171320023 
0.5126460406487792 3.526300147943707 
-3.4434950418962598 14.331339853283172 
-1.9861585508868003 2.9320470413436857 
-2.04298375710556 6.241168247896233 
-2.164835061895852 12.23356772564623 
-2.9816155566377214 11.844548263302645 
-2.4949598701983695 13.716839350161957 
-1.7524347404425398 2.938814240764123 
-1.9708202251029132 9.44774402174696 
-2.9816155566377214 14.281454880204654 
-1.7451682762452263 9.636354354657175 
-2.566120349131341 3.0823460305577965 
-2.2949540021301815 8.437009987791107 
-3.4517961547383766 7.431225162736538 
-1.0667343501916111 3.0180194632594235 
-2.1795930216173187 2.949941833833784 
-1.6934137859128722 14.33228395358331 
-2.3857866995655783 12.600124254965968 
-2.4355653617035022 11.211006352141242 
-2.36105980617657 13.126599087183173 
-2.897884404791343 8.520812759112882 
-3.3829239014347756 8.8592660191078 
-2.490992525283173 12.701810064556188 
-1.9524179648648063 4.249348931766048 
-2.63206200251358 14.687345789556552 
-0.6867310268367173 3.22631189210474 
-0.24657639346557958 3.426434316416292 
-2.044527261586035 5.489833729969631 
-1.3654348368910656 13.936755737788694 
-3.6304343553225076 9.211034358979617 
-2.0662777288880076 13.83969701384074 
-2.8464567748847447 12.871154942380702 
-2.618498111572861 13.347032043139258 
-2.0438815203964746 14.128074651790172 
-2.716095766982165 5.7473379054957245 
-2.900147134857501 10.416936079056665 
-1.154862909531607 3.653307634470985 
-2.418053751746795 6.688734097171265 
-1.7794712241806878 6.687661456442077 
-2.98543071817232 11.407310580641974 
-2.8895249736358832 12.348736962359165 
-2.596393100429475 13.455273660837918 
-2.4532555676400007 14.27502095206405 
-2.4651199625283593 8.90550363004416 
0.2147675138658811 3.526300147943707 
0.019246009109093798 3.414951613305936 
-2.385467220532286 13.500056498636408 
-3.4154279010124107 10.51486549265235 
-1.009219711553103 3.4188435326449342 
-2.029726948419024 9.896622542498637 
-2.362800604773085 13.964207713118203 
-2.2949540021301815 9.699685737233018 
-2.897884404791343 10.317474800699593 
-2.412998109520319 13.910929777615063 
-2.897884404791343 10.317474800699593 
-2.2115831912992765 6.447790717412083 
-1.2708939031515927 3.227529455822542 
-3.5452286574084653 14.50653600297447 
-1.8428125434244715 14.408717284599412 
