-5.208351374166159 14.06308378133397 
0.938228619448985 3.6483681437311013 
-5.208351374166159 14.06308378133397 
0.938228619448985 3.6483681437311013 
-1.8561202462673911 12.68543245943463 
-2.70019248442605 14.704481051662542 
-2.5223411580902027 14.168507941736824 
-2.412132405056111 14.37821484641452 
-1.1387048317510384 13.58449070797472 
-0.691214444440184 4.030488173460917 
-2.6618208122881786 11.866399604306212 
-2.847289981759727 12.87061749310606 
-2.2359574215971953 11.850572014844515 
-2.431184227854686 6.417155933865988 
-2.2481549988646217 6.901664432696804 
-3.366365294087826 14.564878407991337 
-2.679567933952336 14.059914499017474 
-2.2449623136741907 11.482864367841064 
-3.6810420736806524 11.598264367434055 
-1.9891714567578611 7.566984380151667 
-1.8440897879703981 9.468554794642133 
-3.3344572360581273 4.424176902254009 
-2.26360349358211 8.285929345906773 
-2.4377676730567788 12.92603713824984 
-2.5911169873840594 9.264277957799997 
-2.5911169873840594 10.239105738150954 
-2.592526258943679 13.532233952287653 
-2.4397174435103572 13.37081356786737 
-2.5911169873840594 10.948196542675442 
-2.079070856867726 10.336595032193632 
-1.7987200329555328 3.6671955354062273 
-2.4397174435103572 12.676785740684782 
-0.4683265813926867 3.2583174450701398 
-2.5223411580902027 10.679347458395801 
-2.0700026921848163 7.231647161480683 
-1.7020491757259866 11.153179218800442 
-1.4850351760304785 11.03799649338222 
-3.356858225694974 9.590336504700161 
-1.845992666715208 12.457656978494642 
-2.592526258943679 8.267443093247453 
-2.3003743153565983 9.602612235277556 
0.094328792101109 3.3864376735629396 
-3.207579814353628 8.335046547295004 
-1.994848129757667 9.27252166036671 
0.8024870678180398 3.6483681437311013 
-2.045844685872491 11.412265227631298 
-1.982619970452208 10.011189020735202 
-2.679567933952336 12.427596160629587 
-3.4639794023815154 7.324698510641833 
-2.636177101402356 13.942409960344673 
-3.875160014290288 14.490132696012463 
-2.616532161768735 10.426944059581718 
-2.70019248442605 10.80258014467174 
-2.058787392664179 3.51350668557106 
-3.3534371901287665 4.484729676407679 
-1.8332968331191133 11.397975557531286 
-1.845992666715208 12.457656978494642 
-1.4887632137935545 3.5132665194475803 
-2.6363564265167843 13.63375092244232 
-2.063511632142064 6.510318884406631 
-1.580974074166332 13.746175304540305 
-2.6116001096028967 3.51350668557106 
-2.310725314660984 10.011189020735202 
-3.799490698279418 12.230296570109406 
-0.4398738073691746 3.660301202159857 
-2.966159529505855 7.287434423202394 
0.06548204022253823 3.51350668557106 
-2.2104756874405562 3.6671955354062273 
-4.012477606393876 14.406771610384977 
-1.7377527846725993 13.507034110653088 
-2.639192454646503 9.321785009150073 
-1.5401008807286367 3.5277045297476404 
-3.3517392176335346 7.2721253535839745 
-1.7852402344381315 11.8049880016469 
-2.254201931170128 11.741822962499782 
-2.847289981759727 12.679701570783738 
-2.242672529383897 6.028258530878121 
-2.6363564265167843 12.625027594107992 
-3.302909222353508 13.534461913657404 
-2.6646193532779687 5.748715210857312 
-2.468674877128839 3.422165641147881 
-2.6755779068215015 11.92412842973534 
-2.3866575930586658 8.475223995803816 
-2.320556771050207 4.502058268348714 
-2.6160409179943325 4.315271965734537 
-2.70019248442605 4.715145660945802 
-2.5527762454991203 13.235236146704995 
-2.6160409179943325 4.50618788824362 
-3.3031138450144297 11.085021512607664 
-2.3035935150454137 14.7068868185761 
-2.658736815284778 14.454118916215872 
-2.4499588112008874 9.64622241337963 
-2.2038677342255584 9.790724125935121 
-2.580569092419436 13.714886489654667 
-2.3035935150454137 14.7068868185761 
-2.70019248442605 4.715145660945802 
-2.674359053881866 4.6086179326374594 
-2.679567933952336 14.338313112066999 
-2.850944645202148 8.288521203313449 
-1.68210134106302 8.274516097465215 
