-4.714055119063913 14.239103155761965 
0.949693124469265 3.653037856390334 
0.949693124469265 3.653037856390334 
-4.714055119063913 14.239103155761965 
-2.6089760111641653 10.735933077262949 
-2.8562436828586595 11.118168520407053 
-3.097139029671634 3.666576575085907 
-2.7084542038585653 5.9679207652011526 
-3.015339302306232 6.061664830490993 
-4.544779969770597 14.239103155761965 
-0.9851734801947054 6.341975042097794 
-2.690283386456068 13.188109668337042 
-2.8562436828586595 10.966373038699164 
-0.25650960633599995 3.527597323468072 
-2.850465103600894 11.313360851308703 
-3.1849340666956665 7.356331277507765 
-2.992689934949045 14.670229707538624 
-2.7363497088457036 3.6381156757460094 
-2.574320741513739 10.545523280603183 
-2.586868963798952 7.1624514331719755 
-2.0468582373237925 8.844997941183816 
-2.790529869181727 4.970874892597664 
-3.010350409956769 5.352342977444447 
-2.3592235384634694 12.26590871031844 
-2.40074335542029 14.75741788238632 
-2.610130162316335 13.723268721965947 
-1.5438855585660285 4.255448552319583 
-2.170983710650703 13.52550043371307 
-2.7706056401928914 13.082769924474304 
-2.8540955701630937 9.857283040293133 
-3.398395335177263 8.903611975999896 
0.3283072999828285 3.527597323468072 
-2.446931368730972 7.444908897403906 
-3.569440204654557 12.508052170421145 
-1.9086912043777127 8.052100327194069 
-2.230855934127249 13.188109668337042 
-2.336976991299001 3.4988834613242075 
-1.7508795882491222 3.421297975625522 
-3.4233856284459283 13.964479062702907 
-1.0223853134492837 3.2839863867039134 
-2.5231435003953546 14.205083527739498 
-2.4509191587552186 14.621484417781472 
-2.2595332682019693 12.190806987944205 
-1.9235609871611348 7.153434633270918 
-3.4221782691291818 13.525886636939576 
-2.722244782004043 7.384467565072665 
-3.368585817151202 12.678798365093606 
-2.0468582373237925 14.053348797726539 
-3.1870187941751453 9.273760948989846 
-2.448195617200539 9.87189683632538 
-2.40074335542029 14.386497248036266 
-3.1976656700431723 8.83231378680049 
-2.5838801331045804 10.182053067811468 
-2.5790466811332124 9.778278458053919 
-1.3301493307227057 14.52953671775722 
-1.501840343851213 13.082769924474304 
-2.8665630340987107 14.394053562561698 
-2.4509191587552186 8.96760634820607 
-0.9640590809272049 3.5604581063936678 
-1.8426062695572338 9.407682031550333 
-2.789087392080029 10.881667897329422 
-2.170983710650703 13.809195067128904 
-1.3569908969724032 3.508316812246914 
-1.945659110838546 12.583479691949995 
-2.0688576313770537 12.97591814549851 
-1.2954157513847955 4.255448552319583 
-1.5513786331074377 13.19242693779458 
-4.1723361122794795 10.886873327230246 
-2.2595332682019693 12.538534521005655 
-2.4257220543119096 5.7683052871922245 
-2.9977466378822606 6.628337823502287 
0.37405195335189945 3.527597323468072 
-2.5935289301497315 14.394053562561698 
-2.3592235384634694 11.917652460876837 
-2.5622045904259703 8.210460104763166 
-2.5713328191564497 10.084227378544242 
-3.1849340666956665 7.742418091048852 
-1.3171806953085916 3.4836436106174573 
-2.483087541178449 14.01047038402741 
-3.749418657226487 13.010329914393724 
-2.8562436828586595 8.648092981048922 
-2.333571221460757 10.489106470577639 
-2.6457931013411806 9.057442051722012 
-2.586705036258721 8.347762805504765 
-3.158563433178056 7.608086426467734 
-3.161417049058122 14.232072478922358 
-3.158563433178056 7.608086426467734 
-1.6321948780166684 13.928025836821345 
-2.586705036258721 8.347762805504765 
-2.7690746358177907 13.434006853871463 
-3.4575930064584752 8.984789560824453 
-2.583313701581616 12.015354937172642 
-1.4331703433439085 7.692478877879107 
-0.6962906900528454 3.20382679966759 
-1.6258142956157087 12.256211860543303 
-2.7721588932001886 13.325444159599051 
-3.1972309180933616 14.52953671775722 
-2.637694504426717 5.402261784265701 
-2.5790466811332124 12.26282104151457 
-2.545712474872808 3.662912695785103 
