-4.321478552103162 14.363370703250869 
1.0629664620146233 3.6879826107838145 
1.0629664620146233 3.6879826107838145 
-4.321478552103162 14.363370703250869 
-2.3480182819110476 8.438712806963157 
-0.7375644649474147 3.362276152153342 
-1.3786727645346453 3.4941795021874356 
-2.5279226321884183 11.585166865811575 
-2.8958388824021917 8.390165836540948 
-2.0202333361923013 13.778076557358942 
-2.1497334464100435 14.363370703250869 
-2.548332918156314 5.726852156317851 
-2.1784939469423388 9.764609238307212 
-0.14773411685936022 3.3608319984821016 
-2.8479629864018188 13.314602371680447 
-2.645232312077136 10.955657827428222 
-2.4686999252219732 11.743495175706748 
-2.7913526427630684 13.698501973002895 
-2.1953728436643254 13.428846345430797 
-2.4464673485757005 12.781544375072219 
-2.4540729628698736 13.010051870527464 
-2.551657170615533 5.3775247843557645 
-2.4331121332522794 14.695223692749824 
-2.6409153838697015 12.82044396663198 
-2.667110865737346 13.464162062575838 
-2.7967089376682623 7.083326636954348 
-2.8940888786114063 6.4546698594058745 
-2.15045513359576 2.8441640370437398 
-2.4540729628698736 14.353956032019582 
-2.1176085330851344 5.212346458671918 
-2.8998148318056063 7.2826458715932665 
-2.7913526427630684 13.643847904810315 
-2.844015985471917 7.537691724519423 
-2.551657170615533 8.12607505919036 
-2.027590007503945 10.789708205433858 
-3.486754627872893 11.389814844417167 
-2.3268693374381795 2.739139470584118 
0.5157877526356841 3.7449597316134904 
-2.470101736725516 10.746612100795133 
-3.8536931047923177 13.529994701924643 
-2.29477479884297 8.089344013046833 
-2.021559376523783 7.807081809378726 
0.5661176107531962 3.54172850440822 
-3.3130549696125406 11.747015344428377 
-2.9989803984163466 14.417524271633647 
-2.0864799947660897 14.271501750667245 
-2.3177090039406743 12.546681830775071 
-2.658103017444353 11.959499478619513 
-1.7062949871262916 9.350772969229643 
-3.566474424297355 14.536511901022358 
-4.022602885444382 14.417048355901006 
-2.4464673485757005 10.35896780140394 
-2.6448366355633075 12.616251452868418 
-2.5690338423072543 5.102157564845526 
-2.4692317966265174 11.391373584177224 
-2.1497334464100435 9.947775346046742 
-2.436244034651194 8.775537657972793 
-2.543127135063013 2.8687911145211302 
-2.3935375718517187 7.083326636954348 
-3.1672325466733353 9.847038853334334 
-3.148022348203701 11.903810387585235 
-2.478022381780451 3.746392279274687 
-3.049064154614592 10.614174885945715 
-2.223769636660296 6.772246413437192 
-2.441295290174214 10.909733112954507 
-1.5671799868010972 3.3673619230765626 
-2.8485865879801264 5.670290133785321 
-2.65150857743257 12.564870622804863 
-2.7913526427630684 13.029346436510986 
-2.468853444115385 6.2095619328383975 
-2.795700128641956 12.174274356841607 
-2.884693416818295 12.794749190052825 
-2.4686999252219732 8.112947320027402 
-2.7913526427630684 13.029346436510986 
-2.6658954699671695 12.305723050194267 
-3.258836041086557 9.533004502889769 
-2.7923514394980127 3.475976235078389 
-3.0508495154600572 13.014732123993909 
-2.4531221866219224 12.24891869866346 
-2.631724154642503 9.011796394056091 
-3.197173413430955 3.091391045764987 
-3.5965103857976515 14.430284123916811 
-3.6667419211491343 14.433214810875526 
-2.6467658404988232 9.023222805335914 
-2.471977414431787 7.86069403501951 
-2.067214329189014 11.391373584177224 
-2.223769636660296 14.04297875516507 
-3.0065718604324836 14.375653495199023 
-4.066505539395312 5.102157564845526 
-2.5830063861455947 12.517746344991524 
-1.546541333139709 14.294042641412764 
-3.0213487847787905 8.952996078408887 
-2.9035776711973518 10.951522896877076 
-2.443453179943162 6.454132160097348 
-3.299595613708145 5.578595514154307 
-2.223769636660296 14.213460942945677 
-3.1672325466733353 14.262634210538266 
-3.1311374747218976 3.7941213337002866 
-3.5488842560306875 10.804714265136308 
-3.0517131277168446 13.038197178026842 
