1.1457480049553732 3.7159739271402676 
-4.713920529814021 14.238947259546096 
1.1457480049553732 3.7159739271402676 
-4.713920529814021 14.238947259546096 
-2.1964104822995645 13.146974047260812 
-2.5801402112182727 14.041139185879654 
-2.4407648863206 14.28703711762018 
-3.4900471281327428 12.871889315848259 
-2.4031605529810784 8.318429586654112 
-1.9993118331862814 12.83351376853131 
-2.2164005848920243 8.689846125620761 
-2.900476418839892 13.702751789817594 
-2.148419057545255 4.9986263883186375 
-1.5654024542858251 5.277286063783823 
-3.4034820609279843 7.07387329253055 
-1.5299169807883177 8.538014313413925 
-2.8928035256593083 14.677310849265334 
-2.8024864471402053 8.971528382199047 
-0.39857943537749674 4.165437855402223 
-3.011772223664625 11.213749144869375 
-1.4228865485290818 14.337891310070903 
-2.071343487480181 4.398688979733502 
-3.4196957621909614 9.547936364903743 
-2.80405741571617 13.447834525712983 
-1.8742095271883286 6.244554866756026 
-1.323389198999219 8.31207827795507 
0.3230649423510732 3.4425590724283555 
-2.363680014712371 12.552542975777598 
-2.202000055419939 11.684127089826836 
-2.9456154157916035 9.613364414532676 
-2.4874887598925 14.485792743653889 
-2.3335870965686856 7.535153968775082 
-2.9166516650449754 11.092338332874732 
-1.3745524138291638 3.6179105930637485 
-2.1578109209717553 6.88436560426064 
-2.2847260230359923 6.07864804159246 
-3.2725538335325046 6.297221567956259 
-1.8292695595742385 11.331716071484745 
-2.8586042433029126 9.147336998682007 
-2.103538503773936 10.617486242481867 
-2.412946836095115 13.809521120990533 
-1.1199554771045737 11.071861224619067 
-2.2669181207464746 9.814503911733508 
-2.094116298565253 8.971528382199047 
-2.9499380204297774 12.10461140024637 
-2.476694109194203 3.459828110717438 
-1.8781992923764501 7.535153968775082 
-2.3982175924981557 10.335413117276174 
-3.981543678027842 14.456584962328966 
-2.80405741571617 10.48377053956778 
-2.828668105852652 9.753948974518714 
-3.653448042215603 14.51288379833264 
-1.631970519826111 11.688845976644135 
-2.466258954226151 8.652236075735654 
-2.900826173547885 12.808761728100034 
-2.898708725312675 5.95733630813327 
-2.492178414353805 9.061201795270351 
-3.4900471281327428 8.243398780700895 
-3.350766983374126 12.945567633819685 
-2.4148443310193644 5.503339798930932 
-2.8254097134261773 13.268271654377155 
-1.9275202215432574 11.869463653601937 
-1.9820296087564397 3.1897650848451393 
-2.898708725312675 13.55531304647199 
-2.828668105852652 10.0037657041482 
-0.6795878104561779 9.821431471113376 
-2.8592943810483304 14.25330941084513 
-2.9874475104983715 9.374686127881766 
-2.712008845842307 11.87822333174411 
-1.3745524138291638 3.6179105930637485 
-2.4877871628369093 2.9918394702236206 
-2.1328908529717783 14.805072439342526 
-2.625171342788868 11.084849990571705 
-3.3938536018245 11.817490358045472 
-2.456213841802339 12.86141444551112 
-2.6272705013715942 14.573446876163551 
-2.6272705013715942 14.573446876163551 
-2.3335870965686856 6.244554866756026 
-2.140700542478136 11.102657074614191 
-1.3756438185145554 6.008259531420463 
-2.492178414353805 5.122813426504791 
-2.5446415503124253 13.437366136504906 
-1.0465180851848517 12.638756565211347 
0.20545204992612542 3.473974457702563 
-0.04156952717214635 3.5137016852077894 
-2.897256950614357 13.484440617502976 
-2.206449129047612 12.852656086396276 
-3.4034820609279843 7.5084545508842 
-3.0332200125454065 10.617486242481867 
-2.0942528324931926 6.790396080272262 
-3.3938536018245 12.018447865693108 
-1.9536092415253425 11.025999085100006 
-2.953880975909382 12.573650379032692 
-2.8899619568584827 12.202174904582694 
-3.4034820609279843 12.088037179965518 
-2.317948950877855 14.801927347091237 
-1.8973437262291535 9.685211410633162 
-2.2669181207464746 8.232923910363766 
-0.4545347960610481 3.987196179928267 
-2.983031524192292 10.43532815245524 
