-4.624680010085996 14.262903335807934 
0.9120727157891244 3.6394754419865514 
0.9120727157891244 3.6394754419865514 
-4.624680010085996 14.262903335807934 
-0.04675974979078523 3.3593723496837318 
-2.4207070355078626 11.875879466179747 
-2.261482474173296 7.732624439727314 
-1.4961449632330472 14.875210311601052 
-2.9003155898652135 7.705015811727503 
-1.801080250978731 13.440853761718325 
-3.4062470734095456 9.52800673240143 
-2.728103039350803 12.165279749775307 
-2.8075278195247804 14.603284259921427 
-2.124492045370544 13.48026991482243 
-2.9748549394145694 11.897580288023072 
-2.7549502613486934 13.904090496042869 
-0.9245152863682082 3.054322987513628 
-2.907510917506743 11.500729455356046 
-1.1672565157744144 14.59349252269838 
-3.4093477569006345 14.558891700968747 
-2.820128315027417 6.960742242057062 
-2.9003155898652135 5.1462210188193955 
-0.23075426531378296 3.6394754419865514 
-2.487305443739438 14.770690143957415 
-2.8164645556580217 11.344135393853309 
-2.44943733489393 9.698904506715754 
-2.9221877826427645 4.7159346019738555 
0.801092761970115 3.6394754419865514 
-3.0408385822975053 3.141139181116867 
-2.0320129989092903 10.99123250546214 
-2.8164645556580217 9.635032615371149 
-2.6468731978443834 10.15476448144712 
-2.420974275294072 9.954050819549211 
-3.5686789789728013 12.350733765650151 
-2.7295815474488014 6.513651272894844 
-2.472587124466014 13.904090496042869 
-2.0320129989092903 8.845637346094168 
-1.1379049767294322 5.304575428352968 
-1.2667049740556264 3.145321170334437 
-2.392696004804625 12.012905417199288 
-2.1936465051607796 13.021393896641674 
-1.6836176305259922 5.846280516134602 
-2.5276318164347487 13.10290511620574 
-2.646887447997769 10.15476448144712 
-2.0638268551273358 11.105564408842858 
-1.2921650709357944 7.7228716478418225 
-3.209896604857709 12.267470634580707 
-2.076888411516936 9.759575004845463 
-3.0225379015396845 6.5710297107497455 
-4.347586860035968 9.698904506715754 
-2.2252489999041107 9.276362183133166 
-3.2132093520687293 10.863031655232895 
-3.0260764202459662 13.220322503749088 
-2.0320129989092903 9.612455326802491 
-2.821551736374502 8.81593226967765 
-2.4958868489374413 11.105564408842858 
-2.1597598815612034 14.209414591470935 
-2.4269964194806497 3.5609952248568146 
-2.432420849670336 8.202488468712556 
-2.649090162627626 12.368882380123619 
-2.9964245306169177 3.632419344403769 
-4.437541079836811 14.262903335807934 
-2.728103039350803 14.22025134958381 
-1.80008502654784 11.676962905371784 
-2.821551736374502 5.937951418381369 
-2.0320129989092903 10.630865221955862 
-4.0474391077844505 10.256880608024257 
-2.1529569134358684 6.0544351166853705 
-2.239515897266186 12.759730291779217 
-4.098790144957481 14.366453109145032 
-2.137777818493336 7.908993322142811 
-2.137777818493336 7.908993322142811 
-2.0320129989092903 10.630865221955862 
-2.7227294511403795 8.736227460159403 
-1.4226446109705084 11.075749967681991 
-2.3495025548751594 8.186614293880158 
-1.898912916205596 6.892592478676061 
-2.7414594100768914 4.230668545463113 
-3.3664908376922384 7.7228716478418225 
-2.813199990730704 6.960742242057062 
-3.221035618947262 8.845637346094168 
-2.813391553779373 10.81574417210474 
-1.7226975127048376 3.6394754419865514 
-3.020824185435973 13.599123427459224 
-1.7315941366758092 13.952969713292733 
-2.076888411516936 8.702572248322687 
-3.225464299638261 13.290933055196234 
-2.35643002736161 13.760055147784795 
-1.1756280339327843 4.016592556767341 
-2.370328151787068 11.321192149464688 
-3.248242103827343 12.267470634580707 
-2.649104412781012 12.285350784376778 
-1.9502635757464826 13.668672821406382 
-2.0979332718271655 3.200436940845759 
-2.6856186723283844 12.873059505360093 
-1.209079092258155 13.489349574349863 
-3.589557055127459 14.099909650764149 
-2.46816521011387 12.759730291779217 
-1.7043537371939164 2.7954345164094256 
-1.5087195040138064 5.747328658403508 
