-5.057679194305464 14.115837080576519 
0.9528724858386545 3.6524884133475624 
0.9528724858386545 3.6524884133475624 
-5.057679194305464 14.115837080576519 
-3.2978858553412387 3.503777207356596 
-2.6594646846991865 5.431202005033131 
-3.8501982782622735 14.461229251692941 
-3.1837096513810867 12.12503760772439 
-2.255963563316507 12.300027542401955 
-1.8505235446764585 14.191325283027414 
-2.7360599593602486 8.795294410461729 
-2.952998427163098 14.33557646218351 
-3.49202153822262 5.5353199069528305 
-2.741475532507565 8.648409724747928 
-2.4471322092459578 11.946942880872125 
-3.42044854188 14.337423707923755 
-3.189757660201943 13.06179227351473 
-1.5983710936912368 3.0573381105817843 
-2.624764534008936 12.852372183326537 
-2.93779189707104 10.879237090957455 
-2.9236205129281294 11.607977081999554 
-2.724039583745189 8.973580342662903 
-3.1837096513810867 13.510647463603721 
-2.688508275275892 11.928021128614063 
-2.452020748359294 9.924090568514782 
-2.07557246410739 3.150639042336553 
-2.2323700454002764 6.911429735127117 
-2.9236205129281294 12.85402422348913 
-1.9333124925389273 8.651289009579997 
-5.034087851256529 14.115837080576519 
-2.8013341137492827 9.333090412188112 
-3.1357623865852933 9.37092448899751 
-2.3242453431060586 4.027612711621159 
-2.0996405950080343 4.037550649732517 
-2.176661305827442 7.741073871357062 
-0.3977739004276225 4.073702734375154 
-2.8997878374872648 14.682656656093943 
-1.1514823515631836 11.456798557332597 
-1.671140181214974 11.552077015719803 
-2.933723922201458 6.9273224322695794 
-3.479241257114096 9.114081692270258 
-1.3610598639632179 11.016825017068555 
-1.6119004376588846 10.81084294016692 
-0.2482086065233975 3.279354045847229 
-2.6425229475283043 14.653861733243625 
-2.7646679325367227 11.482074562891183 
-2.1149114381376335 14.202933306497185 
-3.479241257114096 10.892539453685409 
-1.6585138150206162 3.5008510531512798 
-2.9768073385605365 12.921160593613585 
-2.5208151069791844 12.49419132094896 
-2.18582858336838 10.121478370729331 
-2.6195063031050774 6.170665628460085 
-2.9757113279576757 12.374396539856797 
-2.7646679325367227 11.332051216076536 
-3.58038337859581 6.165796060800032 
-2.0026045946378987 8.9089740643701 
-2.908224593937104 12.562714274968368 
-0.30857585490086503 3.4469790131829434 
-2.933723922201458 7.814352546528452 
-3.3193870626630426 14.514630246411869 
-2.341315168585484 8.273859227695818 
0.3089804304965451 3.5008510531512798 
-2.2125773828754394 13.600086924858177 
-2.2480019066630197 10.767149207616072 
0.3859928657981073 3.4794165137648276 
-2.4452348982916687 13.240892018102048 
-1.1023979516628295 11.82003296239159 
-3.3101505698723166 13.577309103508096 
-2.459664984775468 13.877515042537865 
-0.8440359325433202 3.0573381105817843 
-3.2813658153567378 8.733864444363665 
-3.274462387824814 10.388738753563334 
-2.4553859307529784 13.715368010078908 
-2.0817048487594327 10.349559263837712 
-3.274462387824814 11.361413609751487 
-2.7557515936027315 7.602821563029462 
-2.0026045946378987 14.337423707923755 
-2.58212576837209 10.228556877785563 
-2.1674701408454156 13.768041780640742 
-2.885133466545172 10.61499121241403 
-2.6723209393185914 12.044094119508053 
-1.8033194352478572 8.371064853267061 
-1.9643508115396169 7.228285612761042 
-2.0817048487594327 10.349559263837712 
-2.5573217891936104 2.626734304076729 
-2.5527321470592397 14.393762553159547 
-2.5276578907297127 4.414538579181316 
-2.562294560208161 14.226614375562342 
-2.562294560208161 13.202500234906708 
-2.181147941969082 8.642870130084384 
-3.4213897788062733 12.426927477235628 
-1.952858039787532 3.8860329366637805 
-1.9408661653558923 14.510707649147577 
-3.1997619558413413 2.7922074373504504 
-3.318019155676014 8.796660646807844 
-1.027043123988721 4.061892965790571 
-2.395369610053618 6.109574410167871 
-1.9534818536479732 10.857588931992842 
-2.1149114381376335 8.150367393081986 
