2772.590799977081 1297.693125761506 
5447.893099430626 694.8056013122482 
2902.621523592432 846.2697681248014 
2915.2039037534305 820.9471178156256 
4128.249225534124 695.717836764572 
2816.414409237572 1098.030698262741 
2825.315779005817 1065.0420114860387 
2796.896881897898 1178.5968505332494 
2801.1930780025996 1161.5777075591843 
2852.800265408046 974.8308679354534 
2774.8422732068707 1285.1333867535627 
3197.8749893900203 697.2388355641505 
2919.463275685992 811.2389016421091 
2929.413960714478 793.4463875924584 
2985.0914795888643 698.7971991048107 
3769.584523003084 696.1599749314696 
2793.928853887757 1191.804532899152 
2976.185613309229 712.2248684863068 
5050.206842180692 694.999866166693 
2956.009781177146 745.4710148672398 
2806.7146691492007 1137.046323827491 
2939.1647104001786 785.0014776415126 
2781.122332942905 1253.0477745357973 
3888.2003847268975 695.9935305842297 
2943.418408091649 768.591068585644 
2790.756757572859 1206.678536274342 
2846.4195106388065 1009.7676839729513 
4270.853027366052 695.5766449809873 
2804.4593694795203 1148.6560138750156 
5236.588202443575 694.9000760128039 
4799.302740239895 695.191598111713 
2812.1749323368035 1116.6834892662446 
4329.139070990219 695.5223118546207 
3702.8148816615926 696.2503813030478 
2867.0914943314583 932.4937751540308 
4642.106947127008 695.2860983950195 
4718.29144640972 695.2137386835365 
3253.037077531183 697.1735896419518 
4538.071553408348 695.3574459399764 
2968.165455970845 727.7110048946496 
2882.577746808035 892.8509883941855 
4582.40655383145 695.3090999038717 
4476.397633459121 695.3928196691645 
2871.864712676671 919.0358038082862 
5121.002696714612 694.960095230366 
4909.446641406208 695.0869402763283 
2840.4546189871526 1015.3258163361907 
2830.9483729498775 1048.4937285339925 
2887.7880331402384 879.7975387421615 
3581.9638163762797 696.4447332988668 
4038.4250424087204 695.8134342955191 
2821.4782461191126 1079.1912929837545 
2810.4119331069815 1121.9840596258832 
3506.5215931938433 696.6005609726295 
3117.569137320839 697.4437541414264 
3659.569588938441 696.3162833617604 
4056.210325683385 695.795478826278 
2878.7697179781576 901.5657212693242 
2819.7777236185466 1085.4547630067605 
2890.9438186094585 872.7280189719527 
4211.150561231938 695.6310707404449 
4830.396503049519 695.1357461777586 
2847.687363707973 990.7200328076277 
5175.893055506483 694.9302902944736 
2875.48751892625 911.2760715701082 
2789.267576559732 1217.426688432946 
3426.9949094273748 696.7286226461773 
3959.829682624866 695.9062077950049 
2832.672300759392 1044.6738899587656 
2778.447790776337 1268.0273707136598 
5338.100535658652 694.8511662527922 
4884.749245044927 695.1029139394142 
2948.3493359777103 760.2618540731852 
3317.3583577432396 696.9486531119131 
2968.405001511327 724.3414211071901 
4691.63869709182 695.2286937078748 
2839.7229573315008 1030.2942094744792 
2895.635365875476 861.1713655405139 
2783.6782081507768 1240.984027780539 
2847.6890409985695 990.7200261104178 
2786.932821917422 1224.6890074010844 
4983.283805508822 695.0405661036917 
2951.86129521019 752.7509756869345 
4381.307974988667 695.478077313356 
3956.8320901231255 695.9294990420036 
3380.682727274501 696.832077790985 
2835.558707188093 1031.402846173613 
5433.9941822280325 694.8133925627019 
2779.2792252325285 1268.020761826039 
3045.5676339696993 697.7513647783832 
4991.436245358228 695.0351216293335 
4434.107048985333 695.4279683965376 
3835.0707599264683 696.068075020205 
2856.9236980552946 961.2883888061903 
2863.384411019348 942.5477765885581 
5378.411330959613 694.8287289602058 
3470.8418685846505 696.6375038476041 
4215.237071731939 695.6306430658013 
2859.3834822878907 955.1168842049959 
3075.2772079214365 697.5731169015074 
