5431.445119983504 694.8032535392574 
2772.711350115236 1296.5625248454012 
2786.8059693306013 1225.5619529024477 
3300.1494939261643 696.9902469842181 
5015.824184416691 695.0215663133245 
2944.0012366341275 765.796068479883 
2802.1682478021744 1155.8432477035626 
2978.683916365722 709.6394746230037 
2967.0803323971104 728.2985837326553 
2863.147020849166 946.1464966569787 
4824.685017748473 695.1423706681378 
2826.8202770476296 1060.1863685687385 
2955.7883934771507 747.3074335722212 
4127.808451917439 695.7166910209249 
2849.341007386716 994.8624709920584 
2868.832036767105 927.6646284211062 
2901.312048636314 849.7347078928782 
4348.423858373411 695.5031526315585 
2798.0131131303074 1173.883059569639 
3973.019279371581 695.8907045244716 
3186.2962312180866 697.2627503150354 
3861.085329080414 696.0339741517225 
2849.564371962615 984.2443543831818 
2815.5754461995425 1108.6043653518452 
2782.615965612995 1250.0174891078248 
4324.194450207971 695.527597430375 
2790.388289132144 1208.6289546007226 
4175.851983862845 695.6669750382798 
2879.925546692853 899.5748201246649 
3658.065317220688 696.3220648989726 
3765.523177344466 696.1667717747541 
3098.4770425063284 697.5052584096981 
4621.4886372653355 695.2810743359929 
5114.057131243642 694.9678134292357 
5190.080155209819 694.9272132933459 
5320.968343241476 694.8565562192728 
4720.587638285806 695.2116603628567 
2832.55358363836 1039.8785657769238 
4446.277291621248 695.4352970489728 
2885.865791684609 886.8371743324968 
2912.5989064885234 826.2844166057271 
4720.488998778624 695.2117317122052 
2892.25932832858 868.813964465956 
2821.794629274429 1080.3622819206303 
2795.0992790027203 1187.897149495158 
2874.124553157204 913.4136147633101 
3765.650133806761 696.166771729566 
2830.337840165419 1051.2148829673467 
2929.762730614421 795.8729896616684 
5246.0777758791355 694.8997432884664 
4535.6502354555305 695.3522870901804 
2818.151240314182 1092.140163350343 
2780.9549918345506 1258.3006096348495 
2904.5095230214156 843.7043185615772 
4237.658575744699 695.6062972172873 
2855.1479978131597 969.2325602292385 
3572.8762485157376 696.4569802816593 
2933.7330857711877 792.4986336332123 
2809.2151260484607 1126.7776659886829 
2842.7687652654 1012.5222138126857 
3657.268316439151 696.3454191023008 
2909.6162644768333 831.3302061693603 
4955.438917165435 695.0573994635463 
4043.684067090351 695.8104748445862 
3142.5705721974 697.3742557702307 
2891.727203915736 869.8112590598481 
2806.0387360375476 1141.5102780114864 
3508.960160471165 696.5740993150274 
4613.5863163723225 695.2874884748885 
2789.7371865248424 1211.604339218932 
3036.692109586053 697.6892850276727 
2837.194116741071 1027.7159856498154 
2921.9240013875933 811.3472755080779 
5121.376615809218 694.962302934333 
2921.6023886104413 811.3847349059503 
3444.7090303336945 696.6875310830449 
3371.067464088525 696.8345917249045 
2778.3595453454222 1269.6621615085317 
3356.8362265609576 696.8840712052323 
2840.5929524717767 1012.532120891714 
4466.495628566384 695.4055410527967 
4520.214720519529 695.4008556301876 
4036.182809800414 695.8204301462091 
2938.7451228223044 778.3101439175205 
2806.724059043273 1138.6767691499467 
2871.8744289621022 919.5411674625625 
4859.199185204648 695.1162608436271 
2985.515114254819 698.6564084378952 
2796.802515728603 1182.3199040592178 
3444.836013954986 696.687531030384 
4931.527738714511 695.0701350066805 
3523.0029316324253 696.5489274803584 
2777.5173252927466 1273.7379913680788 
2882.929703958866 890.6207468156077 
4237.237299469748 695.6113817226432 
3914.6975555372364 695.9598712829663 
5349.985078390801 694.8427982334459 
2939.046306236885 778.0840365160847 
2775.412714581227 1283.1082712281782 
2836.247287207436 1029.1433360844633 
