5449.46992015807 694.799338866327 
2772.006353331148 1299.8751306519277 
2933.5612547353885 783.7955316401453 
3223.852826709307 697.1680134532663 
2951.073202974758 764.1581716139816 
3351.6746044949173 696.8901176690579 
3098.00645972092 697.4996832441071 
2846.720110001351 992.7494229734064 
4485.51618000668 695.385291638712 
2775.9516615968105 1279.6136342233624 
2808.500734752678 1131.0810534000518 
3679.933047308364 696.297081215061 
2885.091466840053 885.2876676322993 
4003.0593258316453 695.8538941955211 
4578.961958883503 695.3123727766053 
2898.0622303063965 859.6751765093176 
2795.9324250859972 1184.5916923803923 
2877.6579464625447 903.5438725259754 
2954.178798180284 748.2363120170705 
2832.584613960614 1041.0340039949142 
5343.3992248716795 694.8460720167553 
3158.2637693114857 697.3325642930154 
2989.173987246123 697.8247278198444 
2783.7240364715394 1240.1877644828426 
4754.575815980202 695.1917329085077 
2827.932091080196 1055.476734572113 
2858.1607851168937 957.5394069228269 
4808.532883143995 695.1487428587125 
2780.848497660803 1254.6857047439566 
2912.5901129082176 827.3359831144472 
5109.903083419996 694.9659659833646 
2924.4113902312256 802.4872950986423 
4060.4215373844195 695.7896826660192 
3453.6101321905726 696.7124877642598 
2792.1611512825525 1199.871617651174 
5199.813385728685 694.918848081864 
2799.5176953456416 1170.1243562655904 
4119.515928185516 695.7287928603403 
4343.950726282374 695.5069649334677 
2804.556614815554 1146.197238558672 
2824.957416441312 1068.8332202979893 
3904.3071341704717 695.9759798980765 
5408.863746850525 694.8159486880343 
3396.55523987788 696.8275302980479 
2818.524000792412 1090.3424108053098 
2813.1735062894454 1111.1408875282284 
4295.851688992679 695.5524030167621 
2862.4889978536967 947.9212093685234 
3925.928894921424 695.9463271723289 
4172.460651445038 695.6781725885438 
2818.496069528674 1090.3464950206228 
2917.068851396836 817.4026638305356 
3537.7768028226155 696.5200619411416 
2856.4411548173402 974.4309569593108 
2841.753624407944 1009.7864728336224 
5048.8978014815775 695.0003659292311 
2772.6351430824748 1298.888114930833 
2812.9355326654922 1111.9940108873116 
2790.3155486168494 1209.572048293222 
2851.4750958497166 977.4755236490139 
5166.9565390605785 694.9347120688794 
2973.2369226421147 717.1748400488648 
4406.860928065422 695.458412338152 
2907.0278436446056 844.6471021463042 
3818.4758611668585 696.0915296629726 
2980.3190644917922 706.3444113710395 
4619.882597290307 695.287982787457 
2908.1144627176227 842.1964593502396 
2875.0184750168646 913.1428511367592 
5281.633247138507 694.8756805319199 
4243.349830530728 695.6083596771782 
2788.413635589767 1219.8704864339531 
4431.3650078914625 695.4318187333674 
2896.16556882239 872.5838938784397 
2840.405814585474 1012.558880902705 
4926.773857148383 695.0800677781936 
2921.069024759011 807.5425419905758 
3610.8446762638987 696.4625596477046 
2865.780671827546 936.6862335527916 
2838.365740559474 1026.1617911952085 
2960.88012245602 737.372319385643 
4683.667667244179 695.2356705773353 
4877.050930453877 695.1105782013834 
4216.932439685084 695.633547810596 
3607.6424115824275 696.4798629161405 
3749.3779479844843 696.182312596825 
3815.7187357357716 696.095126062864 
2963.267278401693 734.0910814205236 
3749.3779479844843 696.182312596825 
4954.369618834432 695.0564154405387 
2798.5877906630867 1170.9360285548528 
2786.2150948510157 1227.5259738004584 
2778.2826113328956 1267.165973717682 
4661.4826615855845 695.2515782000125 
4991.4230075583755 695.0481855128223 
2825.476720150696 1067.402243226325 
5281.633258733042 694.8756626966274 
2835.74084700665 1028.385306645883 
2805.677096433751 1143.1053649127446 
3511.588467414165 696.5648011203841 
