5446.237466015853 694.8155367887784 
2772.0589633295626 1299.9875786868774 
2772.0589633295626 1299.9875786868774 
2801.9582645944233 1156.7358207983275 
2899.9396588268733 852.8261210639326 
3109.7962423433755 697.4674987951187 
2823.529808500981 1075.107947285312 
5170.671498690565 694.9328395173853 
2809.2318975432795 1126.0755547823346 
2790.4283283175205 1212.865472983773 
3319.476315739484 696.9457762016765 
2786.2626746160104 1233.4571098394983 
4674.235177839811 695.2408932512807 
4808.054527189823 695.1494104526113 
4175.464540713544 695.6670758136598 
2909.105074080868 832.3005887896361 
3772.1888510624144 696.1488167956177 
2977.900854700483 714.5560750783458 
2792.2457776324745 1199.7249971948606 
2783.9390373200945 1244.5652189143264 
2919.2881695502097 810.6786222053802 
2795.9631299974158 1183.2151393704569 
4895.907143981839 695.0937472678106 
3230.0517135720775 697.1522284641167 
3613.589277996433 696.3921885680734 
3197.0281682653404 697.2783037718481 
3486.2278677281515 696.609055828229 
2859.727064191987 954.4039701266652 
4026.2234153990034 695.8280952889189 
3674.0237392932067 696.3272344052231 
2815.0822855527304 1110.038344605841 
2880.747771284951 895.7009427156881 
2890.63039633533 885.6358274620092 
2779.4924272114213 1261.4267989897462 
3024.3083340065295 697.7441712685974 
3377.8124334324884 696.8497776037213 
5415.686243091566 694.8181323780321 
3430.95734103629 696.7128136488241 
2871.96284759764 919.5526306110356 
5063.4259521904805 695.0101092767158 
5335.4789837987055 694.8538112149923 
5231.06395028544 694.9029405147024 
2917.525659514008 825.3915983823824 
3922.8369485143476 695.9788961782541 
3968.853869544864 695.8949052955004 
2816.939425118083 1096.5048309955107 
2952.4704099587257 754.4384922231893 
3727.5209651541954 696.2158479442331 
2893.643079247804 869.0403933279797 
2832.26911425857 1039.9564634202443 
3862.7765118913235 696.0295379389179 
4615.668604180928 695.2844205666195 
4257.118710633554 695.5879198066416 
2836.689349793802 1025.1292834611077 
2864.3795992576565 939.8031943964884 
4084.836841442489 695.7634650472722 
2963.1347015505644 737.3063972328644 
2955.860322560169 747.8912332427145 
2949.5610723573723 769.0851448569116 
4757.050657682036 695.2001811955665 
2774.9075635232844 1288.3766487565078 
2966.088358102092 730.2991227940234 
2936.0672079784003 783.7108647894564 
2982.358989490271 703.6952084017537 
2840.6788718501643 1012.4121065138964 
2852.151140093219 975.5015989536113 
2941.977664292386 771.3033581753207 
4932.926526098677 695.0858328748216 
2810.9824430239246 1121.142729551733 
4551.641760208153 695.3507350799435 
2826.826368691166 1059.7630380359146 
2795.5564544112576 1184.4778938466563 
2868.402841669924 931.0031588051645 
2836.2510388692945 1031.4095624223012 
2777.7677097025303 1273.2149656551485 
4972.411162849953 695.0455381806776 
4340.015634579337 695.5158275670954 
3551.628769774772 696.4931734461594 
4315.11957751529 695.537814031306 
4583.092054673748 695.3258790421828 
2929.1733368885257 798.5518667650676 
2842.306303882027 1007.0770763893252 
3552.6682409186487 696.4928324485766 
4118.6618885331245 695.7260499708863 
2850.434999346946 982.4878545718433 
2816.849867047121 1096.5168112439426 
4399.801710629909 695.4623919441044 
3864.088836386523 696.029243436016 
5038.777281825093 695.0243445040093 
2876.736470104351 908.2980487201525 
2845.841035031443 994.9419081066144 
2892.138229989664 872.6257992687176 
4266.588690168945 695.5788906311258 
2845.818401168605 994.941919988483 
4503.714894622622 695.397002434834 
5276.508261490889 694.8821918345396 
2876.7249382188274 908.2981587422603 
2774.377666193755 1291.2028905590948 
2779.437201895005 1269.134168501211 
2830.694447360946 1051.1976189298944 
