5623.653209952567 694.759405845754 
2772.835750487825 1298.3793152203555 
5444.584902601429 694.8033445889856 
3170.514233858873 697.3008920268582 
3899.2618569927945 695.9821637308356 
5120.891790283862 694.9607427553891 
2784.6830355365973 1236.3123781361514 
2975.6269039326576 714.8079124872482 
2865.8624792275355 936.1853181722244 
2823.2189076503028 1073.0089313381193 
2837.3739092788833 1023.0869365663895 
4220.387015065737 695.6243304853418 
2916.7409168820636 821.4393022190765 
2781.4583108092565 1257.5828833624093 
5018.850293831913 695.0193474684552 
3232.2915028549683 697.167068833697 
2922.994449496857 803.8718524411778 
2804.352811246797 1149.6979416464553 
2776.1104424585797 1282.7534878323074 
4886.154869638232 695.0995709240293 
2817.4175637179333 1094.9885254073422 
4104.76681298376 695.7424840514309 
2826.0930676655594 1063.9744422551223 
5395.284737029353 694.8203173840623 
2850.1760276773057 982.7023636787013 
3312.9978258093697 696.9735342560668 
2895.2430397993644 864.7916159075204 
4977.054293693117 695.0467928849531 
2807.6675668952225 1134.910697834187 
2858.247869017635 957.7567688865971 
2987.896166070492 697.8302630778571 
2936.214796163276 782.7842380506174 
2778.8541258031573 1265.771652026849 
2878.1342589039873 903.0164647928148 
4839.222225463737 695.1320154900305 
2803.9542030246466 1164.0008411911704 
2871.551788177919 922.6955308050283 
3051.5762469320484 697.6370517674562 
5237.037841380332 694.8997907874995 
2793.260966376104 1197.3010082059084 
5182.8101397231685 694.9272773192308 
3983.477578025349 695.8808392296286 
2812.3666398337873 1117.693372730388 
2933.4111316456056 794.8083571794865 
2796.3898879286244 1185.5041514295458 
2834.6857897933614 1036.2081580790518 
3604.2347034992185 696.415036696006 
3745.148809878345 696.18870132676 
2798.4038004944055 1174.5137339124335 
2847.693474297766 990.425277370753 
2856.612350530462 963.5974015940369 
2900.5855445210937 851.0364337841584 
2790.2335923610535 1209.4618826668811 
3555.9400901693384 696.4880470744582 
2958.562862167013 744.761784421488 
4254.878834518161 695.5902794719196 
4753.803726299669 695.1860186888505 
3807.9976632776447 696.100188500775 
2842.866019489151 1005.0957407781872 
2904.0867091760383 844.2172580041188 
4666.297080681135 695.2492338582813 
4484.992662372333 695.3871562117737 
2831.2504594674656 1045.6522200776155 
5307.74008078233 694.8631131295788 
4575.693751206672 695.3148363517035 
4332.383331094561 695.5306798642689 
3666.209996899321 696.3064297482872 
2811.2756927101773 1123.663504466053 
4763.131259334368 695.1804438113073 
4599.354903330767 695.296858661458 
2815.8696031249283 1100.6285302091326 
2884.4732227373934 886.6984823467753 
3693.438394121102 696.2677473521318 
2788.9633463939213 1218.5066269867505 
4318.404767336639 695.5312605520412 
2773.5880745259255 1294.3733264347045 
4012.3584149810313 695.8719039091274 
4408.497200931264 695.4507391096615 
4483.0565416145855 695.388444036057 
4408.710878303815 695.4506042121953 
2844.307328070627 1004.2466346772846 
2969.268784338126 727.1112251957466 
5303.313817038324 694.8651181391992 
2869.1769226244255 926.985496370488 
4661.031518827425 695.2630241623615 
2942.5731628153585 770.1119143454522 
3460.064114386391 696.6583927408643 
3366.328574273975 696.8464945223805 
2949.661104285517 758.2409276249256 
3020.8870368929765 697.7306141783303 
3802.9263445580846 696.1074523895621 
2943.287935028781 770.111690421527 
2949.6532399601147 758.2409276488096 
2909.471804531202 832.8448047826106 
2965.0737526137764 732.1627290226784 
2909.4660203981184 832.8448376419185 
3434.877212697826 696.7083114314753 
3377.6571494210316 696.8222034032605 
2888.780618568364 876.8762467616975 
3501.7819735887692 696.5837507431809 
