2772.723153316972 1299.0940744890606 
5538.895696793624 694.7870710730903 
2799.146218603258 1170.78041583135 
2943.8492421274377 772.2139677431908 
2837.4007789051184 1026.4902531782786 
2786.538326832779 1228.6152898116447 
2846.1413475512686 1003.3915978337175 
4457.365634635782 695.4175757863012 
5302.98904655778 694.8998367623379 
2954.2819805787135 750.2013421363314 
2820.268317220367 1086.7334012024469 
3720.003361448735 696.2461074007064 
3248.951872175388 697.1073910656609 
5441.510007378363 694.8028854326994 
2877.9257694784956 914.9281610607027 
2854.1784872549174 979.270246424842 
2794.0972238993645 1193.1600723785227 
2893.804316376383 868.4412869251828 
5389.801986370173 694.8219721578809 
5056.486324983888 694.9966769264859 
3639.254984810652 696.372037815865 
2789.9631712585 1212.1301224987349 
3371.444863180109 696.8570963889426 
5124.214221953941 694.9624704708591 
2914.238900316895 821.8085764402101 
2864.9141872561013 941.0687594659502 
4898.990142968252 695.0921533002739 
2783.4442421070485 1246.3182992031443 
2906.6400947679163 838.926063649682 
2882.141377340917 893.2698207343449 
3525.9882564354175 696.5437308582065 
3789.599503307646 696.1262519990651 
4790.612885124395 695.1805292672576 
4511.370801713656 695.3713592121121 
4575.641577725606 695.3159018953432 
2848.369364001606 993.4618559325932 
5234.246915310264 694.9006511160122 
4035.189361698075 695.8505297616374 
3586.4238210557924 696.4579852035426 
2833.833520851298 1036.3923238997613 
2807.1934406716514 1136.5011679029712 
2925.464895052844 802.5627444830418 
2824.760581305108 1067.3540941424887 
5186.568629387855 694.9266868117104 
4355.657096842103 695.5040580151374 
4853.233880160399 695.1207721081324 
2803.0467650197897 1153.426000420637 
2860.2117919380357 957.582970370152 
2829.983202472274 1049.2543997942312 
2885.1434520427033 887.0853126413573 
2962.2017883614217 742.4108911566341 
2859.8386151664554 963.4224247937033 
3839.122268247038 696.0590155552368 
4659.049762751406 695.2538687708792 
2974.4372477865422 715.9864102928418 
2775.685341601723 1283.2160400334715 
2809.992686526303 1125.3128791179643 
2937.1236379790616 783.6892624793587 
4219.145753633876 695.6243776335617 
2779.7374055746045 1263.256268430714 
2919.189538083095 813.5088409696061 
4154.373501525273 695.6917255450679 
2932.0576930964444 792.014945190254 
3455.9227283343657 696.6858621105192 
2816.631506437762 1098.7401747552578 
4278.312161641889 695.5679456479402 
2814.390641039136 1115.4106309955848 
2792.5032190896086 1200.8870268911041 
4978.468460278586 695.0459315892085 
2900.461509908142 859.711262405363 
2868.9715807931066 931.3792673654979 
4091.659417576433 695.7578131778589 
2871.0591862591646 923.4067203452889 
2980.0720007573823 707.1394427232741 
2804.341229034076 1148.4045485104245 
3045.9424711174374 697.6496590587114 
3174.228311736909 697.3005026549707 
2816.374346003835 1106.7115797852232 
4989.225802616469 695.0411749564215 
2781.902068154017 1254.4243266253736 
3323.036886067161 696.9534229983547 
4734.3607619217555 695.2150368583425 
2775.182169561455 1285.0904535746117 
3961.930826036083 695.9031259155238 
2965.3035345921253 729.441269590346 
3976.1537861997895 695.8860127737514 
2828.0283269977635 1058.497206071974 
2967.343729026791 727.3412141930206 
3466.8763702088495 696.650139947456 
3170.89080983359 697.3017783487913 
4347.469382083711 695.5157037910839 
3104.519084958868 697.4786986262376 
2901.2135624192933 851.0206009713036 
4120.438390709891 695.733548130274 
3894.519991177003 696.0571662196501 
2903.4154071374337 846.1409271677787 
3901.4652058102165 696.0488196801377 
4254.654390853494 695.5902119226326 
3103.271882775639 697.4825516217569 
4734.83892173513 695.2150317462351 
