5437.791913176747 694.805974893947 
2772.046977648063 1299.7248016352214 
2843.328369832831 1004.0450892418064 
3243.7289934645323 697.1709861896811 
3422.442400661617 696.7796034474022 
3122.655398049731 697.4311756993092 
4499.2682008018755 695.3752383457315 
2834.377922456948 1032.9762240567884 
3674.025301322347 696.3271201146114 
4081.6168693807595 695.7652389040845 
2885.154653772532 884.8662441058982 
2811.42682631165 1117.2874278145143 
2879.5371131038078 899.2249781673746 
3995.3470544594493 695.8656051994379 
4855.63267731347 695.1200161339766 
5028.527040309585 695.0150350551838 
2824.359455692737 1070.1367634237054 
4757.7008652365885 695.1838977193609 
2816.1712922254055 1098.6688856778103 
2974.400612179673 715.2151566071936 
2873.0950540916847 915.9089909571302 
2819.3175798078346 1087.818588066959 
2778.9893580571165 1263.3308151650008 
3525.172145873531 696.5760104911081 
2849.530612997093 984.2576669863577 
2903.8982241880494 842.4913884116565 
2856.0654759469835 964.6793486614547 
3936.65012417592 695.9452306947243 
3621.882539312437 696.3769641059425 
2926.791660866171 796.86618703391 
4389.722293340181 695.4683044712715 
2912.145777099631 825.8504500151236 
4216.236649668885 695.6335068692915 
5140.623896386053 694.9767215228762 
2919.6534645129805 810.941487879822 
2797.9481930509 1174.2485671975312 
2792.588533501436 1198.2921157122728 
3784.0341052102167 696.1543454549882 
2781.221618344274 1252.2820356504205 
2944.268375372042 765.8645619808945 
2827.660609645584 1057.8253115932894 
5233.035589852398 694.9060171108949 
2807.918925705861 1131.9752843224326 
4646.370253192285 695.262245435248 
4316.954967904956 695.5445378956739 
4280.2178129997 695.5674340387309 
2899.737499516983 851.9756717173005 
4999.35929760179 695.0321062401472 
5314.540729862123 694.8628199244642 
3870.509044721714 696.0297728270193 
4928.48441667003 695.0725944520321 
2789.9481861753925 1210.6739835440078 
3339.389628404645 696.958947339289 
2940.752341579842 776.2880560953491 
2852.251748864524 976.7290052873079 
5140.693864637785 694.9766983055307 
5383.520985888241 694.8264201608002 
4155.275161163211 695.691256392002 
2983.522091147239 701.0874969605047 
3309.541262137949 697.0169203107255 
2803.470035336178 1154.1858870972114 
2773.0621951074936 1294.937351472934 
2893.030306909781 866.2791499380734 
2801.5128021878313 1158.8234539565522 
5248.030656465308 694.8941490501476 
2775.6060181901626 1280.983660679924 
4568.367650757169 695.3517245080546 
2783.8458160891296 1239.3126171922115 
2786.665702488593 1225.6376519062628 
2830.7089221869464 1046.969828952993 
2860.9624015893924 950.0128180732928 
3060.515809982069 697.6044839534736 
4716.512837831215 695.2322655663552 
2915.968961417032 819.7379988188948 
4383.118938522475 695.4741034342569 
4901.759492763847 695.0943601061275 
2798.450280805839 1172.0452425917504 
4684.172682125161 695.2425823886648 
2896.124732102127 863.6269716826546 
3556.051454557727 696.4871073585001 
5347.571150609957 694.8439583658368 
4580.306894572163 695.3115329434353 
2958.126988230194 740.2312250487906 
3028.4889251803 697.7017015744996 
2831.7646584225176 1041.839720217285 
2950.176385391516 753.5973686008172 
2806.0534375014536 1140.1995600533933 
2970.6250192133502 728.9482651748971 
2775.589660081541 1280.98374738689 
2784.6707191229325 1235.279219916015 
2950.176385391516 753.5973686008172 
4168.403425610539 695.677764219697 
2933.082390678084 787.3929907888416 
2985.3929964336903 697.9924662633259 
2870.373188406527 927.8355027028473 
2964.9600911634857 740.2298539824288 
2792.5865375431827 1198.2921249471374 
2865.413083823126 939.3154554889734 
2968.1705294275425 728.9566303400212 
3784.1559631988584 696.1542465671145 
