2772.181920802871 1299.4315395546787 
5593.994518373567 694.7562917886523 
3582.5765264543656 696.4945399596237 
3419.2409430442103 696.7681767727861 
4034.389974164947 695.8569060044238 
3919.254988434518 695.9713595109388 
4977.729020513905 695.0416988623672 
2867.3741457917554 931.6351136710476 
2826.0416571859373 1064.5211447952538 
2873.9114795104406 914.0299538184179 
2854.664466919438 973.6965307747437 
3171.8926740237885 697.2958317249396 
2778.437034035175 1268.3910342217532 
2862.121067610088 946.3890423965245 
5056.69686374828 694.9976239152369 
2782.2883708206514 1250.5825921979954 
4340.623305969083 695.5408244046656 
2959.6135184008717 744.767998374727 
2908.7636608620237 834.1838995332361 
2883.260614461417 891.890574313854 
2776.287227278473 1280.0846826391203 
2993.4319721960633 697.8178643489754 
5208.082579561323 694.9128817896514 
4124.950145299235 695.7208369863152 
4610.305649893857 695.2882647864612 
2790.278791727599 1209.0577053584482 
4241.478780978338 695.6041736166325 
2810.9818119088222 1120.8527382266784 
2792.4988720416336 1198.5002808489817 
2806.924163397044 1136.372187544069 
2878.703586161792 902.3302958196314 
2977.8166505115637 712.4882835917414 
2783.771873209905 1241.1343721034814 
3743.5304877417757 696.2075269330677 
2795.6065884429822 1185.7869487329767 
5395.669501030227 694.8195553758233 
4556.397401136351 695.329552426888 
2847.150645797162 994.766736634506 
2853.856187060513 976.1479350554227 
3261.0235584912944 697.0786864518815 
2917.131014591233 824.1436121464799 
3680.6441016397553 696.2878398409613 
5542.6129942956295 694.7788016023247 
4153.022292019332 695.69453822901 
2823.9014685897614 1077.4211816881184 
5492.717709003426 694.7989195217583 
5111.717934733618 694.9648480064926 
2831.0817166155107 1045.6286826906141 
2934.852229870532 785.6637854958128 
2920.848609371802 808.5574176173427 
5154.145053022668 694.9416136562364 
5273.598604124418 694.8841634144751 
3790.0271911434597 696.1409462778986 
2800.1040454247614 1167.6156421951748 
2930.3502849921038 790.2634537149078 
3348.1770864949553 696.8835459223388 
2966.2912510257047 729.1233178431911 
2812.6684611255414 1113.1603399852072 
4763.436086658309 695.1794555287823 
2949.6279241635816 755.4736030563719 
2786.3610222341194 1228.0578855955298 
4826.594491038772 695.1377380652109 
4732.277757117083 695.2008254178638 
4480.177091359438 695.3900285892403 
2835.623832441598 1028.5452582580288 
2797.374124822015 1176.5459540046147 
4224.653711937931 695.6494934438815 
3274.286302584879 697.0479064669887 
2895.637383461028 862.8745869828106 
4893.520389276905 695.0968683101031 
2979.034471995086 708.1706430050799 
2806.078174857174 1144.0168347228175 
2816.7555036362237 1099.2385708832583 
2889.0083977621866 877.5529346617471 
3851.545505965441 696.0440844580963 
2831.6622786255007 1043.4122542035982 
2839.300255607527 1018.1417428034796 
4504.357328303905 695.3704431406078 
2845.6356067273355 997.1444555233816 
2941.314296787252 771.9042374117992 
2864.081123621443 945.7950486778944 
2896.582972916517 858.9594589525766 
2965.0070834825383 731.0803922241159 
2904.799522293928 848.7136456369889 
2819.8913208953672 1084.7840141059824 
3368.2276925135925 696.8613373957269 
2802.509214702641 1157.2370988960697 
4853.328684214688 695.1193141530938 
2773.775266989507 1293.8800000475755 
2788.452052643345 1222.7674791092993 
4414.963147182366 695.4448206156821 
2803.69316078956 1153.4205635741691 
2842.8602452868317 1010.1853926824008 
4673.917666718127 695.2420639985406 
3682.7884006292325 696.2848948729104 
3087.73664821299 697.5560943861844 
2890.2386670650185 875.9055554731823 
3839.066798381566 696.0613766829943 
3118.065065585605 697.4408750481595 
4673.917666718127 695.2420639985406 
