5512.477846283163 694.7795797049183 
2772.6152663366956 1299.9964844470096 
2810.447473721962 1121.5001025187016 
2820.802548940413 1089.1409612049197 
2888.820899784428 878.4788811091724 
2781.414781948359 1254.690821200911 
2900.4007205402427 854.113825153526 
4994.866405680217 695.0327831889047 
2946.05639039342 761.9767523575522 
3347.649322555016 696.9252982221523 
2867.8901205278457 931.5808282689343 
3837.1905236237903 696.0631512651436 
3927.3303135313868 695.9466585599242 
2878.0882138141183 903.2916841366562 
5126.463451491821 694.9589614831046 
2873.37536326693 916.6061411915439 
2793.4470418451974 1197.0582789710509 
2783.595617256105 1241.017072145947 
2969.233993971538 724.3385498123398 
5357.613180427422 694.8390494912205 
4283.8840648287805 695.5634650005353 
4443.728501602439 695.4207951427909 
2964.390212881576 733.025231117696 
2776.7058440751985 1276.7299535636337 
3505.544930195756 696.5758266399855 
4001.241084443701 695.8621831481802 
2836.4883886757157 1026.1405170255814 
2807.2866416038255 1135.2061014014967 
2801.3005061245312 1162.183183260656 
2883.865841211142 888.2012282179223 
5298.924239475031 694.8675396479881 
2853.8274740270713 974.0328989380067 
3564.663959724705 696.4779476069472 
3117.5592816847793 697.4450010918257 
2849.0800024422483 986.7923111867424 
4581.546737315434 695.3128870228848 
4869.69325672112 695.1096237408951 
2829.7907640709323 1050.3030530728493 
4105.454067626466 695.7410594587274 
2925.804487117615 800.0894569972596 
2833.838798110832 1035.2327052221926 
4651.659776734335 695.2604675221569 
2775.6583541953314 1281.326146877995 
4384.008189774732 695.4762582661142 
4786.216464995518 695.1722958197682 
2936.7969932944184 780.2960357911736 
3056.5764146452098 697.6274501351745 
4336.81155786489 695.5285305507733 
2791.0272798773094 1205.6488166234233 
3779.1555961151034 696.1681188047904 
2827.186237568645 1059.972276620936 
2913.1132943705866 829.7341905123857 
2841.4300944024867 1009.6585240581326 
4956.483408936317 695.0564547295061 
2797.5635436083385 1177.3690931855106 
3432.8145353972645 696.7125560862557 
2847.2551761820528 999.1419565067204 
2936.9724690753437 779.9884224844086 
3282.6831439082794 697.0612883719674 
2790.7075670664185 1218.469251870903 
5144.257976038452 694.9494555704923 
4729.027043524742 695.2025952076391 
2907.1140301084056 845.6837234440168 
4122.912228485379 695.726870565012 
2866.1222981214382 948.4099087306444 
2980.4478579218685 707.4272466099358 
5224.609572490388 694.9453830740753 
2823.139407020068 1076.6372408017344 
4206.395346075799 695.637761248275 
4513.554303047062 695.3972752043036 
3738.6384032728024 696.2101238447558 
5463.273627739903 694.803406742274 
2953.8668846535465 748.8530097545103 
2823.988662631705 1070.8837120262779 
2907.8491180705078 836.0784651216927 
4206.407630251313 695.6371743334824 
4696.0288050718445 695.2272170124663 
3185.463367768589 697.268394376734 
2857.3374938673564 961.8329853789123 
2804.6524003950126 1147.4522558886536 
2786.6484577392844 1226.2807394993742 
3982.6745460260845 695.8782259562387 
3440.1185236511687 696.711100076154 
5430.303040475967 694.8044495615457 
2799.052527380869 1177.3690679068234 
3251.972765421035 697.1019033904362 
2918.4452225113955 816.761995056031 
2803.879887213542 1151.221103526906 
5235.996028994156 694.8995648642422 
3175.959226290537 697.2913666186655 
3636.5729469166913 696.3562810790291 
2953.866783038395 748.8530100757929 
3625.9001198062133 696.393202810918 
2859.5652807337437 958.3289403935535 
3693.2375437569563 696.2688992601617 
2921.905158906162 808.7426738747276 
2990.277835654044 704.6627593122311 
3017.0050709884445 697.7559226164184 
2842.921997517189 1005.9137980465365 
4532.463144460059 695.3531413021062 
