5654.623699143828 694.7485474626524 
2772.2486069684296 1298.9639965769493 
4941.358938848345 695.063820942307 
4826.462402250171 695.1368588430656 
2809.2851238852195 1126.1500926691022 
3534.213548701071 696.5234712945802 
2798.149019228994 1174.9980527142206 
2803.7520352453457 1149.7522144726836 
3449.7010594771978 696.7283461193573 
3378.118173083781 696.8281307706276 
4618.030106870076 695.2817961287725 
2847.569685953258 996.6606241997962 
2833.8046436250643 1035.0687313892208 
2959.973548472167 739.6874591464885 
2849.7299344597764 983.4247778436006 
3077.114495980633 697.5584639554845 
2840.402201741482 1012.919764874091 
2775.5337602627196 1283.9490140979046 
2820.317176356417 1084.9449218548461 
4274.04686349492 695.591080942923 
2777.7663548045075 1271.1749412107436 
4162.268657289178 695.682098354514 
5430.116019292641 694.8029414006422 
5597.252252236489 694.7589190608801 
4543.694596121009 695.3386817246495 
5096.084557200622 694.9877655431504 
3150.3369282129697 697.356213627013 
2857.946600189007 958.302944572421 
2854.548730890545 968.4784526015419 
2801.6598793021426 1157.9163541774724 
5259.350788689683 694.8875806666867 
2871.0542438678317 921.4657928583434 
2972.6625574536315 720.9503617612497 
3715.71861966771 696.2472514174323 
2781.3809942932708 1251.6639066248401 
2785.318608061417 1232.8999371603315 
2931.323083741485 790.0843272892466 
2902.7110682958937 854.4002021739913 
2863.2396008929086 942.9900508158676 
2837.187850899435 1023.5690826146334 
4308.236394662979 695.5418828372722 
3812.4400232522667 696.1373247781399 
3917.950588192922 696.0380512047815 
2865.876843233131 935.9443649198239 
2918.416166282554 817.1279126349086 
3299.224864021358 697.0179011615063 
3873.9627354193753 696.0655982778136 
4407.0820716859125 695.4506241088991 
3626.9899930465162 696.3673223200764 
2890.880341294862 872.2951147167818 
2791.5691189379695 1205.560579303192 
2966.9864431274054 730.9534374514672 
2944.0654625960133 770.2614959439461 
2949.811398914041 758.336753723995 
4694.767697936668 695.2267501190506 
2979.280787551174 707.8721072441195 
2894.6996514776624 863.2686251630267 
2780.2708915532226 1257.3125781029084 
2794.373542920014 1190.4032461311733 
5522.960578807838 694.7934306639297 
3612.750433412533 696.4167064929087 
2787.087036040601 1227.7033844603216 
5004.5248732019145 695.0317450612869 
2831.547304952698 1053.5485423046039 
5325.249327104227 694.8869991265092 
3984.182639180899 695.9302894824048 
4072.888700177258 695.7753106246137 
2909.548803203981 841.921944727074 
2925.042343594919 805.9718095888896 
2816.243971204434 1099.2800306875185 
2883.8921444490993 888.0711560081367 
2815.5546874649494 1101.626859066431 
2890.5345922308993 884.0865831334467 
4143.099593977808 695.7019839800621 
5199.913529699945 694.9198201884931 
3206.1918994292164 697.2815738534271 
4481.637784967517 695.3881981516498 
2793.559482869483 1193.7079612516288 
2772.272886249845 1298.880629888864 
4412.6874103845175 695.4458228783025 
3013.013850689289 697.7483942833171 
3271.4949514208292 697.1332563161302 
5523.784246820184 694.7930379215111 
2940.266103300962 777.4790015149526 
2812.5122607487638 1115.8049785655676 
4081.585881507886 695.7654173351826 
2934.8272479746533 783.2078206321256 
3984.182639180899 695.9302894824048 
2789.260521135477 1214.3713516294663 
2874.5946536175934 911.9547091924278 
2879.465440350449 899.0825656111177 
3225.2173047642696 697.1732395684585 
3763.09911132148 696.2285743447823 
5004.5248732019145 695.0317450612869 
2823.805932363327 1072.4835529305708 
4763.675750930879 695.179299029174 
2949.689309047716 758.3368952296503 
4487.765822880263 695.3834450288846 
2831.045006435225 1053.5624493740804 
2827.6789920217993 1065.6479054653655 
