2772.988730196631 1298.429839562221 
5630.801725114595 694.7463590333416 
2950.4806822644655 761.3088438756309 
2789.4104715497906 1220.1954217203536 
3066.5318008201607 697.5866051980292 
4409.975100407489 695.4505417766529 
4128.312852332879 695.7182763077616 
2933.2926096648494 785.9984016552967 
2980.5009298031405 707.920515958321 
5342.846070862586 694.8455474349976 
4264.257242110279 695.5820970928484 
3609.808798675978 696.4571367141128 
5517.748751174889 694.794407756927 
2795.6265009371077 1193.8391890048938 
2813.304835698759 1113.5261151606383 
2868.8686122725658 930.0622679488365 
2809.2422776233725 1132.0727682582042 
3924.8041727522063 695.9502661888431 
2775.6659786607092 1284.3865804382347 
4304.289476836089 695.544578733937 
2819.071283739493 1089.6598731698305 
2955.2945648121095 747.1387581339417 
4569.361605548797 695.3204453069472 
2913.221965666651 826.6805950084314 
3193.1166968572584 697.2715553983685 
4935.830258277852 695.0682120962585 
2831.272652306905 1048.0257093041216 
3288.6408084967643 697.0178621754644 
2778.936658737287 1268.4683764333306 
5004.881514409864 695.0278462524973 
2883.3811174812295 891.2612276510367 
4877.494519918518 695.1390750171196 
2816.8229575998835 1099.4279011670903 
3318.092632313089 696.9552890795834 
2804.8763046946924 1146.234866015503 
3718.136644746281 696.2295905370707 
2835.6222131278278 1034.7804565093018 
2802.1798254082087 1167.47931451712 
5628.186543257823 694.7469204870515 
2824.4978036820694 1070.2612672745954 
2784.589258129211 1238.235182709247 
2888.0976971107025 882.5883717456608 
2861.1480636620963 952.7002238322431 
3460.5575526049115 696.75669007852 
5448.435880929499 694.7986265163104 
3847.830778538018 696.0469484267743 
4080.0422260782166 695.8206949330067 
2782.8267392863318 1259.2282857398236 
2828.74448642223 1060.1916969331073 
2971.2492638144645 722.9372969636 
5255.521105119951 694.8904090177168 
3545.749440592162 696.5099190301806 
5159.852567608275 694.9398137110757 
3121.500400918734 697.4530954148915 
2920.9104775795986 810.9856398230646 
4718.3245277383 695.2099332336026 
4629.2230028208905 695.2785466471455 
2893.7274620961725 869.1663126746981 
2843.0877101277365 1008.0694457962309 
4660.347407387557 695.2555764861734 
3405.9698288234003 696.7710108645987 
2799.0002654223413 1179.3995635559788 
2839.8368438719717 1020.3067034655578 
5140.673611226282 694.988279837581 
3512.8125310117775 696.6217734776146 
5270.286567208813 694.884881492749 
2859.337478053973 965.2956677145328 
2876.806265938583 907.0147919537031 
4489.529130439608 695.3849407544989 
4751.632938149902 695.1910024053108 
2920.027337173791 813.3256568014073 
2785.890130526376 1234.8409449350038 
2877.5187447715093 905.7404321744505 
2980.34174188527 717.1082263043093 
2927.9439206097436 795.5163447741945 
4492.967092481915 695.3827330864218 
5072.956279116639 694.9903684616327 
4024.904091112485 695.8797212410378 
4817.005188927989 695.1469824290418 
3995.773669563757 695.9155185238045 
2901.4749653785243 853.0893234545964 
2871.609562610831 922.2582138367661 
2907.8755820156316 838.8028598878727 
2901.5832825113707 852.8384722092976 
2838.6441504501995 1025.6395831595253 
2795.647313659157 1186.5583445025288 
2805.5972365887014 1143.551081886487 
2855.269994709169 969.4057915834353 
2963.061160792739 734.2358796536777 
5455.540629090785 694.7981944168409 
2893.117077452057 870.2852204116296 
5060.915631942097 694.9950775536987 
2852.5487127106385 978.5658077621597 
2861.1480636620963 952.7002238322431 
4800.840544104009 695.1539300740216 
2844.764515535085 1002.4327805733702 
3819.896922151949 696.0842129934961 
2848.3927647522514 990.8698623623333 
2850.8706833221127 982.7124712736816 
3768.180782201872 696.1556357422377 
