2772.3259715253807 1298.4397545934376 
5431.967063395116 694.8031540633735 
5431.967063395116 694.8031540633735 
2946.8584213995655 760.6677951975073 
2937.489596026473 780.9760526460087 
2854.5775255420112 968.3811629715539 
2777.5320274047112 1278.8640067269669 
3694.58883232479 696.2843869635 
5221.102956557639 694.909227277536 
4202.660037005492 695.6400928395789 
2810.7244475941225 1120.9785458449373 
4287.3333980412535 695.5595906421663 
3590.6904476318405 696.4318579752752 
2927.414347536672 796.2316072161454 
5274.002317696745 694.8799530032475 
2884.6689211898433 886.7498709935921 
2824.595490903041 1067.0868618257698 
2807.590953746317 1132.8087114778016 
5358.441168759807 694.8380830035866 
2862.836841925525 944.4889289489482 
5122.530653772224 694.9600166845967 
2979.733783958415 706.8796289001798 
3441.4691605707058 696.6996286922247 
4415.380700746491 695.4455029605463 
4755.948885207072 695.1872263285079 
2778.9898139760394 1263.8159255177807 
2820.6345568849692 1081.7200508497986 
2830.28391999735 1053.2147922441566 
2924.325954908566 809.5819696244691 
3520.236500449892 696.5533833612023 
2965.398097448421 739.4820066244282 
2879.4690699384046 900.4340772817333 
2957.9495361519625 745.310386430253 
4977.323290466579 695.073258763427 
2831.7768389516395 1042.3223006361388 
2875.3643572148576 921.3786950675913 
2799.3200905176186 1168.0218010810474 
2892.391528853061 868.5461836612783 
4031.2705771953238 695.8358898678308 
3891.6253712543253 695.9941817845232 
2785.585898671251 1231.8228766612415 
4689.309203779201 695.2325147590317 
2876.9801921796166 910.4245659924712 
2850.6028046491524 980.2869295529596 
2788.9104876545734 1215.1713232126376 
2815.677785839723 1100.672696634943 
2782.8450868896834 1244.7854032475109 
3396.4280449293924 696.7886865459287 
4619.301371383605 695.2852527371508 
3138.275984874934 697.4018157447953 
3225.8082615862245 697.1630531385208 
2817.8901184003794 1092.0616323749255 
2890.919923996272 872.1063279962442 
2781.7667290205463 1252.2869911966625 
5095.1434790571275 694.9738317818639 
3350.856573717885 696.8782771706213 
2900.1333806076377 850.720395990797 
3310.5242576430137 697.053178809744 
2803.218392567755 1151.3938891634398 
2798.163384020757 1173.9975348412586 
3265.5413346505866 697.0668128145489 
3961.959553831866 695.9091840104599 
2969.8107794777898 722.1047690152214 
4469.781860986323 695.399382239484 
4495.311824575424 695.3810911439409 
2969.842712712198 722.1046929136097 
4869.152893406191 695.1127896847397 
2843.7435321317053 1002.140540712878 
2787.5916124209853 1223.4146591769736 
2803.620631398531 1149.6082537327106 
2794.582190750067 1203.475876976728 
5404.5487337683235 694.8160263771657 
4136.432386586499 695.7128808425169 
4064.884093858105 695.8046765546459 
3556.222676531375 696.4864562702876 
3045.879087598504 697.6513757526044 
2987.9867155157426 697.831293092162 
4550.057814132765 695.3358301638916 
4346.531660201339 695.5046947194447 
2794.796769870894 1187.9736617900435 
4136.432386586499 695.7128808425169 
2910.958574025483 828.6383979695738 
2900.2200897693456 850.7199968899263 
2906.9759160524354 837.3926281024445 
2795.1234769712046 1186.4275836050151 
2847.1053528628518 992.8399223837606 
2838.079775479879 1021.0626191823751 
5035.324164655585 695.0457771127905 
4928.768962704436 695.0841939674921 
4346.426139680952 695.5047360013508 
3947.8845269448366 695.9236833136496 
2849.925899811644 988.8852099980107 
3744.0980875660657 696.1887918852347 
5035.324164655585 695.0457771127905 
3801.1582662219644 696.1713667230918 
2863.9630102800475 941.3290634101511 
2841.3868200182305 1017.9151902249037 
2868.782912980919 932.565512823211 
2835.0187042610983 1030.2825655958873 
2915.2448160742283 819.7738835923178 
