2772.8011873335304 1298.5999537166697 
5519.162386718591 694.7818186347204 
5519.162386718591 694.7818186347204 
5072.076153681843 694.9939031388885 
2803.1696073270405 1151.8590653292163 
5223.004042116 694.9618386707269 
2796.879853329608 1178.665609715446 
2848.7306418219146 987.4059967632901 
2966.7887293565364 728.517015326833 
2979.8784611817696 711.2081153886891 
2812.65250779676 1113.4648837907998 
2785.2549847497557 1241.0127553394896 
3786.485945931434 696.1319042431576 
4011.5625057387647 695.8598758914625 
4202.69201387387 695.6443811904699 
2843.9563054631744 1001.768898901288 
2949.123302488542 757.176703071324 
4358.289177373429 695.4943612386224 
2877.166199320438 906.1821638861903 
2823.026125834442 1075.9160474282141 
2817.317462604087 1095.2945669846983 
2783.99818084656 1259.2037491741528 
4096.428520142972 695.7523528018919 
4770.538249967866 695.1746725417879 
3716.32516796053 696.2393370598594 
2942.5120977954994 771.8059747554228 
2788.822328055638 1216.131370361303 
2855.8155070770576 965.3666369160111 
2913.8174648982663 826.5659012650075 
2888.2534071772 885.2724186881737 
4495.465061960095 695.3787531856217 
3360.937285628793 696.9088487982376 
2909.7489136256104 835.2311776345223 
3863.822435734103 696.0270199498532 
2786.7283246791426 1226.1247604475286 
2807.1385310154296 1136.7689672384 
4601.8627502959125 695.2945992833631 
2792.201228832692 1199.940387304141 
2936.8273907277544 782.1468481604527 
2808.8813534768224 1127.8966469619033 
3953.555679794218 695.9146452964585 
5465.948724356251 694.8075523258397 
4671.771683750215 695.2468177916439 
4861.848002951963 695.1152634209212 
4944.565355019361 695.0653906058066 
4140.06344758603 695.7407620248214 
2882.5206244882893 891.1960202887016 
2841.6875161588946 1017.0486145786521 
5020.49413819044 695.018399006831 
5315.635020933738 694.858963895019 
2831.554951099325 1043.607232522164 
3129.9886469257226 697.4186259682612 
2874.5652659170096 918.8530935391364 
2775.8622834639 1280.1788409442947 
5402.266637964001 694.8238294285264 
3412.373406494674 696.7516308798661 
2893.6407064447753 867.0817226275695 
3568.0386779420314 696.5229009608773 
2862.8159262338213 944.1326971594302 
3223.501144207668 697.1691731857891 
2819.959954275508 1086.1232878250114 
2827.113013297639 1058.6347822066468 
3902.8977407136244 695.982480014753 
2865.426185952483 937.3460871040307 
4281.957602490449 695.6062072760632 
2774.6188657431894 1288.6737744855097 
5368.856071354806 694.8329311476767 
2926.1912425683063 798.7925187594493 
3661.435930379412 696.3334973038196 
2962.6462701723867 744.3864171415624 
3517.2550952676966 696.5899622808028 
2922.166809465177 811.1024032456642 
2900.3174249654826 855.8904611621616 
4968.760147067022 695.0534993558748 
2902.7554213556004 850.2580340674474 
3046.090840537484 697.7054633102442 
3456.5028356788707 696.7037893386807 
2827.606950435499 1056.4495039379954 
2956.8353816380886 744.387143030408 
3293.9441157199344 697.0021773912125 
3223.510068666527 697.1691529257768 
4425.758550233985 695.4360152913467 
4290.631114767968 695.5572013910204 
2985.605765531034 698.0468569088426 
4425.10948658516 695.4423884519714 
3294.0195608629233 697.0021210238677 
2858.756592054125 956.7222324986017 
4836.39539229041 695.1315850163079 
2796.322645416378 1192.9784703481696 
3099.6422890589242 697.4926573847049 
2833.8964970715188 1036.2189106543879 
4545.202771876765 695.3403778235416 
3612.2064901315057 696.3929244410925 
2987.384842679258 697.8316094850517 
3486.647537883679 696.618235379214 
2778.2649087119207 1267.9859231884066 
4710.094783012437 695.2227314888868 
2923.332646005884 811.0954054658366 
2897.161951378428 866.1163511143866 
4557.814069591841 695.3305498549813 
