2772.419664191438 1298.3472303679991 
5765.739923173299 694.7119733355627 
2900.273033443294 853.7939721235573 
2817.678513167988 1093.1345423847615 
5452.97897111454 694.8019951042015 
2823.9369259279083 1070.1107597141217 
4578.121497742197 695.3137437693806 
2781.7788629392626 1250.5538964938853 
3395.0417388794303 696.8244531255533 
3485.8071177749725 696.6212718335264 
2835.800775230161 1028.3182685164202 
2797.29690215625 1177.7401211275146 
4739.709049025841 695.1949646008657 
5605.8796216048795 694.7694079880325 
2913.3051229212942 824.6776810722793 
4141.4496909614 695.7024071874933 
2803.6608412777878 1149.1566028349243 
3567.3896524871293 696.4759832353348 
4823.466789855398 695.1408195687877 
2806.7537316141347 1136.9505301960294 
2799.7271062860555 1166.386700414166 
2785.7807694915277 1233.383277827354 
2814.797376812308 1110.8466020849403 
3228.710243329258 697.165306717009 
2832.296577665228 1046.4139186546618 
2810.760361136646 1120.6035700861607 
3634.6611071458206 696.3648995695236 
2884.7526311231045 887.2841862084199 
2774.7400007235606 1286.9349913497053 
2930.441386698528 788.9373606422033 
5143.751680828607 694.9477827922201 
5089.673089918751 694.9785349647469 
5401.860630194984 694.848715794706 
2892.631964418377 868.5251752318754 
2828.1383683000745 1054.9078724236279 
2941.64709309133 782.5805033976948 
4464.797618865281 695.4046476772805 
2788.6541196681055 1216.4644641394634 
5219.779594237579 694.9100989318603 
3703.727053719421 696.2528775014438 
4295.615335536825 695.5522560979119 
4889.268129349137 695.1014008777315 
2925.9330918974492 806.3606643099732 
2792.4057851509924 1199.4479473234921 
2777.9292824561367 1270.2878643072534 
3803.9484694794573 696.1063628029957 
4440.445578517877 695.4236719311878 
2969.3933766599735 723.1260016519853 
2850.060410965993 982.3198910613089 
2956.8611125342427 747.9083607816727 
4938.429943583159 695.0661222084649 
3751.999167508025 696.2337911051555 
4053.841904037568 695.800192622368 
2853.1528393540816 972.7057397281201 
5014.271828707309 695.0318779618965 
2951.7037323718046 754.4554573851673 
5325.862452449196 694.8585569482386 
3961.0315677026065 695.931220459509 
4347.261803901525 695.5046702905533 
2983.1185205840584 708.0719573734972 
2945.0364319533937 766.8670674273482 
2877.449298454909 905.940178614584 
3169.4465698809745 697.3177656423054 
4213.905261591531 695.6299883979648 
5744.266687299557 694.7165703582419 
2976.328831458876 714.4722828858864 
2792.274182001371 1199.4507802518376 
5263.848781042921 694.8850217893931 
3308.0628785631848 697.0091163450774 
3860.605157948364 696.0400235315407 
2787.4600994619204 1222.81261977198 
2841.88111039994 1008.3744212203432 
3890.545244027333 696.0098510232203 
2777.456306995068 1272.3097357055715 
2881.5470808201976 893.5900658850636 
4229.979334477625 695.6131483572378 
2857.469706479693 960.220817055457 
4659.0787358375965 695.2527853952331 
4060.239776663276 695.7974456545353 
2845.79219234461 997.1417950294747 
4659.0787358375965 695.2527853952331 
2913.305216155979 824.6776807569516 
2894.5277207867084 863.8144475120715 
3308.0628785631848 697.0091163450774 
2840.837732098267 1013.5639687529537 
2847.087931257338 993.0509038920737 
2870.363797957278 926.4614655447067 
2961.659334637511 734.9396549196782 
4991.0418619012835 695.0350646681756 
3072.570846767445 697.5704675831701 
2862.2137467033754 946.1142015139525 
2861.4083711100434 948.1343775404988 
3003.280205593281 697.7804268102057 
2872.394435569097 919.6910637180008 
2923.836738569291 810.5059915956498 
3946.120645488465 695.9403552587628 
5677.033284367421 694.7388984297282 
5611.657402116222 694.7662771401832 
2945.870233007691 764.8640855871436 
2962.502429757294 733.4956110911636 
