5448.740707905633 694.8013980913557 
2772.474126540909 1298.0168116109564 
2929.1193197720277 793.894430348536 
2890.3777855244525 873.3745363212427 
2914.7198256074093 825.4124009881685 
5361.9948121263715 694.8417532274236 
4882.133159128606 695.1013988665037 
5260.2702078786915 694.8865936831634 
2803.6136593157344 1149.8075264169522 
2817.1701877800588 1095.4779894738633 
2812.658587538374 1113.913039922617 
5008.053612743965 695.0309196139991 
3926.675774974401 695.9458628181663 
3447.9504337323324 696.680757806521 
3080.8332550087425 697.5482332855396 
4374.681070682776 695.4800238339443 
4938.485058168203 695.0664387980057 
2800.193696296242 1164.797901065823 
2882.5608825733398 891.516204587905 
2853.590301347273 971.7092686331982 
2954.202327349343 750.4157724230648 
4437.731203251729 695.4623168110029 
2779.0081494731044 1264.0706980705381 
4309.682300611292 695.5510221707775 
4787.568885016681 695.1622881704478 
5213.3427424064475 694.910370722544 
3694.8362310174966 696.2636707373581 
2807.8152256655826 1133.4749327359182 
2790.771444381071 1208.8380244797236 
2783.025591431462 1246.1554041253899 
2867.7114524625567 932.9375962861449 
4130.425549354588 695.7134102598134 
3186.663879904149 697.2732148998539 
4766.110785466035 695.2229161582903 
4594.291879134035 695.3002897018737 
2961.5545462052582 736.3151118537097 
2775.092833812708 1284.391938404021 
2859.2426197178347 956.3879722040678 
2872.3279501100756 920.346541038614 
3621.298349798586 696.3782949104575 
5078.72450812475 695.0043337160909 
4071.3047440618134 695.7885410644047 
5144.00883796076 694.9524923074134 
3364.7377270688476 696.8476665402636 
3831.1479105765584 696.0797321655646 
2948.6157524288715 760.6475641696214 
4181.613647480743 695.6609197522052 
2835.147748681158 1031.5978501580696 
2899.3045409519827 853.5624312626505 
3765.855409438489 696.1598899678519 
2810.5898548688724 1125.7747597931227 
2843.026428637098 1007.6842849628443 
2795.8435722634476 1183.5804728088292 
3591.7483086034645 696.425012229273 
2845.464066031008 997.276595075036 
2799.5731808063792 1177.3093406894282 
3294.446425493092 697.0000659976339 
4679.402280954422 695.2481550791293 
4679.074483284955 695.2482069631725 
2879.6235251123094 898.9431183710362 
2850.553305167945 981.8885757796803 
4571.837974855237 695.3174117026066 
3533.641094237742 696.5239986055075 
2787.2106595025616 1223.8995127069159 
2863.85320005209 943.4593295562527 
4512.684739233852 695.3654505180606 
2969.669618248691 722.9805107634539 
2822.3495709882295 1075.8148063504793 
2913.1790250835447 828.2172643933866 
3221.56750775392 697.2361154625673 
4493.1202598805285 695.379482962345 
2786.6652309651663 1226.0804638479378 
4225.932850239857 695.6303783058856 
2794.227159475476 1196.0453061199412 
3263.7682358923335 697.0700785509131 
2848.2283288038393 988.9623352526456 
3736.587289122246 696.2019975125961 
2839.5671518761937 1016.6363296532738 
3350.344566363744 696.8805926924825 
2825.902974262473 1062.8113218589617 
2939.091393744038 781.0415557226646 
3967.7813723858985 695.8970819222887 
2983.2584210075133 701.427294361573 
2966.023726223563 728.875589645462 
2933.097008957192 784.9930746645202 
3828.9551039196176 696.0838306689029 
5111.399498419373 694.964930753048 
4027.3082001514526 695.8260659439825 
2784.331929819654 1240.0921245002007 
2904.9054201646377 845.5819308976133 
3031.0227367542066 697.6960798070025 
3493.7764771134453 696.5953964914607 
5419.698115702333 694.8153653357766 
2832.3634883334894 1041.07563927604 
2861.266054479073 949.5328575998325 
2907.4151740482803 840.8618591121217 
2828.8531203462667 1052.3465296728862 
2824.781440042577 1067.265099478595 
2792.780591997214 1199.6498777566428 
2975.737470173898 713.4355466749738 
