5581.141142782893 694.7644424887187 
2773.8156012615914 1296.9761515928083 
2858.0975749761737 961.8331575416382 
4394.884862714771 695.4647311075423 
2879.7366967465277 901.0165652798621 
3808.991150761137 696.1389792318278 
2850.6648055363476 983.0840499840249 
4553.774528060599 695.3318338091353 
4044.1242725542843 695.8128520598256 
5415.87107753142 694.8108390209998 
2822.313762761797 1077.8323610967675 
2864.593853388669 941.1641807331339 
2931.53622035855 790.1878041075809 
2777.6891615477866 1272.481959906389 
3006.6883228589104 697.7824004512073 
5320.8689051870315 694.859698271575 
2838.201351548326 1026.6722797588604 
2841.919746242797 1011.0284287912752 
2828.3021251944506 1056.4785260445008 
5485.387226684152 694.8018994361875 
3921.54108582839 695.9536157902261 
5157.129945379159 694.9418149652367 
3096.933475206973 697.533719314343 
5124.704232546402 694.9590569716132 
2792.4296790584567 1203.914734685714 
5035.283473939442 695.0094914072699 
2894.6706841839245 866.4007985099747 
2913.6302764387524 824.7234813379143 
2820.2406056891805 1086.3250873062311 
2942.544264030206 778.1331870788675 
3515.880336341305 696.5592007913519 
2888.835684825077 879.1770097070636 
2811.650440597239 1120.1689684522282 
3896.248121993749 695.9859349578167 
3653.098180581133 696.3539941004462 
2808.54070314966 1134.0870711064172 
2870.4685727032006 933.0540187942718 
4587.535673479258 695.3051333903913 
2965.475335630742 730.3428761134863 
2902.846926510648 855.9544396522839 
2946.7710477724368 768.68191335562 
2908.792920661239 835.4223072029433 
2950.3391331611133 756.8903778055591 
2789.094625967117 1219.7851614564324 
4777.410748814295 695.1726665691403 
2974.141281334922 717.3662775824337 
4671.854146777201 695.2498037546893 
2903.5464470696306 845.2793976705055 
2919.3237712450764 812.6294412728787 
3720.331048484705 696.2454835128651 
2782.4229164459366 1251.724207020333 
2775.965938547806 1283.4876384138588 
4314.524979538552 695.5401659909817 
2798.201973793396 1177.9757246874346 
5543.299562370327 694.7803455674039 
4690.205667204005 695.2353658080517 
2801.2759635926386 1162.0784906935626 
2878.73156921028 918.5724525611885 
4869.854111178875 695.1098314097753 
5248.261392006044 694.8933628604001 
3201.3525808510767 697.2235697750514 
2803.2805787606385 1153.7825370630012 
2983.6269653704408 702.1382959853556 
2829.5535437797216 1051.6089673438128 
4116.441311255076 695.7299063233319 
2961.499796741117 737.7512280283975 
4765.5379541021075 695.1840802701466 
3266.654719466153 697.1522491892241 
2813.7216313409294 1110.8451735553426 
4262.596523352162 695.6176672162939 
2782.003794178506 1255.7477938392274 
2794.679555750476 1192.9614561833664 
4360.042981679126 695.5124254868427 
2786.416874311735 1235.3171143378706 
2977.823103606101 710.6556766539188 
2817.075429707912 1101.5547125441974 
3318.9313470620828 696.9646014872407 
2930.996981679028 805.3078606920828 
2799.0188939788045 1172.9820993830394 
2872.301208059239 919.5133918556819 
2787.5552300819445 1225.3341330314045 
4229.235147820461 695.6209190219361 
2848.995682631147 996.8489084345125 
3598.156346886406 696.4374156293436 
3141.008365126438 697.4089323292525 
4086.760133289782 695.8127939949633 
4174.90000767661 695.7085821009719 
5284.174533232606 694.877981582405 
3344.9035914494116 696.8965400972916 
2833.578223885275 1038.5503319925322 
3450.0991009257236 696.6788276739862 
3709.305215126575 696.2620298232926 
4936.962947034743 695.070394214835 
5002.223372517982 695.0288243971828 
2774.5689735323804 1292.963298041641 
4874.171014071843 695.106730460548 
2844.886792104776 1000.2631185920396 
3564.6554153237485 696.4795622338581 
4934.89393955806 695.0720735466849 
2889.0879844102656 878.4752295386103 
