5617.138355255238 694.7621616963792 
2772.219222525225 1299.6999583390582 
5617.138355255238 694.7621616963792 
2964.914505291075 730.3383404723492 
4538.1486001936 695.343997206155 
2829.1600835929967 1052.450914829199 
2824.1655496845615 1070.9691594400929 
2920.188958109782 814.3921744766448 
5052.668412026329 695.0027188950053 
2789.953812021861 1210.7570574849997 
3792.9414698847413 696.1675810538651 
2841.8020590985643 1011.3328107651786 
2832.6243716132217 1038.8786204420321 
2846.924207000386 994.3109344747273 
2956.0988663926 745.3682607812649 
2837.6564689839165 1023.3053178578883 
2941.532877868395 769.6736949420134 
4460.4181257252485 695.4064363259956 
2793.9731537814487 1196.7548779523165 
3681.6380555788837 696.2906588887093 
2779.2828459399934 1262.8315813992574 
2812.551207637055 1117.7192497219573 
3525.774421404189 696.5529193708813 
2782.5050092715255 1251.5390141078647 
2948.7282725261466 756.4462029805946 
4131.29919381171 695.713494115345 
2814.8451224104033 1103.987769505291 
4777.40227277076 695.1894520826014 
2786.581179734742 1226.760241526319 
4995.302000799856 695.0328981444839 
2903.2736610916763 845.3415962893805 
4927.858068754598 695.0945888006718 
4287.017057827794 695.5589366703994 
2898.676091199354 858.4885462684558 
2785.115401987629 1236.5341136884924 
2977.4202178254986 711.1247581624788 
3077.899916631863 697.5661741718633 
2809.960676614016 1130.784562335279 
2805.5148440957405 1141.5504467869523 
2889.2185725652653 880.9132453067392 
4358.136145376016 695.5195841421903 
2799.5657575343503 1167.0052541000628 
2893.8349478791993 869.1322286775668 
2882.5179769070382 891.7615423160678 
2856.772717355775 963.6059816181315 
2878.0247699478796 902.931852542868 
3168.956161119432 697.3085431019051 
4037.3135499933787 695.8648973945807 
3894.407038011018 695.9866057055108 
3021.955791472891 697.7766464990341 
2979.661755265826 707.9272455032319 
3450.7238211929243 696.6775218709886 
4185.926653660965 695.6569942681883 
2820.9907875053127 1083.9241310006685 
4402.464680542279 695.4576633927461 
2860.032884998423 953.4090954289591 
3261.3320420093205 697.0796147022616 
2910.6725515230146 829.4951664939483 
2820.6883640227634 1092.1612286550453 
2873.2888764588793 915.8432464714167 
2776.490331316577 1278.6181813603462 
5146.22289816679 694.946234598067 
2865.2590490510893 943.7069790684159 
2854.438537917757 976.0484881824046 
4836.8274232601525 695.1571165265067 
4058.048058618642 695.8264810300692 
2868.925461279368 934.0178883166649 
3186.9690219049066 697.2601708642904 
2935.5989820078125 782.974177048136 
3948.618618220852 695.9186381075549 
4623.483364446672 695.2883549943075 
4871.835305544246 695.1281572264696 
5148.307053381983 694.9453022123914 
2933.122107234175 787.7089546133697 
5235.395020439666 694.8988298593836 
5312.170197577636 694.8606266449478 
2796.18585973271 1183.286405670826 
3579.479339780476 696.445656846441 
5522.7153948031355 694.7804005627327 
5576.662740227481 694.7755010035031 
3393.1959182180412 696.7929313886767 
4699.983726152777 695.2303812033849 
2774.5865321280053 1286.8639241106234 
3336.8394898275283 696.9111752885773 
2796.90189388443 1179.1238011577057 
5424.579626258204 694.8213838438519 
4710.920796204832 695.2223522282195 
5280.242956668546 694.8779874046703 
4629.285130007831 695.277962937311 
5366.542377319084 694.8606248841811 
2929.428656908859 800.2983714559044 
2802.660349348997 1154.3775190194676 
2929.428656908859 800.2983714559044 
5466.355920646351 694.8040214473267 
3838.3119541579663 696.0594424531035 
2874.4927078897335 913.8345473175074 
2772.2855956179155 1299.6999147719062 
2908.5638063635643 834.145675172263 
2850.501334729968 982.4498718750136 
5386.760078221507 694.823785495923 
