2772.8140086005315 1296.2861513833163 
5632.351003621372 694.7578514460326 
5632.351003621372 694.7578514460326 
2782.55936012137 1245.8420694248493 
2835.638514424858 1042.311188338752 
3897.854944546092 695.9814456975663 
2909.6237942927355 834.7480853807973 
2788.4820173531457 1217.6529616892435 
2798.8333934368 1170.4215206735207 
2939.1953014811934 774.0348531509601 
2795.1063114835874 1186.697776553253 
2921.6869284034938 812.601794851346 
2826.4514149697748 1060.5041047714835 
4986.699632611182 695.0368727315981 
2930.6605091198453 791.3868290348323 
3145.917017481843 697.3715466616242 
5078.131303500395 694.9839732959964 
3720.6751230458044 696.222670233665 
4054.764939062298 695.8030581112852 
4464.698706898953 695.4052410157161 
2976.948872277079 713.082791347116 
2809.2288960123624 1130.4003908965108 
5502.494898465463 694.802851076313 
5632.138798782306 694.7579442859005 
3426.158927087576 696.7235051806213 
2967.314932804817 727.047493226099 
3263.884124059354 697.1433979713381 
2838.2104371061023 1021.8217651096923 
2775.922112470478 1279.6373263101577 
2955.3200992908405 745.2286440113013 
2817.852104266576 1093.511129410022 
5430.694236442929 694.8036129234815 
2791.60731937503 1203.8595130675392 
4798.341098478631 695.1638046240674 
3218.606680744965 697.2133655289167 
4395.494943841688 695.4838340588639 
4233.769468639904 695.6120637999068 
2865.6209634903385 937.1876572919425 
2853.672569311458 971.0857363968008 
2844.7132984341524 1005.4203544869018 
4324.214072703239 695.5250014928969 
2876.1913872363643 907.6168839305232 
2879.390921300655 899.6090061730374 
2803.8127935199755 1148.4248886878233 
4921.872015060743 695.0842773763262 
2780.2823506758223 1257.410219012963 
2803.0391454908454 1152.3624690982817 
2893.9477037722318 871.4862411753377 
5197.233371160597 694.9189997400791 
5248.353872475815 694.8919121456744 
4730.0278205623 695.2020788797465 
2810.385302659905 1121.9228600446845 
3998.830701175517 695.8613420203844 
2821.4340271887795 1079.247716341338 
2961.8464046208815 736.872201922049 
4206.889336678062 695.6903685771191 
2902.4937853839547 853.290077205603 
2905.280905655875 847.6193664817861 
3516.5831979392483 696.5570736765677 
2897.0655859116373 866.129110281067 
4628.943491290347 695.2744680003773 
2822.8589509072985 1073.4578265351793 
2813.359348458238 1109.494573097779 
2859.41641089346 953.8065825732422 
2846.2135146700607 994.1072852190554 
3780.515386830167 696.1368030557787 
3814.502693900294 696.090440673455 
2862.362888049524 945.6169008036588 
2982.861059756352 702.1815742223321 
3075.543544729475 697.5679891090847 
2840.929503531005 1016.9742131658436 
2989.3192049243767 697.8767767728593 
4136.53372932698 695.7080305809997 
3344.5340636506235 696.8906192783052 
4531.8821661929 695.3492824208727 
3344.5331431754385 696.8906207457594 
2775.2720583286145 1282.6760632919008 
2853.642264580324 987.2566248419972 
3640.4352592930654 696.3485590279583 
2815.0209041412654 1103.4034404419763 
2870.9555253925173 921.6233103633557 
2870.3772831774245 923.1383411700789 
2947.456652971599 759.369686979016 
2947.456652971599 759.369686979016 
3045.20228681076 697.6548415065154 
4849.281610934541 695.1351571530901 
5500.384404610989 694.8035291484586 
4346.877803628412 695.5037150592956 
4136.840635670971 695.707946601066 
2884.493562918101 886.0841095043058 
2884.5158408802718 886.0841034734412 
2790.1911175078003 1210.8191869124796 
2773.3492307927036 1296.2847819836882 
4694.237948468417 695.2274749376044 
5130.382331599134 694.9631780600432 
3571.0759972244396 696.4623473657648 
3582.4466892958912 696.4410659974187 
5341.509167678027 694.8480336846334 
2929.5782001893203 803.5054046470452 
5302.376061543548 694.8650861342752 
