5565.287897297545 694.7924349129322 
2772.36680659159 1299.583027143161 
3925.5956724156013 695.9476923409555 
2837.537842681317 1022.5166702262495 
3988.521072037546 695.8713227393954 
2860.2667642611814 954.2880343648819 
2927.7887706322326 795.9355718717985 
3275.3182609073897 697.0928251315839 
2905.095668543676 843.3967630876903 
2914.133452526002 823.357866107793 
2872.988446090371 917.0143393899718 
5271.512650835549 694.8805712472493 
3424.501674329886 696.7269918233685 
2886.933906773289 882.5195459943641 
2847.124114724756 995.9071542908458 
2919.9965888904376 810.2554678130609 
2961.773777540596 738.3835610658612 
3130.3286306151736 697.4077808256935 
2894.0253476981743 865.5276094533727 
2853.381792038801 972.1608828647053 
2797.583689977469 1180.1143969384302 
2808.9173153307484 1128.9848482878058 
3800.186186779445 696.1108729866945 
4792.114574966394 695.1643547279834 
3225.436403778141 697.192190747287 
4112.068806090279 695.7331852447942 
2777.3644241925463 1274.977610771162 
2780.5258370839883 1256.8753041707082 
5467.581801720677 694.8006811874078 
3622.1754878542615 696.404418727382 
2834.124923873472 1033.9833668727808 
3488.9674699947077 696.6068069462264 
2823.0895082161037 1073.4207954562692 
2973.3048400028824 719.0546995689369 
2775.533764537774 1282.5713336781598 
2827.863718907651 1062.780750782021 
2899.0456855720804 856.6914827791093 
5171.78086367699 694.9326094677809 
3683.4192771249554 696.2798534242056 
2794.367536634205 1190.3985776211766 
3733.2869476692513 696.2075416227021 
2878.4835274672832 901.923219268644 
2788.8510644007097 1216.8307482934445 
2785.5196116758393 1233.5462611844068 
5325.06657761914 694.8537933088882 
2866.070161452585 935.2904392452788 
2938.437722450412 776.6367067862234 
4638.969227990958 695.2680691204963 
4446.8844905683645 695.4180592644691 
2865.6522289367495 937.1665137823588 
4201.374493015674 695.6422236694433 
4725.926183562655 695.2063500700488 
4165.405070059197 695.705432213217 
5034.04704755802 695.0106514573926 
4857.312300291086 695.1184396469333 
4563.984417877049 695.3234633676284 
2951.275728532893 753.9301529755159 
2804.117077879904 1148.8432451940268 
4922.714868792868 695.0758680252957 
5062.679281454776 694.9923004269514 
3090.3893674737287 697.5179719619282 
2982.7053281938342 702.9893401370235 
2978.574311547169 716.6403527950608 
2957.7705565250367 745.2930621403289 
2772.6206409190577 1298.8089601925194 
5373.599852904789 694.8296175610943 
2786.878892693342 1226.772189767061 
2812.917881642565 1112.580925331795 
2830.5896439341773 1047.1347556460878 
2938.437722450412 776.6367067862234 
3563.388617508 696.5000118632216 
2946.195320398211 761.7831942378496 
2800.4702290474024 1164.0887421579193 
4297.268097556934 695.5511996981364 
2784.5708333165067 1249.3545548347995 
4629.801326563107 695.2782309924015 
2829.7064236469178 1050.2326695161069 
2816.1268721817073 1101.9117193121647 
2819.8217969139146 1086.5162085541745 
2800.4702411799176 1164.0887414421682 
5405.71122496015 694.826600525524 
4543.4862262783345 695.3401600782868 
4973.682802666177 695.0446765407962 
4333.905871780572 695.5324548163243 
2791.5830625366507 1204.3005038441156 
3791.9894035754664 696.1239050881796 
2791.668027176862 1202.873023756548 
4731.4017693382975 695.2025756472538 
4880.2130219375185 695.1022551651008 
3424.6646057744106 696.7266725897173 
2881.295937764567 895.1716658765474 
2819.8217969139146 1086.5162085541745 
3047.012828666361 697.6818765168059 
5443.946010383261 694.8124221259477 
4391.921667493201 695.466107118703 
5119.901284313345 694.9606496919457 
4495.705061418906 695.3791381653617 
4257.867605272597 695.5864880957514 
2851.1075528313163 980.210432925407 
3543.7388392857606 696.5408348278371 
