5513.670055033513 694.7810602407823 
2772.360664530503 1299.110695117625 
3615.0818298559698 696.3918722949869 
2781.5821375633323 1250.9420435340724 
4273.34039730159 695.5727910932595 
4631.832888110388 695.2875063176472 
4044.9919518581255 695.8204435362359 
2860.182054537938 954.2593166821694 
3720.242472306564 696.2333682215269 
2903.5710744687285 846.0077823959124 
2870.068803939649 929.4646182394288 
2787.249451106429 1239.8356236755114 
5435.389871202757 694.8089441334798 
2792.844879967048 1204.4574318073514 
5371.5162843988865 694.8323417018953 
2853.613955277608 971.7801638393992 
2835.737719156944 1028.788931253649 
4106.1676555632785 695.744731280605 
4518.640912129692 695.360522775562 
2974.886366514896 717.663954807476 
2831.333029242882 1044.6726687188805 
3046.4479137946705 697.6517036243248 
2840.0805716855293 1016.4493913241607 
4337.855460032542 695.5158732913036 
3122.403219862421 697.4896547660468 
2864.4588368551945 940.6991277758741 
4431.722967081723 695.4602254649969 
2794.4704344582606 1190.7786627017565 
2774.6653884084485 1286.837024738095 
2880.1877117478043 898.00709345396 
3953.571048606013 695.9148051179549 
2809.3342860539124 1129.2872753881327 
4567.092434821824 695.3233036467674 
3168.108847349119 697.3207955254807 
2779.212603281032 1273.3075677152688 
5243.791010636822 694.8960281163236 
3489.032416168639 696.6070686694252 
2804.945138669051 1145.2045254548102 
2888.112211738626 879.456039510751 
2815.628895660855 1104.423828416743 
3426.400291935244 696.7249563922771 
2801.211548818616 1160.9262218311046 
4758.053078384367 695.1854437398321 
3336.1756860975233 696.9128770573225 
2893.6123064435556 866.4796870300636 
2844.0327665322366 1002.0837804235351 
2910.790584182381 837.5541048582172 
4918.079787871332 695.0809040441669 
3232.620050449457 697.148217771627 
2957.0510179943244 743.0694634023292 
2963.43409855176 735.2127510987852 
2911.5523498696207 826.3715710163679 
4399.679456655496 695.4623161060618 
4184.475114709131 695.6693717609801 
2828.398202127632 1056.2085872691428 
2885.569516418369 888.1506626678753 
4821.8434137512395 695.1545223089331 
3384.4604060185256 696.8267143845216 
5006.73763359885 695.03131117469 
4720.192955009537 695.2105754861059 
2926.2281060114815 802.4048999710172 
5094.468597042918 694.9759186383254 
2787.738282053858 1220.9191228303705 
4849.125395850079 695.1249342519314 
2874.9938189860186 911.4551272328822 
2824.1205524182346 1071.423151936329 
3784.85438754523 696.1381923030317 
2819.8179011589264 1092.8586328555168 
2846.0534302678125 996.3177038828977 
2933.746220183922 788.1725933510676 
2917.3087177024577 818.2260732712335 
3863.5096978302245 696.0306234497358 
2922.4048005210593 810.4740968262978 
2787.8263949244106 1220.529121856412 
3848.1272603128514 696.0493686532978 
4181.081417254428 695.672424761866 
5513.583667937709 694.7813488908985 
5187.067461323735 694.9259268105931 
2807.3124982760064 1138.775058786925 
5296.292308184687 694.8727843948186 
3286.8630138919652 697.0252282083491 
2821.6468460125516 1082.3197772432868 
2930.7363284526823 792.8202813274946 
5156.556110295128 694.9500868470138 
2812.775449226991 1114.7000985944762 
2893.6123064435556 866.4796870300636 
5068.567122616236 694.9906231610179 
2849.607394116211 984.7219310748145 
2947.574513792206 761.3255806821435 
3929.9738144701846 695.9426394841153 
2992.4153049041415 698.677436842233 
2875.0071408850754 911.4550767841527 
2777.0234441434322 1274.3085373497433 
3549.6785725903874 696.4989109364108 
2796.813173747668 1179.2501109431519 
3764.01075985455 696.1673988399592 
2850.3393033158327 982.3262421615584 
4909.057634129445 695.0865106979861 
5026.080816650496 695.0146307240518 
2979.7057265608296 709.2722533481535 
