2772.352309059152 1299.9892247835014 
5489.478599291775 694.7887202463381 
4419.000426185449 695.4418259688593 
2817.8208724585784 1095.017425025211 
2866.8591390122206 934.7423913963919 
4655.150362445426 695.2558281770159 
4289.681453514199 695.555536219139 
2826.7520439887476 1063.8006364157625 
2912.548956272892 827.7406901330298 
2862.2990892417083 949.5668963605508 
2932.32700540659 787.5282563552535 
3969.491439616054 695.9340778172287 
2824.5904502753415 1070.8905823075243 
5302.499609837788 694.8655623866315 
2856.3044388888156 967.8400309928006 
3891.462007321944 695.99535781088 
2798.387197942736 1173.548363986556 
2776.110026249329 1280.2954660919866 
2833.7621962638445 1036.566835563347 
5397.578719491277 694.8192480583596 
2844.843315417401 1000.0957259879433 
4558.387556794147 695.3288753250748 
4253.736931582822 695.5908972734162 
2794.2177048374147 1191.1578038943273 
5197.836392084579 694.9187379034009 
2852.960590832624 977.9426161591706 
2782.1084916335712 1250.2588477661884 
2879.4380399964944 900.1262333464992 
2874.986897432208 911.9638092509329 
4117.426976546414 695.7374397659356 
4839.829847169984 695.1286049302255 
3236.3344396851 697.1353159871616 
2922.297610847314 807.8591018981848 
2847.594121479296 992.5911191735578 
5182.659031193432 694.9270245684362 
2840.053201383865 1019.696326782825 
2978.4269856738474 710.42858106762 
4799.296033176437 695.1554740478621 
2925.4736516744324 806.5078602806262 
3835.1239443935838 696.1285739076145 
5091.0411703845975 694.9770962174098 
3147.267239173379 697.3617324747194 
4933.856245826669 695.0695767754936 
2816.005480007584 1110.9158873349704 
2773.9143117395015 1295.980289460774 
3569.167218278731 696.4640730314637 
2791.193234909839 1206.9761677545682 
3194.065767716241 697.2411320325962 
4164.679745318807 695.6793253373519 
3447.4376594484565 696.6861576584207 
2807.9479674902163 1131.698396822575 
2950.7133775473194 758.1206515210052 
2957.2896138185165 744.9553313802331 
5011.575737369554 695.0219015849805 
4733.907622873093 695.1985871086931 
3646.788188792355 696.3483260050652 
2812.5525297734057 1114.416799566412 
4045.9911853315234 695.8049712101604 
3056.0906839804197 697.6375834102787 
2778.8170145043878 1267.8977544660306 
2779.437537140118 1262.641728363547 
2809.5281650813295 1128.0651735991255 
3697.661649986299 696.2697177932529 
3382.619199761875 696.8111482499158 
2784.9427199051274 1237.5382708323523 
5088.941582102999 694.9782495028853 
2966.2360178465133 729.5365717764944 
2960.261311334218 741.3961980559693 
2801.973745910257 1159.4530151495592 
5004.707631961978 695.0259354112627 
3555.24403071457 696.4878360040083 
2969.6305717186406 723.5970478682295 
4480.437928908153 695.3910892522625 
3301.6079587926038 696.9988519305016 
2793.161725652594 1199.9020106643788 
3102.048969066108 697.4870087093786 
2838.942467905216 1022.335825816839 
3366.6668316477994 696.8440831035775 
2907.4761065881257 840.5251786903508 
2786.241228112882 1233.1607279497491 
2885.8814517540786 885.1837824238388 
2884.7134464463547 886.2925885077839 
4911.916412584846 695.0829881697329 
4052.005329651704 695.798367673229 
2903.432318215761 844.4740775909282 
3733.9661702638964 696.2059916975095 
2789.2403518117594 1219.4786851831932 
2899.198503644461 857.9067421544867 
2992.900050560951 697.8150563548731 
2805.3388456520015 1146.4069798772673 
3797.24012141688 696.152937901346 
2801.195729655373 1162.851388542859 
2984.6119063440174 704.0937976969948 
3310.122353116857 696.9673003112904 
2938.9435482780164 774.420484842546 
4738.809330773807 695.1965300705278 
2938.9321320209738 774.4362159437281 
2891.5377577958093 870.6201184856526 
2891.537988153248 870.6201178939212 
2900.1304248895794 857.0520394500346 
