5545.49110752142 694.7707670433515 
2772.260559869132 1299.4315157254134 
2825.354101428832 1065.3212807047735 
2855.9205305178743 965.0640868698127 
5431.499105132992 694.8181257726536 
2813.30484035361 1110.8386017503783 
2831.656683905612 1042.8802541317004 
4414.321634499911 695.4456372017846 
2818.8023997370124 1089.8055047650066 
4295.992584740355 695.5607008104762 
2918.5886351410877 815.7866188123271 
3215.489004384753 697.1996071978671 
3408.7920398474107 696.7584713242882 
4896.983542812709 695.0990077562951 
2852.493376088168 975.3746978807975 
3578.8294651797055 696.5581547202817 
2784.5764862949227 1236.5297670691327 
2871.16949368347 923.1812192102739 
2796.173577526295 1185.0084938424075 
5317.166901393067 694.8574630640975 
2847.8031907780774 994.4259635525755 
2775.3096472189386 1282.416080361126 
2955.216877210276 746.6042986636635 
5045.679822473002 695.0100160596257 
2978.9014156769117 711.7501080812842 
3661.5766337511873 696.3406914072044 
2802.078100531786 1159.352108941128 
3321.322746521204 696.941937788126 
2879.5903234973525 902.894853804486 
2778.5120667331794 1266.149599800986 
3131.949776946987 697.4195095857782 
2908.933530700239 837.1386480475634 
2834.9930638280366 1031.9818961333588 
5242.195607139951 694.8953617997596 
3796.3897859163167 696.1253631356461 
2787.676576432888 1222.4377252818088 
2821.616691794996 1079.1722775812484 
2805.6863149376522 1144.8989992173654 
2864.0782635842747 941.0138657141562 
2843.3602795197144 1003.5195037153513 
4263.343595729739 695.5820943165672 
4810.547464992294 695.1551727600544 
2810.1034211333604 1123.390428469661 
3883.7648132290906 696.007628474214 
2925.13718824967 807.633988999286 
3281.1617897021024 697.0348252491044 
2947.5568464857715 762.9561704388293 
4185.62794937323 695.6591640537137 
2808.4613500156192 1133.4952132945546 
2928.844391949771 794.6604629082327 
2895.5665174938326 863.1415570097029 
2901.233312645566 852.5204403733288 
3709.536249510711 696.2497788125572 
2940.911221072847 770.4011222888461 
3470.700511136473 696.6416640047676 
5161.21734594297 694.9380180177217 
3075.0720456374747 697.603442147438 
4102.373850196859 695.7525627360869 
2885.3343016865274 885.7268220028517 
2782.3017840269176 1251.7707444896764 
4954.755269196725 695.0565602553022 
2790.0295466019274 1211.0260514859904 
2992.8100725712993 697.8264305970949 
2791.478300923831 1203.73360400804 
2868.4598472304206 930.9568405021785 
4035.413639533052 695.8514475925518 
3761.7299449822126 696.1739910212864 
2881.7644764190854 897.4207691653596 
2936.483582183365 787.6756834003762 
4551.297176727221 695.3391688688141 
5194.283372242192 694.9362642687096 
2774.3259270853496 1295.0651277047014 
4770.474631200972 695.1773441152643 
4474.352070645005 695.3960214263772 
2891.0252528552996 872.5804313470741 
4706.693846989065 695.2246643636936 
3904.1349159599495 695.9904875465245 
5095.606908007888 694.97396262354 
4654.493376800191 695.259064482755 
2793.945544223899 1192.4242491338537 
2839.269315404436 1017.5332975792394 
2804.957861516191 1158.1415636587562 
2780.690668077349 1255.7279504001642 
2839.4900287281794 1017.5328565501115 
2969.161902442195 724.8471215507551 
4056.362984150893 695.7957535233185 
4615.68780220465 695.2842084790726 
3969.3933710477327 695.904896661642 
2889.341036981408 878.208868188451 
4556.922445393603 695.3348486735221 
5380.991576696466 694.8328527592414 
2969.161902442195 724.8471215507551 
3957.1024565326366 695.9414014964758 
2961.0573541008216 736.3864159468523 
2905.7200521115783 843.1010766760917 
4452.970698235193 695.4124245554434 
3519.8012318813194 696.5596704501531 
4151.96543704879 695.691374763555 
4954.47246487791 695.0566493527463 
3089.4121655932554 697.51990001745 
