2772.2033016925707 1299.5702362574996 
2772.2033016925707 1299.5702362574996 
3385.434213375452 696.8551997533153 
3289.7863048814534 697.0271121101422 
3384.5048299553587 696.857495376304 
3159.5639478853595 697.3770718160673 
3072.954912284719 697.6527659170697 
3235.2815042629395 697.2129476847341 
3113.3730186033017 697.4780364267318 
3026.9867116666996 697.7401085334436 
3251.6105441542845 697.1294535415957 
2950.9757841140495 752.7013935432096 
3009.061113001326 697.8064118156001 
2959.2183746302894 741.6046521126433 
2804.800406950021 1144.7725008301488 
2857.5457950841906 960.1768200181722 
2832.916577267668 1038.0143129733995 
2863.422019710525 949.1014781230957 
3141.5206608958997 697.4071819359239 
2893.5184792656833 866.3323394565112 
2878.8087064370516 901.9539983176005 
2781.1664980408873 1254.4116820051636 
2875.2917128417753 912.328589091336 
2807.6419117209634 1132.927911706812 
2791.9106746195325 1201.491810904699 
2829.279762020077 1051.148108477616 
2888.5640122060117 877.8000783248751 
2779.124275168437 1264.4213094860754 
2799.2566502229656 1169.4118890733696 
2864.8820145131385 938.4301238648832 
2945.093540848415 762.9823433800024 
2914.726174359223 820.7387384093038 
2927.3307480475623 795.1923323445715 
2994.1995555751114 697.8362695825527 
2835.769485158748 1028.319122406756 
2837.975004759788 1021.3036343346457 
2820.385498969068 1085.0838466576238 
2847.8219740881277 989.6705811776865 
2940.9309536679984 772.9113007043873 
2935.6748846221185 780.6939763497074 
2787.3826298182025 1223.2912968627486 
2795.1165184396505 1188.3203580516363 
2902.0780763960393 848.287754311039 
2917.712975509326 815.3917810254901 
2921.3526858406613 808.0614410953461 
2910.146868891861 830.4940091295259 
2827.590732389412 1056.8687715597805 
2840.6788255625816 1012.0325516160124 
3142.066844061472 697.4057342669114 
2777.324602006101 1274.3248306145729 
2867.97658671757 930.3984423022299 
2886.1818376438646 883.1764367261408 
2814.2481352831396 1106.5013901832665 
2881.638811948031 893.643779165918 
2789.3767134789105 1213.184948334816 
2851.7223796518524 978.079736046424 
2793.818420450502 1193.3320001394072 
3243.931691987067 697.1472813456819 
2871.861995295215 919.630890162424 
2774.0721639084336 1290.6251493295729 
2822.155654760065 1077.1381467931278 
2801.919807205394 1157.5733469884437 
2883.2805682606986 889.6646782979988 
2802.057667841414 1156.9843897999783 
2898.551807390492 856.7038576290533 
2897.7948559004385 858.6542020472255 
2969.4477761161556 724.2918777356728 
2783.161551410114 1243.798596308673 
2906.4174216637925 838.7490182924723 
2818.8429050366835 1094.7053846604495 
2797.3185539707256 1177.1842525926827 
2904.3104590758353 843.1866082198926 
2809.77420948354 1125.164001342158 
2963.7688441824894 734.4919178948293 
2972.97357380769 721.1354238534833 
2980.9861942874354 708.2460674277322 
2815.842562847469 1100.4305565006762 
2825.3527596920103 1065.3692142778189 
2854.4822366076155 969.8464046366944 
2823.6584505146197 1072.6782931377684 
2931.9678484887127 788.1782172088497 
2788.915912310367 1215.1906172447666 
2908.8109540767264 833.2233215754621 
2844.2883371166154 1001.8892152562299 
2928.7856535394067 793.1279528658548 
2984.701415899749 699.4847363563579 
2933.260765534808 785.438535075578 
2846.5343785040873 993.5804182303632 
2986.8967464385987 697.8662916645841 
2921.16953614868 808.0614908991608 
2785.1245041099082 1234.7847501588462 
2785.661998601684 1232.0322895681222 
2976.6548903910657 713.8481404281908 
2975.062143812351 715.6108607960998 
2774.8639462093297 1286.2790713707393 
2854.121731681802 977.1739177892717 
2812.7576688506897 1114.3221147210465 
2797.454764066463 1176.5819558351407 
2811.671589710095 1119.2511531067119 
2776.248742499466 1279.0145951194804 
