2772.578310491329 1298.8980369936662 
5557.51577532109 694.7716879981657 
5557.51577532109 694.7716879981657 
2830.7015652721852 1046.47260591354 
4607.509750169709 695.2910511721986 
4487.794752474606 695.3845866882925 
2953.734669117988 754.7597379771546 
5135.118912376207 694.9534545782217 
3465.9459087648715 696.6512615668734 
2853.6586796346173 973.6942450732108 
2837.5805145061977 1023.4473181074369 
4044.9125280380113 695.8098367387108 
2940.2117150486115 772.6561656088339 
2859.229032388865 955.2716136782522 
2795.922745346018 1185.4929559118668 
2776.5063746414003 1277.811868287455 
2880.2385727251694 898.3457846879808 
2891.960297890658 876.5205662410731 
2825.949446974319 1063.5689072184541 
2791.3729820986346 1208.326794038175 
2820.1350212043862 1084.3026128542328 
2805.5203337884122 1142.2283382812107 
5181.321351922264 694.92830261271 
4693.035219625482 695.2288670753532 
3968.461691986527 695.9340356982655 
3411.859849572581 696.7601021712899 
3727.9493792919684 696.2231478612812 
2817.0202143475067 1104.4461374843631 
2781.0344031249847 1255.1866802569086 
4796.552377842799 695.205238788388 
5016.113416949223 695.0217515343874 
2874.233346348729 913.8721481003379 
3823.4111567351943 696.0793068954388 
2934.3117879867796 783.3384542437946 
2923.594660190825 802.6266238215343 
3629.7889309440793 696.3639332545382 
2800.1580805419517 1165.5125611233616 
2848.4280978138486 987.7406538821558 
2802.996855231528 1153.8885708358791 
2885.446551705237 884.7116630336793 
4289.141306809669 695.5693152729276 
3573.958918660112 696.4679904137563 
2778.669313003999 1267.1924628162246 
2898.0258710352755 856.2337204278662 
2916.3353990058763 818.1256270678047 
5519.039053897687 694.8047208485526 
2969.390585985771 723.8716214014383 
4950.827771800732 695.0817385276804 
4180.45951026359 695.6619707920797 
2822.815288341631 1075.2876148862458 
2772.7603703872633 1297.7922889644308 
2930.231058082745 795.8490660650912 
2809.674613543076 1126.0455582456977 
2797.4410033040726 1177.5316779071043 
4434.5465091886845 695.4290294380169 
4874.210480621256 695.1076942596118 
5428.521876907398 694.8052578282186 
2789.1835092106444 1214.5130928320605 
4391.974326215952 695.4668095448013 
3335.1522449068616 696.940894647875 
3280.3276079466896 697.0332099139866 
2813.579107247778 1110.1022648911949 
5269.69521970896 694.8966987941477 
2863.2444226598877 943.6062900842825 
2959.8281691663933 739.4925223932868 
5391.461470076189 694.8217984449823 
4662.871641197651 695.2577056471567 
2788.0223961797187 1227.288398399586 
3208.3598794147247 697.2895573135706 
2865.864243056123 937.6184017203251 
2961.0811619583205 737.3762596629242 
3844.6154689518517 696.0546151419612 
3150.726537508277 697.3508075956778 
4121.600519126311 695.7277738815231 
4816.02547385033 695.1439835368471 
2869.3743937522454 927.015817386832 
2810.623893001716 1122.2918829401124 
2980.550488567745 711.3015645370656 
4909.674868370357 695.0853098933054 
3233.8812596367184 697.197910578538 
5332.471919252121 694.8647957892156 
2847.7383421383297 998.966392012457 
2783.8113379336473 1241.1472581924634 
3903.7413853661133 695.98365427965 
2785.577729300996 1232.0408792419464 
2898.7706739325818 854.62513727364 
3688.1495179059584 696.327728929232 
3046.6427237477747 697.6857461812726 
2846.643813578192 1011.8788617671314 
5012.531830336009 695.0217518957893 
2871.2151727455644 921.8946873566966 
2914.063678426072 823.8676261173631 
5269.69521970896 694.8966987941477 
2910.0302740361276 831.4250293336411 
2904.7243606282536 843.2234414389198 
5342.044701254924 694.853945217697 
2983.0386866517515 702.1436916334425 
4131.559358689006 695.7199070270786 
2904.7243606282536 843.2234414389198 
2840.576464557251 1014.0477176733192 
