5532.852698661945 694.774304287816 
2772.7502301991385 1296.838654990075 
5009.135445733833 695.0245378905357 
2779.8566318442167 1264.745331652266 
4866.843031952097 695.1109737592172 
2828.718697986939 1058.0177425869 
2834.9075833602965 1034.121830949178 
2876.4409306896964 907.2251707508476 
3653.0504756271757 696.3404944992219 
2845.7893936845144 996.819103435456 
5304.0959589122285 694.8642608102148 
2868.8601765363583 927.2594626639604 
3853.375635122932 696.0391471778087 
3745.9433272576066 696.2261221389616 
3518.7969194090365 696.5512811198494 
2854.3053743890737 973.3113515048509 
5223.909428167228 694.9044331192913 
3574.924328969893 696.4686051956276 
2803.194807151442 1168.8950900019545 
3205.785215720028 697.2164893874196 
2793.599008738464 1194.4124744452442 
2793.407494138865 1207.8745809320721 
2902.281597462648 847.41739295067 
2821.591083613043 1082.3729103120695 
2954.511418401897 749.5110108190806 
3357.0364860534214 696.8650896274888 
2797.552333838629 1180.0042739306225 
2814.481322737255 1106.4874641193055 
2889.8077852402935 879.5489585322798 
4470.138645864884 695.4110436403244 
2785.2895460494906 1238.1448883935216 
4744.738946423938 695.1921703955975 
2824.6642821583073 1071.6990020646247 
2817.560015704399 1098.2038527427774 
2811.6402602791704 1124.48642965433 
2929.5745209400816 791.4173257632134 
2849.119892951581 988.5074742272358 
2842.225014473051 1020.3933104216095 
2969.994357509978 722.9795905121308 
2947.367383701496 759.0932981669646 
2940.950933810485 771.0502699944639 
3790.6866369533873 696.1234352492372 
3260.1012491746064 697.077571579867 
2907.5779563080723 836.9310233543173 
3994.85242910353 695.8775365691221 
2940.256233082857 781.622470555086 
4146.730470279424 695.7272936332973 
2857.826307497022 960.7175483349154 
5085.3186662670305 694.985211555974 
2788.648797892208 1221.9398747314242 
4197.573380421635 695.6471514116305 
4069.238801198378 695.7825163423543 
5513.007058634765 694.781169611664 
4526.685311142878 695.3531774273691 
3129.4008926313286 697.4113240964311 
3311.107398623733 696.9641711006825 
2860.044753271328 952.3522925101903 
2899.400374227618 863.3983922435568 
2804.500161469388 1152.05993926458 
4569.118585275799 695.3313400886532 
2913.4021962687634 823.5782593904207 
4246.791346408494 695.6148656243735 
2776.824484695234 1282.297219248433 
4285.39117042704 695.561106121134 
2893.283490260287 866.628605895593 
5109.889336471463 694.967709256434 
2923.611276813591 803.4060121742303 
3437.986727002673 696.7008310253856 
3437.9979158251313 696.7004460172853 
2810.0372928620245 1131.0852065888882 
5433.614026078669 694.8029669387922 
2804.816831363443 1148.2110278723944 
2969.591705737832 735.9005250535787 
4093.7802935654568 695.7674681394508 
2787.263985010457 1228.5601510819326 
2883.4915425302775 892.1464050080679 
3929.7849454227235 695.9422610562189 
3064.4482860909584 697.6048013769424 
4402.766719259012 695.4557084644563 
3034.8611892556137 697.6845703334305 
2839.1742737732106 1020.560813716236 
5372.2489805806645 694.8302253474675 
2920.604230003186 808.9824907770411 
4677.982468371518 695.239431745521 
2912.0199406869515 826.593225650878 
4395.7871798071155 695.4607686086791 
2867.2649706718253 935.8420936953144 
4803.144117309807 695.1525618983732 
2772.8111839051276 1296.5120741186417 
3108.8759609781596 697.4728375249528 
2883.824023415051 892.135557392949 
2776.5178732330487 1283.1465184268757 
5410.925196101796 694.8132961090282 
4617.580694059849 695.2947693514462 
4677.3617660171585 695.2457156075575 
2988.164391339481 702.0382229853107 
4336.054535104532 695.5133199847256 
2979.42117681572 708.8405564027803 
2969.914821768784 735.8912554007587 
5168.280353962529 694.9349114158742 
