2772.8417314310336 1298.2921152921085 
5676.2944859315385 694.7366867789665 
2810.4730078781786 1123.913267827379 
2817.383989010335 1098.998659536067 
2952.163113616164 752.4895457871417 
2837.8230841148434 1023.4423723372197 
2830.237507113655 1051.5816900989803 
2788.181483024773 1226.2088130595555 
2979.672083649341 707.8568079249281 
2963.6476372609422 732.3254400235516 
4342.105074827387 695.5216075979152 
3748.9566689696458 696.1873925053724 
2845.5093030914422 1000.3313993021675 
2855.5924514335843 967.3932930515764 
2797.581718547854 1178.3152979984445 
4261.591993270483 695.6335680192924 
2971.5167729499467 725.7464939724846 
4408.488653869929 695.4541609110091 
2805.139167292781 1145.7331019082387 
3381.4178105848864 696.8158337257164 
2884.1728337793616 888.4595207459089 
5093.590894520654 695.0163195964184 
2866.1701453154324 936.4385539174614 
5164.901300477266 694.9363757147111 
2780.0597930202066 1266.25534504479 
4841.3291813104925 695.1298194551523 
4089.1942100565075 695.8093421150395 
2913.7044608752244 824.873999837293 
5608.02406795336 694.7589687321318 
3239.1720246617933 697.168060240074 
4145.860492469259 695.700607750305 
2849.8803169195544 987.2794552381648 
2821.5484575228184 1088.2970825684642 
5549.735493200524 694.7787034600351 
4208.634043739489 695.637087542363 
5290.268731683803 694.8802428642406 
4966.11675418983 695.0510910708931 
2938.007456532624 779.9789243129613 
2882.5849501906296 898.5463249023874 
2929.581255436999 800.9053463421347 
4754.306553575912 695.1861665128831 
2890.726176963787 873.3533844219568 
2783.551726257632 1253.2270412109092 
2873.076440552347 924.7212285748205 
2807.401072121018 1136.7295849325296 
2935.6845061674926 788.7420520715636 
2828.4243725463853 1058.0670164250698 
2895.939689959773 867.5708810671491 
3441.143676901218 696.7581960297616 
3488.228359549699 696.6109871193393 
2905.727587659265 842.1421540022726 
4728.018946632865 695.2049215729487 
2854.920294597041 977.3685921855605 
2776.1964717278734 1288.0769075577045 
5432.1940702444135 694.803592954107 
4573.997296058041 695.3170231953688 
3627.363102088603 696.3704141707049 
3917.5693886318054 695.9633226478655 
2863.702743588435 949.5709487055307 
2909.5975778049924 833.2542558332949 
3545.8056543792545 696.5269341924469 
2792.3728284200174 1201.2339020780878 
3106.5993160523194 697.478543569849 
2786.2959623493825 1244.1260721559406 
5376.544145552703 694.8297576668776 
3837.0116314612696 696.1427170979138 
2876.96146599033 910.8622792039208 
5343.758718599517 694.8562902492595 
3973.5924652756594 695.9631963343704 
2801.1285051001464 1162.7957787928835 
4020.7082427450077 695.8825763907485 
2840.2711526002963 1015.0424472333818 
4551.519207102706 695.3437429028871 
3578.3800877930667 696.4639052626111 
4474.530395433705 695.3989106800593 
3879.3590813914025 696.056195474926 
4651.4095297022 695.2601490328587 
2825.51108048304 1073.1776977646593 
2922.6212480526433 809.8949545461121 
3085.9549702899053 697.5355471239976 
2801.0333772893455 1162.7963157039972 
4647.557810797242 695.2633668900299 
4490.125219828553 695.3848733360264 
2790.352768733414 1211.6153630512456 
3691.060566398867 696.2710023859358 
2946.303289412254 766.2294170394673 
4880.209747541413 695.1048020022134 
2944.9530273290306 766.7366976488053 
2901.066646239561 853.0930390981855 
3311.1856223292416 696.9650246318068 
2795.779912904915 1190.0901399762777 
3308.5936743131997 696.9773342156349 
2823.4656918639685 1075.573637196292 
2874.1117734381896 915.1570117212024 
5228.211976314572 694.904492465905 
5033.609660920332 695.035917026643 
3174.037226145198 697.2938489585044 
5674.824937450801 694.7373093084635 
2863.9969826759975 949.5703225525632 
3184.8492241878794 697.2647629678094 
