3.539637354072714 0.7025905092205429 27.999913145610986 7.75013990054045 7.662347407042033 3.899999956835394 5.000054057522074 
3.5010508265671576 0.7000008169411136 17.000007062888358 7.301937371091993 7.408968298825594 3.169879518968745 5.000016137588198 
3.5007326787557207 0.7000009108201984 17.000453918486883 7.71804851037601 7.405827546434585 3.702023769822791 5.000017129365967 
3.500069264875637 0.7000008169411136 17.0000030059259 7.305597540140289 7.422883410478378 3.5193042650771416 5.000002665766674 
3.500604561658722 0.7000009695671613 20.567955428205156 7.750150972013582 7.659595772049296 3.8999999568489794 5.000021442323828 
3.5009611839858987 0.7000001255695014 17.000019994597157 7.358141271047729 7.416736062605321 3.282244320626191 5.000018230741614 
3.5000699100823063 0.7000007717655107 17.000033598828196 7.303012334837061 7.411081801664197 3.187907093541715 5.000017758377394 
3.5011004239679306 0.7000011336831026 17.000005415376407 7.302028002360011 7.446768872994342 3.3581092920964846 5.000110565538105 
3.501107729135635 0.7000000286785998 24.531607158892598 7.750368682845655 7.408396551221672 3.899999923066727 5.00000090418465 
3.5009554855353344 0.7000001017572519 17.000172634224974 7.301031120536689 7.411261496798419 3.3351973170366644 5.000000937179591 
3.501692565872469 0.700005880043111 17.0001277750447 7.751231903791073 7.40974150463091 3.8237049050829857 5.000014380645537 
3.5000835956362795 0.700000983747228 27.190136944040187 7.750316080316643 7.417178202894604 3.899999741463203 5.000038679913956 
3.5003567231908694 0.7000031146904521 24.923178689499625 7.783654732142249 7.643968355585166 3.8999997924092336 5.0001701488699 
3.5093512501742246 0.700000465451095 22.461403627585852 7.750155483499652 7.41840038944274 3.899999781220207 5.000013315748234 
3.5005859460511424 0.700029777999287 23.065295966559315 7.750180394957344 7.448720485706974 3.899999912645482 5.000409037516388 
3.5010508265671576 0.7000008169411136 17.00000452296163 7.305597540140289 7.422883410478378 3.3203132046217623 5.0000217862786975 
3.500497639349834 0.700004433366933 17.000457831798446 7.756133447459804 7.41119312633149 3.7429545719202766 5.000001782730598 
3.5395580701051372 0.7000009998775883 22.664154605273776 7.755993892295985 7.529622102381215 3.8999999563298298 5.000055449965464 
3.5010498841764615 0.7000069396187379 17.000007972723832 7.3098542564319 7.411189473897705 3.6045846981170633 5.000005098493233 
3.5013745451017675 0.7000031107782408 18.733858910442777 7.750284422646708 7.407423032371716 3.8999997857743667 5.00001276093555 
3.5006322866646506 0.7000001123785478 19.037729664599293 7.755966304943334 7.595113735523472 3.8999999584270233 5.000125912510229 
3.5009835509241656 0.7000076016879607 17.000087694463737 7.423833087797345 7.434555473845529 3.681592818475657 5.000005546154185 
3.5005117936483505 0.7000001018542858 17.00016518338813 7.300507738055032 7.419611333102677 3.2606716618927116 5.00001086825305 
3.5012396284000613 0.7000437775730828 21.750132155506808 7.751622313680658 7.4095677268654585 3.8999999625543014 5.000025832092305 
3.536990619116479 0.7009220315147142 27.4590376968779 7.750001021482041 7.40961884964536 3.899999776275749 5.000012192930502 
3.5010171047933336 0.7000003647672128 17.00000452296163 7.312865622392441 7.401126544175996 3.3043807168125094 5.000017618736559 
3.50063355478366 0.7000407216758064 20.210828189075706 7.750139067484689 7.590392244781423 3.899999458281068 5.0000325097470215 
3.5000246675464624 0.7000002698279075 21.247023335646883 7.761558193757231 7.410914408626533 3.899999925842466 5.000004110800869 
3.500517040069432 0.7000009105210157 26.481202280896404 7.750004054531843 7.405772693207812 3.8999999578418456 5.000021163380361 
3.5011684113718804 0.7000094828060354 27.492964303265733 7.750242905599512 7.407744447863479 3.8999999196639608 5.000004687741995 
3.500996513828785 0.7000002192891553 17.00009007833778 7.302960026943896 7.405495352444912 3.449652470098035 5.000001932543315 
3.500517040069432 0.7000001562240578 26.26063259971934 7.750004054531843 7.405772693207812 3.8999999465353126 5.000021163380361 
3.5011004239679306 0.7000008804776235 17.000005415376407 7.747864966198046 7.446768872994342 3.38799380977842 5.0000048545702995 
3.5004969494279807 0.7000006874677231 26.96722183496672 7.790966355645244 7.445356910651407 3.899999461352493 5.000011018956076 
3.5004827943897707 0.7000003157795686 17.00000751202259 7.399545312761904 7.400679355856028 3.6365032657079976 5.000113411406335 
3.5000133510992084 0.700001007462372 17.00000316077673 7.300156446358073 7.422787088003889 3.206167166622485 5.00001698957632 
3.5006326414660784 0.7000001119495927 17.000881587922045 7.300752928882266 7.406979307176669 3.4360144392573653 5.000005122838552 
3.500281716564999 0.7000000006205309 17.000033713213394 7.3030250962419165 7.404266719466397 3.3498780318098067 5.000167385603315 
3.5005807288293034 0.7000457179975178 23.468809582657673 7.750001219784509 7.411656408904301 3.89999991280342 5.0000229442581885 
3.500732433074843 0.700001010455536 17.005978628544085 7.699404721411409 7.40744215302614 3.853481185390786 5.000001237849295 
3.5009177809682615 0.7000005688331059 17.98442616798654 7.75009379727432 7.409742261888655 3.899999996092978 5.000030691216278 
3.50050446873621 0.7000008123540518 17.759327917896346 7.750001027226715 7.423087366035981 3.899999771930216 5.000104638227521 
3.5009554855353344 0.7000008322233219 17.000172634224974 7.327252370291408 7.411261496798419 3.221365572259526 5.000017158671255 
3.500023325425952 0.7000009142272302 17.000007922776465 7.30973247009204 7.4113139108202475 3.561561306220783 5.000158484050141 
3.5007885362342357 0.7000131931583472 24.787600658955522 7.770766131182969 7.406355598265287 3.8999997484355813 5.000015131931044 
3.5009179417162524 0.7000011580888739 17.00000316077673 7.300752779530649 7.422575385720009 3.2418804040052063 5.000004781314533 
3.500498996440754 0.7000044113566396 17.00006995832701 7.300200290839667 7.410520162473278 3.380842664049508 5.000002192002769 
3.501035017038158 0.7000002474211905 25.344470665925108 7.75463173163704 7.409475701736936 3.899999814511852 5.00001292578237 
3.5010788947721916 0.7000076757938521 17.00019495346209 7.397760836742726 7.400511054229326 3.663596162882879 5.000002036442674 
3.5012396284000613 0.7000437775730828 22.18738564024844 7.750729041115654 7.415375389455605 3.899999967732211 5.00000064099255 
3.5009127020110613 0.7000002613182202 17.01479490751491 7.303030193086471 7.405494671837974 3.4956155760136687 5.000164708604198 
3.5004827943897707 0.7000003157795686 17.00001535030258 7.399545312761904 7.400679355856028 3.6365032657079976 5.000114945806601 
3.500560391083659 0.700029777999287 23.84817624077012 7.750180394957344 7.448720485706974 3.899999912645482 5.000378456545475 
3.5011684113718804 0.7000094828060354 27.963571028031676 7.750242905599512 7.407744447863479 3.8999999196639608 5.000004687741995 
3.5009111907087376 0.7000076323824754 17.000002488638646 7.4254659341931175 7.405165679882483 3.580464705825124 5.000008422292726 
3.501024856675457 0.7000484948077901 23.384418051011785 7.755467714983257 7.442451211245389 3.8999999597043833 5.000016002814738 
3.5005119827412843 0.7000030798004231 17.000458173431305 7.640928826714578 7.415380430150441 3.7934398548667563 5.0000021242922275 
3.5011493773192637 0.7000006905860392 17.00084153857979 7.749654591891316 7.407433608159915 3.7684543290997397 5.000466495567261 
3.5000305609237796 0.7000011813035792 17.019946267310683 7.3007371122999025 7.422737736507844 3.2245485258757407 5.000016620964443 
3.5001997145598707 0.7000297900911802 19.403384970261715 7.750411497391723 7.419107711921616 3.89999997518983 5.000157133833821 
3.590193892725138 0.7000000528620154 19.580576722934893 7.750416206013702 7.405955679644649 3.8999999837754658 5.0001432005398945 
3.5007835159915137 0.7000032101892063 17.41158266511708 7.772971057258141 7.435226546077396 3.899999741400069 5.000055118400012 
3.500069330709036 0.7000007717655107 17.00000124777533 7.301075474795066 7.405062851717699 3.2414891567607853 5.000002903037734 
3.500069330709036 0.7000004746003197 17.000002828859664 7.382829376469063 7.405062851717699 3.600187502353591 5.000017758377394 
3.5001748289250583 0.7000001119495927 17.000881587922045 7.300338465105979 7.403327108531941 3.4078951011391956 5.00000514656357 
3.5012728300085167 0.7000004375860855 21.00333664390905 7.750095474417431 7.4699956210834175 3.899999827908798 5.000009815699002 
3.50039930812017 0.7000030631119037 17.000797849436783 7.301037164712862 7.409058560767078 3.5388559724225406 5.000409346613629 
3.5005053668045414 0.7000003290127563 26.014927149973573 7.755966304943334 7.423081491862051 3.8999999471076676 5.000004767907773 
3.595207811857464 0.7000002474211905 25.340833786357866 7.750027956236473 7.409473992075081 3.899999814511852 5.00001292578237 
3.595207811857464 0.7000002474211905 25.340833786357866 7.750027956236473 7.409473992075081 3.899999814511852 5.00001292578237 
3.501035017038158 0.7000002474211905 25.344470665925108 7.75463173163704 7.409475701736936 3.899999814511852 5.00001292578237 
3.5006319863730333 0.700002853896742 19.959148850462302 7.755966304943334 7.595113735523472 3.8999999568034838 5.000128943045455 
3.5008935970401756 0.700000969159798 17.00000240577325 7.401577342987458 7.401062574541777 3.2734712573070075 5.00001452221791 
3.539637354072714 0.7025905092205429 27.99969063313822 7.75013990054045 7.662347407042033 3.899999956835394 5.000054057522074 
3.5000835956362795 0.7000008362522203 27.988265130268235 7.756618676033615 7.411722773773565 3.8999999559950114 5.00001598132081 
3.5007885362342357 0.7000131931583472 24.199447931730433 7.750011748021447 7.411610880345419 3.8999998659460653 5.000015131931044 
3.500741006636121 0.7000081978117813 17.000171799890072 7.3032094854030944 7.403543728565071 3.307551967596075 5.0000971074994265 
3.500931293755459 0.7000006730840295 17.000004254911552 7.312681529977608 7.405401276573588 3.476853218990993 5.00015794631379 
3.500792635086848 0.7000033359195363 21.595409762659735 7.750337656895033 7.413461045322289 3.8999997448125843 5.000048188646272 
3.5009270743944443 0.700000922727736 24.129807180229978 7.751600859483817 7.411643054338375 3.8999999508441445 5.000025332677447 
3.5010123952548544 0.7000000269157327 17.00000748989854 7.301037164712862 7.409062506744844 3.5388559724225406 5.000111889452577 
3.5010123952548544 0.7000000269157327 17.00000748989854 7.435394469211407 7.415014006702261 3.4833142614484873 5.000111889452577 
3.5011369759145894 0.7000000501360886 17.000754359519114 7.773050158420872 7.4078929273854985 3.772106711417646 5.000466495567261 
3.5005119827412843 0.700004433366933 17.006352629630868 7.756133447459804 7.40155957814294 3.7429545719202766 5.000003317938387 
3.500996513828785 0.7000006390506949 17.00015898915916 7.302297902549068 7.405510602469125 3.195638755822114 5.000116066433812 
3.5011264305171523 0.7000442325527303 18.33274470386902 7.750313483245707 7.430154116750428 3.8999999159962644 5.000053654737963 
3.50050446873621 0.7000008123540518 18.37241941634726 7.750001027226715 7.423087366035981 3.899999771930216 5.000104638227521 
3.5011369759145894 0.7001720433949388 17.000754359519114 7.774427925904768 7.4078929273854985 3.8772774720750314 5.000466495567261 
3.5001748289250583 0.7000001162552966 17.000881169203318 7.300021555824063 7.403327108531941 3.4078951011391956 5.000164614170284 
3.5007326787557207 0.7000008427987352 17.00043802553531 7.305171611283742 7.405812554881344 3.423325668115072 5.000015600631958 
3.5012396284000613 0.7000437775730828 22.18738564024844 7.750729041115654 7.415375389455605 3.899999967732211 5.00000064099255 
3.5000109255273744 0.7000002830710659 26.733887689710432 7.761675061571262 7.407298374482912 3.899999741400069 5.000006574228164 
3.5007326787557207 0.7000009254143429 17.000449650009077 7.350562470259555 7.419555851429718 3.2661033075658175 5.000010708437424 
3.501120127749336 0.7000032384495208 23.871481739417508 7.750011748021447 7.411658583077265 3.8999997484355813 5.000015166771696 
3.500785089189644 0.7000131931583472 17.258566564170767 7.750011748021447 7.405707124805716 3.8999997484355813 5.000002655056063 
3.500073016323287 0.7000027775445247 17.000458173431305 7.641148983356652 7.415380430150441 3.7934398548667563 5.000002808943992 
3.5011493773192637 0.7000006905860392 17.00084153857979 7.7496516364077905 7.407433608159915 3.8976457600563545 5.00048021435747 
3.5000636495110307 0.7000008945468491 17.000436707546214 7.300184878188911 7.405839801949028 3.464506395245228 5.0000028700412695 
3.5005053668045414 0.7000003290127563 26.014927149973573 7.755966304943334 7.4232535437489755 3.899999964097751 5.000004767907773 
3.5009270743944443 0.7000009695671613 26.745706655706137 7.751614325244606 7.407037360897928 3.8999999474308837 5.000023614677608 
