3.5008922298734855 0.7000028022826984 17.0000160122638 7.300704615193465 7.402430552530309 3.1693191799902403 5.000001449940504 
3.5008422489104527 0.7000723781702219 27.997821289572165 7.750468537833863 7.436012197945749 3.8999999854286935 5.001313979731451 
3.500442580171287 0.7000474344200133 21.24381896201387 7.750612704563429 7.563278412503969 3.8999999991230143 5.000319938041767 
3.500862123499617 0.7000463120354945 25.13451317988497 7.79374726260695 7.435861130822721 3.899999997391488 5.009309425556027 
3.5494589647080894 0.7000030081927403 17.789074772586126 7.750615394136611 7.563486237694893 3.8999999984194833 5.000001224133188 
3.500845143699334 0.7000518772851839 24.596954279814483 7.751003342740414 7.501530308295559 3.899999991818222 5.00000014889006 
3.5009150897046886 0.7000456104909436 18.462655061876568 7.752394386330215 7.49099654255446 3.899999992209422 5.000596447534437 
3.5008032828475977 0.7000623866319456 21.874390662556117 7.752357148270804 7.4171234702008215 3.899999983118598 5.000002600406162 
3.5008933366199204 0.7000002038680666 17.000173922435014 7.300223001176826 7.402368828895101 3.425549246026783 5.000000909404945 
3.5008320676391866 0.7001487416322609 17.00036863138829 7.302778444437016 7.404451104260876 3.5314944370676815 5.000005023418493 
3.500893251911124 0.7000012790703075 17.000003391120963 7.64122633246401 7.404636314646162 3.75655559351865 5.000012154902135 
3.5008858991061205 0.7000622098622539 17.000168098106172 7.300767935953464 7.430861579299926 3.411538405075976 5.0000503008553805 
3.5008391348899157 0.7000001386493813 17.00000128282466 7.656803488865113 7.406455372918568 3.65009818873206 5.000049476117821 
3.5007958339146534 0.7001529077714329 17.00090949494994 7.711011726097282 7.4093964854973295 3.795796467073812 5.000020989909766 
3.5008620122298484 0.7000003877451291 17.47915024515504 7.75205943574246 7.436620322004706 3.899999951283292 5.009299813547157 
3.5008692657421983 0.7000020181380443 17.000805196140146 7.300222512689832 7.40243058155456 3.510585590080501 5.000061900012113 
3.500893261181772 0.7000032407284851 17.000007751006116 7.626763001297676 7.404636314646162 3.7281909865993934 5.000012154902135 
3.501444694630728 0.7000059125295768 17.000031887027543 7.301465501580489 7.401444504468511 3.3449341517469917 5.000000009741838 
3.5012118527463283 0.7000099982588632 25.838449121365727 7.752337740738765 7.461390429160874 3.8999999985864604 5.000000212451254 
3.5008858991061205 0.7000010903567059 17.000166557687116 7.300434580109266 7.4050275724618 3.598179772345854 5.0000466193246025 
3.5008739885473297 0.7000042446356121 24.13382219893441 7.750611821409228 7.413492673907293 3.899997753257859 5.000029442976734 
3.500451841018091 0.7000124876855532 23.604146810983238 7.752184761305217 7.406003329896359 3.8999999994468735 5.001305743113975 
3.500451840938817 0.7000128236592044 23.941010823992585 7.752037937459647 7.405785875117376 3.8999999994468735 5.001297500794533 
3.5008629509936697 0.700012685988634 27.41540818450974 7.753692197926275 7.406698034650627 3.899999688655699 5.000000792744729 
3.501209362578007 0.7000099982588632 26.113369212136952 7.7503858149211355 7.46763838532588 3.8999999918327295 5.000000201866627 
3.5009898386835037 0.7000064683701364 17.00021852668046 7.370180683056388 7.403685992139238 3.3204113615353976 5.000107433667056 
3.500873109619029 0.7000471896469204 17.00007767709035 7.5055150638903685 7.405366581819305 3.6722371595063446 5.000011916227843 
3.5008829308481575 0.7000040722363498 17.000048867997826 7.300259831003656 7.407075149882224 3.3341335571244675 5.000011721061954 
3.500911712624995 0.700000049065792 17.0000196711378 7.302124710529788 7.403534523190691 3.3089972353808363 5.0000149374108105 
3.500893336412672 0.7000002013234966 17.000045508781263 7.300223001176826 7.402368828895101 3.4691804499121552 5.000000557333334 
3.5511285436487925 0.7000034592127334 20.471274837308766 7.750769840010087 7.409858502272999 3.8999999878203404 5.002064731966298 
3.5008350408845557 0.7000006655449439 17.000006152132197 7.355764294870026 7.403562562925858 3.4964247351406543 5.000005078099971 
3.500888374728191 0.7000002153713046 17.000031750106398 7.301422766023628 7.400216421487331 3.447612946529918 5.000000005597884 
3.500850371832608 0.7000029456963883 24.466256681088122 7.780143684697355 7.414618308656645 3.89999999181851 5.000005049140728 
3.5008829308481575 0.7000681023365222 17.000045658557262 7.300259831003656 7.406989695751961 3.296516459596281 5.000052911731221 
3.5004518629118255 0.7000457800940006 17.00522619354523 7.752040877643737 7.405987677314929 3.8597509762752327 5.001296672586732 
3.500489393193372 0.7000011458403725 17.0000160044066 7.475419941484757 7.4023260136636395 3.4816059792593896 5.000001996071786 
3.500521229676266 0.7000222963627012 17.00004736381557 7.304916010988223 7.406809627480498 3.2550181027245007 5.000044213700776 
3.500886880423205 0.7000065203329715 17.00004731336633 7.688814694564758 7.409119345993086 3.6985796151266417 5.000003296791071 
3.5004518629118255 0.7000724417934564 22.715640555272323 7.752056507733002 7.405784852100017 3.899999996184751 5.000800673444018 
3.500875604862594 0.7001377238889517 17.0212995551931 7.751825975407784 7.522014129439412 3.8938089043781883 5.0000025696742 
3.500298551497584 0.7000130139608131 19.521066249967824 7.751530463166791 7.490459443300577 3.899999998278959 5.038532642438899 
3.500525529609035 0.7000014903649265 17.00000336117045 7.466689978516791 7.406774032107859 3.6216080845339804 5.000048528883849 
3.50050978547163 0.7000520262937793 25.600411173085583 7.766766182395214 7.401129484670788 3.899999874598083 5.00004866708413 
3.5008470584860176 0.7000625387546549 26.88049155953029 7.750539882015352 7.404604572894323 3.8999999854286935 5.000900796816513 
3.5004518629118255 0.7000078343797762 23.297280562033624 7.752040877643737 7.405784852100017 3.899999997521877 5.001296672586732 
3.5008357486567707 0.700005645065438 17.000169780314557 7.312895134138669 7.406503700440045 3.2683767128824095 5.000012557757764 
3.500854425328359 0.7000090675321303 17.1645312091949 7.751753850463896 7.400211265976235 3.899999956688201 5.000001502479056 
3.50086624297524 0.7000000739048918 17.00000101755145 7.304109028424934 7.407104645700084 3.1820134363035684 5.000002622940202 
3.500886626926421 0.7000065489311779 17.00004731336633 7.680059843046488 7.409402012479375 3.7047387545112533 5.000110094082118 
3.5018398974621014 0.7000021330577031 18.800127277821495 7.752332192163308 7.4061244473908365 3.8999999903307496 5.00025878961767 
3.5014574686331588 0.7000549919743351 27.077719913856125 7.751816784975392 7.414618308656645 3.8999999979113418 5.000000898531711 
3.500873100924576 0.7000018069914735 17.000046742202784 7.302458741173647 7.402376359336012 3.2381397446868068 5.000012203933171 
3.500884671427036 0.7000064054823294 17.000033969133387 7.3024360026039545 7.430655653404436 3.392045925939987 5.000241326587892 
3.5008353921712643 0.7000016309312577 17.00000661519521 7.64122633246401 7.404631501012528 3.819856300287367 5.000012154902135 
3.5008357486567707 0.7000028707767227 17.000184767066024 7.309563911321296 7.406448932190058 3.2844311636212367 5.000012178106043 
3.5008021781727297 0.7000004804796776 27.233522776641145 7.752360138915108 7.404422475873882 3.899999938765419 5.000002123409905 
3.50087814921512 0.7000018497907806 17.00036863138829 7.302998340860576 7.402614646572752 3.243686408724273 5.000005415449264 
3.5014391748380422 0.7000126681238428 18.966010953056976 7.7505021083156995 7.4061244473908365 3.8999999902301994 5.000175586023651 
3.500287020912211 0.700012983893122 19.120186708284443 7.76964533500909 7.564331065610948 3.8999999986323015 5.038532642438899 
3.5004174454566646 0.7000722930118886 20.950196746395488 7.752040877643737 7.405784852100017 3.899999997391488 5.001296672586732 
3.5005173907947844 0.7000452359413937 17.00003664510664 7.422015090286334 7.403405470269157 3.6210779350108497 5.000048528883849 
3.500801373100172 0.7000633508766516 22.97453074687172 7.753452959306924 7.491400369760893 3.8999999922013417 5.000034835209346 
3.5008623191461923 0.7000001201124306 17.00000618518461 7.305408294419397 7.402447002004768 3.362753111054561 5.000005753358663 
3.500815940592526 0.7000637229476316 17.000161135384893 7.3225069842840345 7.400688304610144 3.205128799498933 5.00000063644756 
3.5014388230891553 0.7000464022132697 20.242036710734816 7.750769840010087 7.406183633086932 3.899999987530856 5.002064731966298 
3.500298551497584 0.7000067958717873 19.286181518484394 7.751530463166791 7.490459443300577 3.899999998278959 5.038532642438899 
3.500882940161975 0.7000064054823294 17.00003395797203 7.302484492897522 7.430622666831387 3.3908491893338146 5.000241326587892 
3.5014521053701313 0.7000456693249414 17.000200486581434 7.309123953668627 7.402608045537646 3.5660808859563353 5.0000349057183575 
3.501846211619972 0.7000021330577031 20.30165393010815 7.752332192163308 7.4061244473908365 3.8999999902695124 5.002093273451279 
3.5008470584860176 0.7000723781702219 27.688057527730653 7.7504714309734615 7.404604572894323 3.8999999854286935 5.000900796816513 
3.5008418358353572 0.7000069913084874 17.000056356183883 7.419550799205026 7.401454487593804 3.663643969698052 5.000005224786276 
3.5004518629118255 0.7000724417934564 22.40979485899174 7.752040877643737 7.405784852100017 3.899999997391488 5.001296672586732 
3.500888975287622 0.700000289477513 17.00036863138829 7.302778444437016 7.402608045537646 3.550188076053916 5.0000349057183575 
3.500461251679143 0.7000463120354945 25.356346687501354 7.752040877643737 7.4358554286293295 3.899999997391488 5.000304204359486 
3.501441152022963 0.7000012405715795 17.00000508306314 7.3426702938819455 7.402969465276231 3.5851198414830696 5.000028144108436 
3.500801373100172 0.7000260553922361 23.399805678801666 7.753452959306924 7.4960848181547135 3.8999999920739827 5.000015453736336 
3.5008919763767015 0.700002830880905 17.0000160122638 7.301993928449555 7.402713219016598 3.1754782592663933 5.000109101361219 
3.5020643635627926 0.7000029965836525 20.858460641514945 7.754110862753181 7.406739918895595 3.899999963717938 5.0000050989126805 
3.540794281633679 0.7000579892929267 22.04927053898397 7.752358219705465 7.510234283743041 3.899999986362703 5.007058025051231 
3.5008357486567707 0.700005645065438 17.000169780314557 7.312895134138669 7.406503700440045 3.374919687529391 5.000012557757764 
3.5008353921712643 0.7000016309312577 17.00000052820987 7.646689295029371 7.404686269262514 3.803772694914263 5.000012534553856 
3.500871448035279 0.7000010997645303 17.000792406684443 7.300259881478882 7.40243058155456 3.1924893563257695 5.000061900012113 
3.5005136349147996 0.7000062959802993 17.000015985940458 7.300199839264124 7.403608776864901 3.2649996219275206 5.000048517465379 
3.500888374728191 0.7000062715590821 17.000046708830315 7.3148756971980315 7.442794458293631 3.45327942225128 5.000000803490885 
3.5014450765556853 0.7000460225386667 19.898163646592394 7.75044968973294 7.468826121034696 3.8999999875379094 5.005470115212787 
3.500673269670473 0.7000666693084514 17.000045521826816 7.693173467611052 7.423024519831856 3.8342370183234613 5.000022620919573 
3.500521229676266 0.7000014903649265 17.00000128282466 7.468884459485431 7.406766904433793 3.2264680232374565 5.000048528883849 
3.5008165724238873 0.7000549919743351 26.687933589101416 7.7510052269003085 7.414618308656645 3.899999999201791 5.009435306158733 
3.5004518629118255 0.7000457800940006 27.91671370196144 7.752042017987633 7.4348016871373055 3.899999997391488 5.001308519938062 
3.5008395810811854 0.7000017349129339 17.00001620316116 7.612542132287376 7.406015761600421 3.7470084120870477 5.000019257274365 
3.5008470584860176 0.7000723781702219 27.688057527730653 7.7504714309734615 7.404604572894323 3.8999999854286935 5.000900796816513 
3.5008607766966384 0.7000000248964479 17.00001620316116 7.750477702838105 7.404608389523615 3.8423408907919647 5.000002158345356 
3.5005189172766906 0.7000681023365222 17.000046924497326 7.464593449771696 7.406989695751961 3.28614769596762 5.000052888466935 
3.501443557564354 0.7000061567613125 17.000031887027543 7.332239618814801 7.4014889991807715 3.5508326136634984 5.000002109546784 
3.500871448035279 0.7000010997645303 17.000792406684443 7.300259881478882 7.40243058155456 3.1924893563257695 5.000061900012113 
3.5008771663467386 0.7000000441919058 26.459561788681576 7.752532673336155 7.404422475873882 3.899999938765419 5.000002119134788 
3.501444729727876 0.7000460225386667 19.898163646592394 7.750470939124966 7.4365543367290305 3.8999999875379094 5.005470115212787 
3.5008357486567707 0.700005645065438 17.000169780314557 7.312895134138669 7.406503700440045 3.363849176301186 5.000012557757764 
3.500860511006757 0.7000115661618239 26.321206882118446 7.750611821409228 7.436287159780682 3.8999999875819955 5.000030469452026 
