3.500418702287139 0.7000006467017723 17.000228872997194 7.300132737754256 7.402834633232815 3.1691834763827536 5.000002347024761 
3.5276649089805785 0.7000819641587332 27.984429497034913 7.751040507405887 7.4093051202829905 3.899999969132907 5.000005474880118 
3.500418702287139 0.7000006467017723 17.000228872997194 7.300132737754256 7.402834633232815 3.1691834763827536 5.000002347024761 
3.5023816714947604 0.7000138044866752 18.526967912716678 7.750852196513816 7.41989402042599 3.8999999342812295 5.000020765855683 
3.500245884306628 0.7000146957678224 19.096153652586082 7.7509430752541055 7.413985428549076 3.899996275442198 5.00004561164383 
3.500098350259584 0.700014246498057 17.48460836697641 7.750977988058129 7.4137367222508 3.899999897745386 5.000031349191826 
3.502284675695398 0.7000006356437999 21.647723020588174 7.750301991476176 7.420177339520003 3.89999312398477 5.000010111443282 
3.5432408715001653 0.700009493391012 22.87713290631094 7.7509430752541055 7.468412730529677 3.8999962759970934 5.000046738854715 
3.5009403142722686 0.7000008496308908 25.63372328408763 7.750611527267419 7.467385325550754 3.8999995012505155 5.000008291467419 
3.500331924053235 0.7000006407054954 17.000016102334524 7.304560306907489 7.402875550800297 3.2237524239047293 5.000002458330554 
3.500794269324418 0.7000008496308908 26.40907455149459 7.750611527267419 7.482216465250944 3.8999996943532382 5.000008291467419 
3.5002930018254577 0.7000024812153797 17.000016102334524 7.333791202224152 7.426756775381375 3.492469052392118 5.000002465311215 
3.5001057672749467 0.7000142339865272 27.22558733823408 7.750977988058129 7.41393943103322 3.8999976401599126 5.000031622199586 
3.5003961711121545 0.7000005421127785 25.25490904574631 7.750839424919394 7.456814957486741 3.899999181261904 5.000019409651658 
3.5004255737934957 0.7000018291735284 17.010923814251814 7.77250905134844 7.403006168642488 3.88008396249854 5.000002201473513 
3.505248785344975 0.7000012593397775 17.00006662251033 7.300994622006894 7.403926194693574 3.249935637859754 5.000007726470373 
3.5009965970575188 0.7000777619805022 24.224670461942978 7.75108541447184 7.423055201208974 3.8999986967907865 5.00001140555949 
3.50032155174106 0.7000367011592165 17.000000687294325 7.308274937156635 7.415349860781383 3.3047115230508712 5.000000522616946 
3.50023043496091 0.7000381628516651 17.000453065598624 7.364995785771236 7.403595014451335 3.605249321930045 5.000058380588549 
3.543669506696731 0.7081750097299501 24.055776171801426 7.762447377015431 7.534172979546615 3.8999999700081966 5.000012970294867 
3.500480318917123 0.7000440703454808 17.00018133699759 7.308227613062895 7.401892144837607 3.372214503489781 5.000012856200586 
3.50041862216228 0.700000647865003 17.000228872865147 7.310310080089635 7.419798828424586 3.2072659642519437 5.000002328747103 
3.500278177792591 0.7000013496139947 17.000383563391797 7.312824469659609 7.470633155535045 3.3504397608300414 5.000024932716351 
3.5003033180253467 0.7000002045436452 17.000378240796927 7.614816068638392 7.402180433383489 3.4269720934830663 5.000000757198864 
3.5002934643762007 0.7000265100152285 17.000035548593168 7.302010775188126 7.402951542325779 3.317915591614424 5.000001426897977 
3.500411338222951 0.7000004654864337 17.00001957495505 7.309927739152469 7.400928242468552 3.177029645706318 5.0000005320553065 
3.500537278642938 0.7000000133340615 17.000124202814067 7.314801400635003 7.404442893768242 3.1890986749151358 5.000025712416003 
3.500822361143219 0.7000244140816781 22.502856848263487 7.7629753381912465 7.4035417736637035 3.8999998536200016 5.000025632431676 
3.5009664021029074 0.7000012450382093 23.957368562500996 7.75103278236688 7.4109528248366034 3.8999999791582685 5.000002541535569 
3.500331924053235 0.7000024812153797 17.000016102334524 7.3045978940391745 7.425186758184119 3.5174036054477096 5.00000245693709 
3.5002910370841085 0.7000152025745491 17.00002462066794 7.53390941759797 7.418217582488922 3.674882670899237 5.000015277582261 
3.5002915503022254 0.7000151883036833 17.000017776616314 7.534516599901823 7.416787874361899 3.7079300039987704 5.000015420992008 
3.50042289530453 0.7000000082495684 17.000228890140338 7.300970070621049 7.452948398572985 3.278653937796971 5.000002297320652 
3.500394840025817 0.7000019342791648 25.101035100664156 7.750850760727363 7.456814957486741 3.89998463969657 5.0000194631454145 
3.5007964380912844 0.7000415158279821 18.026510177680795 7.762204152413496 7.484970683239822 3.899999696379145 5.002010477354235 
3.5002934643762007 0.7000255418956117 17.000053204588053 7.308653386646414 7.414795051179018 3.3914294175843964 5.000018093572551 
3.5003209700990707 0.7000149732674344 17.000008798278458 7.318390767460679 7.415967514979589 3.540692796971933 5.000005967911299 
3.501027408315411 0.7000004529536437 22.757720135013834 7.75103278236688 7.456852876050788 3.899999951980578 5.000775705719934 
3.500294764232738 0.700039043109002 17.00038139606686 7.323799285424876 7.402797992354667 3.33726594294202 5.0000002495902685 
3.500282865558512 0.7000012302559474 22.062018588084786 7.750217482685053 7.457250857999905 3.8999962488320152 5.000346902096842 
3.5054650848809823 0.7000140187361574 27.577088436115964 7.7663538240755035 7.415444333398606 3.899999489988717 5.000008018961748 
3.5001057672749467 0.7000142339865272 27.397420704913387 7.760277465784064 7.41393943103322 3.8999976401599126 5.000031622199586 
3.5003247373096706 0.7000436456580769 17.00000224176179 7.308251328375712 7.415873930348849 3.4400832071759835 5.000214647640953 
3.500814208417727 0.700049412571973 17.000158347050938 7.324401754251341 7.401897800723046 3.3632479119878456 5.000015463574595 
3.5008014267543204 0.7000492644995066 20.951386143552533 7.762644532449739 7.464499478547163 3.8999999699991474 5.000013491342924 
3.50032155174106 0.7000364821597534 17.000000687294325 7.309312937512652 7.415349860781383 3.263946738105579 5.000000522616946 
3.500281532198875 0.7000012114049445 17.052811638262956 7.692799645968785 7.414334974997949 3.8463882336488946 5.000017859241678 
3.500524481825914 0.700040714479494 19.756342974629185 7.750648182418186 7.414492664782356 3.8999980091326676 5.0000335139605685 
3.500923329111171 0.700013834192357 20.079269659483376 7.80696875446269 7.402960394490398 3.8999998782132743 5.000055894131727 
3.500423738659803 0.7000012393509011 17.17399347543369 7.750217482685053 7.404184603664733 3.8999962488320152 5.000012132136479 
3.5002934643762007 0.70003829697005 17.00009687514466 7.684546534543687 7.40280257816043 3.78683511980768 5.000017739210109 
3.500418702287139 0.7000000225894383 17.000228890140338 7.300312959064799 7.452948398572985 3.450232437552598 5.000002335427045 
3.500294764232738 0.7000396116149978 17.00038139606686 7.323799285424876 7.402839579374762 3.328801734160336 5.000000374582334 
3.500293751691665 0.7000004654864337 17.000158347050938 7.324401754251341 7.401897800723046 3.396155554658255 5.000128443420182 
3.5007964380912844 0.7000407267458506 18.058138325255047 7.762204152413496 7.503926479810236 3.8999997139443696 5.000088785599069 
3.500280993202117 0.7000000504073342 17.00018307132299 7.367566023946384 7.409900038973158 3.632878119664699 5.000000104450053 
3.512819342785993 0.7000007184800029 22.005217874914127 7.750591551507381 7.44684435899324 3.899999022952785 5.00000347414257 
3.5004085682785733 0.7000086855544914 26.137766331165718 7.762208002160379 7.41178107703697 3.8999983681163446 5.000045536930197 
3.500418702287139 0.7000024872120432 17.000228872997194 7.300113631228104 7.472498163498266 3.5200018625327854 5.000002345631296 
3.5009589924296094 0.7000000068298571 23.403869494236545 7.75103278236688 7.424325474430387 3.8999999791582685 5.000002541535569 
3.5043027908024493 0.7000006467017723 17.000228872997194 7.310784305519046 7.452028869765894 3.5551586498462457 5.000002342397472 
3.5009403142722686 0.7000004997200646 26.880133125980155 7.750527821468436 7.482810144747142 3.8999996954620357 5.0019541026034 
3.5003313538700125 0.7000020095286223 17.000102039384416 7.303600062532031 7.444134309968495 3.238261706321019 5.000000157480786 
3.5002969455565336 0.7000142339865272 27.837298460225863 7.7575220670222755 7.413977123894392 3.8999976401599126 5.000031622199586 
3.500942483039135 0.7000415158279821 21.266969690621508 7.762204152413496 7.468401627458383 3.8999995032764216 5.002010477354235 
3.5003018686401046 0.7000000023722943 17.000228872997194 7.300147958405296 7.4044415939382375 3.476698419345587 5.000031549392394 
3.5009591441392645 0.7000012450382093 24.81841226666535 7.751032611909262 7.424466743394129 3.899999979225019 5.000001854577871 
3.5002942514624706 0.7000212081233557 17.00009687514466 7.30239309208809 7.4003586361781695 3.588941998345462 5.000017877521999 
3.500942483039135 0.7000415158279821 20.449924227375174 7.762204152413496 7.468401627458383 3.8999995032764216 5.002010477354235 
3.5002904921442264 0.7000407267458506 17.011528214419474 7.762204152413496 7.507900678157363 3.895680191894435 5.000088785599069 
3.500275333127761 0.7000004382192182 23.609931576667822 7.750961574538525 7.416647776581545 3.8999995276721418 5.000009060033528 
3.5009539278208353 0.7000012450382093 23.76039955066118 7.75141992070829 7.424325474430387 3.8999999791582685 5.000002553913708 
3.5054650848809823 0.7000492749180444 19.426248565517366 7.7663538240755035 7.415444333398606 3.8999998883245226 5.000006591559261 
3.5003239342056824 0.7000001106204985 17.000187426086068 7.3701028715648995 7.402180312963495 3.625204960065402 5.0000000084896055 
3.5002836088842146 0.7000002558876014 17.000162262810033 7.691725501649224 7.4277288296584665 3.8397019943194146 5.0000061106083695 
3.500552993411972 0.7000002385543108 17.041918262732683 7.715617155869563 7.403291738528172 3.760422903684895 5.000023984482744 
3.5057551987632065 0.7000098164933205 21.345833075704256 7.774482896353395 7.458223631655799 3.8999998505902242 5.00001015014534 
3.5003347907587137 0.700015327668028 17.00002462066794 7.530573950837018 7.416787874361899 3.711634506307139 5.000010094847386 
3.5003313538700125 0.7000623234027832 17.000102039384416 7.302501887234201 7.444134309968495 3.2333395100242814 5.000000168186871 
3.500323857483185 0.7000001106204985 17.000010160664683 7.603646203194041 7.402180312963495 3.7327750099776797 5.000000129019269 
3.5003367586724914 0.7000421859049414 17.035346856389864 7.601809584783423 7.402180312963495 3.736980814094442 5.000008435313369 
3.5002915503022254 0.7000151883036833 17.000002803427265 7.544113753356389 7.416787874361899 3.269351184975335 5.000015420992008 
3.500227768809115 0.7000024668086476 17.000122552100816 7.402545993136993 7.4238510278263075 3.6545408794836227 5.000026068573709 
3.5009516266763785 0.7000017512055288 24.757689264528466 7.75103278236688 7.414913435409138 3.8999999779112766 5.000002541535569 
3.500552993411972 0.7000002385543108 17.00016401785307 7.715617155869563 7.403291738528172 3.760422903684895 5.0000239784666975 
3.5004220431492783 0.7000384547394278 17.007603103569576 7.407184402183729 7.402127562778277 3.412115029826049 5.000006875785406 
3.5002910370841085 0.7000152025745491 17.00002462066794 7.534516599901823 7.416787874361899 3.674882670899237 5.000015277582261 
3.500227768809115 0.7000024668086476 17.00023463380976 7.402545993136993 7.4238510278263075 3.6545408794836227 5.000026068573709 
3.5002781431471157 0.7000000235049239 17.000070050375676 7.649027738826422 7.411841123179676 3.8079173694597506 5.0003334365539125 
3.505352251377925 0.7000007855763848 26.653390449671818 7.774482896353395 7.458223631655799 3.8999998505902242 5.000008098149703 
3.500273755106105 0.7000013986165599 17.000001556037933 7.300973806458827 7.401080429915228 3.2909823628037516 5.000011697066702 
3.5002781431471157 0.7000008250480722 17.000103024671922 7.641299343124957 7.445712304063203 3.8183277355768324 5.000027394472767 
3.5002938309286766 0.7000044160229659 19.99372062252157 7.8393374651474295 7.403908442981324 3.8999997347944233 5.000055894131727 
3.5008082283258375 0.7000370275810558 25.83723457462912 7.750961574538525 7.416341945244092 3.899999840983985 5.00000149269324 
3.5004220431492783 0.7000384547394278 17.007603103569576 7.407184402183729 7.402127562778277 3.412115029826049 5.000006875785406 
3.501027408315411 0.7000139013425555 27.766291436662385 7.751685228783592 7.456852876050788 3.8999994884017766 5.000774953014107 
3.5002945045759173 0.7000004654864337 17.00001957495505 7.309842187029655 7.400938881930434 3.483407235932112 5.000029254120417 
3.5054650848809823 0.7000118140996802 19.50058179142435 7.750804122726974 7.415374969686054 3.8999999252743818 5.0000313689980285 
3.500273755106105 0.7000013986165599 17.000001556037933 7.300973806458827 7.401080429915228 3.2909823628037516 5.000011697066702 
3.5001057672749467 0.7000142339865272 26.068101219969464 7.760277465784064 7.41393943103322 3.8999976401599126 5.000031622199586 
