3.500086915269376 0.7000000112568434 17.000075011211585 7.300166023106155 7.401433204919724 3.168802946041344 5.000004142907613 
3.595283735930229 0.7035964732391741 27.993426840857303 7.750976109304822 7.424274950250201 3.8999999575669175 5.0004037811668836 
3.5003916557430266 0.7000005923018077 24.142941250445965 7.750659257838412 7.407787373739503 3.8999990418612547 5.000013124344587 
3.502973924327239 0.7000212265685508 23.625093552006028 7.750434539168683 7.411035657788906 3.8999989655952048 5.00002732455985 
3.5074187977958737 0.700629522162246 21.645088264253083 7.750779968706466 7.409245095109247 3.89999931762675 5.000027857532741 
3.5496012623963273 0.7000477032894687 25.131265437433363 7.75076814064032 7.404232146898419 3.899999981177059 5.0000023242240434 
3.500657037773751 0.7000031179368398 19.48779119828451 7.750431670642881 7.417788106590347 3.8999996546052507 5.000000227893583 
3.5000965909405393 0.7000000311124155 17.000079870045155 7.300010431757342 7.403414252434992 3.4882804251592217 5.000004061950426 
3.500657037773751 0.7000031179368398 18.893021538745945 7.75659368119802 7.407509535056505 3.8999996607683447 5.000000227893583 
3.500946873184559 0.7000000314783476 25.64474345071455 7.750768507597248 7.409531140966164 3.899999999036955 5.000004415203637 
3.549761111941514 0.709863295173151 25.69454790582375 7.75076814064032 7.404232146898419 3.899999981177059 5.0000023242240434 
3.5041897386142984 0.7002939435930342 18.61896767102138 7.750767407164627 7.421891268236095 3.8999999891218025 5.000570728729008 
3.5043343674740064 0.700122536277761 25.927765591595872 7.750779873610717 7.499605531748769 3.8999999521704827 5.000036021985052 
3.501985315690181 0.7000043154517267 24.949750170238634 7.750767302370551 7.401183983819884 3.8999993028533475 5.000568845093347 
3.500207952349928 0.7000037052770518 17.000072340692345 7.300951091048597 7.403333091801209 3.5900534589172644 5.000003944894934 
3.5042513173384235 0.7000506773622698 23.20031627250036 7.750790032250906 7.407880362213687 3.8999990560617213 5.000000395887699 
3.50009587852499 0.7000006622553715 17.000052437607557 7.300322846946472 7.403956868197096 3.2365244283928862 5.000093542086722 
3.5487652778737675 0.7010642357609962 19.581056673279853 7.750570918020637 7.474800274920705 3.899999981177059 5.004709483042244 
3.50031948508098 0.7000014846666983 17.000110749032885 7.3940306190121445 7.403249664578791 3.62739554419937 5.000135873686966 
3.500202602599382 0.7000037398552325 17.00007271972377 7.325356124148951 7.403396370003505 3.60924447000313 5.0000274402244775 
3.550168917772119 0.7000340856683059 22.029511016586945 7.750578350210427 7.429210482519558 3.899999981177059 5.0000022484760995 
3.5002285813097 0.7000000029256328 17.000146168077006 7.3912344368129865 7.401223451851476 3.568386625551917 5.0000041167365525 
3.5009200842543526 0.7000021874864164 17.000081410083762 7.528744798757754 7.409762749698277 3.7055885697408257 5.00000224582476 
3.500096600204117 0.7000000316689163 17.000083444330045 7.300025826871642 7.401232186364502 3.190849705467558 5.0000002811443744 
3.500309137030968 0.7000045139717851 17.000075008148954 7.300106648303229 7.407321892878283 3.2155384156761992 5.000312918797001 
3.5002958263148445 0.700000039438265 17.000645083741503 7.300322846946472 7.4293717029848345 3.1781742062263763 5.000027373093776 
3.500946873184559 0.7000237115856722 26.57797937070137 7.750438310226086 7.409531140966164 3.899999999036955 5.000004415203637 
3.5043313272118124 0.7003826050772082 24.612340366423393 7.751121346497566 7.598940883243432 3.8999999946644164 5.003001279934457 
3.5003114535865496 0.700003237762226 17.000052437607557 7.300322846946472 7.440792330008025 3.2424090919085615 5.000021117536735 
3.5000997088752177 0.7000000242267698 17.00010827675638 7.301909930083242 7.401580859258764 3.3203207498283818 5.000005614069297 
3.500173473223191 0.7000006599447433 17.00010548651878 7.681795917129527 7.403841097208979 3.777816057362599 5.0000028004062935 
3.500308309185613 0.7000014854182499 17.000247504914114 7.734721913054761 7.403344331792037 3.729702353286246 5.000001975367486 
3.504884660977864 0.7000029949787214 27.995275628487875 7.750978830191281 7.401303420716945 3.8999999503830205 5.000548862889962 
3.500322666447554 0.7000000587493118 17.000011513565195 7.304570611225724 7.408275347302557 3.3813464394216792 5.000017082264977 
3.5050562227757918 0.7000005542463681 17.000011513565195 7.311289244303844 7.408256161403148 3.4604255033476523 5.000036964097772 
3.5497435152940797 0.709863295173151 19.77656308737808 7.75076814064032 7.420156769078084 3.899999981177059 5.0000023242240434 
3.556299150681154 0.7002262415673156 17.9061311868899 7.750768531642696 7.413947272899932 3.8999999991877123 5.000537933211603 
3.5002285813097 0.7000000018569817 17.000146168077006 7.3912344368129865 7.401223451851476 3.6475616816811964 5.000004130681624 
3.500101628878986 0.7000000000011942 17.000052296269317 7.30033668358126 7.407010895836106 3.554998019488449 5.000016832659011 
3.595283735930229 0.7007726827598302 27.993426840857303 7.750976109304822 7.462711171069219 3.8999999762957374 5.0000064140024 
3.500657037773751 0.7000000461598308 17.555523547613774 7.750440988461832 7.417788106590347 3.899999655961132 5.000000227893583 
3.5002019902256434 0.7000005601541494 17.00006037863226 7.30360808589218 7.403338837965194 3.2742555228278585 5.000003235903753 
3.5002055850370866 0.7000037743490561 17.000007587138057 7.323989075805609 7.401561491908604 3.4410671170311393 5.000036964097772 
3.5002022272237787 0.7000003380807716 17.000063535971634 7.3032895524395425 7.407381261864399 3.4091184627476925 5.000004623957363 
3.5050551516341817 0.7000089968711362 26.97038466548599 7.754934117019629 7.463664527790487 3.899999068441838 5.0000365582147905 
3.5042846118160917 0.7000110370556324 27.68529291779992 7.7504396950634 7.46386178951852 3.8999999700020846 5.000003083966925 
3.5013063606282597 0.7001139217901529 21.233130014167973 7.75063825569193 7.407535398643784 3.8999999995896064 5.000027988628044 
3.550168917772119 0.7000156918273742 22.454939605837602 7.750578350210427 7.429017343998873 3.899999981177059 5.0000022484760995 
3.500310523756133 0.7000005630058534 17.000052437607557 7.300322846946472 7.429732857343788 3.259963775096567 5.000021117536735 
3.5000997088752177 0.7000000273194071 17.000053366317367 7.301909930083242 7.407344986241481 3.3318265489689525 5.000005614069297 
3.5008012862376674 0.7000000112568434 17.000075011211585 7.338055668276673 7.401433204919724 3.3484424373897967 5.000004142907613 
3.501985315690181 0.7002268940452264 17.87984175956686 7.750767326415998 7.413460910551889 3.8999993028533475 5.000569291678624 
3.5002019902256434 0.7000001332716007 17.00006037863226 7.308677947125094 7.403338837965194 3.280387365323725 5.000003458416509 
3.500278098408317 0.7000007013511976 17.00153481322331 7.750427340172223 7.403715500219587 3.877574518487797 5.000003627147758 
3.5495549086305873 0.7010642357609962 20.658822655341357 7.750570918020637 7.474800274920705 3.899999981177059 5.000001867965418 
3.5003227694688555 0.7000000689661134 17.000054077418213 7.305778936831802 7.407461314559987 3.448746805431978 5.000032712335398 
3.5025008050219752 0.7000015439889492 17.000011340950866 7.735469626036237 7.40829969925262 3.802047728747811 5.000014878452436 
3.500299051579369 0.7000022050824247 17.000054077418213 7.528882058016304 7.407466317505098 3.6578099984588857 5.000032831041491 
3.5083108616780994 0.7000029920457651 21.082481202448225 7.75658530788136 7.407366698672887 3.899999949941087 5.000027945241851 
3.5002877735276967 0.7000015439889492 17.00005984827187 7.735469626036237 7.401555447233004 3.855138847625753 5.000001975367486 
3.5002308818012096 0.7000015439889492 17.000084908600865 7.735469626036237 7.401555447233004 3.829694390414148 5.000000215863118 
3.591648119538177 0.7000568538063302 22.693022435524792 7.750578350210427 7.445979579357326 3.8999999825247844 5.000003338757101 
3.5008894009331994 0.7000000398122229 17.00004375107317 7.308592602462862 7.402755413650294 3.4258134057852296 5.000003117482853 
3.504884660977864 0.7000043154517267 27.491907295816585 7.750978830191281 7.401303420716945 3.899999999651425 5.0005572527129925 
3.5083108616780994 0.7000043125187705 20.50588654095001 7.75658530788136 7.407366698672887 3.8999999986724134 5.000037098612739 
3.5008221689992074 0.7000001285205764 17.000072452003753 7.3192384663848395 7.4012314840228575 3.5208752759520845 5.000020716970274 
3.5008894009331994 0.7000037855279913 17.000653055861086 7.300027399317512 7.4411486692571005 3.5011752617951695 5.00002737472884 
3.502063569540566 0.7001888882231575 17.001864836361236 7.30001394169892 7.448751677927525 3.290846809426144 5.000140140150362 
3.5008894009331994 0.700003151119911 17.001717983796045 7.300027399317512 7.4411486692571005 3.528135532395244 5.000024796236678 
3.500309045038053 0.7000015439889492 17.000796997136465 7.735469626036237 7.401555447233004 3.801685347346108 5.000001975367486 
3.5003158563114476 0.7000005561103491 17.000029212171412 7.300417202543166 7.403910608874391 3.306424361971351 5.000000696266444 
3.500310523756133 0.7000005630058534 17.000052437607557 7.300322846946472 7.429732857343788 3.259963775096567 5.000021117536735 
3.5022984288785466 0.7000021693879559 27.396972360253947 7.751118112114161 7.406911148609312 3.8999999773747303 5.000002333318997 
3.5002308818012096 0.7000015439889492 17.000084908600865 7.735469626036237 7.401555447233004 3.829694390414148 5.000000215863118 
3.5003090440203084 0.7000044938124692 17.000746526881674 7.300106648303229 7.407459684868941 3.2008023948022335 5.000312918797001 
3.5007353997150106 0.7000246472883059 27.84454057363763 7.750431785993109 7.464642790434778 3.8999992543665343 5.0100397039421125 
3.5074187977958737 0.700629522162246 24.614991210025064 7.752870344857929 7.602609478582866 3.899999985462612 5.000003718447066 
3.500308031081458 0.7000001332716007 17.000061398625366 7.309801972397263 7.401327730588327 3.203949976287299 5.000004257992905 
3.500491814272487 0.7000089968711362 27.22224739260892 7.750434539168683 7.464434866376485 3.899999068441838 5.000004828376021 
3.5003158563114476 0.7000005561103491 17.00006002957539 7.300010172552054 7.403910608874391 3.306424361971351 5.000000696266444 
3.5041253037269877 0.7000109740055716 17.276267853744443 7.769976550595784 7.5297715426537115 3.8999999983210802 5.000034619753708 
3.500823101322814 0.700000107547476 17.00004208163291 7.306781506313937 7.406678496885927 3.3955739535284297 5.000006888247984 
3.504283528168204 0.7000103672899325 22.29090673605921 7.7504396950634 7.462756412893234 3.89999999621995 5.000083382828727 
3.500268494473004 0.7000015429433497 17.000059953701438 7.735469626036237 7.401555447233004 3.857822398798137 5.0000022392794925 
3.500096600204117 0.7000000579441095 17.000083444330045 7.300011478067167 7.417797139949565 3.213235672712541 5.000037496519251 
3.5041161366723093 0.7000109740055716 20.281436585749432 7.756941369713983 7.5297715426537115 3.8999999521704827 5.000035996754831 
3.500103195239808 0.7000002010897716 17.0000833509793 7.528882058016304 7.401643396877187 3.687862166141851 5.000032612474878 
3.501985315690181 0.7000980141443202 20.684190555046147 7.7507658334756995 7.413460910551889 3.8999993028533475 5.000575530193707 
3.500573003775792 0.7000005636566716 17.00002947607394 7.300416354780495 7.407370920767332 3.3570865472002827 5.000157494230713 
3.5003114535865496 0.7000108360551396 17.000052437607557 7.786667182254623 7.440792330008025 3.887206530853345 5.00001837279279 
3.500491814272487 0.7000089968711362 27.13989898887401 7.750434539168683 7.400653486624904 3.8999997438545773 5.000003079705079 
3.501985315690181 0.7000091301792704 26.751640785773503 7.750767302370551 7.46500275742211 3.8999990569429177 5.000552415674442 
3.500823101322814 0.7000003152959625 17.00004208163291 7.306781506313937 7.563572165896286 3.3955739535284297 5.000006888247984 
3.500203946133308 0.7000003380807716 17.000063444585006 7.3032895524395425 7.407381592351917 3.4184658077834187 5.000004623957363 
3.5002997660386774 0.7000002020559707 17.00006058756388 7.528882058016304 7.407326027022057 3.69032164154149 5.000032831041491 
3.500173473223191 0.7000006599447433 17.00010548651878 7.680959430332684 7.403841097208979 3.7630797414746175 5.000000272584262 
3.5003086156439043 0.7000000274737594 17.000082600962084 7.300033407740252 7.407876399808861 3.370205685727813 5.003731162067347 
3.50028977646064 0.7000005476654303 17.001864836361236 7.300021298463986 7.407086557123276 3.290846809426144 5.000140140150362 
3.5002733852350105 0.7000050710383713 17.001540534281112 7.305525705395071 7.403679704587802 3.540377954192341 5.000000131248266 
3.500299051579369 0.7000022206990411 17.000108987857224 7.528882058016304 7.40170219052238 3.671548500591504 5.000032831041491 
