3.500367550509212 0.7000000317755148 17.00000156369945 7.300174177490177 7.409196946149692 3.16898074516453 5.000004618768777 
3.56619836846079 0.7084562502718535 27.99153845304169 7.750462106021022 7.452709200111491 3.8999997710537455 5.000004104042628 
3.500406713354331 0.7000013392242102 24.230514896257166 7.750086633225584 7.409616620701208 3.899998304014195 5.000060863292193 
3.5006124652347324 0.7000083066322125 25.51077255165695 7.750468334286937 7.415681467872697 3.899999898028288 5.000000388510113 
3.500260891002997 0.7000000845783121 17.00038757473517 7.300130240784591 7.409272789677091 3.236737094269076 5.000000013898803 
3.5017756475649398 0.7002098675909002 22.293541802566633 7.750514868141341 7.417189735659975 3.899999714530291 5.000003813743969 
3.500347606040535 0.7000146110777311 24.85867085959609 7.7516014575456325 7.4226476024940125 3.8999998279721386 5.000149115435973 
3.5000603609742487 0.7000087812719614 17.00013248465695 7.320402423066281 7.404887567694111 3.25512502650396 5.000285194648791 
3.5001339942713376 0.7000007121039059 17.002345782982502 7.311314990881222 7.402180083868763 3.4439068704590117 5.0000221990527205 
3.5003421711066545 0.700006565928919 27.62393485440258 7.750224926580026 7.444099099531833 3.899999987362678 5.011832445266492 
3.5017898275755575 0.7000083073854633 20.057526340297233 7.75045951235038 7.407333088371935 3.899999988724593 5.000001736433 
3.5287442038700187 0.7012887872134623 17.509544111802732 7.750649487147935 7.42474645410606 3.8999998237152504 5.000091428545886 
3.500367550509212 0.7000000836131242 17.000098777263595 7.300127264054394 7.409196946149692 3.4766225774234516 5.000008557940559 
3.5001957706748454 0.7000014839250754 21.780742923087438 7.750297177747421 7.411041860447197 3.8999991543071957 5.000006708027781 
3.500125345211046 0.7000000724156986 17.000043712654772 7.523401699161768 7.407251537885636 3.668484998950918 5.000038320134909 
3.5003370081919094 0.7000054098370574 23.030105094419415 7.750399111341702 7.447810043412587 3.8999996762157467 5.0000053376949865 
3.500622126012111 0.7000082412841456 25.20697617521235 7.750468334286937 7.401772750674406 3.899999838560806 5.0000001245511605 
3.5001257425194727 0.7000127409074253 17.00013275881662 7.592344520085916 7.407198067961777 3.78530527911043 5.000002638975781 
3.500146037142104 0.7000002907359988 17.00001877414039 7.3063555494484325 7.420412096850165 3.3920047815073135 5.000000461461701 
3.500247537158553 0.7000010634851698 17.0064089926317 7.351946965195768 7.49288030475102 3.620550730230957 5.000000602153334 
3.5001486573873426 0.7000007853793851 17.000023801916946 7.314826135253389 7.4021335124304235 3.464097626046328 5.000004788510379 
3.5001351679653627 0.7000006940541746 17.000402329508322 7.300057716607426 7.407798889348991 3.3743260452098798 5.000032696388402 
3.50026686477387 0.7000005867553867 17.000004821246858 7.762891480703029 7.4302667381731275 3.8144005048067497 5.000000258874518 
3.500305531873737 0.7000000955663518 21.17243873145881 7.750445458692324 7.416731827696675 3.8999999790189346 5.000033085711923 
3.5002461305530628 0.700000913198658 17.000246456835963 7.30999116716592 7.4093316010472705 3.427037045433468 5.000000936495514 
3.5003396847554833 0.7000010806693413 17.0000407809113 7.592344520085916 7.404845918442118 3.7126613439875054 5.000005437570853 
3.5003214665037015 0.7000130786508215 17.000132915064164 7.334923717152089 7.411012805066218 3.2193054516128257 5.000006299565673 
3.500203586353757 0.7000146467360536 25.997173251015774 7.750255001769265 7.403923915002469 3.8999998368808697 5.000028967744242 
3.5003097101615155 0.7000146236946316 18.48691895936045 7.7502552347348415 7.404692165845926 3.899999990429223 5.000131061172909 
3.5002610100417515 0.7000003736719087 27.274417547935887 7.750462999055277 7.439810664760352 3.8999999995316035 5.0000008312012 
3.500367909705233 0.7000012459594492 17.001086963216668 7.5934709636941715 7.417958942675363 3.7300598962235543 5.000019590669613 
3.5016944046109333 0.7000043327176234 27.998240012780457 7.750461587438107 7.418054891767073 3.89999974972333 5.00018719362107 
3.500116223449649 0.7000007938892755 17.000023801916946 7.3001904684584185 7.401825516407692 3.3135994715403054 5.00004786836895 
3.5015143291645554 0.700005307939325 23.783751038369076 7.750565938158695 7.4025795300588735 3.8999997433800506 5.000000777856835 
3.5003645935082393 0.7000002893470424 17.022171756284315 7.380607646117952 7.401903162061795 3.648463723797619 5.000001578050493 
3.5002652235124203 0.7000011811536251 17.000446636001126 7.382698680636766 7.402507715346908 3.4992738733686357 5.000010387992435 
3.5002610100417515 0.7000004012034181 22.815376238677796 7.750473613942591 7.402517520233397 3.8999999314424603 5.000001092107436 
3.500121564881987 0.7000083066322125 17.185196838249663 7.750468334286937 7.4508364454574805 3.899999898028288 5.000000388510113 
3.500244264790548 0.7000010757590149 17.011655635594344 7.76205600382646 7.422203023863171 3.8881170357100694 5.000001505732376 
3.500322622047313 0.7000096147872956 17.000117556853798 7.308520685459135 7.42458037917941 3.528535479005054 5.000009944090057 
3.500240422102901 0.7000003510628285 23.982810616004272 7.7502694121582865 7.416994611214912 3.89999954847138 5.000000910250485 
3.500137654843148 0.7000005173675402 17.000002103033662 7.302674804085763 7.466562785625631 3.4045413953646757 5.000008502974705 
3.500124098906512 0.7000006072137277 17.000003063349684 7.301014880386638 7.4345805524797814 3.3299347029030555 5.000001248117072 
3.5017756475649398 0.7002081018461547 18.02297320511806 7.75770574866584 7.417189735659975 3.899977340024483 5.000000447690137 
3.5003657942129385 0.7000011768964663 17.000003063349684 7.375765760192303 7.415354522368995 3.635022255067992 5.000001248117072 
3.5001181061883444 0.7000000057462731 17.000001567783443 7.372391060140197 7.40200932348737 3.414889814123672 5.000043184954543 
3.5015143291645554 0.7000102636527947 23.449196756928405 7.75520928924659 7.417377617321367 3.8999997433800506 5.0000369821484805 
3.500321914486437 0.7000127409074253 17.000025008146434 7.593484920894604 7.409250061672174 3.750036056759585 5.000006286595454 
3.501787012026067 0.7000097893149348 22.054030373618506 7.750086367278494 7.417183209125663 3.899999714530291 5.000001037430992 
3.500137654843148 0.7000010818779621 17.000023364842196 7.300994789728864 7.499047071940456 3.555564511951092 5.0000076383583805 
3.500131052214773 0.7000009664379515 27.847245096858998 7.75022527416556 7.41754891506032 3.8999998470579658 5.011302786526471 
3.5000954607706354 0.7000002784940879 19.33593603939241 7.750428189183054 7.4852020733968985 3.899999864162681 5.00003773908708 
3.505453169887219 0.7000003209065134 18.826367649143535 7.758375580994771 7.5224856228426855 3.899999996717402 5.000001102261425 
3.5001163181028048 0.7000004283420593 17.000000949620514 7.300600618119216 7.4021335124304235 3.3491648734873265 5.000000009988732 
3.50026686477387 0.7000007245029295 17.00011092046364 7.750502265104038 7.433614340872676 3.8368179826465916 5.000001158167294 
3.500562707164968 0.7000014976634945 17.001086963216668 7.304756041998026 7.41779174174718 3.271650724979799 5.000010590901969 
3.500309235739574 0.7000005157497944 17.000137147751502 7.318359179739164 7.4168872644367925 3.5962042871452815 5.003270885920332 
3.5002473646907513 0.7000010757590149 17.000121037936413 7.300417862801729 7.4008287258174255 3.2669272895517323 5.000001505732376 
3.5002473646907513 0.7000010757590149 17.00012214233554 7.343431129986057 7.422307861781974 3.2052548109741323 5.000001505732376 
3.5002760743973633 0.7000009329276697 17.000246456835963 7.30999116716592 7.4093316010472705 3.1797590250914993 5.000041242312404 
3.56619836846079 0.7015247829080875 27.99153845304169 7.750462106021022 7.452709200111491 3.8999997710537455 5.000004104042628 
3.500367550509212 0.7000000803347393 17.000098777263595 7.300231022725528 7.409196946149692 3.19822380841192 5.0000219847211875 
3.5002610100417515 0.7000003945200278 27.181350435857365 7.7502972975827555 7.411242677877095 3.8999999995316035 5.000006473185933 
3.500206725242198 0.7000083073854633 26.295812998657528 7.75045951235038 7.4031341613350445 3.899999988724593 5.000000587385756 
3.517720665471731 0.7000146110777311 24.85867085959609 7.750476492994248 7.422500372375915 3.899999829077421 5.000022763576551 
3.5002263972357937 0.7000005177920499 17.000137147751502 7.747807962758461 7.417606170747368 3.86329413632048 5.000001027135627 
3.5003370081919094 0.7000012859971161 18.177678044760945 7.757589991866202 7.447810043412587 3.899977541985044 5.0000053376949865 
3.5006262347014023 0.7000012560796914 17.00108098508945 7.301155868108178 7.401660136598263 3.283919092782074 5.000001279372347 
3.500342890725471 0.7000010806693413 17.0000407809113 7.592344520085916 7.404979696179696 3.691315518733318 5.000004155406556 
3.56619836846079 0.7018330672911169 27.99153845304169 7.750462106021022 7.452709200111491 3.899999956376415 5.000004104042628 
3.5003696793276213 0.700013217806397 17.000036214080854 7.300127264054394 7.409196946149692 3.213600735720577 5.000008757092031 
3.500244013926174 0.7000085559242388 19.65933386619946 7.762992142910672 7.449952702614078 3.8999997835110802 5.000030729942714 
3.5002715619760516 0.7000096147872956 17.00003626636786 7.309075399685519 7.406689670031868 3.1902826648365417 5.000004767438902 
3.500137654843148 0.7000010780850919 17.000023364842196 7.301848684377798 7.499047071940456 3.577356475853881 5.000185347198991 
3.5002263972357937 0.7000005312759109 17.000137147751502 7.7572670182109515 7.417606170747368 3.859775057708696 5.000000235516364 
3.500321914486437 0.7000003153891917 17.006586313870795 7.70735923481235 7.409116892356753 3.768522284812792 5.0000010668943 
3.500319337685292 0.7000000848664348 17.00009975025237 7.334923717152089 7.411012805066218 3.576012985592857 5.0000061004142005 
3.501496445038389 0.7000103024700133 23.465737636499675 7.755234696365143 7.404758068873907 3.899999990429223 5.000131061172909 
3.5001246794231715 0.7000085559242388 20.423614555477158 7.7504136972283835 7.446024002338532 3.8999997835110802 5.000000744469263 
3.500309235739574 0.7000005157497944 17.000137147751502 7.318359179739164 7.4168872644367925 3.5962042871452815 5.003270885920332 
3.500304131911502 0.7000143633396931 26.576906478853182 7.750250977331426 7.407761465850386 3.8999999995733985 5.000000903641785 
3.5003677625831124 0.7000010806693413 17.000041443069748 7.592344520085916 7.478316571631494 3.691315518733318 5.000003900253608 
3.5001103261694118 0.7000004283420593 17.00001085208871 7.300600618119216 7.402146634882717 3.3260795484868635 5.000000039445623 
3.500203883841784 0.7000002311962118 17.000019436773876 7.337022223113544 7.418166201192957 3.2936206542720323 5.0000045926591605 
3.500206725242198 0.7000083073854633 26.247152229123433 7.75045951235038 7.4031341613350445 3.899999988724593 5.000000656376711 
3.500244013926174 0.7000085559242388 20.877427058611723 7.7504136972283835 7.42228202234134 3.8999998265026297 5.000030729942714 
3.505453169887219 0.7000003209065134 18.826367649143535 7.758375580994771 7.5224856228426855 3.899999996717402 5.000001102261425 
3.5001160374462525 0.7000011949495043 17.00000247875019 7.688426671816925 7.402084402155607 3.829774967276245 5.000010208121971 
3.500244508820456 0.7000085559242388 20.65537082015225 7.7504136972283835 7.449498398627024 3.8999997835110802 5.000030729942714 
3.5003562428079023 0.7000085559242388 26.94548685343942 7.750596330300811 7.44918628739038 3.8999999942076684 5.0000302171339674 
3.500367550509212 0.7000000317755148 17.00000156369945 7.300057969116293 7.409196946149692 3.169817599210539 5.000037243001318 
3.500203586353757 0.7000147120841204 26.015824277308724 7.750255001769265 7.40378333988814 3.8999998963483513 5.000028882342494 
3.50014909008176 0.7000000487126433 19.65933386619946 7.762992142910672 7.449952702614078 3.8999997835110802 5.000030729942714 
3.500094392254181 0.700008539780116 19.33593603939241 7.750427179480639 7.4852020733968985 3.899999785963847 5.000037703892146 
3.5003271344686246 0.7000009329276697 17.000246456835963 7.30643593633006 7.409333146185821 3.5039691408420732 5.000041429584747 
3.500305531873737 0.7000000955663518 21.17243873145881 7.750445458692324 7.416731827696675 3.8999999790189346 5.000033085711923 
3.5001174206440275 0.7000010781442725 17.0004062456258 7.300204614770651 7.417047357390704 3.1845539962515503 5.000000203748087 
3.500243483135747 0.7000087903824654 17.000019436773876 7.316129883281737 7.409823941190296 3.301487452925328 5.002605982769718 
3.5006509365585936 0.7000000848583015 17.000392305024867 7.300057716607426 7.40792034971526 3.362453221004072 5.0000336606371185 
3.500197788352199 0.7000146367607336 26.581836484601467 7.750255001769265 7.4078007045804135 3.8999999984697236 5.000001087970014 
