3.50035248763699 0.7000092330966998 27.981905982108067 7.750611640804438 7.4476474905802705 3.899999972716912 5.000002484723195 
3.5001849545815418 0.7000002110710725 17.0003914631263 7.301826483764907 7.403615541783237 3.1689620973685066 5.000000078861081 
3.573631209964748 0.7000000322463473 24.480362027839764 7.752804969931416 7.446284770780946 3.899999972573405 5.0000008378586 
3.5001849545815418 0.7000002110710725 17.000389197973863 7.302891268238764 7.4034497488640225 3.2051167152314113 5.000000078861081 
3.500181957489544 0.7000002357341637 17.00037532956678 7.300753300075373 7.405344499436118 3.3740434811705935 5.000055573356521 
3.500146314757701 0.7000000312197818 25.27145382851521 7.752804969931416 7.446284770780946 3.899999972573405 5.000016015917683 
3.500043963511546 0.7000000012815225 17.00039646954441 7.30112972605456 7.409956341671162 3.2213063072654977 5.0000047980097015 
3.508821414260424 0.7000109456435923 22.65446412574834 7.752179931218495 7.46861424993822 3.89999998347474 5.000003881812304 
3.5326286870845816 0.7000009335408374 18.39906788570421 7.752697220140237 7.42326231790459 3.8999999980971394 5.000027305415363 
3.5001831316807808 0.7000000232491347 22.26251454163768 7.752272108023927 7.404314960249015 3.899999978419251 5.000070172652513 
3.5001895598599493 0.7000013941433502 17.000583383430563 7.584569927081934 7.414991358906415 3.771750088605928 5.000000068041087 
3.5001819972219694 0.7000101523476812 17.00031533667566 7.467534092121041 7.405425826929492 3.6762009345316145 5.001402945187639 
3.5003294483114322 0.7000006808833116 17.00001382518056 7.300510751161187 7.410501546981535 3.3965556855100885 5.000000013857217 
3.500010698249359 0.700000533662393 17.00013574112525 7.343338149679578 7.407788311496039 3.591308413125565 5.000000079166288 
3.5001889380185975 0.7000003656160304 17.0001439149269 7.4674397091463405 7.410782646089465 3.532087616280348 5.0000823939731465 
3.500010698249359 0.700000533662393 17.000006701351555 7.344807357272254 7.404837458565315 3.579480288251302 5.0000003029166935 
3.5008212208395695 0.700024513732778 21.047798034580737 7.756256305963817 7.414170516050801 3.899999999141088 5.000421125466897 
3.5002920657905943 0.7000004181639543 27.73723096150454 7.752139965330294 7.4139924063101335 3.8999999802112777 5.000005645061382 
3.500006835144968 0.7000001439931812 17.000731117943033 7.4537672440861735 7.4030912675834495 3.3565906409794706 5.000000390523099 
3.5001809422700743 0.7000185735152362 17.000728270776275 7.300426879515399 7.4481715356144775 3.2645327676172853 5.000028296136371 
3.5001804324191825 0.7000007832583492 17.000542028646777 7.303313156503319 7.4080979740923425 3.317011029619144 5.000001539993046 
3.5001903106763264 0.7000017190869186 17.000071861727573 7.516869407563329 7.409353515158574 3.416974851314662 5.000015201396967 
3.500006835144968 0.7000001439931812 17.000731117943033 7.4537672440861735 7.4030912675834495 3.640843545079681 5.000005755469962 
3.500815298030849 0.7000246586390246 22.00304406672465 7.752523891668461 7.424740700346982 3.899999983470117 5.000003881662231 
3.5001981270504263 0.7000002305937092 19.536111840008655 7.753463968901349 7.404268102818889 3.899999978634963 5.000004366101693 
3.500259120168647 0.7000002878503463 21.294659391028055 7.751755133657816 7.543030086279343 3.89999999951325 5.000018564286009 
3.5087533915215325 0.7000004291549397 27.173471863980723 7.752193590262761 7.403797319037321 3.8999999802112777 5.000000890289369 
3.500299020217054 0.7000103559976549 26.41165419943944 7.752178181217809 7.447317282325457 3.899999994599513 5.0000039079371295 
3.500259102073385 0.7000169978527949 26.003765607094596 7.755831004716541 7.401177110663467 3.8999999331684996 5.000014238675772 
3.500181827202269 0.7000057542721768 17.000133349191053 7.692466750181324 7.407771478691774 3.815106221755936 5.0000145699984415 
3.50016640885567 0.7000094919909 17.000583383430563 7.750122174173083 7.410973149796936 3.899672956686892 5.000000121766887 
3.500877019995834 0.7000180507956171 26.203817169578308 7.7522059439517 7.403797319037321 3.8999999802112777 5.000000890289369 
3.5002789661204665 0.7000001438097754 17.00001805116449 7.300999111447181 7.410203108172823 3.187546642165525 5.000005653241346 
3.5007989555426184 0.700001019846343 17.00341496211487 7.3818679832005305 7.401378654182158 3.481562777608724 5.000015192225173 
3.5001450894471247 0.7000099407220138 20.702413227489394 7.7528255430749775 7.527088280122956 3.8999999726310186 5.001669607342665 
3.5002839968691624 0.7000003721967746 17.000370591612068 7.301512551821026 7.410782646089465 3.55648305075489 5.000004939457982 
3.5072392008887605 0.701347885103715 18.89866284338137 7.819087845790344 7.46861424993822 3.89999998347474 5.000003881812304 
3.5356425319817606 0.7013179543329097 18.967210046304103 7.756349202598533 7.440648753934212 3.899999985214799 5.00001728247152 
3.5001909203427024 0.7000004107281302 17.000215003730148 7.306971575055103 7.406781802781809 3.517719236286498 5.000069509518634 
3.500198811420301 0.7000002389056847 24.393037288122727 7.753463968901349 7.421338228769388 3.8999999783498134 5.000007913949045 
3.5003674664706703 0.7000184616616475 25.39858395770863 7.75226186789305 7.4402182859499 3.8999999809806853 5.0090954721076955 
3.5000415108844267 0.7000006833446533 17.815203253250207 7.75802099667628 7.447986292925945 3.899999964900281 5.000000099584055 
3.5001450894471247 0.7000099407220138 27.520750966960644 7.7528255430749775 7.527088280122956 3.8999999725753978 5.001669607342665 
3.5007411304069795 0.7000003394452993 19.670275926819663 7.752191853390209 7.420092819736498 3.8999999998554715 5.000000893037415 
3.5000053458424896 0.7000004384338124 17.00072875042017 7.303016003874401 7.405904863985149 3.246648237795679 5.000017142762188 
3.500146267699606 0.7000000944076727 22.96502108723289 7.765345864467846 7.4197023907123745 3.8999987533239495 5.000000675466877 
3.500178580687072 0.7000053704421856 17.000546140900333 7.467534092121041 7.448334699749154 3.6161392505706744 5.000018130638906 
3.5002701134729404 0.700001405017635 17.000582373400928 7.316471691736076 7.406559782340351 3.50291913670324 5.000000937904075 
3.504249439515702 0.7000006965360657 17.00001401705859 7.611775415048918 7.411628874116218 3.7941508503825077 5.000000005212739 
3.5002560751045317 0.7000017732845855 17.000366444404413 7.3039432229319 7.410229510516857 3.17223448736373 5.000013837659173 
3.500476087359201 0.7000003500923937 21.741503272891237 7.752697124611912 7.4199492820094415 3.899946784211645 5.0000153698574925 
3.5085850096458344 0.7000002311012816 21.55059636665886 7.752287591132204 7.404354645116266 3.89999999909469 5.000015330544008 
3.500291148083631 0.7000002993541659 23.501485543091064 7.7528255430749775 7.541683053361907 3.899999972573405 5.009893510658282 
3.5001804324191825 0.7000000407655901 17.000548317224474 7.300340821581645 7.419438638225037 3.254435037568324 5.000017215525021 
3.5001889380185975 0.7000001697683147 17.000137399183785 7.303433401508434 7.410769396013519 3.5512563645784123 5.000004939457982 
3.5001652821677856 0.7000097069020425 25.66464650060274 7.752323132562203 7.447932090117738 3.89999998218998 5.000003681776237 
3.5001809422700743 0.7000190788964731 17.000359657426483 7.303867871341677 7.421505388303298 3.292090714830607 5.000028313491192 
3.5001473480484173 0.7000016028779598 17.02603104567415 7.753574276591614 7.406749672411565 3.875276490336317 5.000007686762745 
3.500325878857098 0.7000016464178253 17.00001522224907 7.3156771889205965 7.40832584370232 3.44922114379424 5.00000056477993 
3.50016165270525 0.7000010114375133 17.000562163045327 7.300429852889074 7.406583109419207 3.405715896030313 5.000015340773818 
3.5001771728443694 0.7000005156843734 17.000549384233594 7.3000404093077265 7.406401574487722 3.347189318686792 5.000015340773818 
3.500146361053287 0.7000107820594668 27.36762597963805 7.7528255430749775 7.448122451953609 3.899999972573405 5.001669607342665 
3.500385537194485 0.7000097087116453 26.675327798765455 7.752323132562203 7.465610039367885 3.8999999965590577 5.0000361603234715 
3.5001547237056956 0.7000097069020425 25.779995279985503 7.752323132562203 7.447932090117738 3.89999998218998 5.00000369613999 
3.5002789661204665 0.7000003790351758 17.00001805116449 7.306282813036691 7.410203108172823 3.1858463811772038 5.000006370598743 
3.5000475266928235 0.7000003206576886 17.000731117943033 7.453869698047639 7.402636883010996 3.701117858237614 5.000015308580374 
3.500006835144968 0.7000000864363564 17.0005393714861 7.451891868186432 7.449185025884066 3.6179004991247856 5.000013297685027 
3.5003854636968232 0.7000097087116453 24.477210233078 7.752324248882169 7.61646694471584 3.899999998046631 5.000203976536132 
3.5000135523959224 0.7000003316443755 17.000036851169977 7.448827348129002 7.40455339809168 3.6949965032096745 5.000013449252927 
3.500181957489544 0.7000002357341637 17.00037532956678 7.300753300075373 7.405344499436118 3.332962342171071 5.000055573356521 
3.5001815618220813 0.7000007945482288 23.77257051914956 7.752576906423628 7.42399623039271 3.8999999999915995 5.00000094127007 
3.5007998768835695 0.7000097517626737 17.000437335236427 7.755564269279147 7.405316996883277 3.745862567629106 5.00000381828189 
3.500146267699606 0.7000000944076727 23.10941446422656 7.765345864467846 7.4195181050487715 3.8999981424095873 5.000000675466877 
3.500798297560687 0.7000010281610578 17.00385796330745 7.3818679832005305 7.401378654182158 3.6517061477473223 5.000015192225173 
3.500525952421332 0.7000038450949532 20.352161073563714 7.755826128457496 7.405835963095886 3.899999996351171 5.000065781280134 
3.5001903106763264 0.7000017186414952 17.000366577926787 7.303433401508434 7.409352826700641 3.46052060077926 5.0000152110009255 
3.500144762247461 0.7000239006253833 24.08017157915426 7.752188358375754 7.448629988606741 3.8999999993471492 5.000015722311809 
3.500144762247461 0.7000004071324278 24.06259070905556 7.75229140334722 7.448629988606741 3.899999999827544 5.000015377728826 
3.5000476498581015 0.7000005677668363 17.000140626345274 7.680186551156952 7.402586795810784 3.8406186701843024 5.000015233976502 
3.5001477040644584 0.7000029987521043 26.956614090639867 7.7522157753877154 7.446057822121202 3.8999999964464473 5.000066752296017 
3.5001897993967845 0.7000015434064768 17.000359729694246 7.30357233562964 7.40994185183833 3.3085280051858197 5.0000152110065885 
3.500191592594485 0.7000008250039388 17.00000773727151 7.310535984271897 7.403723693024066 3.2349497027372194 5.000009363184807 
3.5001846982161657 0.7000006521130007 17.00001212845305 7.677615010817006 7.402586795810784 3.8406186701843024 5.000015233976502 
3.500476129176252 0.7000008491291928 20.023017078297492 7.752827407222655 7.41968411147722 3.8997717112782535 5.000004088927298 
3.500191621565659 0.7000003457726313 17.000022625693557 7.3267839915926265 7.404972427519392 3.4328908613720674 5.000000040025761 
3.5001477040644584 0.7000008295196464 26.62402129707941 7.7528082159070575 7.446057822121202 3.8999983796623927 5.000013771792755 
3.5001809911090063 0.7000003714733926 17.0001105059948 7.306300715275167 7.410203108172823 3.2781276052128554 5.000006382124324 
3.5002701134729404 0.7000003490197544 17.000378991187986 7.316471691736076 7.406559782340351 3.433511139936841 5.000000932747178 
3.5001809911090063 0.7000003714733926 17.0001105059948 7.306300715275167 7.410203108172823 3.2781276052128554 5.000006382124324 
3.500476129176252 0.700000858099338 20.023017078297492 7.752827407222655 7.4197473668205145 3.8997717112782535 5.000014475430994 
3.5002797368142815 0.7000001099883172 20.554916994118845 7.7511023607939995 7.419529562499787 3.8999999962843 5.000014607623948 
3.5001951301236955 0.7000015686512728 17.00040342627353 7.658716738070405 7.407421123934248 3.7209932478286656 5.000013961676153 
3.5001477040644584 0.7000029987521043 26.956614090639867 7.7522157753877154 7.446057822121202 3.8999999964464473 5.000066752296017 
3.5002482919839024 0.7000014481081867 17.000139601069534 7.302760013288187 7.404014560023062 3.4763063251591486 5.000005288375674 
3.5000451546083045 0.7000007761550191 17.000000951984727 7.677852263089933 7.419539106804946 3.740004724042702 5.000002602417459 
3.5001483320208977 0.7000001318384912 18.16353811779865 7.753574276591614 7.406749672411565 3.8999999783498134 5.000007686762745 
3.5001895598599493 0.7000013914096039 17.000583383430563 7.750122174173083 7.408433326192928 3.865368693883694 5.000000121766887 
3.5000058852396094 0.7000001439931812 17.000731117943033 7.4537672440861735 7.4030912675834495 3.337456514106284 5.000000390523099 
3.5000053458424896 0.7000004384338124 17.00072875042017 7.303016003874401 7.405904863985149 3.2356987654609273 5.000017142762188 
3.500181827202269 0.7000057542721768 17.00000488522237 7.693983158712255 7.4394518456122745 3.8032780685143495 5.0000108185748084 
