3.5002581035702596 0.7000024503116767 17.000133470742487 7.321001010206227 7.4028735710481905 3.1709827718385437 5.000011769297969 
3.567331906310108 0.7026883741238996 27.999457197211886 7.750111215653196 7.481689496336873 3.8999999176348212 5.000001758808808 
3.567331906310108 0.7026883741238996 27.999457197211886 7.750111215653196 7.481689496336873 3.8999999176348212 5.000001758808808 
3.500298937148581 0.7000112286272109 17.000203593012532 7.300903287483855 7.411314597260033 3.5417350948839332 5.0002607754061374 
3.5069924900896914 0.700000053716728 17.000062066280112 7.30564740358853 7.405169855812011 3.24875937421628 5.000000402007948 
3.500428385041623 0.7000138256117308 17.000098128769555 7.30598927101188 7.400779868593539 3.4744243625643447 5.000100780094998 
3.5022630101949863 0.7000000277387803 20.797565304225312 7.750062084480086 7.416271801954319 3.899999918941317 5.011970008776357 
3.5006571781464557 0.7000116654069887 17.00006117996865 7.301924290765011 7.400812105294135 3.35127436918997 5.0000004914953795 
3.5007670802841857 0.7000127011240453 17.00030515866961 7.314617117842818 7.40303193799648 3.418436900478519 5.000000816803616 
3.5004793941317414 0.7000000467179307 18.258798114525064 7.750087788679491 7.416363386554052 3.899999918420832 5.000019635512695 
3.5017255864783836 0.7000037606566922 20.34713476795783 7.750018931462846 7.4247002740528645 3.899999916388565 5.000046479103917 
3.5027968423382574 0.7000248706985422 27.037243334432592 7.750060737707094 7.414135437110783 3.89999993147002 5.000004345797097 
3.5692776313334127 0.7000579681740283 19.573656361100582 7.75610040779917 7.4008836132175695 3.899999985242705 5.000001189451466 
3.500611533993442 0.7000126090779145 17.006298418807457 7.300171557488587 7.413113886462701 3.213651052901187 5.000008427365607 
3.501580690408751 0.7000150511831301 17.030074291636648 7.750285826535642 7.404210881821653 3.8164786593854583 5.000214627350377 
3.500298937148581 0.7000194757677749 17.00012944692235 7.300903287483855 7.400771382213047 3.389308464118068 5.000012114344456 
3.5019200395920254 0.7000051716617992 17.000793070152277 7.750623958994881 7.4845539102205425 3.895473064529077 5.0003757959042705 
3.5007834084844816 0.7000044860792505 17.00006033756843 7.301924290765011 7.400804069412429 3.40240939325592 5.0000004914953795 
3.5028366989558424 0.7000597706019344 27.997893682320466 7.750111215653196 7.482314843147366 3.8999997094301366 5.000011947614086 
3.5258028808224404 0.7033017395701581 19.021854386097843 7.7501053010769345 7.485096662435979 3.8999999819611015 5.0000008586071205 
3.500630962520016 0.7000522348517733 17.000150106614257 7.717083985967761 7.43853215927264 3.8031421336643865 5.000009883174694 
3.501587193389469 0.7000151553709478 17.00006452813135 7.364254750269923 7.453864250204327 3.2947383960777703 5.000207514655195 
3.501611431577919 0.7000022589338326 17.006319593708888 7.741188244259185 7.406564629802175 3.748375070846266 5.00011790008571 
3.500428385041623 0.7000138256117308 17.000098128769555 7.30598927101188 7.400779868593539 3.2826575586277986 5.000100780094998 
3.500420231270805 0.7000012593407637 17.000009996597065 7.6332240998220575 7.416616555774973 3.7375566107427036 5.000001941914767 
3.5113499223738547 0.700002457701091 17.005135813343923 7.301931097234635 7.400814776777513 3.4547733073541536 5.000003603003839 
3.500309757764295 0.7000198767266941 17.00007151047 7.3016196290287425 7.408540173445357 3.1845268945003427 5.000006424095575 
3.5012742569942503 0.7000194757677749 17.000063192631522 7.301020428332478 7.405163139504081 3.3074661167672375 5.000011955565536 
3.5016085645584116 0.7000222305056184 21.39286514291538 7.750031755772583 7.406108407476442 3.8999999486038868 5.000002100564621 
3.5002266195821186 0.7000022981046242 17.000003819760146 7.300832220113789 7.405051315245438 3.1950290471526652 5.00000027136856 
3.5005352688669573 0.7000109912864928 20.138461441226507 7.75080591745612 7.405298891819476 3.8999994944271466 5.000000661610601 
3.5400610546919498 0.702989440753418 24.899369577801483 7.750818788409674 7.481050725041703 3.899999787926377 5.000059071476912 
3.500481944009798 0.7000000325655059 27.484120046622426 7.750018687171707 7.422375935090813 3.899999731156011 5.000003906914542 
3.5007793487765944 0.7000121369317167 17.00006117996865 7.301928025748929 7.400812105294135 3.4359520725233885 5.000001347847108 
3.501697535752181 0.7001998259184038 25.341817210613293 7.755201750976255 7.503954901045245 3.8999999320497323 5.000008852664114 
3.5002619415050393 0.700003853618811 22.228789850565033 7.75516133420013 7.407169253265227 3.8999999320497323 5.0000061478796365 
3.5013411563357444 0.7000745516964173 21.869914437465393 7.750088678940004 7.403895373254736 3.89999999995388 5.000000295165354 
3.5007259681951552 0.7000005652943854 17.00004179647589 7.30412246788586 7.401153339273172 3.560740673650096 5.000583694664056 
3.500316245031109 0.7000023044029489 17.00006441384179 7.300083614660821 7.402852456526916 3.2625783723081447 5.000000266209541 
3.501326170747212 0.7000004594878858 22.967012357461762 7.75254713823308 7.401720028077375 3.8999995351885417 5.000004378615504 
3.501276810899387 0.7000123331867709 19.437755946243065 7.750023491777199 7.483635704130862 3.8999999554143945 5.000006381748358 
3.5012343876862353 0.7000131050735575 17.00023314870219 7.304065462360578 7.402948750913496 3.3194736217487297 5.000000584652484 
3.501580690408751 0.7000149761134032 17.000793070152277 7.6892980576592675 7.404210881821653 3.710469028843319 5.0003757959042705 
3.5006571781464557 0.7000116593533645 17.00006137797907 7.301924290765011 7.400812105294135 3.2059190097008887 5.000017281813312 
3.5002266195821186 0.7000022981046242 17.000003819760146 7.300832220113789 7.4028587378154285 3.270825748841093 5.000000266209541 
3.5002266195821186 0.70000218472887 17.000001921055798 7.415642063872507 7.417516962770941 3.6672946246149776 5.000000510331726 
3.500481944009798 0.7000005388131697 17.005506886212814 7.30412246788586 7.452086111988282 3.515059432434625 5.000565072888771 
3.5016817877869975 0.7000567113585917 21.699909098924838 7.755220248225781 7.411598846490539 3.8999999320497323 5.0000061478796365 
3.500417217682238 0.7000215926328185 17.000033895034914 7.305882637381619 7.402993504220195 3.33958460936009 5.0000479543971545 
3.501394405474765 0.7000035105020507 24.386363196131978 7.750059964061847 7.413309945182072 3.899999730887458 5.002371092857578 
3.567331906310108 0.7026883741238996 27.90285845197542 7.750111215653196 7.403237019647744 3.8999999681465325 5.000001758808808 
3.5012938298582164 0.7000000530595017 17.00006452813135 7.305814639187867 7.48079789540185 3.5710329308927236 5.000006164328539 
3.500411215530689 0.7000022507558907 17.00000402428061 7.303370666068006 7.402024785477191 3.329932437418808 5.000000484997686 
3.5006333922865007 0.7000051369608342 18.76285856972663 7.750018691539767 7.537276182312108 3.8999999157263248 5.000424732577405 
3.5013025273306426 0.7000533090900635 24.87891916989055 7.750118642133231 7.423717630301134 3.899999706847236 5.000395907568342 
3.5006343136301172 0.7000207976400027 17.000001203763187 7.311774357627285 7.4006924643923435 3.2306019016594782 5.0000260876477585 
3.5004212680244193 0.7000024410792872 17.000272013253177 7.737540716289855 7.421511501119933 3.8485962877472835 5.000001326940419 
3.5006343136301172 0.7000207976400027 17.000001203763187 7.311774357627285 7.4006924643923435 3.2306019016594782 5.0000260876477585 
3.5018380347086433 0.7000120117833073 25.70472766158511 7.750031049331297 7.425413255019233 3.8999999854432423 5.000000452025847 
3.5007854623835732 0.7000178828649338 17.000128777501388 7.300899552499946 7.400771382213047 3.372125942300075 5.000011568593737 
3.500316245031109 0.7000023044029489 17.000007878905162 7.300083614660821 7.4028587378154285 3.4968530462562097 5.000000266209541 
3.502958639271166 0.7000593977287293 26.29178917582214 7.750031550733676 7.41078122932099 3.8999997081225333 5.000648138556444 
3.501611431577919 0.700021915849804 17.000149611769807 7.644663880902893 7.406537097550119 3.7767263960177786 5.000111515177592 
3.5002663183746243 0.7000025642853501 24.600756660911006 7.75008849306082 7.462965131823715 3.8999999570667834 5.000056206556042 
3.5030353845393405 0.7000000467179307 25.613522364181797 7.751866754728324 7.416451930793848 3.8999996902881504 5.0000516124702035 
3.500470715073707 0.7000000911335458 17.00990833267604 7.4428454367393835 7.412536439412931 3.647233542166351 5.002561753568348 
3.5013483289144496 0.7000020149106151 17.00000771765686 7.303103344083191 7.400866992159979 3.587554542504107 5.000000984585093 
3.5015721830279403 0.7000849850190156 17.320536012123156 7.751794659874686 7.411375461367198 3.8999999856013723 5.000016776945714 
3.501210094853344 0.7000017891242243 17.005130293720796 7.633404636074127 7.406537097550119 3.7767263960177786 5.000116923451742 
3.526702939075342 0.7000028304880318 22.54483303424682 7.7553283405151685 7.481764241299325 3.8999999320497323 5.000017088005649 
3.5272327743609755 0.7027003328772933 26.43972255091296 7.750031550733676 7.409731433385711 3.8999997293272464 5.002409154240929 
3.5006333922865007 0.7000120913159357 18.76285856972663 7.750018691539767 7.537276182312108 3.8999999157263248 5.000424732577405 
3.5017138664025436 0.7002176619187422 27.78385372495377 7.750031526846857 7.503368389224819 3.8999998833503424 5.000622440960255 
3.5006411854149913 0.700019004243047 17.00012944692235 7.300899552499946 7.400771382213047 3.3728346093884136 5.000011568593737 
3.5016513560578546 0.7000581219415448 17.006242712006078 7.587478011189256 7.422429513865316 3.6898186189028928 5.0002844724174365 
3.5012938298582164 0.7000004393621523 17.000153590100535 7.3057264317730315 7.4051374597210735 3.1734990652211006 5.000000004892329 
3.50296823405037 0.7000593977287293 26.18642233580123 7.750031550733676 7.4106380644989605 3.8999997081333984 5.000648138556444 
3.500316245031109 0.7000199681944492 17.00000644082077 7.300065090440302 7.4028587378154285 3.4968530462562097 5.000000266209541 
3.500481944009798 0.7000005652943854 17.005443936199203 7.30412246788586 7.452086111988282 3.515059432434625 5.000573972958408 
3.5016817877869975 0.7000548627275649 23.119521863497155 7.7507066717318125 7.41420760190517 3.8999999275520776 5.00000620714916 
3.5004793941317414 0.700000694636934 25.995677250769084 7.7500207963521985 7.412311922411274 3.8999999306121538 5.0001101464347455 
3.500638929482629 0.7000024930634792 17.750114565398807 7.75532300340756 7.481764241299325 3.8999999320497323 5.00146687338343 
3.500462085392762 0.7000000050449631 24.176974482054014 7.7500207963521985 7.410679278816115 3.8999999306121538 5.000057842356414 
3.5002662227283663 0.7000124388733585 24.761035264503125 7.754870781452236 7.401430989810548 3.899999932322381 5.000003224665991 
3.5006303222578503 0.7000120117833073 17.003808838189073 7.796701698614576 7.425413255019233 3.8722641531835724 5.000000452025847 
3.500481944009798 0.7000274095309348 22.395472617999907 7.750104202565786 7.422375935090813 3.899999731156011 5.000003906914542 
3.500417246325853 0.7000218356195422 17.000063949037337 7.616286981656347 7.411502364792524 3.6245976687144847 5.000054635385792 
3.5004704496555488 0.7000000911335458 17.00990833267604 7.4428454367393835 7.412536439412931 3.6414570937805344 5.002561753568348 
3.5017506141235426 0.7000849850190156 17.536209169606387 7.7500882292941995 7.463527964538609 3.8999999855989547 5.000006416193049 
3.500481236535061 0.7000089383483463 17.000032886662886 7.430596069859687 7.413800177120995 3.5936865048653854 5.0000515740678795 
3.524442550564444 0.7000692939574832 23.64047992958421 7.752987221228516 7.405374219934288 3.8999999974431354 5.004750179839706 
3.50046651977301 0.7000118393095028 21.134675058006795 7.754870781452236 7.4008836132175695 3.899999929923655 5.000003224665991 
3.5272327743609755 0.7027003328772933 26.33314508177781 7.750031550733676 7.409731433385711 3.899999725428826 5.002409154240929 
3.5019200395920254 0.7000034591927392 17.99931162789046 7.753047906568823 7.484176572521251 3.8999911175809117 5.0003757959042705 
3.5008646503337837 0.7000104298236891 17.000076147347382 7.377184779933343 7.401778787231061 3.6046231173093615 5.000000719728629 
3.524442550564444 0.7015086574615639 23.199157298486664 7.752987221228516 7.405478154202013 3.8999999974431354 5.004750179839706 
3.500462085392762 0.7000013643710425 24.105482620642217 7.75177370394151 7.410679278816115 3.8999999294678664 5.000055515700298 
3.50046651977301 0.700012379364349 21.134675058006795 7.754870781452236 7.4008836132175695 3.8999999319895133 5.000003224665991 
3.500417246325853 0.7000025484517077 17.000063949037337 7.616286981656347 7.411502364792524 3.623830643881749 5.000055021418125 
3.5258028808224404 0.7029953732327927 26.631453143439025 7.7501053010769345 7.483925889974018 3.899999730901217 5.000001110046149 
