3.500876490133286 0.7000001004789862 17.000009742539078 7.303470770621721 7.4013475119341265 3.1701438568834956 5.000006860352425 
3.58472025306157 0.70963901019973 27.995264855380547 7.751983242025551 7.419859890043736 3.8999999974890107 5.000001819011858 
3.5025928311560364 0.7000018814284729 25.07960255433967 7.750536483935709 7.430267877195918 3.899999961961431 5.00000863362051 
3.5010102843370894 0.7000184579157638 17.000137155422852 7.308542061951474 7.408311586963048 3.3418257346436873 5.000081360271058 
3.5009304838570254 0.7000266145595928 17.0000019816933 7.308554208035776 7.400854270381069 3.4977797462791864 5.000001413605567 
3.501039759276395 0.7000231562797469 25.65503974136381 7.750440948629135 7.414582746960647 3.899999994433782 5.000015981090734 
3.5008349784595953 0.700000002167952 17.000128641671722 7.321427052749683 7.404818560125894 3.1868743966623745 5.0000134194299015 
3.5010393066625203 0.7000106339757172 17.486824381628043 7.75053241318381 7.407759090739978 3.899999922647037 5.000014953829737 
3.5008110964862014 0.700003558908107 19.08190866057379 7.7505262365727425 7.4203545718356585 3.899999986450358 5.000023318313202 
3.501164718039195 0.7000058307519867 27.31638182464438 7.750000951363446 7.4423520948948765 3.8999999854798038 5.000001034482974 
3.500867053849361 0.7000340788711459 17.000071270071047 7.68392788520311 7.407719345759849 3.8314103526167913 5.000013753960204 
3.501037961275218 0.7000000114458005 17.000045152916147 7.340445352975557 7.4097259759575 3.2287602411115968 5.000013533890963 
3.500982065259936 0.7000089373091986 27.93066515676085 7.75024302187195 7.4741654656258865 3.8999999967293872 5.000000359365239 
3.501058651537434 0.7000380832540527 17.000002150288886 7.3019785746529955 7.404996969365915 3.4364326624602906 5.000007251751841 
3.5010423614118116 0.7000005014947912 17.000136097064257 7.340304113694612 7.4097259759575 3.211284581184562 5.000013533890963 
3.5009427658098584 0.7000094750116616 17.00007797686888 7.682706870792933 7.407631932479857 3.790063175716009 5.000015355107502 
3.5007958504640055 0.7000099727382074 17.00001712053235 7.732719032185436 7.400854270381069 3.4146063456269213 5.000010621595298 
3.5008790612710605 0.7000028547068379 17.000011222426256 7.309694620196607 7.401416970379061 3.3583043301960576 5.000000958135104 
3.502280816470536 0.7000694248465622 19.460429536998575 7.753923568697659 7.434887134009542 3.8999999521675974 5.000005072347908 
3.500987103482805 0.7000078597617587 17.000026046498615 7.584302405679802 7.403396324200045 3.7295200134189326 5.000001455904719 
3.5012080771656104 0.7000119388260342 17.000008432236083 7.323327602104508 7.510363042478605 3.321030233290938 5.000036595874842 
3.50078906223478 0.7000099476215501 17.00001712053235 7.6909617298912645 7.401528736673513 3.693139818914336 5.000002529933245 
3.501071650499713 0.7001581040617573 24.818176217623996 7.75053185368641 7.409181319443879 3.899999952598758 5.000065638947245 
3.501743429816734 0.7000000029666422 17.00020301185857 7.309125739023039 7.423265947907879 3.268098781807669 5.000080370016722 
3.5298184770427046 0.7040415855068305 27.919257467679707 7.750532302649969 7.419933936795521 3.8999999666452667 5.000001994562211 
3.5011033410120027 0.7000032071356503 17.00013718954406 7.303442841253247 7.418680633394905 3.598625837750537 5.000002646663492 
3.500818280766574 0.7000036817452474 17.013703778664713 7.750559560198426 7.420007684737287 3.865849777019608 5.00000352132898 
3.510645208728445 0.7000065175281297 26.574105593482336 7.750522256082833 7.500320429966162 3.8999999857539107 5.000005327621113 
3.50102677464281 0.700005076668995 17.00012767948435 7.304062015666691 7.400707659368478 3.3909338617023 5.000025907682518 
3.5091954585907787 0.7000048702091416 24.328319357086354 7.750532957868277 7.417944495866703 3.899999989975229 5.000002274429181 
3.502290096138425 0.7000367424744032 20.386942011654202 7.75053280814215 7.4042170459319685 3.899999955462855 5.00000393620166 
3.5011383620673757 0.700038188447571 24.56937183454198 7.750034560204031 7.423056522481398 3.899999987195375 5.000003396903474 
3.529427269246796 0.7000432329142389 22.112801790379336 7.750526974775156 7.457525324839644 3.899999995189424 5.00016416075019 
3.5056201620465495 0.7000204894945692 18.62158289215458 7.750521780428077 7.523508284745855 3.8999999997441708 5.000010217034174 
3.5094424112273748 0.7000427703122587 23.421530797136754 7.751965535222499 7.423859872682621 3.8999999941551717 5.00010259681639 
3.5008674543350415 0.7000030588316909 17.000044179197193 7.335459699280379 7.405203813176632 3.4460792868949217 5.000002367219486 
3.5008328945875755 0.7000000006395762 17.000128641671722 7.322202428135721 7.404818560125894 3.2565459229565565 5.000013417262086 
3.5012019309233766 0.7000432381816531 17.062289584213588 7.750527311444599 7.422182631822421 3.898106252907016 5.0000193077987225 
3.5009432815472947 0.7000340788711459 17.054213800901756 7.734873351806973 7.408875429221349 3.8350277397514585 5.000002387418943 
3.500786410549423 0.7000333198086266 22.988186467175968 7.750000951363446 7.408521149998306 3.8999999943416994 5.000000939126469 
3.5012546539197253 0.7000093677312103 18.14102026116376 7.757539432257197 7.41881852764337 3.8999998546421946 5.000014504789362 
3.5008648821483113 0.7000003372508591 17.000657450746036 7.30417611899218 7.401326069320273 3.1981463693830268 5.0000121134912625 
3.500876490133286 0.7000686866688303 17.00059416617873 7.303470770621721 7.412788549093027 3.1701438568834956 5.000006860352425 
3.5112935242390257 0.7000333198086266 26.98172047561526 7.750527840472077 7.463424206426139 3.89999999972595 5.000007538960355 
3.501035823678247 0.7000371552722732 17.001195156251736 7.437476579055269 7.40325203332802 3.6741123952306807 5.0000021059918724 
3.5009304838570254 0.7000099727382074 17.0000019816933 7.317726996288326 7.400854270381069 3.522349313793017 5.00001333558882 
3.5808998631214464 0.7031286734411624 27.995264855380547 7.7505222160166864 7.419859890043736 3.8999999943947237 5.000001819011858 
3.5007991068838935 0.7000373684920802 17.00114551491644 7.597996668796007 7.40084200064097 3.7742386709533404 5.000013394029816 
3.5370100939063986 0.7001849156542359 20.696546397486863 7.750532835859533 7.403549435675717 3.8999999862612498 5.0000090303517055 
3.503028729688212 0.7000105972350366 21.367694999625105 7.750480404899455 7.40167408935142 3.8999999960478036 5.000003111507693 
3.5010001393301633 0.7000216207247831 22.671725153930918 7.750605654198013 7.419296673294871 3.8999999862352377 5.000027949846273 
3.5009825805113937 0.7000092007307572 27.60522522101575 7.75024302187195 7.4741654656258865 3.8999999967293872 5.000004065913949 
3.500873420210735 0.7000099727382074 17.00001712053235 7.3393777903734305 7.405955003490639 3.622459943187269 5.000000650500269 
3.500875492493671 0.7000060574601303 17.000020440955748 7.451188998814897 7.405759266169958 3.6652069062487813 5.000002661327162 
3.5009432815472947 0.7000340788711459 17.000205522428423 7.303636011833173 7.416783550074149 3.5860331028335555 5.000014386917059 
3.5008790612710605 0.7000005014947912 17.000136097064257 7.308326708092777 7.401416970379061 3.53495326670441 5.000001152431795 
3.5056201620465495 0.7000200745107068 18.50347268017101 7.750590199204734 7.406178784984272 3.899999997394342 5.00010259681639 
3.5011617402612933 0.7000432381816531 22.05542258560771 7.750527311444599 7.422182631822421 3.899999986511532 5.0000193077987225 
3.501496127043339 0.700002270121367 17.00009208120345 7.449706207315314 7.400233082529224 3.6445594786693896 5.000016720100818 
3.501304864371751 0.7000099047978952 26.2629199995232 7.75053241318381 7.402919616601238 3.899999956672131 5.000000966124849 
3.5009865042469768 0.7000078597617587 17.000026046498615 7.584302405679802 7.40338485365445 3.7516481938740895 5.000001455904719 
3.5008348865796193 0.7000036817452474 17.000326317479228 7.633186476959145 7.414290633555146 3.3162015681396166 5.00000352132898 
3.5016427792829248 0.7000010131352361 27.67670385418693 7.7500189225156255 7.400859125672593 3.899999995312904 5.000000841489193 
3.500818280766574 0.700003527179623 17.000637919081736 7.661369457604682 7.420007684737287 3.4804938487098025 5.0000035670514285 
3.5010177526196706 0.7000273966456972 17.95432898303996 7.750564404066694 7.40057336338825 3.8999999959397598 5.000001098641309 
3.5015718571973564 0.7000106275352659 19.762132816393414 7.7500155336162715 7.40167408935142 3.899999952084 5.000000810793981 
3.503040762625023 0.7000106085567095 21.53366210378178 7.750478170978931 7.401688874573948 3.8999999978747866 5.000003111507693 
3.5008747390801394 0.7000007504377564 17.000045636092256 7.332719740935767 7.405910143704248 3.47718586853145 5.00000097856913 
3.5017769961384873 0.7000384775637999 26.080266469405196 7.752205983047499 7.418930513149452 3.899999985483797 5.000014413029332 
3.5017299283081167 0.7000427750885466 24.078233084795535 7.760970667964645 7.404746629554015 3.899999995189424 5.000020718011602 
3.5089507061899234 0.7000427750885466 23.70568695327746 7.7505095329245925 7.457525324839644 3.899999995189424 5.00016416075019 
3.5008757076594126 0.7000030588316909 17.000010160861354 7.335446713623016 7.405203813176632 3.369398221979816 5.000002367219486 
3.5015718571973564 0.7000226885141397 19.90594902925069 7.7500155336162715 7.40167408935142 3.899999952340781 5.000000810793981 
3.501610126011333 0.7000276901983059 24.00426075679567 7.750537403417499 7.40057336338825 3.899999985873427 5.000003899644237 
3.502073278722367 0.7000183696866095 22.55892813416317 7.750532957868277 7.405416048683297 3.89999998784018 5.00000890060381 
3.5008747220188994 0.7000000113219603 17.000044246332564 7.332961577502127 7.405800823002977 3.61868960634563 5.0000000972103305 
3.501496127043339 0.700002270121367 17.00009208120345 7.449706207315314 7.414656043515798 3.647410731464713 5.000016613717414 
3.5009865042469768 0.700008584916576 17.000026046498615 7.553003803250597 7.408732211734542 3.7566153657839365 5.000001455904719 
3.501164408412198 0.7000358374822515 23.18193975267988 7.750000951363446 7.408541485380172 3.8999999943416994 5.000000939126469 
3.501501862030127 0.700002270121367 17.000139049715525 7.335440460638155 7.414656043515798 3.3801865549852605 5.000016613717414 
3.501496127043339 0.7000006927541318 17.000137225502186 7.316871932069424 7.406306701515743 3.2922717763149367 5.000016613717414 
3.501042306231328 0.7000373652739867 17.000001025470326 7.303443776742932 7.405254766843889 3.54552793206826 5.00000289513658 
3.5011617402612933 0.7000432381816531 21.081020086524553 7.750527311444599 7.422182631822421 3.899999986511532 5.0000193077987225 
3.500876821711311 0.7000375030112107 17.000715187531615 7.334677282242671 7.467913236460635 3.5600764498366133 5.0000009139250885 
3.5012056293093177 0.7000033863850988 17.000045561718704 7.320437343722447 7.43586612885236 3.4608398700566894 5.0000133825763955 
3.5007958504640055 0.7000056591046051 17.00001712053235 7.3097699239638025 7.400854270381069 3.4060131229393233 5.000016006104773 
3.5011618032846323 0.7000088194196522 17.000036943881092 7.323276208752718 7.4085433085293335 3.2900767963049415 5.000018471263669 
3.5183443702501336 0.7000076802047185 20.12384593703623 7.768692632712214 7.404249799962179 3.8999999862612498 5.000003984575825 
3.5011617402612933 0.7000427803559609 23.648307748505836 7.750509869594036 7.422182631822421 3.899999986511532 5.0000193077987225 
3.5655751184595097 0.7031286734411624 27.995264855380547 7.7505222160166864 7.419859890043736 3.8999999909080505 5.000001819011858 
3.5012056293093177 0.7000033938554602 17.000045120762014 7.333852075194708 7.404086698763091 3.4608398700566894 5.0000009547409885 
3.5010381137411963 0.7000373684920802 17.000908503304146 7.524239913245895 7.426224309382913 3.710772315601454 5.000020489708977 
3.517359138483459 0.7000099047978952 25.70613821690576 7.750604939299134 7.402945983320858 3.8999999874705225 5.000001014500083 
3.5010381137411963 0.7000691395805908 17.026974202025304 7.524239913245895 7.426224309382913 3.710772315601454 5.000004296530289 
3.5012536208266427 0.7000088194196522 17.00000748277914 7.323135559925061 7.407046111515026 3.3040908194239487 5.000019115565579 
3.501255085019742 0.7000088194196522 17.000076698007614 7.323276208752718 7.405277076211235 3.3040908194239487 5.000019315881264 
3.5027679108212664 0.7000030379201645 17.00020301185857 7.7557313762075095 7.42040869551623 3.878741181498315 5.000018171959693 
3.509089539931714 0.7000120735774097 21.749623036679015 7.750177055480265 7.456732785223925 3.899999996345444 5.000031035078356 
3.500839851666532 0.7000091147386622 17.000079252350485 7.306735953378682 7.422314918008384 3.2456941016342182 5.000016893255867 
3.500946260837991 0.7000212562549608 17.000136097064257 7.308326708092777 7.408481874332258 3.279439998666316 5.000001814244527 
