3.594080870769689 0.7095453649624495 27.706957622874626 7.750301497507973 7.454631347669363 3.8999999618727355 5.004874019729828 
3.5006047215989007 0.70000998158739 17.000000366694636 7.300039544293459 7.403017453678433 3.1690967980035096 5.000050087219333 
3.502047778444087 0.7000014854772515 21.82844339014031 7.750281802862244 7.402661797054452 3.899999857704399 5.000036805746366 
3.5004894703232905 0.7000027564748529 17.00011284973306 7.3018780256274 7.401134116898217 3.432789455655063 5.000004792493583 
3.5012853507599333 0.7000182656437942 22.118753212321483 7.750093663783288 7.4116428523780264 3.899999973613383 5.00000896737634 
3.502038721094846 0.7000046231463319 17.000048568997105 7.303752947447532 7.411888745017841 3.5127285984278096 5.000022745320284 
3.501171511081851 0.7000000545956538 17.000010540861886 7.52205309242106 7.420103996692767 3.732204616378159 5.000014158243416 
3.530136307359718 0.7015895080482584 18.451698294851788 7.750153128702877 7.454631347669363 3.8999999948307256 5.010968489210894 
3.501439542347754 0.7000313276391541 17.000000258653543 7.474697567235106 7.409594891976484 3.6607403335634654 5.000018483848714 
3.501439542347754 0.7000313276391541 17.000000258653543 7.473166722961807 7.409594891976484 3.690197769849405 5.000018483848714 
3.5004224581814802 0.7000047274291377 17.00022543764421 7.305104590492062 7.411340228806534 3.5596941844459633 5.000025276848822 
3.5013962430581227 0.700057462647742 27.405650784879917 7.7500784717507205 7.410742895102068 3.8999998952217227 5.000003097119266 
3.5012597154461247 0.7000118564889082 19.388323728476365 7.750056156513181 7.413330834681588 3.8999998114526786 5.000011789549977 
3.5004636389018438 0.7000003253021397 17.000108073700975 7.382144315017061 7.401785417598204 3.605637564296278 5.000010187192163 
3.501439542347754 0.7000309616791345 17.000000258653543 7.3030183105006286 7.409579565695517 3.4630962791623285 5.001325892824835 
3.501171104561931 0.7000005136263796 17.00000204400298 7.472563651006122 7.407291679474449 3.7099819512144117 5.000014158243416 
3.500431940650557 0.7000584064850837 17.000000261315638 7.752238569670134 7.442711577872876 3.827267453104088 5.000021815639027 
3.5008101706273367 0.7000025921684209 17.81536097878212 7.7505004097025925 7.442339077214018 3.899999913005612 5.000001325297629 
3.500429287811664 0.7000086210009501 17.000092863364788 7.379131936218318 7.408394269429593 3.6290736472816114 5.000018316408833 
3.5004219342343084 0.7000046954255056 17.000117317722324 7.301394810421353 7.401161424757371 3.491063888848099 5.000030682019844 
3.501493566879335 0.7000068206284931 17.000388009095065 7.312079476108497 7.419481590957903 3.272640972448057 5.000025276848822 
3.5004542673973384 0.7000047045324274 17.000192711411877 7.3036642964424106 7.41181533269878 3.3213018554241627 5.000025468329883 
3.5014517471700297 0.7000695621731402 21.238959552215388 7.750015939162168 7.4249271725389 3.8999999944844324 5.000001511044678 
3.501259650267876 0.7000005031041895 25.550167178699265 7.758741555768295 7.401955718814131 3.899999958534111 5.000190050283154 
3.5291410723386303 0.7000025142634095 18.271003699422476 7.750153128702877 7.400779808086697 3.8999999972770123 5.000000083025253 
3.5004558932599044 0.7000011180892455 22.681003642891184 7.75120193234625 7.401346003232362 3.8999999635071654 5.000018762038556 
3.5014680782548306 0.70000998158739 17.000000366694636 7.3001864251895885 7.403017453678433 3.1893537908191623 5.000051637377314 
3.50041120532091 0.7000084168791209 17.000016532228457 7.314122404052985 7.4009388713690365 3.2046174900866546 5.0000018718334776 
3.530094615609892 0.7005985932666383 27.994890642589652 7.750153128702877 7.411095795729508 3.8999999618727355 5.0000303940459325 
3.5247995747875596 0.7000100636100125 20.295578640121263 7.750288505523327 7.4309940892593715 3.8999999933925076 5.007066280677944 
3.5004894703232905 0.7000028875011889 17.00000283741938 7.3018780256274 7.401134116898217 3.420052662826894 5.000003956827351 
3.5021111476204587 0.7000002763464591 19.712785453505997 7.750323006766695 7.4423374398826345 3.89999987288434 5.000000177729577 
3.500610143668272 0.7000059017583768 17.00000019798871 7.3001864251895885 7.402905387292397 3.3776415557603463 5.000013477934181 
3.5005317633813946 0.7000046364414676 17.0000195111267 7.749911432262968 7.457511559631878 3.8612542166722315 5.00000450670971 
3.5004640734568415 0.7000056242468576 17.00000334165889 7.300193627734684 7.405940216920688 3.18304701384724 5.000026782699019 
3.5005173591143084 0.7000312128981582 17.000010736855316 7.473829239930973 7.4094124615056565 3.3892072365354373 5.000004792493583 
3.501439542347754 0.7000309616791345 17.000000258653543 7.382828186512152 7.409579565695517 3.6415152300378946 5.001325892824835 
3.5013962430581227 0.7002317562619769 27.021817674486748 7.7500784717507205 7.407520298686081 3.8999998952217227 5.0000593162652995 
3.5020398292467987 0.7000117330953484 20.681038641884726 7.750154312070557 7.401713347432617 3.8999999311681703 5.000035828403139 
3.5003993918812673 0.7000103275958821 17.00022138188987 7.3000088160472725 7.400657589239417 3.2631673766804066 5.000026980396966 
3.502173963051913 0.7000305155622876 20.920101667722598 7.752143773508494 7.410141462572397 3.899999929126226 5.000000896013873 
3.5004211453760874 0.700006730386662 17.0000716351439 7.301776326377832 7.403701656542409 3.5794317028858256 5.00000892347999 
3.5003993362023804 0.7000103275958821 17.000152227825915 7.3000088160472725 7.411355429810204 3.2393665921516477 5.000025775686739 
3.5004639615009454 0.7000001817724307 17.00025653752132 7.31579950934709 7.41314549655401 3.224696541795994 5.000002914629798 
3.5012112148948478 0.700003614662627 27.608610727789554 7.750302242884442 7.402091720175804 3.899999958534111 5.0004888027939645 
3.5004219342343084 0.7000044816298525 17.000121354312647 7.301394810421353 7.401444723677826 3.536348136657159 5.000025359231425 
3.500421690690484 0.7000017376241234 17.00000812882605 7.647740325240712 7.401791018544997 3.763139864274058 5.000025255653769 
3.502214293171056 0.7001960336998865 24.91978901646845 7.751153092607234 7.4011523553578416 3.8999999999217385 5.000035650546764 
3.502218548639697 0.7001952297270985 24.121489610218717 7.750154312070557 7.4017304641917585 3.899999996075942 5.000004092948799 
3.5004224581814802 0.7000047274291377 17.000225446087523 7.3045289981675205 7.41162565614613 3.533992887735726 5.00002527708876 
3.5012804757201232 0.7000116512240635 23.07367037545642 7.751564166843684 7.403173842090865 3.899999855359558 5.000011661756729 
3.5014631682654063 0.7002300606047624 25.27313843016342 7.752133334412479 7.4249271725389 3.899999813423904 5.000002208721209 
3.5004558932599044 0.7000011180892455 22.916066335369948 7.791209706072173 7.401346003232362 3.8999999635071654 5.000018762038556 
3.501280036703445 0.7000440363996588 26.498322444376253 7.752127590664741 7.441361203000147 3.899999958400207 5.000247969127428 
3.5012773611478014 0.7001998606894433 25.799916603519403 7.752127590664741 7.441318575665432 3.899999995428169 5.000003660759343 
3.5012892993293105 0.7000183969309123 24.620042972357258 7.750093528407451 7.411639321540099 3.8999999584754645 5.000022782172007 
3.5007312955946785 0.7000004556369677 17.005551065664218 7.6070035466071175 7.4050922825066605 3.8004501995456845 5.000001713966758 
3.500460989654357 0.700009786641974 17.00000246648158 7.301559150159968 7.413531765635019 3.3020498448517315 5.000000355082485 
3.5013384090613036 0.7002006973849735 26.060644560771333 7.750288474717147 7.407406332205985 3.8999999915632775 5.000018675081157 
3.5004702094328812 0.7000116512240635 26.61688164234178 7.750319518247477 7.403173842090865 3.899999959742953 5.000011054742947 
3.5012112148948478 0.7000047138628855 17.594241858067065 7.750302242884442 7.402595433319568 3.899999958534111 5.0004888027939645 
3.5012327428170864 0.7000066620009412 17.000010736855316 7.753315068440596 7.4094124615056565 3.8904543846917115 5.000004792493583 
3.5130128308823014 0.700002531733603 17.000258156783534 7.742826709744361 7.404644135330175 3.865569148945599 5.000003416563464 
3.500463543124144 0.7000027716767118 17.000258156783534 7.746975212905001 7.448583599750758 3.81539263051474 5.0001969879899075 
3.500398460095495 0.70000998158739 17.000155868843386 7.3001864251895885 7.411378840846076 3.1697263895479 5.000050530122726 
3.5003351936205647 0.700006440230511 27.793039646496624 7.750103934189532 7.40635945027807 3.899999815450575 5.000059424654889 
3.5004639615009454 0.7000001817724307 17.00000731615338 7.315796698174844 7.41314549655401 3.230621285947219 5.000002914629798 
3.5004827761620443 0.7000046186632874 17.000005524817094 7.300057238041296 7.410757967386351 3.337538843377398 5.000003394323216 
3.5004542673973384 0.7000047049784401 17.000192711411877 7.3036642964424106 7.41181533269878 3.405677559493966 5.000025480845561 
3.500421690690484 0.7000017376241234 17.00000812882605 7.647740325240712 7.401791018544997 3.763139864274058 5.000025255653769 
3.5247394414748796 0.7000100636100125 20.013708629792053 7.750288505523327 7.454297844250831 3.899999993400926 5.003319137183883 
3.5004200443706694 0.7000034797359067 17.000207708192928 7.632301036610455 7.401791633033962 3.7874066189681597 5.000022227483373 
3.5004827761620443 0.7000046186632874 17.000020359080743 7.300057238041296 7.410757967386351 3.2875686789160428 5.000003394323216 
3.5012798061000945 0.7000127819638012 23.488604510235593 7.752127590664741 7.441476306365533 3.8999997334973284 5.0000054242851375 
3.500408664464536 0.7000454426372493 17.009475919557335 7.300002844754552 7.44449163459127 3.2110016657852167 5.000019715383436 
3.5014517471700297 0.7001941465547422 24.88285719864309 7.757020797524402 7.4249271725389 3.899999813423904 5.000001511044678 
3.5004542673973384 0.7000046269406938 17.000186326030057 7.3036642964424106 7.41181533269878 3.402325646607765 5.000025276848822 
3.502022606743089 0.7000058944314751 17.000003735942357 7.3005973254884005 7.403169982560856 3.3482770997913875 5.00002405047322 
3.5004224581814802 0.7000047274291377 17.00022524457716 7.312492187407999 7.411340228806534 3.3640397490119875 5.000025276848822 
3.5004827761620443 0.7000046539193416 17.000020359080743 7.300057238041296 7.410757967386351 3.2875686789160428 5.000003134350418 
3.524146882289693 0.7005798880088806 27.793039646496624 7.750103934189532 7.406361564988966 3.8999999456621826 5.000059424654889 
3.501315956441634 0.7002352991943387 24.527076613261624 7.751144476437299 7.4076085413443575 3.899999805918468 5.000014259567262 
3.5011989994877353 0.7000035579448728 26.26906382564482 7.750302242884442 7.402091720175804 3.899999958534111 5.000027641530256 
3.5249868244196225 0.7000134355084996 23.570843260191975 7.750288474717147 7.407406332205985 3.89999972479828 5.000018507397773 
3.5004639615009454 0.7000001159718798 17.0002556123272 7.300100357809137 7.413517744290848 3.250562882677694 5.000050116395944 
3.502173963051913 0.7000491437256916 21.20069688403924 7.752143773508494 7.401204726516957 3.899999929126226 5.000000896013873 
3.5004116085659214 0.7000001450993294 17.000224552875903 7.3000214301578925 7.40420279099362 3.2518480968720898 5.00002552324375 
3.502214293171056 0.7001961370857427 25.295756934977362 7.752143850078735 7.4011523553578416 3.8999999999217385 5.000002211795784 
3.5011989994877353 0.7000035579448728 25.90171455978562 7.750302242884442 7.402091720175804 3.899999958534111 5.000027641530256 
3.5012597154461247 0.7000118983218824 19.389161056563186 7.750056156513181 7.413330834681588 3.8999998114526786 5.000011789549977 
3.500423172127637 0.7000046699035563 17.000226085235226 7.300007911565254 7.414010733335166 3.588404462096519 5.000000407400617 
3.5004224581814802 0.7000047274291377 17.00022524457716 7.312492187407999 7.411340228806534 3.3640397490119875 5.000025276848822 
3.5306643643149074 0.7000446465391462 17.281772380365922 7.75120193234625 7.402091443027634 3.8999999611889313 5.000018663513319 
3.530094615609892 0.7015857538257382 27.86389721859065 7.750301497507973 7.454631347669363 3.8999999618727355 5.00002762522001 
3.502214293171056 0.7001836144110902 23.888935202165026 7.752143850078735 7.4011523553578416 3.8999999961602825 5.000003759847077 
3.501259650267876 0.7000035763400174 26.834283039260587 7.750302242884442 7.401280960615016 3.89999995950263 5.0000090182303625 
3.5021912072160917 0.7001906698620046 24.32690038816975 7.752143850078735 7.4011523553578416 3.899999996075942 5.000001735701018 
3.501338178457953 0.7000134355084996 23.320327997016207 7.750288474717147 7.407406332205985 3.8999997313562713 5.000018507397773 
3.501230782038428 0.7000028875011889 17.00000283741938 7.311474764226857 7.400662345729828 3.4815010419164594 5.000003956827351 
3.5246976305689794 0.7000035730251399 19.92699146579263 7.761956452900779 7.432372716145798 3.8999999933925076 5.000003852391078 
