3.50075691532113 0.7000002255549203 17.000012587818517 7.300295602930066 7.401519541143625 3.1709609879482024 5.000006973974344 
3.5027813068940357 0.7000046115299716 27.95084764964275 7.766653727937912 7.400477523331122 3.8999999763163378 5.0000026535671 
3.500534291182675 0.700023435019171 17.000094487391827 7.3216817645345 7.40045394672838 3.510853226536046 5.000002859597944 
3.501353307176505 0.7000074081289266 17.000006391845176 7.495951292624365 7.400674288470831 3.4853009846942147 5.000002357950481 
3.5027813068940357 0.7000046115299716 18.498113320907628 7.760454480467012 7.400477523331122 3.8999999763163378 5.000003023038597 
3.5003667745015083 0.7000011518859341 17.00061365268611 7.303651495513368 7.4225399357926385 3.366995679371513 5.000003001126265 
3.5025584063477506 0.7000000974089966 17.00004006306186 7.300471889309231 7.401248495191925 3.5704179290997407 5.000101097510548 
3.5013635574292654 0.7000002894537589 17.000170457432997 7.300285993091632 7.400850481740114 3.350353544104148 5.0000016348087994 
3.500342393603541 0.700002154127364 17.000012818098778 7.73049255124266 7.401225973448405 3.88684257983901 5.000003735767962 
3.500738675536582 0.7000036526502187 17.000417925679898 7.752138339348489 7.43207284643884 3.8614317001124534 5.000006198898927 
3.5004351620247554 0.7000055730783993 18.125243379131472 7.752728995162539 7.400464083301597 3.8999954593799684 5.000056188929925 
3.501389475021859 0.7000891284994926 17.00017139654856 7.300014670220822 7.400955099270487 3.2953497248935966 5.000000261005906 
3.5037875238406464 0.7000044326032558 27.754271566212843 7.751257906273803 7.423652380123784 3.899999952849634 5.021014585940344 
3.5007159298501493 0.7000031137921514 17.755189536458012 7.75005483793563 7.44285056554179 3.8999990498892734 5.000024679286771 
3.5013477614485597 0.7000059181375793 17.000007778820173 7.307454735581498 7.400169058046749 3.4584628044085295 5.0000024126881675 
3.5013846097147434 0.7000008531880244 17.0006873560098 7.30161327809606 7.400258737377906 3.218278553839621 5.000007107249453 
3.500417089287148 0.7000003529148481 17.000012818098778 7.730294532782858 7.401225945570067 3.77706054166776 5.0000136072607795 
3.501395809100185 0.700000563508735 17.000178172315856 7.308617084916512 7.401280023342327 3.2624593274019524 5.000000802229834 
3.5011033307838884 0.7000189786754487 25.979196593365828 7.750844042414395 7.454364576099278 3.8999999465825326 5.000068125791973 
3.50140878822834 0.7000071496981679 17.00001107179548 7.30198349546585 7.400255427653431 3.5322468318530924 5.000002869964062 
3.5010684802866714 0.700000287544043 17.00052868394052 7.304889811453173 7.400208763349199 3.4423743929193407 5.0000004945439755 
3.5004264891704335 0.7000145253890837 17.200970153708447 7.75064631872194 7.452714215548792 3.89999997717755 5.0004122653676335 
3.5014141999006196 0.7000002119943055 17.00007669387531 7.347833325542287 7.400513297980947 3.178962731077418 5.000002358145479 
3.501603764636608 0.7000019402407547 25.06986712277009 7.767289394577597 7.4425327041385945 3.8999999763163378 5.000002590252217 
3.5004872586218916 0.7000006723939419 17.000081347064903 7.745702266995913 7.409524214970164 3.8090286304437035 5.000014631372835 
3.5002140541815354 0.7000054018168903 17.032676713203376 7.768707187948943 7.423689693896553 3.743923230234636 5.000000184985943 
3.5005217932182746 0.7000091856408522 17.000676850987976 7.301835111954076 7.40051955822126 3.1912905567521097 5.000002383765977 
3.500487017514003 0.7000022315611576 17.000012818098778 7.4915500890025015 7.400636319247048 3.691688867519738 5.000055785885997 
3.5047956398940348 0.7001313488741542 23.239743859810904 7.7503279203875755 7.402504020634428 3.8999999721970826 5.000094970546593 
3.5013694627227325 0.7000001490020323 17.000643742786405 7.301811868527219 7.401156452726893 3.595669249618899 5.000002168942564 
3.5013881085349774 0.7000008385749334 17.00000172274401 7.300272410695106 7.40002919680351 3.472339185196989 5.0000022075909945 
3.500561173451063 0.7000004444444622 17.00564557186433 7.677134423883437 7.417816690966185 3.83641933468521 5.0000000394296436 
3.5011033307838884 0.7000188849134371 26.67110719945297 7.750357319494021 7.440675067933951 3.8999999465825326 5.000068165476861 
3.5004153717426902 0.7000002255549203 17.000023749117236 7.355364162303464 7.4014728501190685 3.283957233290836 5.000002252674079 
3.501369547550748 0.7000001490020323 17.000643742786405 7.332307943980893 7.401156452726893 3.5551334912304196 5.000002532101033 
3.5003334336591765 0.7000029077970372 17.000001159791466 7.300169517157052 7.400149978384769 3.2736865921471248 5.000002033085802 
3.501408810041387 0.7000022132172625 17.000001107096477 7.3001015741068285 7.477106192516402 3.240338702554884 5.000000206796824 
3.504573606271005 0.7000795154510139 21.805730430539647 7.750658503330914 7.400360684347651 3.8999999748817546 5.000137554740231 
3.501464390181172 0.7000063754651972 25.712185744039317 7.750838434887795 7.401853479944964 3.899999998869727 5.000066022900399 
3.5013661951626855 0.7000010520747811 17.000674703032008 7.302259090334783 7.401471544922056 3.3251614225285655 5.000006524413219 
3.5014851376054175 0.7000071368911555 17.028501271233644 7.465137010073469 7.40069840310271 3.701882674280377 5.000002241818943 
3.5007159356152058 0.700001376785022 17.000105244208992 7.486017524986619 7.402507185141446 3.646252923678218 5.00000103827112 
3.5043393283246536 0.700037948338527 26.208341364049904 7.774530278843626 7.442449053353217 3.899999773303368 5.005715938748847 
3.5055228074648253 0.7001331140417599 23.435096111350703 7.750258832173709 7.510278827448304 3.8999999293807193 5.001437562435636 
3.504508466299019 0.7001159900264577 25.330568069564432 7.750824240782891 7.510278827448304 3.8999999461405035 5.000001684342322 
3.504443374709266 0.7000119768177063 17.42152006142748 7.750643100879699 7.547280431122516 3.8999999919377415 5.000727141965993 
3.504618830510599 0.7000044432627636 27.470118345119555 7.752183084109687 7.4231689594582395 3.899999999348384 5.000002570178952 
3.5012856414315894 0.7000288930204526 19.887182730611563 7.752565395066227 7.442638117298138 3.8999990412826615 5.00000129228404 
3.5005621688973427 0.7000049927552056 20.21925423102472 7.75064631872194 7.44917099050637 3.89999997723642 5.000002583474329 
3.500208521878386 0.7000013284735899 17.018568815316776 7.682646801447856 7.401229128771708 3.784253312757863 5.000078020279234 
3.5025280198642537 0.7000011622487601 22.563227602554743 7.755704617276816 7.422334943261059 3.8999999801064913 5.000002834529257 
3.5005611544021233 0.7000052797159947 19.143488727601685 7.750736515194377 7.433593106463028 3.8999999403585544 5.006692812465828 
3.5013635574292654 0.7000002894537589 17.000003664293757 7.300285993091632 7.400850481740114 3.3833701481504965 5.0000016348087994 
3.5025280198642537 0.7000003025606049 22.686516087948174 7.751033106803413 7.4012053167701115 3.8999999801064913 5.000019808191604 
3.5004542293378997 0.7000022316369588 17.000012936924694 7.461085680933079 7.400744221519024 3.6150043142527677 5.000142339805584 
3.500089968339136 0.7000031137921514 24.855903817199454 7.75005483793563 7.442441691035492 3.8999990498892734 5.000024679286771 
3.500565833040542 0.7000044626938094 24.706548250780692 7.752620909641873 7.400540220064708 3.8999999619221635 5.00000110197361 
3.5010606052727624 0.7000073784892178 17.000064601315614 7.43635174357018 7.400673968692174 3.387852500516125 5.0000023117531205 
3.5045043001509093 0.7000007227142839 18.80030299159667 7.750676213419888 7.443085798773783 3.8999999995985473 5.0347336607599775 
3.5026118898063956 0.7000925599332528 21.535087213565436 7.758255366794222 7.442679616506201 3.899999976798316 5.000001363189918 
3.501366389999065 0.7000022487414471 17.000042517429243 7.486200799585938 7.400636319247048 3.6693252536225405 5.000006286049057 
3.5005223991795225 0.7000001322796653 17.000006222548762 7.329810354784506 7.401158911114071 3.5416038524334787 5.0000024418005005 
3.5045440195373634 0.7000002506372974 24.20220732199925 7.7511697712601455 7.402389168926555 3.899999982112722 5.000048869173449 
3.500565833040542 0.7000044626938094 21.41517735519402 7.752620909641873 7.400540220064708 3.8999999619221635 5.00000110197361 
3.5014154896269645 0.7000001204013026 17.00000044729743 7.669658894034961 7.400258737377906 3.8237182142273936 5.000002544808014 
3.504508466299019 0.7000503984801126 20.48483956414195 7.750353489522302 7.409994151030268 3.899999998001267 5.000752201427871 
3.5003334336591765 0.7000008439896879 17.000001159791466 7.300854667062733 7.4000385984076855 3.311661050848483 5.000004131203009 
3.5004463389274245 0.7000124265472758 17.00000938849541 7.31100659144742 7.400169087782916 3.3359044407638723 5.000054968501967 
3.504778303522227 0.7000977805218245 22.25403320345969 7.750329216844024 7.409994151030268 3.899999983493069 5.000017252176542 
3.5013066332462026 0.7001163137283879 17.00072359547794 7.461150535638231 7.4012831280569245 3.6652189212504576 5.000065340495555 
3.500311327238133 0.7000002241194164 17.000001159791466 7.300858975656701 7.4000385984076855 3.19927029621541 5.000007050266009 
3.5037875238406464 0.7001228554675507 27.37518656628625 7.75084398699242 7.453420509156434 3.8999999910199894 5.000067857174508 
3.500486815714806 0.7000006723261073 17.000831482028012 7.308773810768482 7.401892695110209 3.4169021143162888 5.0000041798991095 
3.5005745841684246 0.7000171472840112 26.90078454007276 7.7511833540180906 7.4018866443459705 3.899999976798316 5.000002568517686 
3.5038022479830815 0.7000783189627641 21.154932062439475 7.750642152068355 7.4500264615825404 3.8999954734879942 5.000011806038678 
3.5006491160534634 0.7000005804592411 17.000831482028012 7.301862693209691 7.4018807291314035 3.4038838686680997 5.000004119646312 
3.5037875238406464 0.7001228554675507 26.448527378716303 7.750838952228413 7.453420509156434 3.8999999915990298 5.0000681399995734 
3.5004542293378997 0.7000001402228089 17.000012487501433 7.460321423990356 7.400744221519024 3.627074678839111 5.000142339805584 
3.502618855371433 0.7000019402407547 25.304109490501503 7.789418759324911 7.4425327041385945 3.899999976760288 5.000002568474473 
3.5010392076289176 0.7000048893409324 17.00438350671735 7.308875343061033 7.40015439091516 3.2053499385922546 5.00002581969864 
3.501464390181172 0.7001176714188672 25.764039570301264 7.750727872821678 7.401853479944964 3.8999999362218625 5.000013659201827 
3.5002140541815354 0.7000054018168903 17.03213834951506 7.3295963616233815 7.401161953368942 3.5995364705712105 5.000000184985943 
3.500694853383541 0.700005125266 19.441158993190566 7.752037744883592 7.459738874155231 3.899881412069741 5.000009199742511 
3.504508466299019 0.7000915196355456 20.76249422615862 7.750353489522302 7.409994151030268 3.899999996352282 5.000752201427871 
3.503639585998381 0.7001208556754683 27.139103523232144 7.752612932107838 7.422565239515342 3.8999999914523604 5.000012519717111 
3.500595658807397 0.7000099027913605 22.97792199170282 7.751033106803413 7.442463945661654 3.899999976798316 5.000091365988132 
3.5013822195962154 0.700003460331435 23.965745787113732 7.750058007008365 7.441620448372203 3.8999990498892734 5.000024679286771 
3.5013712405067503 0.7001331124774844 23.674353737662294 7.750258832173709 7.510278827448304 3.8999999461405035 5.000000141151601 
3.5044028163867735 0.7000004032603822 23.737429466347155 7.750027919523212 7.450433583628139 3.8999990498892734 5.000024679286771 
3.5003334336591765 0.7000070031575041 17.000099286516075 7.461584328394842 7.401499788986278 3.6351527401261983 5.000004179176941 
3.5010679871786228 0.7000049000004401 17.00438350671735 7.308875343061033 7.40015439091516 3.2293210016119054 5.00002581969864 
3.5035981050690306 0.7001168052650312 24.471158970869606 7.750855108613987 7.40020149890786 3.899999950542457 5.000070629227211 
3.50033223481662 0.7000009075893656 17.000001179354612 7.4915500890025015 7.400647922881931 3.7239744775563324 5.000003997441909 
3.5003334336591765 0.7000008439896879 17.000001159791466 7.300854667062733 7.4000385984076855 3.311661050848483 5.000004131203009 
3.5037875238406464 0.7001208556754683 27.139103523232144 7.750847097319263 7.422406334571758 3.8999999912664642 5.000012519717111 
3.5007042130273045 0.7000787110929205 21.076687071560617 7.750646274131078 7.4500264615825404 3.8999954734879942 5.000002130501696 
3.5026118898063956 0.7000925599332528 22.97792199170282 7.751033106803413 7.442781837700255 3.899999976798316 5.000002568517686 
3.5013694627227325 0.7000001490020323 17.001362818371966 7.746415491492375 7.423684193254505 3.7400560092822466 5.000002168942564 
3.500215250451363 0.7000003099992091 17.00018236517318 7.302209811499895 7.400684098948501 3.250111163033518 5.000005875135159 
3.5005142359400057 0.7000008418458846 17.000001157103735 7.300842683022064 7.401475173521304 3.228186211575557 5.000004135919733 
