3.500649998011978 0.7000000305935804 17.000028093834274 7.30064074479607 7.401947262137491 3.1688847659640063 5.000019334589348 
3.500710093632935 0.700031052572973 27.96876222033972 7.750943280696776 7.415944781008569 3.899999999127921 5.000502503428941 
3.500649998011978 0.7000000305935804 17.000028093834274 7.30064074479607 7.401947262137491 3.1688847659640063 5.000019334589348 
3.5007717895964956 0.7000006016545284 17.000030043283427 7.700309542053406 7.433357338369438 3.7398137769217676 5.005222865081416 
3.5007365210244656 0.7000047505689104 17.000352903166625 7.740698103703342 7.412188442347596 3.848979408367309 5.000001192974703 
3.501065016057673 0.7000111301877964 19.172821094496175 7.750188105137975 7.461965865022586 3.8999999782114814 5.000039165735459 
3.5007365443778555 0.7000045100011489 17.000158811522404 7.303078732744486 7.400433197146778 3.257217160407288 5.000000958689156 
3.501028256351912 0.7000033053879006 24.272742901617455 7.784701444035363 7.401535905857099 3.899999997674079 5.000084364964915 
3.5007358330792493 0.7000071695254326 17.000358533744553 7.737996001210169 7.401831980614358 3.7923184201681077 5.000007388926922 
3.5007358330792493 0.700006961138023 17.000352903166625 7.737996001210169 7.401941179979657 3.5974631664566896 5.00002180809827 
3.5005709214487912 0.7000011231962505 17.000808443498887 7.750422944533431 7.401036023846927 3.8893939738252996 5.000001447758105 
3.5004594735017482 0.7000053624363957 17.00014732438457 7.317709618807784 7.401872154840462 3.4802557215433474 5.000151399647559 
3.5005841080998064 0.7000000720384822 17.00000521679915 7.303716895831443 7.402663551368275 3.2738365696526515 5.000000836508787 
3.500591204080669 0.7000002515679916 17.000030900515114 7.321129525787428 7.401937417949052 3.5185606907445255 5.000006048350205 
3.501065016057673 0.7000111301877964 19.5882842713472 7.750188105137975 7.461965865022586 3.8999999782114814 5.000039165735459 
3.5007239277805495 0.7000193161212874 27.643301414125375 7.750208769339142 7.4018458903056725 3.8999999964196745 5.000001418840821 
3.540164670747384 0.7065229219972772 26.7551398122486 7.750980016610875 7.402687180319928 3.8999999966675 5.000149202300335 
3.5008720459757146 0.7000177235291103 24.68460034931985 7.750174828416247 7.402347997786806 3.899999995417488 5.000082867003562 
3.5018595985612784 0.7000304416256753 20.727552259041914 7.76282844142689 7.404103983615964 3.8999999963882126 5.000050740049402 
3.500584076626889 0.7000000720384822 17.000020068382977 7.303716895831443 7.402663551368275 3.2961743887576542 5.000007560760454 
3.500736264997524 0.7000193161212874 27.48128916325107 7.750208769339142 7.40047825297288 3.8999999964196745 5.000001418840821 
3.5004442415118806 0.7000002338049445 17.000022388892724 7.563968396657109 7.402587460208978 3.6493206638277806 5.000027651436985 
3.5005906278705265 0.7000000720384822 17.000020068382977 7.302587053796654 7.402670722884535 3.369155882828974 5.000007552029582 
3.500833015549245 0.7000001914417708 17.000170088901974 7.310692896521833 7.401640752887458 3.5773716261593846 5.000030239296968 
3.505176426358968 0.7000000866320476 17.000014489480705 7.305624639571567 7.401851813155332 3.3836034585691257 5.000070270494084 
3.5051522637673127 0.7000000083358537 17.00025210583458 7.513541102018476 7.402200034641856 3.6188885875760968 5.000021202127135 
3.5008356679352466 0.7000033053879006 23.792825195087925 7.811268878224385 7.401535905857099 3.8999999989933225 5.000084364964915 
3.5008384474061227 0.7000001338876038 17.000070058017243 7.4376978126773645 7.455543574998256 3.6671255759212102 5.00010505384425 
3.5006467945893953 0.7000000392533556 21.71368278811268 7.750145275989158 7.401942502293702 3.899999998272398 5.0000004433313245 
3.5005841263519235 0.7000000223350339 17.000004908058358 7.300449981015869 7.4019337440826485 3.2854653831816227 5.000004120395544 
3.5006193962505257 0.7000003828087468 23.539666193624697 7.750145275989158 7.401942502293702 3.899999998272398 5.000000561953524 
3.5006467945893953 0.7000115157553379 21.924056978622314 7.750145275989158 7.401942502293702 3.899999998272398 5.000000561953524 
3.5006517546866913 0.7000306023462939 17.000377731646847 7.300457733408559 7.4014461878735665 3.43992284714832 5.000016841772335 
3.5007435090071772 0.7000003046034843 26.985217566611873 7.755760211775572 7.402608273763401 3.899999998273364 5.000018423660395 
3.510540210171301 0.7003228052624961 22.444405777929877 7.750185668188347 7.509410695902128 3.8999999955509557 5.000121624394346 
3.50102601503134 0.7000016185474927 17.00003066024622 7.694840060304012 7.401053477361764 3.631374987410507 5.000003100701823 
3.500644936142301 0.700000008832402 17.000071983958456 7.306161862885217 7.402819812496946 3.197942214380841 5.000117721493934 
3.500721979863085 0.7000488616497667 22.74272174308859 7.750928700852984 7.419819293185012 3.8999999990166447 5.000012993466818 
3.5021437576775307 0.7000010244722992 25.17998969253416 7.750875224942252 7.415703495845269 3.899999992044263 5.000016988760832 
3.500651113090465 0.7000003196297891 17.000002222994684 7.303223158313871 7.402129307675269 3.215568236576013 5.000034049200569 
3.5007422599014113 0.7000002784356659 18.759289497757237 7.756022601872964 7.404114032973779 3.8999999965145133 5.0000184289338705 
3.540164670747384 0.7065381976782428 20.099940827765586 7.750931353425533 7.401944326102733 3.899999999674854 5.00016138632098 
3.500647808360475 0.7000497054892624 26.34741499907042 7.755760211775572 7.401951987853419 3.899999995410141 5.000018439250603 
3.5006115975132697 0.7000192615593233 19.867135231581358 7.751563215374686 7.402107255105818 3.8999999963882126 5.0000480843347965 
3.500609159135798 0.7000000046241479 17.000030777204525 7.585246881498661 7.4369816110816815 3.243290971480991 5.000000489460174 
3.5006517714365315 0.7000317789782047 17.000377731646847 7.300457733408559 7.4014461878735665 3.20420760467022 5.000110567117278 
3.500668718696682 0.7000001839970785 17.00000445008055 7.3037161511990245 7.401835702795709 3.5428463275261066 5.000007600289813 
3.500839992149157 0.7000002338049445 17.00002237098727 7.569269326089813 7.402587460208978 3.768527974648693 5.000117770997911 
3.500585829550866 0.7000004010219324 17.000157268668218 7.311756206380472 7.4027465364221925 3.1840696026593136 5.000530328718948 
3.500980592019567 0.7000096717010891 17.000020160380423 7.303340553075528 7.402462617020137 3.3290223348353027 5.000030138667219 
3.5010169875144515 0.7000002784356659 24.99068314561506 7.7501727405138725 7.404380598811924 3.8999999976428965 5.0000184289338705 
3.5021437576775307 0.7000010244722992 25.953366478895685 7.750942899397924 7.415946830714725 3.8999999919571775 5.000016988760832 
3.5007367318395626 0.7000019311551753 17.000385481251826 7.508767431858426 7.433006950768123 3.7100964535300758 5.0000147283506005 
3.500710093632935 0.7000165139892999 27.96876222033972 7.750943280696776 7.415944781008569 3.899999999127921 5.000502503428941 
3.500647808360475 0.7000497054892624 26.301410536527943 7.755760211775572 7.402879053553057 3.899999995410141 5.000018439059157 
3.500838138573997 0.7000006928340397 17.000314157934792 7.526385614722275 7.402346614982951 3.691266710388527 5.000005205450332 
3.500867852394651 0.7000066885471614 17.67247915619908 7.750875224942252 7.4157942558119725 3.8999999920801147 5.000015655843296 
3.500644936142301 0.7000002344182337 17.000071983958456 7.306161862885217 7.40281632356081 3.2229302047782977 5.000016593533423 
3.521823263530923 0.7000000710295337 26.596604446772456 7.755263808152307 7.403395212004482 3.899999995736608 5.000312943067073 
3.503744883553558 0.7000000305935804 17.000028093834274 7.305854805168035 7.401851813155332 3.1689659150259804 5.000070164949079 
3.5008391598973865 0.7000042087568487 17.0000195402969 7.366414801789101 7.463721485671494 3.4265080535636865 5.000015796467253 
3.500980592019567 0.7000005815998911 17.000020160380423 7.300959489444506 7.402456656648546 3.3215921488050424 5.000030138667219 
3.500682520545342 0.7000046353952621 17.000324760443558 7.303085128846579 7.400426093132196 3.4521694573231683 5.000019425615444 
3.500794074550573 0.7000102582967137 17.000003584414 7.659054467070947 7.429596312265944 3.822945305093477 5.001054758046193 
3.5007350477748562 0.700000010947092 17.000354056336338 7.300671871288047 7.412971662930531 3.461103199694996 5.000132838304202 
3.5008387800860494 0.7000168252937469 21.258019512025143 7.75017683737768 7.500857612478914 3.8999999976735222 5.00006160822371 
3.5008757600654654 0.7000007737799635 26.771255161212146 7.750212114884224 7.40104866789881 3.899999949281344 5.000024947312526 
3.50329761930261 0.7002079087637281 20.0632152404093 7.75019551928595 7.403124532715494 3.8999999991131227 5.000020681831623 
3.5007351192044776 0.7000025074105067 22.199106819983093 7.750969976308344 7.400586958541315 3.8999999913300476 5.000117356807082 
3.5006813831752788 0.7000006928340397 17.000314447670785 7.526385614722275 7.402346614982951 3.683350224735286 5.000005198286117 
3.500584076626889 0.7000096150992201 17.000019982205963 7.303732686492705 7.402710216732102 3.1856761660859334 5.000574109699133 
3.5005859642438324 0.7000001215935352 17.000170034759627 7.302373158027157 7.422059355932628 3.497571053712996 5.0000062188883705 
3.5006483308748906 0.7000497054892624 24.812440213402027 7.755760211775572 7.401953487513286 3.899999995410141 5.000018438726768 
3.500647364968769 0.7000000335743378 17.000170034759627 7.302401031592903 7.421677268351087 3.5058230472983296 5.0000063134491946 
3.510540210171301 0.7000008052762734 22.901391594044274 7.750185668188347 7.509410695902128 3.8999999955509557 5.000121624394346 
3.5050933977122374 0.7000747064314792 17.00000576968819 7.653946909996493 7.415085098025062 3.8268836778115363 5.000020800130835 
3.50057042551678 0.700000526252586 23.073799287315904 7.750432893680994 7.401438769847634 3.8999999920742967 5.000001497099753 
3.5005900158649004 0.7000002081273502 17.00001090934278 7.321246704388563 7.403185701205603 3.31154224055352 5.000006029899319 
3.5215258877710367 0.7000069262587258 18.136438296641092 7.750035037011145 7.462728769013983 3.899999997988913 5.001547915692223 
3.500839992149157 0.7000002338049445 17.00002237098727 7.569269326089813 7.40259892197759 3.771311601099653 5.000117770997911 
3.5005739312241744 0.700000526252586 25.75095529399218 7.7504337230834395 7.401438769847634 3.8999999920742967 5.000119968510739 
3.5056474451982704 0.7000436597593332 17.00001442964216 7.310838059393172 7.416753888194702 3.3427409366339855 5.000044728315658 
3.5007367318395626 0.7000019311551753 17.000385481251826 7.508767431858426 7.433006950768123 3.7100964535300758 5.0000147283506005 
3.540164670747384 0.7065381976782428 19.95316331496034 7.750931353425533 7.401944326102733 3.899999999674854 5.00016138632098 
3.5007356269497047 0.7000483955127251 18.41284814924987 7.7500277016223045 7.419849900997865 3.899999946241699 5.000000961991258 
3.5006467945893953 0.7000124714456805 22.283238954261545 7.750145275989158 7.401944981902299 3.8999999982661873 5.000015516131723 
3.5007282741190706 0.7000192994620987 18.661011712757258 7.7515999517040735 7.430429077929146 3.899999999529391 5.000892873705118 
3.500895559551863 0.7000010192181958 23.328879833386686 7.750875224942252 7.4157942558119725 3.8999999920801147 5.000015655843296 
3.5016955390660836 0.7000069262587258 17.438737551569346 7.75016743004361 7.4226227601521915 3.8999999952837117 5.00001842313656 
3.501023469137265 0.7000006817047929 21.40832057634166 7.752225148862313 7.459396226301066 3.899999997623308 5.0000492726101555 
3.500584076626889 0.7000000720384822 17.000019428148605 7.300015248462719 7.402663551368275 3.3571142058693915 5.000007560760454 
3.5008387800860494 0.7000169671895133 21.02557547444403 7.75017683737768 7.462716599594806 3.899999997467384 5.000322138482487 
3.5005744541221016 0.7000011787281353 25.575609631384822 7.750190852787437 7.401909335956068 3.8999999955775464 5.000117356807082 
3.5009814828921013 0.7000000769537833 17.000001510592156 7.300107627664213 7.402663970404261 3.341191554385635 5.00000799637171 
3.5016955390660836 0.7000012987983047 25.392081040834476 7.75016743004361 7.4226227601521915 3.8999999952837117 5.000016977543186 
3.5017232462232957 0.7000003986225782 23.254722905365767 7.75016743004361 7.423042368793809 3.8999999952837117 5.00001842313656 
3.500609159135798 0.7000002371943769 17.000030777204525 7.594553989261133 7.4369816110816815 3.2386246220791373 5.000027691630331 
3.501028256351912 0.7000032981568028 24.028464451140746 7.750145275989158 7.400551075262856 3.899999997674079 5.000084364964915 
3.500753528738872 0.7000032981568028 24.043694087083836 7.750145275989158 7.40028450942471 3.8999999965586243 5.000084364964915 
3.500584076626889 0.7000007220801899 17.000012723029325 7.305659832036427 7.4155996240003 3.419749025548275 5.000013649902958 
