3.5535197646860204 0.7099170726150525 27.999926858141013 7.75052476941642 7.511421599151002 3.8999997170040275 5.000042914169106 
3.50158216494686 0.700001190269993 17.000016215980757 7.304172205905109 7.403767882097699 3.17032690196035 5.000004508152976 
3.501061126774728 0.7000012781854378 17.0000876211378 7.417636824656865 7.400983383383713 3.430068348230864 5.00000243293922 
3.5022798484232736 0.7003813276266269 27.999926858141013 7.751618823434568 7.472686667837918 3.899999540822585 5.00004283427825 
3.5010492222779424 0.7000051926576281 17.00013547475256 7.319159904294859 7.411407188370915 3.3971808477261165 5.000001925571775 
3.5016339915049457 0.7000314763149972 21.989905605226525 7.751630912139796 7.406791894498298 3.8999999899282054 5.00001198810394 
3.5009241703929606 0.7000357135314421 17.000191095647462 7.344113330654485 7.4007154363529555 3.628288073512222 5.0000007845619905 
3.501913733815614 0.7000244295874307 19.668473834436725 7.767339929440248 7.401974772475794 3.8999999896468003 5.0000500682627615 
3.5535197646860204 0.7098729911201666 27.999926858141013 7.751618823434568 7.472686667837918 3.8999995720877076 5.000042914169106 
3.501041861507315 0.7000302908391739 25.85000274547836 7.751988125088313 7.4065266986635585 3.8999999924343025 5.000003287409908 
3.501678146203768 0.7000218619659035 17.00016188121304 7.550745365321425 7.427794360743202 3.6982479839108384 5.000107228126448 
3.507200651048809 0.7000252139759614 22.948366171711548 7.7601911800376495 7.402193373438759 3.8999999896468003 5.000107802817601 
3.5018197739337182 0.7000023889468977 18.750550566610443 7.751625900197041 7.40670345143666 3.8999999972758523 5.000082412383726 
3.5364325739880846 0.7000487382689691 26.120603008985388 7.751630420228816 7.406520313766175 3.8999999985336244 5.000000261962332 
3.501597844512576 0.7000020756923996 17.00033050012663 7.572312428831875 7.407131793823512 3.6450365748720106 5.000019693543487 
3.501622781090033 0.7000244270231729 17.000166175569095 7.358093002602425 7.4547050553067065 3.2576460416709625 5.000018940317183 
3.501307169542054 0.700047922629929 17.493608309090042 7.752943040157331 7.406328203568689 3.8999999919692154 5.000011924710976 
3.507081829164234 0.7000310291089488 22.3743095305735 7.751124385303065 7.40132585789924 3.899999830423743 5.000078746655271 
3.501913733815614 0.7000238125770002 27.388000855288627 7.767710848999163 7.401954582063171 3.8999999896468003 5.000046135710271 
3.5011586782830624 0.700036534297939 17.000441870768963 7.655215629234581 7.4000718956109415 3.7683893952581817 5.000004922388828 
3.501643188261266 0.7000314929726948 21.462471669895685 7.751634221167351 7.401597059327632 3.899999895695766 5.0000114347891405 
3.5019348995872273 0.7000056305573042 22.590957841676122 7.751566646446732 7.408450513765071 3.899999973404052 5.000002538516576 
3.500925013480575 0.7000359905380038 17.000268963518145 7.344116378139658 7.401159088100003 3.5989004271493714 5.000095028691003 
3.501643188261266 0.7000027625560248 25.196762905608022 7.754809730441122 7.401608609996184 3.8999998938637317 5.000008932249211 
3.508423892505725 0.700035955416938 26.928301407865902 7.751210805664265 7.416578111301684 3.8999999675805657 5.000042210973916 
3.5009128631984168 0.7000015598065605 17.00006387693144 7.341172594057115 7.400432887325541 3.5754523506658207 5.00002116725647 
3.5008809484920254 0.7000009119552247 17.000175524427387 7.300119204111071 7.404422164559445 3.308905811159693 5.00013090187198 
3.5019187015843074 0.7000012205102133 17.000259179773703 7.31468099195345 7.403735237312889 3.2442119774036913 5.000004508152976 
3.5010417130960625 0.7000367709932068 23.267209706918685 7.751998378545428 7.406525746496399 3.8999999924343025 5.000003293757796 
3.5020485202646134 0.700047799604627 27.60390392213338 7.751550291724756 7.406531972991383 3.899999992569791 5.000002555496558 
3.501885793115114 0.7000232911404984 17.000454296530133 7.655462596363977 7.400006877476387 3.7161087907309263 5.000004922388828 
3.5008045308040483 0.7000141256992499 17.000165991213965 7.319830486152792 7.407065947773548 3.2273897234538382 5.000001166849497 
3.5030940175175584 0.7000150101115103 17.002530851195953 7.317530005308286 7.4062867335197495 3.3498618957667095 5.0000048773469015 
3.5016949838843323 0.7000096551132008 21.597365490347386 7.75121751340246 7.416578111301684 3.8999999675805657 5.000013686072675 
3.5015609646110475 0.7000049176984633 17.00045345183988 7.751503772969912 7.400218075680587 3.7404906392815485 5.000002253009534 
3.501833918698764 0.7000046808794992 17.00016313342254 7.308549644210816 7.481280404419865 3.4793964333833154 5.000098515311121 
3.501057454895793 0.7000051421279346 17.000134760917064 7.30421467028901 7.411407188370915 3.3614277567341047 5.000000817612042 
3.501885793115114 0.7000232911404984 17.000449060440427 7.655462596363977 7.400006877476387 3.669230060254904 5.000004922388828 
3.5018228690720212 0.7000247028316241 17.022031567021386 7.311522368219283 7.409165103735828 3.4899242316837795 5.000019962851421 
3.501913733815614 0.700206476207691 27.889010904213233 7.7671451050889075 7.401974772475794 3.8999999896468003 5.000062158728074 
3.580642881760458 0.7000302908391739 18.925233553426743 7.783536761110135 7.406530499082618 3.8999999924343025 5.00000328766522 
3.5009128631984168 0.7000016604888446 17.000277404749617 7.320419429804167 7.400722835904905 3.5225952709436377 5.00002116725647 
3.501878304030277 0.7000007755779828 17.000175374517028 7.300179702373012 7.404419772510342 3.4642601898696963 5.000098331029487 
3.5022493983145906 0.700036534297939 17.014052043471686 7.655215629234581 7.404901397520629 3.7801028270446695 5.000003541402632 
3.501934060688197 0.7000011681591055 17.000000004839894 7.301737257887349 7.404035570646443 3.1986900958363624 5.000105848110618 
3.5010068951814897 0.7000127952515 17.001175874883064 7.651632671472071 7.406961617026897 3.832558173092507 5.000001071635915 
3.50113803883089 0.7000366773026642 17.00000010064018 7.315527661625365 7.441007489986916 3.442761909917037 5.000105301503984 
3.518620186696868 0.7000302908391739 20.34469902480978 7.751988125088313 7.514286883674045 3.8999999648837163 5.00001543263663 
3.5018316649708647 0.7001111440507602 20.981750592507787 7.7513677899628 7.403179367105781 3.899999829062421 5.000065360711556 
3.5012087597058668 0.7000193090893873 24.396551714496223 7.751622423742991 7.40871531909536 3.899999998728839 5.000105265882091 
3.5509354583218498 0.7098001327794696 24.924822045984843 7.75052476941642 7.512290220231236 3.8999997157161537 5.000006118785907 
3.5010972383664924 0.7000005828275718 17.000383815074446 7.334222838361814 7.414698516756916 3.2110240272929813 5.000000745078084 
3.5010631025865817 0.7000140989979251 17.00016927087135 7.303472439715924 7.406255554849886 3.2357496680052247 5.000012465136408 
3.501864154311932 0.7000044746558544 17.000009631140156 7.315527661625365 7.4067285301229315 3.4542130639292674 5.000098897613487 
3.5018197739337182 0.7002819048289961 25.58207507092282 7.751223457666621 7.401978091206643 3.8999999972758523 5.0000622506123324 
3.501048181756537 0.7000024853100035 17.00028170457725 7.744616238658146 7.429455733541755 3.8374813520041284 5.000105886005326 
3.5008030017282405 0.7000243580883079 17.000162468755505 7.3288454415860524 7.412331159509852 3.215308946748199 5.000000745078084 
3.501057681117575 0.700047674135981 17.005933015777636 7.8235921414886205 7.406598338927564 3.8021973500939836 5.000004904778983 
3.5019555090927432 0.7000093592907719 20.78572762927603 7.751211846698851 7.514286883674045 3.8999999989622687 5.000015482040814 
3.500795848306646 0.7000150998519308 17.000154866435224 7.326217223076813 7.411168551865245 3.373516584785213 5.0000389246839445 
3.500912262543154 0.7000015598065605 17.00006387693144 7.327399370678181 7.4010577613045125 3.593623262820344 5.00002116725647 
3.501840972851215 0.7000024296153364 18.31749536650496 7.758639223409078 7.406689055330151 3.8999999972288366 5.000011642584509 
3.5014455296938043 0.7000082118697618 24.966237858035452 7.751643693116312 7.439520130702452 3.8999999062019453 5.000107227569022 
3.501595476675367 0.7000020756923996 17.00028458747212 7.572312428831875 7.425264341625135 3.6658856718799835 5.0000199079628285 
3.5011964026021745 0.7000289232939129 24.099132274993668 7.750083841192005 7.40438737728392 3.8999999936941467 5.000000581048224 
3.5016878377619483 0.7000782128919937 20.029013789580343 7.751123470775571 7.407038474491633 3.899999832764149 5.000075802884116 
3.5014850301118434 0.700002663580762 24.838188173605978 7.751643693116312 7.439520130702452 3.8999999135887395 5.000008076586116 
3.5024391637108714 0.7000012671857018 17.000158717872452 7.303485932592627 7.4181516128304645 3.5349450497674724 5.00009362667215 
3.5006836679782545 0.7000011338839564 17.000087879762976 7.754120390041207 7.412521968132773 3.863392553968322 5.000000745078084 
3.5015609646110475 0.7000373727841045 17.00045345183988 7.541042878296703 7.400218075680587 3.7335514153848246 5.000002727571968 
3.506808955751311 0.700957735445859 20.49371103827714 7.751643693116312 7.409024501018511 3.899999998284705 5.000018069444891 
3.5014181953196353 0.7000005511740892 17.135086481404745 7.750076032590395 7.410768590045443 3.899999940386887 5.000001059017117 
3.5009216857645877 0.7000318093310822 17.000268963518145 7.731368167231255 7.401159088100003 3.8835596555829643 5.000095028691003 
3.500795848306646 0.7000150998519308 17.000154866435224 7.326217223076813 7.411168551865245 3.3869326061210483 5.000004060912111 
3.5011012625192466 0.7000051475882733 17.000166188560865 7.318157678307613 7.400382087763658 3.5614413388222528 5.000027807517436 
3.507081829164234 0.7000134905309373 24.014617583697433 7.750076032590395 7.410768590045443 3.899999940386887 5.000025746003461 
3.5352623316999767 0.7049109745214094 18.05914385789198 7.750157421190897 7.433001388376868 3.899999982239605 5.000048486519247 
3.5024700743388406 0.7000305502814935 24.618745927913537 7.751212977861155 7.400670089183653 3.8999999568531756 5.0000400073782405 
3.500969864252558 0.700035955416938 26.914665284818735 7.751210805664265 7.416578111301684 3.8999999675805657 5.0000411052621185 
3.501804385022394 0.7000028470504959 17.00033050012663 7.30981188782557 7.407131956977441 3.3378789101885555 5.000001125416523 
3.5024572068867132 0.7000003604195749 17.000075265145085 7.333751111214651 7.402115274185705 3.555200868004909 5.000016243049212 
3.5010972383664924 0.7000006500462078 17.00008380840977 7.3388341266015695 7.414698516756916 3.1799941634680375 5.000000745078084 
3.5010178006825288 0.7000056147778173 17.88955619899687 7.7929284443709586 7.4062867335197495 3.8999999981381066 5.0000002909353976 
3.50158216494686 0.700001190269993 17.000016215980757 7.3148695815178595 7.403767882097699 3.1826974298309234 5.000004508152976 
3.581037714455157 0.7000012121747538 18.897656653313206 7.783769668163026 7.4062867335197495 3.8999999981381066 5.000002471497131 
3.501309094902628 0.7000183163331538 19.983273854506375 7.751216851077336 7.41072416662553 3.8999999895443636 5.000025072273717 
3.5010092330804357 0.7000193090893873 17.89653165859702 7.751622423742991 7.408771064068512 3.8999999987153933 5.000000363361911 
3.5018284655731597 0.7000142855380845 17.000525809932878 7.311205253261715 7.401864916240747 3.2837429177615687 5.000026834207373 
3.501052080293195 0.700047674135981 17.005933015777636 7.8235921414886205 7.406329530682501 3.8019248230736133 5.000011756189882 
3.501289989758737 0.7000024231812313 17.00033356292828 7.309810485999533 7.401137592835522 3.269330809271648 5.000095028691003 
3.5013644408178575 0.7000062577654419 23.767622463207058 7.751543643212383 7.407780570235597 3.899999921254277 5.000011261739286 
3.502569075002465 0.7000154396466719 17.00027729046559 7.321261562614448 7.4063814433361035 3.5065594094500656 5.000013074876564 
3.5008856943154236 0.700035955416938 26.66240916757646 7.751210805664265 7.416578111301684 3.8999999675805657 5.000042210973916 
3.5008856943154236 0.700035955416938 26.41781615350875 7.751210805664265 7.417018160225376 3.8999999675805657 5.000042210973916 
3.5011626684924564 0.700014460712361 17.00033422199995 7.318539013218026 7.401864557181201 3.320062143830074 5.000027627662584 
3.5010112728430025 0.7000816122965408 17.000282946479352 7.308850225380604 7.412099886987618 3.2961817587769904 5.00000316712673 
3.5010083512627967 0.7000194056649064 17.00027733058354 7.308850225380604 7.412099886987618 3.2961817587769904 5.000001546645408 
3.5025719965826707 0.7002481079393399 17.000282906361402 7.321261562614448 7.4063814433361035 3.5065594094500656 5.000003988665007 
3.501051449907994 0.700014460712361 17.00142294285731 7.435824296218329 7.401864557181201 3.32177482859585 5.000027627662584 
3.5008856943154236 0.700028999700904 26.66240916757646 7.751210805664265 7.408972779849324 3.8999999675805657 5.000042210973916 
