3.5032665407886476 0.7000119897650966 27.985695766199882 7.75022847346741 7.400991974986504 3.8999998373962854 5.000878970047248 
3.5003390979492237 0.7000012818450276 17.000009468647836 7.303122706429557 7.400192629877289 3.1703722612587897 5.000000490640721 
3.5030595637265334 0.7000004637815613 20.89026272210795 7.750069999269675 7.4057468585288255 3.899999919420661 5.0000009045147555 
3.5023454948428574 0.7000089368761757 27.130337253016002 7.752282871175204 7.400332120722785 3.8999995471404647 5.000001547405836 
3.5001813701958535 0.700009248197712 21.936187161948876 7.798775790497633 7.400345399794168 3.899999811605612 5.000009850369817 
3.5001504180119185 0.7000039990250218 17.00000213511261 7.300858335384017 7.400634311452265 3.4217199779128027 5.00000015702284 
3.500422394717168 0.7000044356972157 17.000013465196805 7.3027435128897045 7.409325435527182 3.3483225569466732 5.000068140212705 
3.500164130112454 0.7000096787269612 17.000007848230577 7.300287571967774 7.400722951571154 3.3256638802676086 5.000001006756389 
3.500175272520996 0.7000090384201009 17.00000377448089 7.75478246480721 7.41078008997537 3.6759798069931273 5.000001008351687 
3.50281108218903 0.7000006871210251 20.314751013698103 7.751049556476011 7.400591638362109 3.899999985340237 5.000000295244521 
3.503190403021236 0.700037182022725 26.116242690376225 7.751571306802435 7.412955258135591 3.899997696075317 5.008472924583146 
3.5003271302693597 0.7000167972279475 17.00003146135537 7.302195822543993 7.400621761018601 3.3992420765288998 5.000037154969054 
3.5003125798757866 0.7000002232676349 17.000067673387296 7.733280916085078 7.405264656926475 3.83351751728463 5.000064137244752 
3.505083649842208 0.7000131238992294 22.31092982717126 7.750588003301085 7.477540221578857 3.899999906835257 5.000008858169251 
3.500095210865538 0.7000094683796558 17.000005432920034 7.300167376829151 7.400717418297976 3.1836206247252687 5.000030481236719 
3.5005793478080967 0.7000037040978325 17.008964105008133 7.300313886862806 7.400870810773998 3.2900245242414137 5.000000262752515 
3.5010924501719756 0.700013308661053 19.33681983292159 7.750662163451701 7.40623842129511 3.899999985601846 5.0000012954239805 
3.5000899176083275 0.7000012687724178 17.000052047648825 7.300279649458217 7.400726857825671 3.5832261227518645 5.000000974730528 
3.5197988659882333 0.7000121507904457 24.747102817701993 7.75051966379433 7.405098980780407 3.8999999232221008 5.000001437931831 
3.501052425652004 0.700001247237531 26.701703290603003 7.750672434842695 7.41039931585386 3.8999998026347513 5.000000047460239 
3.500159612342726 0.7000118176186756 25.157841776657573 7.7686732252496835 7.416843178268023 3.899999874496383 5.000878970047248 
3.500269355206533 0.7000114752111924 17.000207268686836 7.300169088232679 7.40082790628191 3.4637269961770993 5.000001008463215 
3.500103874012833 0.7000053373753691 17.00005174360963 7.612640420294244 7.409726046114889 3.7042865958205398 5.000000012860232 
3.5026139676884753 0.7000084682022509 17.00003133625536 7.750756650516257 7.400694209243942 3.854592504844963 5.000000145494653 
3.503022481969231 0.7000188111971419 24.233478844383548 7.767259911423497 7.400749070457001 3.899999928522952 5.000000217195955 
3.5003625607460025 0.700004700067192 22.70262770789396 7.754387594081325 7.410613758277094 3.8999995331474397 5.001545896380827 
3.5003390979492237 0.7000191649616199 17.000009468647836 7.303122706429557 7.4007957284631525 3.198721514155325 5.000000490640721 
3.5028527753602807 0.7000184911869335 21.548386636657696 7.750692180382931 7.410599561549371 3.8999963284690136 5.000009928338586 
3.5001996439650247 0.7000025991903177 17.000592812841052 7.308549938089766 7.401074290387777 3.4747478818698956 5.0000000362757895 
3.5026252507528643 0.7000189168968879 18.651255822314383 7.751057904143145 7.4103798967584975 3.899999973273666 5.000000494795356 
3.502946494723825 0.7003802392528837 25.8363842715853 7.750673281997691 7.41039931585386 3.8999998317117592 5.000000047460239 
3.5001565683140914 0.7000309349914595 17.00005327838085 7.300182076158289 7.400507074201659 3.5997561330511694 5.0000001547184 
3.5114569506442788 0.7000092727413473 23.77618887012171 7.751051848853622 7.450266337926995 3.899998530597862 5.000000211506035 
3.5001993393306967 0.7000131608784955 17.00094695486618 7.308461377046876 7.45598388569586 3.5593596944504764 5.000000127734008 
3.503093110518857 0.7000133778734452 23.130873355281437 7.750673877729935 7.406290622343972 3.8999983073453923 5.000000654501503 
3.5001502033929572 0.7000084682022509 17.00003133625536 7.71842832796923 7.400694209243942 3.874762282223087 5.000000140507537 
3.500719312354634 0.7000055102675663 27.67577964967857 7.754890003201626 7.4101760354282895 3.8999998373962854 5.0000004880015325 
3.502968898034977 0.7000076187977237 24.44621405472885 7.75260986021717 7.400716436643675 3.899999928522952 5.00000014757035 
3.5030406771152762 0.7000133778734452 23.966700160362937 7.7629373501323435 7.406330911036073 3.8999984762899707 5.000001534811511 
3.5002383898758964 0.7000070485277322 21.22428675811026 7.751297064702866 7.400512679706706 3.899999756048505 5.000001071617789 
3.500196475503518 0.7000184168467812 17.000512886924803 7.30022553244882 7.405478006378614 3.3903331027894272 5.00000086384259 
3.50037523893596 0.7000035223437937 17.0000287105449 7.3013320212981485 7.401152115142636 3.3613885448921526 5.000000152415376 
3.502984214368105 0.7002304626189805 17.469555316915603 7.750100066079756 7.405748280644497 3.8999990301439342 5.000000212096526 
3.5002767819590335 0.7000002457992046 17.000007827659886 7.300167860031785 7.400697054982007 3.3163519410262574 5.000000998511072 
3.500200581299462 0.7000044356972157 17.000035129498155 7.300173698518092 7.408613481376124 3.2625605307977676 5.000056198277486 
3.500196475503518 0.700018466426262 17.000069392405766 7.30022553244882 7.402593285182423 3.2375167702342194 5.000033032480546 
3.500595736995992 0.7000000917328988 17.000028703829216 7.302731265762456 7.400714759897492 3.214375008393089 5.000005703630993 
3.5001612353502103 0.7000113333719715 17.008956175242258 7.300168667813635 7.40082790628191 3.537684884284771 5.000000993285727 
3.5002518006794863 0.7000013315751491 17.000660818027345 7.300054329498318 7.401073664859917 3.4380136865066886 5.0000001391570965 
3.5170480139051605 0.7000119189413342 17.829119864312457 7.750107327505433 7.402973641507369 3.899999822685531 5.000043017051681 
3.500090495087045 0.700009498745014 17.00005174360963 7.612640420294244 7.400670516306112 3.7844760375886795 5.000000012860232 
3.5001996439650247 0.7000025645759077 17.000592812841052 7.322719235374108 7.408625081944098 3.6135843296195125 5.0000000362757895 
3.5332793664441895 0.7003714166605671 19.50606196364977 7.750662163451701 7.40623842129511 3.8999998097693895 5.000000037974912 
3.5006731627358807 0.7000006995145035 17.0000287105449 7.30068526597607 7.405246222885967 3.2546578214364597 5.000007673740064 
3.500719312354634 0.7000056205091622 27.768561656528934 7.750236857400132 7.4101760354282895 3.8999998373962854 5.0000004880015325 
3.5029503109985947 0.7000002491587141 17.00000813665342 7.300291202731632 7.40017688204866 3.513672069416005 5.000001569372195 
3.500576952856322 0.7000042826064421 23.46406872701697 7.751073492938661 7.420316802358263 3.8999984893096244 5.00000045511972 
3.500196475503518 0.700018466426262 17.000069392405766 7.30000226793039 7.402534206155301 3.2365689896913903 5.000033032480546 
3.5001993393306967 0.7000001888392243 17.00885209465679 7.300250891782393 7.4097862163604145 3.5658656163505995 5.000000023710158 
3.5001648090114243 0.7000003675749725 17.05524700202666 7.609894626974668 7.446667764204072 3.80659280316845 5.000000018392955 
3.5005922814263135 0.7000094993568919 17.00001396408661 7.300950163500266 7.446462480565922 3.2037106433740306 5.000001197455466 
3.5005699997307307 0.7000003022345775 17.000027042964202 7.300289131952387 7.40065183970748 3.2763823498351075 5.000000524255412 
3.500581502728695 0.7000037040978325 17.008964105008133 7.300313886862806 7.400870810773998 3.4455778906580674 5.000000719347974 
3.5029808634168624 0.700004700067192 22.500802709964052 7.7501063181436685 7.410404789615093 3.8999998998585323 5.001525810570054 
3.50017814090934 0.7000018804166112 17.000052063249274 7.564578067176948 7.4079440964729155 3.7743950363465295 5.000000000582085 
3.500171281868988 0.7000088936857248 17.00005679343019 7.550446267925246 7.445221510334213 3.2210282065702076 5.00000174519925 
3.500576952856322 0.7000034112856467 23.514545146030336 7.751073492938661 7.40091807937612 3.899999167662082 5.0000004601135 
3.5001612353502103 0.7000113333719715 17.008956175242258 7.300168667813635 7.40082790628191 3.537684884284771 5.000000993285727 
3.500402696696613 0.7000044355447486 17.000121082278774 7.388847161548514 7.400554151267611 3.6252122398159936 5.000068140212705 
3.505756401502914 0.7000131976483851 20.158662257607837 7.751573395980966 7.400550479688972 3.899946925955964 5.000000370787775 
3.500088377465122 0.7000094597332686 17.000047283564616 7.300651872466467 7.400454549196768 3.4913439055475246 5.000000974730528 
3.503093110518857 0.7000132648868863 27.376652619203718 7.750673877729935 7.406290622343972 3.899999015007343 5.000000648929391 
3.5010924501719756 0.700013308661053 17.989641737291226 7.750662163451701 7.406023243611553 3.899999961786287 5.0000012954239805 
3.5002803085768552 0.7000185179654067 19.9329999336626 7.751052882544867 7.410376492008307 3.8999999736387623 5.0000012862920045 
3.500194650968991 0.7000090424666775 17.000020234528495 7.75478246480721 7.410705703597625 3.8042139825476715 5.000000024574451 
3.500175272520996 0.7000090384201009 17.00000813665342 7.75478246480721 7.410683267175131 3.8920358366392716 5.000001006662587 
3.500600091500998 0.700001954631692 17.00004934361297 7.389440747194901 7.400691978627321 3.6590068339880113 5.00000264917932 
3.5064100618268705 0.7000231432618064 25.27062555217702 7.750672434842695 7.41039931585386 3.8999999784808312 5.000001312048363 
3.503023261785507 0.7000191028449665 18.38202112956313 7.751158082624552 7.410599561549371 3.8999995456397767 5.001465023273406 
3.500196475503518 0.7000184671464383 17.000512886924803 7.30022553244882 7.40107304806817 3.369187007251118 5.00001845111303 
3.5030921084883158 0.700024630663252 26.453961575576553 7.751285730801742 7.4575525095943025 3.8999997559128237 5.000001072788187 
3.500200581299462 0.7000045681008052 17.000035129498155 7.300172798714476 7.408613481376124 3.176166651127719 5.000058063521034 
3.5002803085768552 0.7000185179654067 18.98000165716509 7.751040093413957 7.410586643066709 3.8999999736387623 5.0000012862920045 
3.5005699997307307 0.7000002313097281 17.00002871044758 7.300289131952387 7.40065183970748 3.2733319114883814 5.000000524255412 
3.500901335716037 0.7000056196617157 23.00810007280822 7.751049975440354 7.4101760354282895 3.8999984203622993 5.000000632460688 
3.500091718229787 0.7000132951750131 17.000057702355686 7.300000292300543 7.400443871387674 3.3058800227399083 5.000000886335877 
3.500600091500998 0.700001954631692 17.00004934361297 7.389440747194901 7.400691566591506 3.6538462210876723 5.0000017957684735 
3.521599155053439 0.7000089368761757 26.312360368595098 7.752282871175204 7.400332120722785 3.8999995471404647 5.000001547405836 
3.500164130112454 0.7000006386192427 17.00000813665342 7.300291202731632 7.40017688204866 3.5110706059292154 5.000001569372195 
3.503093110518857 0.7000132648868863 27.376652619203718 7.750819643625091 7.405123125917088 3.899999015007343 5.000000648929391 
3.513798715097304 0.70000060719654 17.304552820807757 7.77856439055411 7.483142132644548 3.8999991428599823 5.000000243228602 
3.500090285808526 0.7000094897142554 17.000012543109296 7.534793386243051 7.407554926166468 3.745926582354556 5.000030307368462 
3.505756401502914 0.7000131976483851 19.777857647856326 7.751573395980966 7.400550479688972 3.899946925955964 5.0000003000769535 
3.5003821812336646 0.7000006386192427 17.000002015976822 7.605784777775495 7.40012263566933 3.4966594499559154 5.000001569372195 
3.500377682318527 0.7000593607308444 17.000028351227893 7.748175565553066 7.40477230504792 3.712770844738889 5.000000097135982 
3.5003017593419408 0.7000330815342144 17.00001315345815 7.537856771000181 7.407554926166468 3.7324469410306214 5.00000174519925 
3.5029359976249244 0.7003934235574799 25.69578027545896 7.750068334658726 7.405052128099794 3.8999999235485956 5.0000002175650184 
3.500183899681308 0.7000046983139342 18.97490905959956 7.750089119275051 7.410402489587447 3.899999986475042 5.0000192687144 
3.502946494723825 0.7003802392528837 25.439867426153302 7.750672434842695 7.41039931585386 3.899999802742603 5.000000047460239 
3.500575630650523 0.7000244434452251 26.68178647402724 7.750703572952782 7.400092281048032 3.899998592639406 5.000005620220388 
