3.534741741405851 0.7056818479786672 27.999244722627008 7.75020134963367 7.411642809572416 3.8999999980342057 5.010551000099527 
3.5001801348425396 0.700005781991535 17.00000305794552 7.301730629802819 7.400499552328234 3.169329230684878 5.00000302267573 
3.534741741405851 0.7056818479786672 27.999244722627008 7.75020134963367 7.411642809572416 3.8999999980342057 5.010551000099527 
3.5001699730585156 0.7000000479263068 17.000084295647046 7.300393514374504 7.407235262872703 3.320678429642193 5.000054199203506 
3.500862756934873 0.7000523475394542 17.000028307079226 7.300051918821222 7.401512256161172 3.529890363240117 5.00001521005283 
3.500174734884331 0.7000188817720717 17.00001270060852 7.305372522163594 7.401346971929129 3.185426353963017 5.000019443831034 
3.50012048598372 0.700005604537198 17.00006213809051 7.312331345326406 7.407477856666479 3.606476543519749 5.000054315812939 
3.5001699730585156 0.7000000479263068 17.000084295647046 7.300393514374504 7.407235262872703 3.3398999935073825 5.000054199203506 
3.5006553610732505 0.7000158244994084 17.0000626891839 7.315123714326886 7.402936889290233 3.2116442380583967 5.000001571290997 
3.5007713264504328 0.7000180426522395 17.00003667422176 7.307178017806995 7.407479031611236 3.452185274143822 5.000000401338844 
3.5009309406956124 0.7000005677799838 17.000012686678122 7.3081441176190225 7.401439560151522 3.1969023908986256 5.000151494752166 
3.5009134725155286 0.7000064738397666 19.45315392180268 7.751478862307009 7.4009872067093285 3.899999988169641 5.000000553752278 
3.5002238168089406 0.7000038088242854 27.168010481827643 7.750212611136556 7.429506768756148 3.899999950910251 5.000137220192367 
3.5010670225457914 0.7000055659457863 26.3924357570889 7.750529286767684 7.503671228698599 3.899999994595128 5.000026104902964 
3.5001258534641133 0.7000045814116812 17.00001519648685 7.315005691491774 7.407427524246148 3.2788010940248364 5.000024750472832 
3.501083913951207 0.700015916309801 17.000045759695656 7.312817351533163 7.401147424479487 3.2551521335371163 5.000003150505652 
3.500982917189753 0.700008810419027 17.747627106344183 7.752278541779146 7.425880144065276 3.899999994328488 5.000003999999689 
3.500174920511766 0.70001124540379 17.00000180473098 7.305372522163594 7.465961861353167 3.3004989438792762 5.00000331069358 
3.5001768771100603 0.700006086471798 17.000036727273663 7.331806076871685 7.402636085210808 3.2442244006484344 5.000003118446903 
3.500213368519082 0.7000062346453224 17.00040619865766 7.480271127463449 7.401805210726631 3.7120197243217232 5.000147084536054 
3.50024029949136 0.7000003482822478 17.00001111859224 7.321300471231183 7.401864454400659 3.469934296342049 5.0000000240102365 
3.5019163178979644 0.7000018475988209 21.012919587128465 7.750003885134807 7.596499313576732 3.8999999662247338 5.000137841749831 
3.5006524909763064 0.7000266421794316 17.000015169989084 7.302193173311273 7.407442145703323 3.585730262274909 5.000441424721464 
3.5006391198445566 0.7000056976161134 17.0000632632218 7.300046491661878 7.403052207013863 3.410288985553551 5.000053792731322 
3.500862756934873 0.700012132450422 17.000028307079226 7.300051918821222 7.401512256161172 3.372377867645624 5.00001521005283 
3.500349729710051 0.700004404596765 19.951106888133452 7.750505483320431 7.402279342008122 3.89999999954997 5.000001192998334 
3.503059679087041 0.7000012171638309 24.186135828870494 7.7505297029101925 7.411993418168161 3.899999998633124 5.0001689053896445 
3.5433974615495383 0.7018705402781832 17.838754402828904 7.752249700242395 7.529022843660033 3.8999999919758737 5.000021967705008 
3.5337343673171895 0.7022542791079489 24.274497183934663 7.750252502107017 7.400425894033252 3.899999854330706 5.000002777796901 
3.500859806173094 0.7000065158807153 17.000395478427063 7.721780444478065 7.4021198825950805 3.8278429192571153 5.000000754286218 
3.500188192014743 0.7000022168668645 17.000049135966805 7.310386575377802 7.407120516990642 3.268998906498182 5.000003286626434 
3.50016949012299 0.7000188817720717 17.00001270060852 7.482991897351645 7.402382232113217 3.6818739392680535 5.000019443831034 
3.5010459839748496 0.7000548855407641 24.7075728771366 7.752285224985939 7.400572686715769 3.899999999508854 5.000002687896821 
3.5001188709781847 0.7000059895022442 21.382113222380887 7.750139246096119 7.400598108136547 3.8999998558790576 5.000005315430339 
3.5030402951261492 0.7000055553036858 21.896572352943583 7.751067133991005 7.423669827402329 3.899999994328488 5.00012491884567 
3.5007822286803627 0.700012144229022 17.00003667422176 7.318250274757158 7.402320210277302 3.39221266426746 5.000010929950575 
3.501083913951207 0.7000155622381057 17.00003738968288 7.537604734614814 7.401147424479487 3.7418248979661066 5.000003150505652 
3.534565655027511 0.7000128111391077 21.495974184311002 7.7501407757688705 7.411642809572416 3.8999998488308196 5.000233482753406 
3.500044379041463 0.7000003517429659 17.000408712973314 7.36198155234296 7.4992153312862255 3.434553352155538 5.000000288659801 
3.500174920511766 0.7000022926476117 17.00001270060852 7.305372522163594 7.402182240139017 3.2946918660406226 5.00000331069358 
3.500044379041463 0.7000004739857274 17.000408712973314 7.36198155234296 7.402404755012961 3.426322480343835 5.000000288659801 
3.500768078682487 0.700017889600762 22.132295773926618 7.750034688530424 7.408846615143762 3.8999999524375477 5.000000037564264 
3.500654168495594 0.7000159111693598 17.000062684766664 7.489320534696643 7.40051296093728 3.2310642442541937 5.000001740715085 
3.5001785253762705 0.7000038363381272 20.31601482210821 7.75012472520948 7.516595139310298 3.8999998535884903 5.000001818572477 
3.5209914668488325 0.7000066399096045 24.892715577619306 7.77284778495615 7.400569889738375 3.899999999508854 5.000128701752193 
3.50024029949136 0.7000003482822478 17.000026524744815 7.321443924492308 7.401935316795658 3.4826443716550304 5.0000000240102365 
3.502952965388553 0.7000000744346251 23.148913033637594 7.750532843273092 7.411993418168161 3.8999999943437946 5.000144825157979 
3.5004145273853777 0.7000228054474683 23.447378503279392 7.750361639379855 7.62040865837092 3.899999940001888 5.02455380833958 
3.5009680500837215 0.7000065528492382 17.00010941614607 7.383863830449873 7.402237354971923 3.6286316195234654 5.0000006376120325 
3.51402721855077 0.7023782852283095 25.726620069900715 7.750532843273092 7.412247849024272 3.899999998633124 5.0035444412400265 
3.502546278505383 0.700077472173516 27.999244722627008 7.7501602385321 7.411709139729726 3.899999986381227 5.006502596038545 
3.534741741405851 0.7055151579195373 27.866793352432826 7.75020134963367 7.4120950184359335 3.8999999980342057 5.010551000099527 
3.5339959025758656 0.7056818479786672 27.35639325001076 7.75020134963367 7.411642809572416 3.8999999980342057 5.000233482753406 
3.5006553610732505 0.7000158586714605 17.0000626891839 7.314624905513492 7.401377910931486 3.4954682559457164 5.000000809584309 
3.5028157537648825 0.7000959711485404 18.921596725461793 7.750681786269198 7.468469912915268 3.899999894203753 5.000642279803935 
3.5002448459077984 0.7000457076773311 17.000015169989084 7.65272231522639 7.407524724646285 3.7744146679612247 5.000000557007691 
3.5029354139270352 0.7001328818277813 19.683574311777473 7.75030430531378 7.4294643351103735 3.899999994328488 5.0000757046727875 
3.5006524909763064 0.7000458510309658 17.000015169989084 7.300056738813948 7.407436521784513 3.5563976311221923 5.000446786374626 
3.5003617615063867 0.7000022870668867 17.00001270060852 7.739286823644906 7.402198562917051 3.796048762250353 5.000003492493655 
3.5029195886621998 0.7001330161044886 18.411430142905182 7.75030430531378 7.4294643351103735 3.8999999929356917 5.000057746751148 
3.500213368519082 0.7000062346453224 17.00040619865766 7.507508431866676 7.401805210726631 3.7202476788126324 5.000147084536054 
3.501083913951207 0.700015916309801 17.000045759695656 7.723586683625868 7.401147424479487 3.806108011752521 5.000003150505652 
3.5001807431099454 0.700005781991535 17.000003070512054 7.301730629802819 7.402721957865622 3.169329230684878 5.00000302267573 
3.5002238168089406 0.700003749246241 25.201699066395424 7.750205315836334 7.666096974170418 3.8999999930481954 5.000148306070015 
3.5007822286803627 0.7000008671415968 17.00003667422176 7.324644627928109 7.407235020882766 3.3524706127316577 5.000010929950575 
3.5010487273514697 0.7000091244909394 17.00008206325654 7.30125516250164 7.402067994304622 3.5120102941971765 5.000014821029521 
3.500349438906508 0.7000056145918222 25.50736637860943 7.769230193207644 7.423349786733785 3.8999999648759927 5.000811365741387 
3.5001785255630544 0.7000025558645068 27.460772096807254 7.750124080952691 7.401100406142885 3.8999998472850654 5.000000048593168 
3.5029619737745303 0.7000032220886763 26.050283987004562 7.750162500836542 7.429018201328277 3.8999999929356917 5.0002827100244 
3.500759381369479 0.7000001285546105 22.68891208408754 7.752697254941683 7.429194984569457 3.899999994326843 5.000018482358871 
3.5008563052732673 0.7000032683790948 17.28199628070686 7.750212611136556 7.40119369859262 3.899999995069744 5.000439855576478 
3.5013273090436208 0.7000001058887044 22.78945875544972 7.750003885134807 7.595272435712645 3.8999999662247338 5.000137841749831 
3.5001785253762705 0.7000025938234695 20.478238000997273 7.75012472520948 7.401363469629995 3.8999998535884903 5.000000633828849 
3.5010503609526245 0.7000121831367283 17.00009054584532 7.740137634464936 7.402282955021776 3.86500290655976 5.000001008792462 
3.502601643287635 0.7000025528573122 27.86893918922488 7.7501602385321 7.410852089975481 3.899999986381227 5.001538635930743 
3.5337343673171895 0.7024411202983171 23.74072132963844 7.750138452117052 7.400425894033252 3.899999961995497 5.000019698375228 
3.5001200215059 0.7000168358516095 17.000003650899384 7.47928163011048 7.400461516579395 3.635327786058616 5.000002992716279 
3.5024540331223517 0.7000073189001192 18.69485460195072 7.750161137115552 7.412502162049082 3.8999999929356917 5.006418883120658 
3.5010697473841614 0.7000040287736385 17.000002951429792 7.461966701622587 7.4005246384092995 3.6538687694465763 5.000037898490538 
3.5333914242763536 0.7000456877720331 23.74072132963844 7.750138452117052 7.407383315347695 3.8999999100766853 5.000017139885391 
3.500178485123972 0.7000047813013399 26.577629046871664 7.750138020949828 7.4013419651698 3.8999999643429493 5.000001206108968 
3.5001839131771053 0.700006086471798 17.000036727273663 7.740947802555507 7.401253755516716 3.876346731300318 5.000004346751382 
3.5026683775667986 0.7000012154775068 25.629737515407406 7.750532843273092 7.411818980596299 3.899999997184582 5.006502596038545 
3.500711035482238 0.7000000916009994 17.000013489464862 7.419644329888425 7.400512883186854 3.6761278444268233 5.000001737056993 
3.500652541769243 0.7000014708024768 17.00039574909239 7.536300413201876 7.407484062402634 3.7556709596427744 5.000054315411542 
3.500862756934873 0.7000523475394542 17.000028307079226 7.300041458002953 7.401512256161172 3.572000014228967 5.000424721221484 
3.5006553610732505 0.7000158244994084 17.0000626891839 7.362008249246695 7.403007751685232 3.224354313371415 5.000001571290997 
3.5011057259027543 0.7000004465700739 17.00008971211931 7.751146647293335 7.402282955021776 3.8911113307358978 5.000001589475726 
3.5006553610732505 0.7000158586714605 17.00000300613012 7.314745342355831 7.401377910931486 3.5074074866934892 5.000000809584309 
3.503008391504269 0.7000001330426532 22.394194537742507 7.751463981679784 7.423508899699015 3.8999999946683235 5.000001439675606 
3.5001314041938363 0.7000042864830208 17.000002948507316 7.514145005809748 7.407405083170858 3.65141921969057 5.000023743186668 
3.5006553610732505 0.7000158244994084 17.0000626891839 7.419257360052727 7.402910100662332 3.3646592392740855 5.000062653767683 
3.500367415317491 0.7000055239713684 26.918487684837867 7.750211044332952 7.529115701025399 3.8999999670823104 5.000005403795272 
3.5004145273853777 0.7000228054474683 20.75339239281598 7.750361639379855 7.630534119913522 3.899999940001888 5.000129277484169 
3.500224512713059 0.7000002976587758 25.127548983726324 7.750205315836334 7.666096974170418 3.8999999930481954 5.000148306070015 
3.5003472295851776 0.7000005506409779 20.707343110866567 7.750253978784611 7.430490054929303 3.8999999877566482 5.007825190675991 
3.502551746782524 0.7000071097334021 27.481793853829856 7.7501611206771095 7.411610936575052 3.8999999929356917 5.004977421750955 
3.500765831708174 0.7000000562584265 22.394194537742507 7.7612685515076585 7.407376708938204 3.8999999534741923 5.000001439675606 
3.5005877889486348 0.7000486638070778 17.000015169989084 7.65272231522639 7.400576545915276 3.764202079908299 5.0000005682034905 
3.5002790109631916 0.7000006196446485 17.000084953852173 7.673078290277181 7.407865338437578 3.8476937026979643 5.000023505617852 
