3.5002014026673596 0.7000104440230674 27.968405929956532 7.757318606265058 7.400712302869236 3.8999999458653543 5.0000055402315144 
3.500065154336633 0.7000007211370964 17.00002271382291 7.3008681374932145 7.400163155222511 3.168781209811479 5.000001070607316 
3.5001123192296157 0.7000040101362597 17.000002234948923 7.5106458768394235 7.407232184688382 3.635934380295178 5.000000478824346 
3.5001363103868393 0.7000089978682946 17.000522644503118 7.304385913236598 7.4047293151928795 3.3884636451891113 5.000003120256613 
3.500135680976214 0.7000038317691832 17.000094898283457 7.616854004484073 7.400673430590987 3.7492207338498615 5.000000340806848 
3.5000981192968994 0.7000068076333705 23.826786052345952 7.7531020690842345 7.465463664616786 3.8999999851474207 5.0069668003056655 
3.5001442530826186 0.7000024101358541 17.000111660200368 7.630746636352039 7.402061566212376 3.781204348289979 5.000000633026811 
3.5001519737091034 0.7000087845051804 21.026989128137984 7.752965028837693 7.445675186896317 3.899999984648081 5.000041074027027 
3.500091928662699 0.7000048383127144 26.28186700616216 7.7573200039941 7.409881107702755 3.899999936351869 5.000018651168674 
3.500112414388605 0.700004940917278 17.010052787690885 7.307593168605736 7.407121178425301 3.6012178336544234 5.000042989832365 
3.5001413199415667 0.7000001221467491 17.000008367449084 7.300071240774337 7.400196802521236 3.4495855219322102 5.000040664057449 
3.5001096493416504 0.7000089741663877 17.000035965923548 7.324078885109544 7.414171520888803 3.3643606257142453 5.000003500659187 
3.500091928662699 0.7000048383127144 24.674522999010197 7.7573200039941 7.409881107702755 3.899999994549656 5.000019053418755 
3.5000635001173985 0.7000088652943851 26.573522198636148 7.751838345922819 7.400445652844525 3.8999999923769666 5.000022120606945 
3.5022174696504083 0.7000006707041678 25.66923964109544 7.754218745289388 7.406164175398691 3.8999999875234206 5.000005794838707 
3.500150284116793 0.700004409172211 27.59676536800867 7.7531940976207325 7.413425211240788 3.8999999944063175 5.011817052653578 
3.500139599608732 0.7000036986002826 17.00011101331288 7.622558497751807 7.400217839253569 3.495774521298137 5.0000003852175725 
3.500200938670354 0.7000099555236642 24.147544254788777 7.755853530879077 7.476399803355104 3.8999999458653543 5.000000528845633 
3.5196391350257117 0.7012158505641055 21.294244791204502 7.753187511598894 7.401046224327112 3.8999999328798802 5.000038040604721 
3.5001409906638563 0.7000002041097168 17.000147017684576 7.326581062351499 7.402902766376919 3.43455232854599 5.000009659859983 
3.5001030121111802 0.7000049059009623 17.00001816352982 7.300331739940062 7.410113365655479 3.525142671186261 5.000009524231465 
3.5001540856007636 0.7000021231072185 17.890861205470628 7.755373972996675 7.45261370644806 3.8999999269134906 5.000011134564418 
3.5000861106646135 0.7000021846644652 21.8014755735864 7.752717256768577 7.40325663640331 3.8999999960613834 5.00016562641743 
3.5051152412042237 0.700000975444623 17.000111660200368 7.746010941125049 7.402061566212376 3.7004196997920955 5.000000633026811 
3.5001442140939956 0.7000192512119159 19.45753851127505 7.753195469013234 7.4010631909602775 3.8999999772989504 5.000802099686277 
3.500104956260866 0.7000025720315275 17.001100334887173 7.316641461509298 7.4001408007359375 3.296368387412762 5.000000317909142 
3.50014323375389 0.7000001053457795 17.000029495136776 7.380565916758672 7.404079033614723 3.583917013269358 5.00001355513088 
3.500140993024979 0.7000037593377687 17.000006371128542 7.303722418313923 7.401739995917114 3.209575653068124 5.000000442725298 
3.5556408484133746 0.7000068178734954 20.192539375318187 7.753098856386142 7.4972990933833294 3.8999999946521475 5.004965314840492 
3.502215164676971 0.7000007807401525 19.848623308202498 7.753267382043796 7.444109517834427 3.899999989238645 5.000005860787861 
3.500196543408912 0.7000088418052741 17.00001772035182 7.305861007649743 7.417930604868481 3.4690060694327305 5.0000021492904 
3.500204462458282 0.7000040137757338 17.000070327504837 7.52842308051755 7.447574461746422 3.2826754537736593 5.000000332223731 
3.5001403173061614 0.7000001754907029 17.00001816352982 7.300655447653993 7.404056759539928 3.510520754764 5.0000094644398345 
3.5000862778677613 0.7000033461711902 17.000147614623366 7.710550421390929 7.401629019637573 3.8703565327535436 5.000000615155971 
3.5002012157136067 0.7000091676430875 17.000706103925225 7.566037120426893 7.407524672161667 3.679377217576545 5.000000713396784 
3.514391060178667 0.7000012173380771 17.000015540555058 7.300077381415313 7.400345314265179 3.47638757712809 5.000003739219135 
3.500223773619119 0.7000049794022191 23.081044757296535 7.753199472111597 7.403319262422227 3.899999983224034 5.00106599700341 
3.5001603895545927 0.7000033461711902 17.000147614623366 7.710550421390929 7.401629019637573 3.8566149860351917 5.000000615155971 
3.500061417664862 0.7000040101362597 17.00004115977804 7.51656860165288 7.4068614990340205 3.6522642295053194 5.000000478824346 
3.500197523057066 0.7000101330249421 17.015595507527124 7.741853605187101 7.401107328416993 3.729582794528217 5.0000007179781205 
3.5176799601774613 0.7000049147916553 17.000559099558057 7.766543045737935 7.400330818098019 3.8300144212392646 5.000000563618239 
3.500093927410606 0.700000389739554 26.8153979464891 7.753371283835026 7.401102506193075 3.8999999367525713 5.000007983350788 
3.5000589667803794 0.7000000222956022 17.000027698728104 7.302978598638763 7.402775015984738 3.319338337665822 5.000000492094076 
3.5001245599580164 0.7000070524710184 25.07905409601587 7.753274753977697 7.403428000998441 3.8999999808253203 5.000028307101745 
3.5021298230168587 0.7000002421013085 23.482886796256437 7.752669839153349 7.546687599798525 3.899999983224944 5.0000002233653715 
3.500204462458282 0.7000048977629015 17.000146940109836 7.300000881887353 7.437647079049626 3.263400525846611 5.000006671242021 
3.5000845886046683 0.7000007147026177 22.666978293365545 7.750409397562874 7.400299156170271 3.8999927697688306 5.000009129673724 
3.500140976486014 0.7000037593377687 17.00009336903864 7.6188851053214925 7.401095804816685 3.7154918393344385 5.000000445418583 
3.5020487335294104 0.7000091848815804 18.459628240978674 7.752858492942954 7.421376282717772 3.8999999361333875 5.000018959400284 
3.500140993024979 0.7000037593377687 17.00000371240849 7.457010881124024 7.428160116554399 3.6672328092114546 5.000000442725298 
3.5001243111078333 0.7000070524710184 25.13183574181818 7.753274753977697 7.403428000998441 3.899999981277125 5.000001011825243 
3.5001369402361884 0.7000001510473673 17.001044416275064 7.55053371636521 7.400197267514343 3.5630299330215593 5.0000402453715145 
3.5000960334269733 0.7000087738512089 17.000997442296665 7.309293621573518 7.4473002780848 3.356990487334973 5.0000421327674545 
3.5001467181548667 0.7000007314406818 27.4167935309611 7.753187825958414 7.41331807530918 3.8999999333252817 5.000039998752332 
3.5000912005730274 0.700001064684214 26.015871901796633 7.752013926441132 7.401010337132649 3.8999999991137444 5.000472396321568 
3.50014776663392 0.7000090028833763 24.727880036310907 7.75418434120516 7.444302138616054 3.8999999890055914 5.000003537482332 
3.5004079082163155 0.7000094309099355 17.377331293904845 7.753600925355112 7.4021263749399395 3.8999999890213446 5.000003536730149 
3.5001412066310498 0.7000037593377687 17.000006371128542 7.30278844070731 7.401739995917114 3.231127847068493 5.000000442725298 
3.5004109399235146 0.7000087845051804 20.70383697296978 7.752989045705574 7.445675186896317 3.8999999846677302 5.000041074027027 
3.5000672466145715 0.7000089978682946 17.000522644503118 7.304399336648067 7.401881258352905 3.1760485669332854 5.000003120256613 
3.5001400436104046 0.7000037425693647 17.000096448735384 7.301989758513038 7.400093011190338 3.202658333607654 5.000000435198674 
3.500140428513172 0.7000001868742879 17.000071801249483 7.302916478846219 7.4041640589164714 3.3277837502334373 5.000015374208774 
3.5001120332101023 0.7000020808179505 22.21312439506888 7.756154180995715 7.4441193151218314 3.899999991072394 5.0000059079635975 
3.500223773619119 0.7000049794022191 23.134836769396273 7.753019251963317 7.400770983853556 3.899999983224034 5.000003879922795 
3.5000589667803794 0.7000088785233867 17.000029514146284 7.300169101335679 7.402802007904846 3.2402996840166436 5.000000474871552 
3.5021887778308103 0.7000007807401525 19.794142418106322 7.753267382043796 7.420765865439894 3.8999999892544808 5.000008742533815 
3.5020487335294104 0.7000091848815804 18.938026347019978 7.752858492942954 7.421376282717772 3.899999936435219 5.000018959400284 
3.5000619235988353 0.700003934195996 17.000003086767965 7.300194979505362 7.406520463257666 3.2242175149156895 5.0000000785512135 
3.500085646363942 0.7000020808179505 22.158643504972144 7.756154180995715 7.40325663640331 3.899999991072394 5.000008920605528 
3.5001408016246156 0.7000006339051738 17.49741051395971 7.754265588682568 7.401496728273882 3.899999989144499 5.000000453473015 
3.500150284116793 0.700002299582514 27.879985203444324 7.76163517877559 7.413315507573569 3.8999999959679146 5.011210606148331 
3.500144275046311 0.7000037015337157 17.00011101331288 7.748035291749376 7.400217839253569 3.8971717631666123 5.0000003852175725 
3.5000960334269733 0.7000089859730914 17.000997442296665 7.302767407215796 7.436629517600556 3.4091580051387145 5.0000421327674545 
3.5001408501684197 0.7000006339051738 25.433748163718402 7.754265588682568 7.401496728273882 3.8999999924028166 5.000000453473015 
3.5000637773702326 0.7000012173380771 17.001001942943464 7.300651296123945 7.409269103715927 3.3453123075777067 5.000002458467757 
3.5003202648302527 0.7000103072163733 17.012675197120508 7.753199472111597 7.420495240746243 3.8984635153201834 5.00106599700341 
3.500200938670354 0.7000099555236642 24.13853384967453 7.757318606265058 7.4778878881417405 3.8999999458653543 5.0000004887636385 
3.5000912005730274 0.7000041843517311 26.015871901796633 7.751885117670122 7.400913497096447 3.8999999991137444 5.000482672829123 
3.500060081341284 0.7000088785233867 17.000029514146284 7.300577211775501 7.401807883639188 3.1835860123385817 5.000003549333382 
3.5001485546544524 0.7000004047886164 22.523282222411684 7.754265588682568 7.401497157236801 3.8999999924028166 5.000001264860569 
3.5001055991305483 0.7000002421013085 23.430105150454125 7.752677858678426 7.407694554279955 3.899999982773139 5.000031666106539 
3.5002281123300714 0.700003763884644 17.00005149327762 7.722197096344214 7.401106737470258 3.814915203326951 5.000000442725298 
3.500063172137222 0.7000001228446151 17.001044416275064 7.300133850673552 7.400196802521236 3.5599540882088356 5.000001402523419 
3.500062127210253 0.7000001513855435 17.000052465798817 7.301724289997774 7.404115929107712 3.541823189241066 5.000040027837187 
3.5020487335294104 0.7000091825804512 18.628405923615315 7.756900020976067 7.4092401911143035 3.8999999362967848 5.000018959400284 
3.500060081341284 0.7000088785233867 17.000029514146284 7.300592870912941 7.41910284212708 3.1943307869330333 5.000003549333382 
3.5000978832085976 0.7000068076333705 26.949962013203507 7.7531020690842345 7.465463664616786 3.8999999851474207 5.0069668003056655 
3.5001029301895965 0.7000049858846941 17.00001816352982 7.300331739940062 7.436605292428424 3.595034081085967 5.000039642930004 
3.5000637773702326 0.7000012173380771 17.000976692705066 7.300651296123945 7.409269103715927 3.336664320976752 5.000002458467757 
3.500062127210253 0.7000002637049886 17.000029495136776 7.301724289997774 7.404079033614723 3.541823189241066 5.00001355513088 
3.5001395882872037 0.700001110510688 17.000294506317307 7.672040004819565 7.407773460611736 3.4196356795494127 5.00004168109443 
3.508838768371941 0.7000006707041678 25.448714953917793 7.75284504851121 7.420719552482432 3.8999999364678604 5.004271395122968 
3.500200612652615 0.7000040137757338 17.000070327504837 7.528454615803556 7.447574461746422 3.2539481007021296 5.00003940125466 
3.50009602328218 0.7000010380743622 17.00036726553584 7.312869325734151 7.400314363405712 3.3066536321333895 5.000003382144759 
3.5001057007858103 0.7000036378995783 18.144930540907847 7.751191343283162 7.40521053998709 3.8999999910012275 5.000010421244545 
3.5003202648302527 0.7000049081051261 18.798488708734006 7.753199472111597 7.420495240746243 3.899999983224034 5.00106599700341 
3.5004109399235146 0.7000048702212412 20.62870218479223 7.752989045705574 7.446790448022195 3.8999999846677302 5.000041074027027 
3.50019874595025 0.7000037593377687 17.00005149327762 7.327622912308415 7.401146805155758 3.246461073772355 5.000000442725298 
3.5556408484133746 0.7008966483839397 20.22911521656577 7.753098856386142 7.416525538851595 3.8999999946521475 5.004968629415428 
3.5001457455623592 0.7000000923489849 17.000008751892707 7.739009114458867 7.406678741501747 3.7968606060594317 5.000028823520544 
