3.500270971368551 0.7000232452725281 17.00009513454871 7.308519571543931 7.415923683850707 3.1702128310540236 5.000006755737239 
3.5441146980231997 0.7061612133269957 27.955758730421138 7.750714948018406 7.4543877396528755 3.899999819589233 5.000069877035675 
3.500270971368551 0.7000232452725281 17.00009513454871 7.308519571543931 7.415923683850707 3.1702128310540236 5.000006755737239 
3.500175011053284 0.700026075337091 25.456354766600967 7.750877360296246 7.534210106771327 3.8999999828833505 5.00007069591342 
3.5284024232220617 0.7001642478956946 22.705978791336943 7.7504154047296065 7.436773264981337 3.8999999656068707 5.000021576204275 
3.501306284025378 0.7000191764149771 19.600039450464774 7.750684730439389 7.404559379330501 3.899999967788873 5.0000555583814315 
3.5005074751785905 0.7000285472192513 17.000276783012534 7.645672040343735 7.499828508759843 3.756145349480788 5.000013042861951 
3.500472203483868 0.700050485118579 23.409784037972596 7.750014548870161 7.404460528362275 3.8999999983594638 5.000047210160257 
3.500514590354105 0.700000357487196 17.00006549100196 7.750581086632853 7.402211578873622 3.8596355287486754 5.000020605183987 
3.5005128403069405 0.7000019167491327 17.000064656220253 7.307660602363916 7.404581468988052 3.313077200649202 5.000001229996568 
3.501330128854241 0.7000232279012506 17.000276263191687 7.531086098314178 7.407572494030809 3.7292302970694453 5.000001165081411 
3.5030567361625753 0.7000494472254455 27.46474034038171 7.7508408747479205 7.433014848323097 3.899999965722173 5.000081233841422 
3.500665895480437 0.7000259752868664 19.270232679118433 7.751137045186319 7.403602739754651 3.899999996530807 5.0000004823779856 
3.50025142884155 0.7000010244629413 17.0000222528788 7.300986566444216 7.413722116051034 3.36394982967289 5.000002795133858 
3.500514651519506 0.7000177083860663 17.000075139712624 7.3013466983394615 7.4202914580973545 3.5860904507089555 5.000002400057824 
3.500278896620499 0.7000098938713438 17.00003102315553 7.409089208447822 7.4055937377272905 3.664731689587977 5.000218075801689 
3.546493174244986 0.7056810529948279 25.64366206725562 7.750707093604739 7.433327594390613 3.8999999950300963 5.007794896529857 
3.502730030463945 0.7005225461331022 25.791791031726717 7.750856637461931 7.506718674953079 3.899999998404036 5.000009684921367 
3.5007130619161018 0.7000257280555111 25.026967083366916 7.750449441996838 7.453133335463764 3.899999983360855 5.0000137165378575 
3.5005334316574803 0.7000140974423411 17.000068237723834 7.300105461955126 7.404645393133282 3.5620014641163316 5.0000009149164235 
3.5007672548198743 0.7000354341572541 26.5544571626405 7.754862856404275 7.65894395037847 3.8999998230141615 5.0034122199464335 
3.500505561337692 0.7000260306688081 17.000590185509854 7.304340899478586 7.402399456846893 3.602328469711482 5.000001997198104 
3.500270292420536 0.7000155614617101 17.00003102315553 7.409142993008901 7.417910983704232 3.639299550711357 5.000021364192902 
3.5002609791719674 0.7000019167491327 17.000066269472665 7.304963839079989 7.404057545692628 3.280108451150343 5.000027027642788 
3.500485766675773 0.7000013042902613 23.138095257155626 7.751778627193864 7.453972862881504 3.899999999298023 5.000684050014254 
3.500507626408522 0.7000155313851568 27.089462751850196 7.756044424835878 7.497719870006638 3.8999999859731074 5.000080112636096 
3.5026514998285174 0.7000505192573596 26.948286102861676 7.750174297008168 7.4456854756611905 3.899999984458716 5.0000054682477435 
3.500270292420536 0.7000155614617101 17.00003102315553 7.409142993008901 7.417905488578524 3.624880953194677 5.000021364192902 
3.5030567361625753 0.7000494472254455 27.67875714930742 7.7508408747479205 7.433014848323097 3.899999965722173 5.000081233841422 
3.500321600516451 0.7000172759216784 21.68683024841224 7.750493708641341 7.492044743935261 3.899999965722173 5.000014246201067 
3.5005347358650267 0.7000608350516622 17.002832737275995 7.300879381281515 7.403934561047004 3.3991332854303935 5.000001182198097 
3.503045696838878 0.7000578441438902 18.788825289861045 7.750961752375624 7.429929917679278 3.8999999643379986 5.0001563305488785 
3.500507626408522 0.7000155313851568 21.897925995089615 7.756044424835878 7.431630451592704 3.8999999850945115 5.000018669052007 
3.500665312098449 0.7000148095568798 22.29448562784798 7.750559784111029 7.452771628816968 3.8999999986135183 5.000557014074932 
3.543680416613476 0.705848859194096 19.841718752976313 7.750039016979757 7.5416666300052935 3.8999999763246613 5.0000121432332865 
3.5005032129136877 0.7000234383597465 17.000121944038938 7.301103775845706 7.405182328356227 3.1846787316755205 5.0000058273374615 
3.500271138310645 0.7000021805861737 17.626722433936642 7.750449441996838 7.453133335463764 3.899999983360855 5.0000137165378575 
3.5026519167656276 0.7000498349404851 24.615398666173228 7.751536925409848 7.430432850254659 3.8999999229529783 5.000000688322243 
3.500363500359457 0.7000039991968272 17.000330419408844 7.724924025210388 7.402626526582808 3.880250779440596 5.000024795169837 
3.50027171093061 0.7000234383597465 17.000121944038938 7.301103775845706 7.405182328356227 3.1961830771370296 5.0000058273374615 
3.500252185073684 0.7000021843774537 17.000021845311775 7.30333801650939 7.412275127888153 3.5478103901425575 5.000218075801689 
3.5026254511930426 0.7000502731142394 17.000066269472665 7.758846444624976 7.400693431141173 3.3434183289876342 5.000000236768426 
3.500175011053284 0.7000086782803856 27.99713764738558 7.750877360296246 7.511668236896548 3.899999820747549 5.048146269011586 
3.500175011053284 0.7000255422491707 27.96270006890581 7.750906135263328 7.510569224994909 3.8999999591882086 5.000080858082431 
3.5013281760615436 0.7000628854314358 18.10406195954792 7.750766428817594 7.410787644651908 3.8999999986113303 5.0000012146776065 
3.5005058984150277 0.7000283366890429 17.000113693924522 7.56601562020906 7.404320232349119 3.3857904532446907 5.000001825651488 
3.5002746314474 0.70000147822475 17.000060973070006 7.310642090538362 7.4033213766873 3.210559579980445 5.000005181106887 
3.5002955056883973 0.7000018958161882 17.000046188472925 7.301814820022918 7.402876505343795 3.253542469940657 5.000003854535246 
3.500279313666715 0.7000025360330918 17.000066269472665 7.304963839079989 7.404057545692628 3.293009151612603 5.00002625078854 
3.500270971368551 0.7000232452725281 17.000096125160596 7.308378999297859 7.403663716281733 3.437806942789516 5.000012979586927 
3.5004610496133854 0.7000507760596427 17.00027679505319 7.750463962763136 7.431208792240906 3.8248762121324913 5.000082397465475 
3.5006422248020703 0.7000397149314589 23.845529880560914 7.750418912852405 7.418941327683092 3.899999999298023 5.000003122129171 
3.5002513101411843 0.7000255405715479 17.000027676068335 7.304683357871822 7.408605458096737 3.3759553763798094 5.000215444478985 
3.5002405454164123 0.7000175323158525 17.000141688368092 7.338598128795587 7.4202914580973545 3.4194698164416257 5.000002400057824 
3.500273571081208 0.7000024947833985 17.0000301531615 7.310729418427222 7.475751956861327 3.4557129954953187 5.000005462684602 
3.500502203328994 0.7000171131347679 17.000065874432682 7.330093046701657 7.403711460553951 3.215112618233552 5.000000947343989 
3.5030810793157627 0.7000578441438902 24.85992810723812 7.750961752375624 7.429929917679278 3.8999999850256977 5.0001563305488785 
3.5002985085121434 0.700016084889707 17.00002219247558 7.303376292388913 7.442270221684334 3.2651481406812453 5.000006700679245 
3.5006422248020703 0.7000592310246144 24.398300182879105 7.750418912852405 7.433896149352129 3.899999999298023 5.000003122129171 
3.5004559811219735 0.7000001684984113 17.00003806927327 7.370228416075231 7.404579576217907 3.228693749039117 5.00000027082425 
3.500748316957739 0.7000174667352027 26.39933623105898 7.760496388978917 7.5152721559719335 3.8999999649008474 5.0000859696159905 
3.500512960020092 0.7000171131347679 17.000065874432682 7.300879381281515 7.403946628788045 3.414667622375643 5.0000058275021 
3.5002605892757486 0.7000019302136655 17.00004729731344 7.734764089992913 7.419354079629959 3.783209395684361 5.000039678331635 
3.5006422248020703 0.7000199539544741 24.149898200323193 7.7504206271786105 7.418941327683092 3.8999999992996157 5.000003122129171 
3.5006531102131877 0.700054337608339 22.2138400208901 7.791795429576153 7.49432629949142 3.89999999873524 5.013889795734667 
3.500507626408522 0.7000155313851568 21.28535960691299 7.756044424835878 7.431630451592704 3.899999988416983 5.000018669052007 
3.5004964249882247 0.7000125446901709 20.188164552493554 7.750473668311552 7.448278478116387 3.899999998493935 5.000073862997821 
3.5006420816627397 0.7000011454843351 17.000039027519996 7.300685361666289 7.4166304337209885 3.516137987855828 5.000085984965322 
3.501369610645201 0.700054337608339 20.55358737444209 7.754129965582403 7.433270891439035 3.89999999873524 5.003391340982021 
3.500800319326304 0.7000286883730304 17.000276783012534 7.645672040343735 7.499828508759843 3.706867621591295 5.000065672800151 
3.5026514998285174 0.7000505126158528 20.921633798879803 7.750174389313257 7.4456854756611905 3.8999999869078987 5.000533942438074 
3.5441146980231997 0.7056802882634091 27.955758730421138 7.750722417700625 7.506383409164069 3.8999999664423077 5.000077355994453 
3.5005128394136524 0.7000171131347679 17.000065874432682 7.330093046701657 7.403711460553951 3.443203207909887 5.000013007733428 
3.5002946076483075 0.7000232323761056 17.000095026871605 7.308522835444809 7.410685744457841 3.5330555782100705 5.0000000083506615 
3.5002703195705327 0.7000189985111003 17.000141688368092 7.742906822581508 7.415079470815648 3.704275628592238 5.000002662967107 
3.5005048423623397 0.7000011482932645 17.000038210670617 7.302263494099999 7.4009304112738645 3.4738520863790208 5.000001574681992 
3.5002946076483075 0.7000232452725281 17.000095026871605 7.308522835444809 7.404457479136434 3.4909114593183315 5.00005513159306 
3.500297633579643 0.7000255405715479 17.000018097560833 7.386101093279201 7.438600551892918 3.4667695777865464 5.000001997517125 
3.500507626408522 0.7000155313851568 21.28535960691299 7.756044424835878 7.431630451592704 3.8999999850945115 5.000018669052007 
3.5002625785662302 0.7000019167491327 17.000066269472665 7.304963839079989 7.400693431141173 3.3368554363269514 5.000027027642788 
3.500280101123626 0.7000005651982067 17.000045125345526 7.465020890395396 7.418498031076664 3.684446027079905 5.000001445876596 
3.500278923770496 0.7000015924740012 17.000141688368092 7.742815054902126 7.550724402235365 3.8064713336987266 5.000217932638056 
3.505128172609245 0.7000269101553446 18.443500680299707 7.751466176993028 7.441636731865996 3.8999999759446733 5.00004391857111 
3.5006422248020703 0.7000592310246144 23.845529880560914 7.750418912852405 7.418941327683092 3.899999999298023 5.000003122129171 
3.5005133656409515 0.7000308794520194 17.000037722974124 7.302267067344189 7.411324796611425 3.485589744869374 5.000218196626915 
3.5005334316574803 0.7000144944183471 17.00003850069609 7.300105461955126 7.404645393133282 3.23223408941054 5.0000009149164235 
3.5013823910391317 0.700054337608339 20.55358737444209 7.750399241864302 7.432094742705024 3.89999999873524 5.0139447128131485 
3.543680416613476 0.7002847070506448 20.76168756460888 7.750050700481954 7.5416666300052935 3.8999999763246613 5.000012107707524 
3.500514651519506 0.7000149760320713 17.000075139712624 7.761828654239427 7.4198586864449085 3.899652650704315 5.000014036978789 
3.500517557046452 0.7000011454843351 17.000039027519996 7.300685361666289 7.418216840249541 3.527799736917313 5.000004551834328 
3.5441146980231997 0.7061612133269957 17.103329030092493 7.750714948018406 7.4543877396528755 3.899999819589233 5.000069877035675 
3.500363500359457 0.7000039991968272 17.00006535624896 7.301717876189918 7.4053828572913 3.292391155572844 5.00002480549119 
3.5002839617349077 0.7000042854443057 17.000066155001676 7.302239266135376 7.415839762330561 3.1906440526711712 5.000011923278776 
3.500691015412265 0.7000148094785534 18.215157652235174 7.7504540361531 7.453133335463764 3.899999983360855 5.0000137165378575 
3.5054254491389156 0.7000635772711068 18.59673394772878 7.750221897142856 7.407422647523451 3.8999999653556388 5.000062307810661 
3.500295391735722 0.7000018958161882 17.000046188472925 7.308016415579641 7.419706417598201 3.241553799890933 5.000054048118664 
3.5002839617349077 0.7000494309535993 17.000065874432682 7.302239266135376 7.404457090154129 3.504113107373002 5.000046492520092 
3.500297633579643 0.7000255405715479 17.000027676068335 7.304683357871822 7.438600551892918 3.2611578567268404 5.0000020060848165 
3.5002778402383776 0.7000005972737311 17.000045241082923 7.46949910969255 7.41922887126541 3.6820312574992204 5.000001649788759 
3.5026145280417404 0.7000148432941202 24.156132922406623 7.75046405898851 7.430533639649255 3.8999999974104855 5.022861356247772 
