3.5001665707431773 0.7000032715308084 17.000000049426145 7.300593722073774 7.403654913694746 3.170789734844843 5.000201437074863 
3.505004792070116 0.7000228085112552 27.871577488466816 7.750499016781691 7.452090849371955 3.899999969754569 5.000220767913128 
3.5003045459159297 0.7000124191181158 20.887207220489877 7.750511359558069 7.43259085545526 3.8999976680933646 5.000041180174975 
3.5004230695586314 0.7000114545926754 17.00013133374886 7.3006156318481334 7.40867548577285 3.209348950140359 5.000024824690801 
3.500167609719356 0.700004850782569 17.000054575004903 7.300049798731996 7.421735269020639 3.2304919942930583 5.00000371171799 
3.5002033671064883 0.7000121135792015 17.000092226673047 7.300700672272778 7.4113909509120495 3.3891403823357575 5.0000276149568315 
3.5038170852340844 0.700017771290927 20.61112778136802 7.751589844992441 7.452090849371955 3.899999969754569 5.000220767913128 
3.500183388868167 0.7000138443007942 17.00138272551444 7.740467409564994 7.505358153850508 3.808156701103267 5.000003157756933 
3.5002985969113873 0.7000074555280887 17.00013092983057 7.300748012449207 7.4075317860167385 3.475714670202724 5.000013381476913 
3.530420861892308 0.7000059067777821 24.23201492045019 7.7504944053006835 7.400632969918763 3.8999976393617346 5.0000045791880074 
3.5001239594941866 0.700017796143115 25.296312010661914 7.750449597642222 7.453754485061978 3.89999988636509 5.000232293966682 
3.5004643035971523 0.7000114494073413 17.000000607406008 7.724859786720546 7.439191484263411 3.85056193848485 5.000259366386341 
3.5003002761959614 0.7000182695694696 17.754512683970297 7.7506198188389686 7.446636693971934 3.8999999368887774 5.000318113848554 
3.5004182327348974 0.7000119314045795 21.51222449466354 7.750246959755708 7.4007158276746825 3.8999976659581144 5.00006252322302 
3.5002962674991545 0.700004617947309 17.000009404143444 7.30800875845441 7.400848202123019 3.1982011373640864 5.000024120368296 
3.5002131486207064 0.7000006313556073 17.000265341024754 7.300400888021557 7.411361400429996 3.36517951747721 5.000041634489859 
3.524896104190968 0.70052049374254 19.33182036577687 7.751172002731698 7.4277430026447115 3.8999995465609816 5.000129890556732 
3.532847819972033 0.7000006779119928 19.64253587778911 7.750233721607066 7.408690594751361 3.8999976535964547 5.00030004295541 
3.510612992603681 0.7000160156087584 17.000284820489664 7.300761588130703 7.403851807886725 3.4823794231351095 5.000009477333488 
3.500345986358122 0.7000138566850971 17.000306312352453 7.321966341827324 7.5089301495010785 3.282016418089547 5.000020197394562 
3.5001682718333367 0.7000002111145031 25.535881427612846 7.750944734161663 7.4851468126332215 3.8999983251368615 5.000098464361231 
3.500362119004556 0.7000003090122 17.00016836195921 7.301364921643751 7.4025592653839345 3.3067957961386987 5.000080754745644 
3.500282240757839 0.7000139360989878 17.00138272551444 7.7506248464000045 7.452521985434882 3.821209826469166 5.000026604830827 
3.50016755871099 0.7000123745271937 17.00013776549872 7.301937387553549 7.401200116499404 3.294877167267611 5.0000985337465425 
3.500877430476819 0.700011920105873 22.21810083433923 7.75086821347315 7.43259085545526 3.8999976659581144 5.000000558799315 
3.5003011759348936 0.7000032495244205 17.00000054483584 7.300448497851181 7.403581463193686 3.2700349273206024 5.000016736628828 
3.500169461945445 0.700000852332577 17.00001198012911 7.385982859734098 7.407524896500174 3.6393342259163672 5.000061430684328 
3.50044767139307 0.7000137684268988 20.212674848731545 7.7503786220656234 7.402463332961344 3.899998970637144 5.000005726030045 
3.5004353821610246 0.7000143857445883 17.017876508243752 7.749807774181093 7.406374310287904 3.6522139847018584 5.000001266759566 
3.500176264993292 0.7000009648538283 17.000021275415712 7.329517744424418 7.40854779757618 3.5977660848930615 5.000082551983024 
3.501478071298063 0.7000436995535996 22.61709464803443 7.751146931165979 7.411809856913979 3.899997661890731 5.000656237467428 
3.500435916232736 0.7000009448897396 17.000303518505902 7.30147152401096 7.408593169989762 3.258978671907237 5.000020809404879 
3.50045983497395 0.7000003090122 17.00016836195921 7.308049070898947 7.404277966472032 3.4492538647628255 5.000013443152034 
3.500962087894114 0.7000130216039552 25.72729362662534 7.757079519814658 7.4851468126332215 3.8999994627669943 5.020833461747859 
3.5001682718333367 0.7000001955852326 23.113120201755557 7.7511382843256245 7.41837993819591 3.8999983651906556 5.000098691003655 
3.5015822441194326 0.7000000939984886 17.000280602294712 7.3010754873943995 7.493399727052339 3.579362926345239 5.000345403849712 
3.5050868078669524 0.700001552984604 27.797794037744 7.750468003923185 7.420032378870249 3.8999989058611617 5.000007398328793 
3.5004020176903543 0.7000001850769754 17.01035281186128 7.738613375258274 7.406667390572659 3.688477764159636 5.000014800295233 
3.5053247712879005 0.700004556286885 18.16519892391703 7.750537520132043 7.4076264578177184 3.8999998922548498 5.000095539590495 
3.5046853253828707 0.7000134927202301 18.678939164256253 7.751546196251927 7.434169528337776 3.899999914650125 5.000076531289773 
3.500549595936518 0.7000043289618165 17.00000240534867 7.73037050324623 7.403885891719064 3.7549025364359006 5.000001248485353 
3.5001682718333367 0.7000001955852326 26.140153387291374 7.7511382843256245 7.4851468126332215 3.8999983251368615 5.000014381000002 
3.500301180514476 0.7000012279942479 17.00033898673836 7.307088251212559 7.40518865044281 3.508373196355596 5.0000175995142095 
3.50008924016246 0.7000047540397802 20.061103549992207 7.750031181740845 7.438486022777048 3.8999999388896205 5.0000093196589255 
3.500170137595607 0.7000030350569633 17.000012024533458 7.399198593212292 7.403828340306559 3.6194390695995446 5.000091365980674 
3.501751979412961 0.700012197451131 17.000099180507984 7.300700672272778 7.408677970566954 3.319979593221355 5.000027603684864 
3.5003008675450022 0.7000391401555105 25.96408054636791 7.751133815394768 7.431394094034297 3.8999998924277848 5.000310912446134 
3.5001682718333367 0.7000001923027962 26.92705736330412 7.7511382843256245 7.4851468126332215 3.8999994627669943 5.020833461747859 
3.50045983497395 0.7000005896496466 17.00634594191318 7.30499615784209 7.402244124624329 3.247627538381721 5.000002320273653 
3.5001682718333367 0.7000013903456241 22.360364792247456 7.7516187948774835 7.453648178460221 3.899998322998079 5.000214764594584 
3.50020568438643 0.700004850782569 17.000056925598333 7.3000042542843655 7.421735269020639 3.241360207173574 5.000003813296593 
3.5003886780447457 0.700017771290927 21.82744306017885 7.750287216837483 7.452090849371955 3.899997620629872 5.00022507987303 
3.5003011759348936 0.7000003723270947 17.00008380383001 7.300448497851181 7.403581463193686 3.3978603770343727 5.000016736628828 
3.5004419099919595 0.7000109810462068 17.000001696017975 7.314672863970207 7.420409630796958 3.4299092931643678 5.00000798997117 
3.5001987255003537 0.7000012758029783 17.000009540583928 7.815530916221584 7.406431122603937 3.7745827844377353 5.0000000581458055 
3.5008956349323963 0.7000861096893112 17.000130672077095 7.3003677807579495 7.500581969259531 3.327555430370456 5.000039771920613 
3.5002000176753625 0.7000011861222729 17.000012365194536 7.3000098837645995 7.477339577926832 3.568010185525024 5.000017967125965 
3.524896104190968 0.7005240492015411 26.494039780385695 7.751172002731698 7.482941421611428 3.89999829040607 5.0000977989487945 
3.50040848425221 0.7000119800305579 27.505452308490156 7.750246959755708 7.4091620315051685 3.8999976659581144 5.000003972000063 
3.500169564618902 0.7000001955852326 24.988663877916803 7.7516187948774835 7.41106304831527 3.8999994583336965 5.000214764594584 
3.5002063485935424 0.7000007970288872 24.58990222639742 7.75083084063027 7.409189767015548 3.899997289288895 5.0000564357514605 
3.502759506885304 0.7000123053406279 24.00377982450019 7.776896920500007 7.449865070813484 3.899999940501017 5.000003528713379 
3.50008924016246 0.700003927845538 26.352185284921127 7.750041773952451 7.418939269782003 3.8999999471520734 5.000012448442595 
3.5002824075790246 0.7000143004609716 17.000010951671257 7.314130446190105 7.409476783886001 3.3454164987940618 5.000040130098305 
3.500197554348597 0.7000119182897966 17.00000809896942 7.689087803995031 7.4113909509120495 3.7289815932861696 5.000024160911253 
3.500298422725446 0.7000144470991522 17.00100748837256 7.3007244974904815 7.404337897774377 3.4480779589314317 5.000013587224168 
3.5002063485935424 0.7000007322769394 19.061243517374074 7.75083084063027 7.409189767015548 3.899997289288895 5.000003496777701 
3.500166769201938 0.700000212231105 27.26667459443875 7.750289902460289 7.4091620315051685 3.899998309694124 5.00000372392677 
3.50137284910528 0.7000123711935273 23.32814876826142 7.750106468608978 7.432469791011362 3.8999999629422217 5.000000707915476 
3.500298422725446 0.7000144470991522 17.00024965074377 7.3007244974904815 7.4011204015661765 3.1835373773349636 5.00002414796634 
3.5015687204993315 0.700013661336367 18.141861287863073 7.7503786220656234 7.402485788699425 3.899998965108836 5.000086064814457 
3.505004792070116 0.7000176845764813 27.1345329880941 7.75086390987872 7.452090849371955 3.899999969754569 5.024955792623887 
3.5005295432194297 0.7000013149265479 17.000012024533458 7.423479890616968 7.42656138186504 3.548443370478287 5.000027792735119 
3.5005295432194297 0.7000043051061278 17.000012024533458 7.380734673318152 7.426262519508921 3.611648372665094 5.000089985171086 
3.5015680516277774 0.7000057841433668 17.394050190009022 7.75059593431393 7.40749603453685 3.8999995812910595 5.000008441897955 
3.5002069903002644 0.7000001967741986 24.961739852271947 7.750832987057369 7.409262054828282 3.899999972276193 5.000003496777701 
3.500453879294664 0.7000003090122 17.00016836195921 7.301364921643751 7.407510313774705 3.1847132831662166 5.000043385459118 
3.5003011759348936 0.7000134293852565 17.00008380383001 7.743492866891978 7.403581463193686 3.876688145184044 5.000016736628828 
3.500309324992145 0.7000001198672531 17.00035041840091 7.300036952945875 7.411789775487715 3.556188787554304 5.000008043550839 
3.5002843502038328 0.7000002120413669 17.000099180507984 7.72027157605972 7.409519547132826 3.8701644892957408 5.0000276149568315 
3.502762342725604 0.7000041350371735 23.822258760928985 7.750314467661404 7.418648415371056 3.8999982679965384 5.000002800613178 
3.5004216700436905 0.7000120518938576 24.675470949135686 7.750246959755708 7.4749102463933825 3.8999999728039354 5.001694897409838 
3.5000902815891846 0.7000014798156949 17.000286398910593 7.755168651638442 7.438114457129659 3.896435886401396 5.000009336317982 
3.505004792070116 0.7000176845764813 26.381379190159482 7.75086390987872 7.452090849371955 3.899999969754569 5.024816768341396 
3.500467179131519 0.7000012241695996 17.000005926452086 7.699687174417639 7.406431122603937 3.6733964475088516 5.000041385263649 
3.500633970657654 0.7000177960273705 26.77034739218956 7.750504715257368 7.475403021573548 3.899999914650125 5.001696534581524 
3.50040848425221 0.7000119800305579 27.505452308490156 7.750246959755708 7.4091620315051685 3.8999976659581144 5.000003972000063 
3.5004470833523027 0.7000125452601395 17.000099180507984 7.312134539923751 7.408677970566954 3.3592753788300627 5.0000293162529115 
3.50465412341897 0.7000132994164983 17.00008673893036 7.330280517322755 7.408544378843667 3.3505981404776066 5.000082523485232 
3.501478071298063 0.7000436995535996 21.71828832398454 7.763866608198382 7.411809856913979 3.899997661890731 5.000029830867913 
3.5201454757058768 0.700005970985694 23.61858026555492 7.750726562918297 7.450391112045541 3.899999998549147 5.000002516274347 
3.5004671659507203 0.7000012768641903 17.000005410112426 7.815530916221584 7.406431122603937 3.761221159099177 5.000001034070597 
3.500441613152254 0.7000003499489589 17.00008380383001 7.300448497851181 7.420292482536187 3.409623866441385 5.000016736628828 
3.500301472774599 0.7000110484538885 17.000001696017975 7.314672863970207 7.403698611454457 3.4220615300753607 5.00000798997117 
3.500181741827394 0.7000062935157868 22.86368131392121 7.750312718735024 7.417923311538334 3.899999937595943 5.000001498923432 
3.5001674875847235 0.7000011873760983 17.0016543996568 7.3000096633876765 7.421556111652779 3.521392700381089 5.000002901871349 
3.502759506885304 0.7000125292037795 23.558743671935876 7.750726562918297 7.450391112045541 3.89999994145196 5.000000707915476 
3.5150099971860898 0.7000117342742268 18.809930183629888 7.750699504537448 7.40098790030853 3.8999999673047716 5.000024222618301 
3.500170580756566 0.7000002525920364 17.00388523598711 7.585585732900346 7.407330367471264 3.705726059918549 5.000008071171144 
3.5009222083508504 0.7000834892192853 17.000289600082926 7.300373769099533 7.405609887359177 3.535538209038857 5.000040567046317 
