3.5494568422017356 0.7081142060001023 27.987098469767602 7.7516042221550565 7.4349269221236325 3.899999999177555 5.001522579748653 
3.5004271094786445 0.7000062312165144 17.000183235199028 7.301126300453686 7.4003643743819065 3.1707358075277936 5.0000169645424855 
3.5209775197429156 0.700028208227783 24.457409970229914 7.756358866601821 7.400858664481645 3.8999999916735772 5.000015985187682 
3.504888934447865 0.7000028055087666 23.916644239678917 7.7514234741119035 7.474480992440292 3.899999999665228 5.0000015382251455 
3.5005887244575336 0.7000053141487736 17.000046099368948 7.408042782726156 7.4086710148233275 3.4069083208460085 5.000002886352084 
3.5004419828172044 0.7000228488528475 17.00009071495037 7.311846476813144 7.403369794503521 3.2518586170122825 5.00000080867611 
3.5003433507381994 0.7000001816055701 17.000177620121143 7.304155841116591 7.404207070198633 3.190205479459729 5.000017036204276 
3.5003367672070604 0.7000435922987899 17.00011900641509 7.316957656350113 7.4084236831705645 3.214408013991881 5.000000969788775 
3.5005931007358915 0.700108008131728 19.887165932146914 7.753607342745227 7.400711324721791 3.899999988102716 5.000070556215214 
3.5005871262020696 0.7000958295880442 21.75046543202156 7.750637779166342 7.502488169653677 3.8999999975237962 5.000108098233694 
3.504070394746362 0.7000941615321884 25.287374927259243 7.751415972927883 7.415241743683397 3.899999998966397 5.000003034889682 
3.500444590463581 0.7000050032587554 17.000164444222218 7.303413943674673 7.401018491744104 3.333816172599861 5.000007170676141 
3.50046036594707 0.7000001330390111 17.000390262623522 7.856774450403087 7.404190083551736 3.4834436120266363 5.000003330827337 
3.504897726384039 0.7000234346429278 26.638211447570722 7.75061314085819 7.44776501715663 3.8999999980539872 5.017345767215482 
3.519230814113513 0.7002590983586549 27.992809459125613 7.750691492232586 7.461821162009372 3.8999997116131837 5.0118842324501625 
3.500839648043935 0.7000373374985204 17.00018076993894 7.300919054384186 7.403838261599709 3.3945862113583924 5.0000068014858225 
3.500242496876675 0.7000225229669534 17.000010798389926 7.594989898624144 7.438996885463372 3.7771293500456378 5.00001085519366 
3.5005120366950355 0.7000519587152009 20.950422874683227 7.7512877992957625 7.406647652031775 3.8999999831509675 5.000000378589058 
3.522292768140027 0.7000515297731998 23.028341181992033 7.804667543360304 7.491819705009096 3.8999999829742897 5.017779749902507 
3.502760682183428 0.700100641367558 26.324997750435084 7.750293474472433 7.420277786740485 3.8999999985227145 5.000000629684766 
3.502760682183428 0.7000201590702395 17.656016445622228 7.750341388792734 7.404269515138765 3.8999999951021063 5.0000001895147355 
3.5008805013470043 0.7000027046215102 19.368670985404222 7.750817658956669 7.409352799320978 3.899999998537173 5.00003938619009 
3.5008387515716586 0.700004006290963 17.00015340652105 7.32469803909085 7.403539810908756 3.2995891448553034 5.000009957034921 
3.500423783388577 0.7000009469054853 17.000381601239187 7.512752056712872 7.436488389483751 3.7060770492787007 5.000009290798326 
3.500819416515065 0.7000052408238667 17.000089457607757 7.31938716439396 7.402061736751461 3.3481183093770506 5.000011836516891 
3.500423783388577 0.7000009469054853 17.00001385707554 7.643612696911522 7.436488389483751 3.823430026238689 5.000007102216344 
3.520168870849901 0.7008265813159136 18.243847739112542 7.771336281840887 7.492606703110532 3.899999987944928 5.000015964647807 
3.5006508000692187 0.7000978528143709 22.07112931664573 7.754294475976413 7.417843192827856 3.8999999840687685 5.00000680527506 
3.500834534031783 0.7000225990311295 17.000088614207947 7.318852347897797 7.421923733576166 3.4307471509534326 5.000011930477758 
3.500614497611564 0.7000696440999258 22.337071349135133 7.75030073696786 7.403318034225201 3.8999999944777763 5.000007342651252 
3.5003671441398563 0.7000010344146073 17.000110677224058 7.512752056712872 7.461039891453565 3.74041093383819 5.000003247785336 
3.50034183861206 0.7000504324233913 17.000161839184482 7.365453110611793 7.403425317024812 3.4571590639728913 5.000010478237347 
3.501089710601715 0.7000364713201235 17.000194691028355 7.302238980293655 7.401003674228477 3.5567147251162874 5.000005926688071 
3.500444590463581 0.7000050032587554 17.000164444222218 7.303413943674673 7.404203189205726 3.508454917868045 5.000007170676141 
3.5008387515716586 0.700004006290963 17.00015340652105 7.32469803909085 7.403522473959071 3.231909036606703 5.000009957034921 
3.5008387515716586 0.7000453818254869 17.000119833572754 7.3316074715901465 7.403439665874853 3.317377376208717 5.000009957034921 
3.502760682183428 0.7000041560449436 17.01044921450733 7.750341388792734 7.461181610701061 3.8847961168762475 5.000000180733368 
3.5004435381303316 0.700003392369862 17.000019661265355 7.756431384589129 7.436436952618271 3.85962712054533 5.000016930849106 
3.511816622742254 0.7000745969255476 18.670932578569737 7.750713109164073 7.40058107997581 3.8999999983384592 5.000021077341102 
3.500445290767217 0.7000052073309829 17.000181008866175 7.315879149422593 7.408562613387272 3.375532797633043 5.000066648704505 
3.5049403260557495 0.7008340871990708 27.096564289844654 7.750309977678836 7.432815216906165 3.8999999839330868 5.000198760725741 
3.5005856778080204 0.7000719757337952 17.000381601239187 7.512752056712872 7.408972187245703 3.7183616571561386 5.000019607360271 
3.5004250615919217 0.7000088991106499 17.000022315693744 7.303787930875829 7.400226711651597 3.360526400606896 5.000023386353838 
3.5008222987229423 0.7000048578028866 17.000086340692945 7.471845540879294 7.4034111699718625 3.6486082982534285 5.000000990211832 
3.5049531608146123 0.700004901410746 25.94072798369952 7.751415972927883 7.408615790840559 3.8999999995628603 5.000201117337977 
3.5004415785128673 0.700013795684519 25.713831344392442 7.750698435985672 7.459580174346391 3.899999988026668 5.00000670537462 
3.5463865837741317 0.706397499947227 22.268925900760955 7.750681558128256 7.420019673689796 3.8999999985225453 5.000000635004054 
3.5008222987229423 0.7000048578028866 17.000086340692945 7.487025141132781 7.40336649463372 3.657374192324427 5.000000990211832 
3.500433719222926 0.7000094419466288 21.354555887407162 7.750697092109347 7.418755148238976 3.8999999985690383 5.000017150584884 
3.5282337674243216 0.7000138290723346 23.38704209154425 7.750705274555386 7.4031445575586 3.8999999983587954 5.000018015389508 
3.5024001294663485 0.7000009470169217 27.992809459125613 7.7503148438001475 7.4591815310235 3.8999997116131837 5.000040444360341 
3.5004415785128673 0.700013795684519 24.801948214595537 7.756358866601821 7.400858664481645 3.8999999916735772 5.00000670537462 
3.5003430741750203 0.7000253971602208 17.00016869607035 7.448305868865444 7.408521351908527 3.607307935024548 5.000000849037385 
3.5030444876834324 0.7000006226982562 17.00018283226076 7.300898582802014 7.400386716995279 3.4431085136773967 5.000023512944616 
3.500363031405154 0.700001823428805 17.000089348736303 7.300322034032414 7.402061736751461 3.2301033997385895 5.0000064100697434 
3.551343558725882 0.7079339548563442 25.660069434729238 7.751455267999459 7.402781542093218 3.899999882354939 5.001522579748653 
3.5049403260557495 0.700145952862557 27.40131958844975 7.750448414151655 7.432815216906165 3.8999999965227365 5.000198760725741 
3.5008750821330383 0.7000093938318547 17.000159928245758 7.330620141360055 7.403470677907786 3.2846747290529663 5.000010478237347 
3.502404216606748 0.700001148325459 17.000086340692945 7.486011676930677 7.459308587857612 3.6794356360685394 5.000000460702793 
3.5003339992023186 0.7000233503082774 17.00009071495037 7.302938751612144 7.403369794503521 3.5221561824885352 5.000001915776066 
3.5004537646465708 0.700006224451868 17.000180054284666 7.303685875863249 7.400359827594346 3.1743877857445675 5.000010583030938 
3.500431609598868 0.700003593314813 17.000397169900094 7.755828637060986 7.4298466442217395 3.6267961694758712 5.000017328501635 
3.5043616608449804 0.7000196050574293 18.89506341997423 7.750710693856189 7.437171924555644 3.8999999882340965 5.000000123582086 
3.500860119685383 0.7001445959661423 17.206571126969923 7.750475776434233 7.432893676726355 3.8999999987884206 5.00019607477933 
3.5004689053472178 0.7000094419466288 21.280098386279864 7.750697092109347 7.402729723502661 3.8999999985690383 5.000017191256826 
3.512117490374332 0.7000235766007725 25.009978474522683 7.75061314085819 7.44776501715663 3.8999999980539872 5.018081553275288 
3.500426034648283 0.7000189705891964 17.00038020449547 7.308252511242924 7.400624781844284 3.538221678221841 5.000011465097181 
3.5227386237271077 0.7000130709356489 27.65289758265597 7.756866907827154 7.410088564576341 3.89999998905992 5.0000591533786665 
3.5005931007358915 0.7000963269313565 20.210037587319928 7.750481156962764 7.437306159905134 3.899999988102716 5.000076987312351 
3.500350969127115 0.7000225229669534 17.000010798389926 7.595683517528727 7.403386953475237 3.7848304505189696 5.0001570357207585 
3.500836683118276 0.7000688736967443 20.601697617448227 7.750260805553678 7.403318034225201 3.899999994401926 5.0000088832336615 
3.50082141297001 0.7000130709356489 20.562803085631362 7.78304797892943 7.410898435559359 3.899999998537173 5.0000591533786665 
3.5008222987229423 0.7000320202594287 17.000086340692945 7.486011676930677 7.403351101094719 3.678164505696201 5.000000990211832 
3.502760682183428 0.7001011113956678 22.857224019650587 7.750293474472433 7.416118464090246 3.8999999985227145 5.000014562522117 
3.5004435381303316 0.700003392369862 17.000019661265355 7.756431384589129 7.45810827025373 3.86083705930859 5.000003175192047 
3.5003671441398563 0.7000010344146073 17.000110677224058 7.512752056712872 7.400986867958605 3.7394205905027866 5.0000005295450665 
3.5011752928947244 0.7000227905197047 17.000002244819253 7.757960436038823 7.401800522093278 3.624261528229964 5.000017802487426 
3.5003931090123817 0.700011136022996 17.000118000953194 7.324259383961597 7.404039340861436 3.202213560099929 5.000000969788775 
3.5003670575717627 0.7000010257083572 17.000023794810303 7.315879149422593 7.4083534109878375 3.3709647116979644 5.000069438277003 
3.5225570464737266 0.7000494853897542 27.65289758265597 7.75708620065706 7.410088564576341 3.89999998905992 5.0000591533786665 
3.5049403260557495 0.7000199082970355 26.876402214116315 7.762689571294962 7.463377542305109 3.8999999838181263 5.000061655887708 
3.500868579721349 0.7000060341165448 17.00016578667885 7.330620141360055 7.403470677907786 3.261835365173626 5.000006636567214 
3.5008750821330383 0.7000094246800751 17.00016578667885 7.330620141360055 7.403470677907786 3.272492567006621 5.000010478237347 
3.50046036594707 0.7000002344258985 17.000396121056692 7.856774450403087 7.404190083551736 3.4712614499802914 5.000003330827337 
3.511534092045617 0.7000199881157693 26.876402214116315 7.762627778443772 7.463377542305109 3.89999999647336 5.018163350765736 
3.500336730528951 0.700003574400464 17.00001137242643 7.316957656350113 7.408578899399135 3.201651092095617 5.000000969788775 
3.504860136562669 0.7000085101309 20.139659905433707 7.750698969012922 7.407097010559106 3.8999999984295948 5.00040031690166 
3.5034715196405495 0.700102396790271 18.00772579963308 7.750621882282083 7.408136867101779 3.899999724159979 5.000046346985221 
3.5003430608612502 0.7000253971602208 17.00016869607035 7.448305868865444 7.4035451084236135 3.598090585415545 5.000166932553113 
3.520168870849901 0.7008258496468803 17.896307844666122 7.771336281840887 7.432513407428778 3.899999992249416 5.000197231792956 
3.50034183861206 0.7000233839173217 17.00015747434194 7.303263890508271 7.41420822891941 3.535125599997058 5.000023796819135 
3.50034183861206 0.7000504324233913 17.000163063123967 7.372358264310257 7.403386362871774 3.589808860190745 5.000010848550132 
3.500425421287142 0.7000503443386502 17.000009318927987 7.646982311026991 7.401800522093278 3.816900893072493 5.000007109950235 
3.50512190330913 0.7008030479981635 27.326856487895956 7.7500906848489315 7.432815216906165 3.8999999839330868 5.000198760725741 
3.505100996174451 0.7000134307114915 25.713831344392442 7.750698435985672 7.447798545356418 3.8999999980239535 5.00000670537462 
3.504486340651917 0.700067979830486 19.126670456671203 7.750711025508551 7.507535236961586 3.8999999892769135 5.000015176354412 
3.500416588798786 0.700051448086044 17.00000884422655 7.644850512049156 7.418048578527086 3.8033602372161175 5.0000062420998725 
3.5282337674243216 0.7000138290723346 23.49504583600762 7.750705516683822 7.53520196012968 3.899999997829507 5.000018022655839 
3.500449822226946 0.7000228824618916 17.00015747434194 7.312171622016154 7.41420822891941 3.2648280345208107 5.000022753093202 
3.5008805013470043 0.7000215050463845 17.011430896218542 7.755543802622582 7.409352799320978 3.8999999999638946 5.000023301425235 
