3.552828717697649 0.7088965473854453 27.92401221169655 7.752124470145639 7.432442473904019 3.8999999830765417 5.000150521566853 
3.5001050425575304 0.7000029529380722 17.000087774202377 7.3034494212732195 7.401509980003171 3.1699291858016885 5.000002610758776 
3.500537940853236 0.7000003530238619 17.000451038139154 7.757558781971938 7.403649060232924 3.8019470312259642 5.000010240983469 
3.501106293488752 0.7000030384373058 23.699001347700328 7.7509623131776655 7.402204036966687 3.899999988660609 5.000001097134713 
3.5006829918995246 0.7000399276262002 17.00007630387166 7.685839200520797 7.400744942526938 3.848859032626559 5.000003315568519 
3.5008529111648423 0.7000029768532218 17.00027496729663 7.583554018517101 7.401595483301424 3.6579355870502255 5.0000026051006765 
3.501322073866127 0.7000296499745142 17.000004526248258 7.361269151585093 7.403277819043238 3.622636195087076 5.000010752821006 
3.500180135195727 0.7000009897067074 17.000020706713084 7.567928359511114 7.422694774524993 3.690153201154865 5.002181211699484 
3.5001275304516684 0.700005927992582 27.448881694848 7.754964352514757 7.401845166853681 3.8999999921819706 5.000154932335954 
3.5000623418896177 0.7000008298136704 17.000115272158247 7.301354660423287 7.403602733586115 3.5791177960714027 5.000000411705479 
3.500105114740485 0.7000029529380722 17.000094023666733 7.300939958043253 7.401155121960321 3.181572104747802 5.000002616114539 
3.5062119841006676 0.7000315127003084 27.956345776335176 7.7520471234102715 7.531603990201447 3.899999983110762 5.000002636977555 
3.5000736239364505 0.7000003652541075 17.000094774568634 7.303963988100345 7.400549408591443 3.5543383560505624 5.000054417401358 
3.506807871488255 0.7000610079636523 25.011882099848663 7.75120324607485 7.401978502706637 3.899999958363514 5.000015276901643 
3.50076831039982 0.7000196497602097 20.040495882019176 7.7549736118934955 7.4099665545264655 3.899999993012494 5.000160579094259 
3.5000764879351034 0.7000029061674335 17.000114614702838 7.3006043023212985 7.404420693913481 3.3670904210899115 5.000125465163638 
3.500221191979135 0.7000007051179169 17.000033339842634 7.302865646931626 7.4192340783174 3.3487023094605393 5.000001138247408 
3.5007639570687035 0.7000343107461148 25.484807145718968 7.75032936612565 7.4502069343161725 3.8999996817304052 5.00005212266 
3.500358933775222 0.7000112128452943 17.005303526736853 7.300301279199145 7.401586487377595 3.5359842897178764 5.0000029639870025 
3.5005378789745762 0.7000003530238619 17.005106701018427 7.7571574061458355 7.401166822142741 3.7709132113981876 5.000010240983469 
3.552828717697649 0.7088965473854453 27.7938092667405 7.752124470145639 7.432442473904019 3.8999999830765417 5.000150521566853 
3.5066820119097506 0.7006854651946739 24.037415583722055 7.7512031148911795 7.403184338988501 3.899999959701295 5.000046993379435 
3.5493471274789163 0.7000121903571572 25.95900219275725 7.750987133518242 7.406632176174392 3.8999999844193654 5.000059236861468 
3.5062119841006676 0.7000084730068189 18.76433948359121 7.774418421829227 7.536656893878966 3.8999999896171453 5.000002636977555 
3.506968216005011 0.7000688296158091 22.792989850112836 7.751049851563421 7.401969344611356 3.8999999859160117 5.000000473647492 
3.5014568654233362 0.7000011340000907 20.45220326136671 7.754982184878292 7.406584289093002 3.8999996908121943 5.000000425016635 
3.5008041806484074 0.7000626530672068 27.0387341309574 7.7503489681927595 7.4018567137032045 3.8999999578468887 5.000001233138396 
3.500241391935501 0.7000018448121029 26.547481834671633 7.751190714174745 7.401769740946471 3.899999234852879 5.0000012145626975 
3.500281566688718 0.7000111501401084 17.000226685368496 7.366777944626471 7.424992669536646 3.632761696780812 5.000011549950323 
3.5003286365615716 0.7000029529380722 17.00526901363114 7.300939958043253 7.401155121960321 3.199123484197096 5.000002635021703 
3.5422751676960247 0.700005802007101 23.061496546152267 7.754964352514757 7.407287740139182 3.8999999921819706 5.000155496058503 
3.5005717164405126 0.7000516938475909 17.00001485109231 7.303009508335768 7.4040523060449805 3.409026993107231 5.000010343473236 
3.500153428158974 0.700005870712049 17.010562390957755 7.324133597417339 7.400256612800243 3.2822189401054374 5.000015665545891 
3.5007695428735732 0.700005802007101 22.57932718269546 7.754964352514757 7.407287740139182 3.8999999921819706 5.000155496058503 
3.5493471274789163 0.7010084702613031 19.537948629427547 7.750987133518242 7.406632176174392 3.8999999879746605 5.000000598418728 
3.500194001426622 0.7000002320870485 17.000014731248466 7.300101834219747 7.400338868372979 3.428941254677328 5.00000990373073 
3.5005524254163904 0.7000003530238619 17.000451038139154 7.7440032019189005 7.403649060232924 3.870866086860494 5.000002167262601 
3.500067339335964 0.7000029877451737 17.000115478367235 7.301649826913666 7.403321418696202 3.263816477913155 5.000002903185319 
3.5000736239364505 0.7000000202604979 17.00011746176176 7.300181353829871 7.400549408591443 3.2134755012351817 5.000054749552013 
3.5011758249500264 0.7000398246432017 17.00006882785042 7.300201274896489 7.400517742473761 3.4761096664301476 5.000054278231031 
3.5000498655795784 0.7000041919464102 17.000120075018508 7.302263778910191 7.410883523507135 3.5021759700010393 5.00000411682416 
3.5008098628228925 0.7000319470212971 26.782666993916887 7.7500822265764455 7.4105948415439915 3.899999671836419 5.000010466157456 
3.5000806774704585 0.7000029061674335 17.000069316321607 7.301114090900122 7.403321418696202 3.327087083217802 5.00000255286634 
3.500066985861512 0.7000000824970247 17.00018642868269 7.303424956567989 7.403088489422435 3.336200832590723 5.00000108953318 
3.5001702164589013 0.70000843107472 17.000014852451084 7.324205230875824 7.40028079730439 3.4616085632577196 5.000010851756264 
3.5002450769482443 0.7000013469158688 26.292364687401328 7.7562369217011655 7.401769740946471 3.899999234852879 5.0000012145626975 
3.501314592511225 0.7000301323278759 24.57418157409373 7.7511871787787525 7.407506490871553 3.8999879300705973 5.000016734265894 
3.5000801374814046 0.7000009452580778 17.000185341988672 7.303421138925194 7.403088489422435 3.2491308494962023 5.000052583537382 
3.5009748888462506 0.7000301157132802 17.000002658377785 7.304483241245352 7.40287589765552 3.2308087229598836 5.000033929875695 
3.500067339335964 0.7000029877451737 17.000115478367235 7.401702509063952 7.4017949733611035 3.2700236409873886 5.000001175028409 
3.500241391935501 0.7000004934977417 20.679189863762712 7.751189627340561 7.410776022561784 3.899999241839769 5.000001218460688 
3.5061287400508854 0.7006636072772373 21.96748292328893 7.751985693523594 7.403866665020522 3.8999999958403944 5.000014356644661 
3.5064679091908033 0.7007656333012122 20.88846777451364 7.7512511031208 7.403866665020522 3.8999999939892818 5.000003456285941 
3.50003263546426 0.7000029061674335 17.000115478367235 7.300561294355636 7.403321418696202 3.2228309741141676 5.000055057344464 
3.5001646693356534 0.7000112128452943 17.00027496729663 7.38275190522548 7.401586487377595 3.517389360231429 5.0000028776000995 
3.5000641875936327 0.7000008594542911 17.000100892258107 7.300206055560961 7.4104672505997 3.5771150285420767 5.000054763222097 
3.5008038321481347 0.7000343107461148 25.765422524368745 7.75032936612565 7.402235283854113 3.8999996817304052 5.000058643273541 
3.5503653086919353 0.7006382209631062 18.016751525124906 7.751424973024768 7.412340857276649 3.899999958545072 5.006222692208758 
3.5617859020101403 0.7034132775692494 19.18911576107044 7.75120639041162 7.412396235143551 3.89999995832833 5.000013729846923 
3.503287479621153 0.7005266703764971 27.650423962505542 7.752220205033453 7.402197047553993 3.8999999830765417 5.000053937709678 
3.500032702900565 0.7000000001098106 17.00006790584253 7.560220773189837 7.401009987690401 3.7160952691966567 5.000058730196701 
3.5004343834176024 0.7000635131745554 21.45828665841921 7.7512347349923525 7.555641454099311 3.8999999447328233 5.000048485198215 
3.5503653086919353 0.7006382209631062 17.70228382346162 7.751424973024768 7.421302813801047 3.8999999586332095 5.0063148095571615 
3.5007598336470074 0.7000803724091228 23.147296649916775 7.866041456918007 7.41221413781858 3.899999958398343 5.000042703536845 
3.5000794102756947 0.7000124851405061 17.00002428836088 7.344096123185747 7.418287952358627 3.2986231840481435 5.000007818374048 
3.5108221720987287 0.7000619786282274 17.321115976800304 7.751323275092128 7.400326198753083 3.8999999915557284 5.000000481862512 
3.5000806752340554 0.7000126898910751 17.00007032422089 7.352692288370599 7.4140057870414005 3.314603964562781 5.000000519617933 
3.500067339335964 0.7000028365490176 17.000115478367235 7.30056507738234 7.4518687419154235 3.2928709109366925 5.000002903185319 
3.500166036862271 0.7000011332366255 27.790870133623873 7.754714104048774 7.445861572140775 3.8999999837669574 5.000006706813143 
3.5000801374814046 0.7000009452580778 17.000185341988672 7.303625812084518 7.403092023451458 3.310049936405281 5.000052583537382 
3.5000641875936327 0.7000008596010712 17.000118445764812 7.300157532462913 7.410883523507135 3.203425279350207 5.000054747023434 
3.5514836565361114 0.7010337112283216 18.212623652934557 7.751049851563421 7.4022733012051525 3.8999999581441007 5.000000473647492 
3.500062967702404 0.7000112761014858 17.000118445764812 7.303016978142058 7.410872179260246 3.4453760712269412 5.0000049112550595 
3.5000801374814046 0.7000009452580778 17.000183407377346 7.301198522910254 7.4171955518718775 3.2491308494962023 5.000052583537382 
3.5000799238435865 0.7000005282365162 17.000069316321607 7.300159270889101 7.401586564488272 3.391329712906352 5.000000366985143 
3.5000805583921615 0.700000002221976 17.000066819148785 7.306756716239236 7.401009987690401 3.3804120091156733 5.000125606612482 
3.5061287400508854 0.7007656333012122 22.240408780262847 7.7546975533747045 7.403866665020522 3.8999999932343012 5.000002636775422 
3.507004567375568 0.7005810501848192 19.18911576107044 7.75120639041162 7.412396235143551 3.8999999879543887 5.00000035393568 
3.506807619651582 0.7000641660195684 24.838932195806393 7.751323275092128 7.402006555351138 3.899999959701295 5.000007064843184 
3.5001627643955513 0.7000011332366255 21.25542462048393 7.754982184878292 7.406584289093002 3.8999999985698244 5.000000425016635 
3.506807619651582 0.7000616028260345 24.714871200708856 7.751323275092128 7.4020341883983765 3.899999959701295 5.0000106223415095 
3.56146334653679 0.701550806817273 24.037415583722055 7.7512031148911795 7.482196091357885 3.8999999583631437 5.000064178529663 
3.501086005582655 0.7000016179996338 17.00009020648908 7.621466825964464 7.4006528293764875 3.7529375184989813 5.00005750681304 
3.500781499446988 0.7000635131745554 21.142926861210753 7.7511938582540045 7.401582132379948 3.8999999447328233 5.00005887691248 
3.500166036862271 0.7000011332366255 26.956518267069352 7.754694396845654 7.445493469724192 3.8999999985698244 5.000000425016635 
3.5007496445386894 0.7000007788631173 17.000033339842634 7.7491050027641 7.449828364037006 3.887012062705325 5.000001138247408 
3.5007665563305697 0.7000013079623155 17.60126496440877 7.754964352514757 7.407287740139182 3.899999999465708 5.002218629462889 
3.500807941041142 0.7000128861508718 21.684362250308816 7.750220229348882 7.400285067508112 3.899999962420317 5.000051142078217 
3.5001611335720457 0.7000107169630937 17.000119967158266 7.307042415415339 7.410883523507135 3.451347119487083 5.000006993472287 
3.5001939674426703 0.7000040493677583 17.000014846170203 7.3001120996772215 7.401972920711615 3.5123027349113225 5.000001803980685 
3.5000736239364505 0.7000008596010712 17.00006882785042 7.300201274896489 7.400549408591443 3.4761096664301476 5.000054278231031 
3.5066820119097506 0.700683070316462 22.204157027152224 7.7512031148911795 7.40321197203574 3.8999999779749634 5.000050553661214 
3.5000518832647525 0.7000009897067074 17.000020706713084 7.59120037500249 7.407766313047841 3.7176863343325977 5.001991103902594 
3.500109143400979 0.7000028884542411 17.000117527963287 7.300864060558892 7.403321193182404 3.1709345318569584 5.0000026103034845 
3.501086005582655 0.7000018502799922 17.00009020648908 7.6211370695183955 7.4006528293764875 3.7560970756829453 5.000001834493265 
3.5000764879351034 0.7000031142824112 17.000114614702838 7.557678305541624 7.404420693913481 3.73442216545764 5.00000335563584 
3.5316593740257383 0.7000397178340063 17.026808378803025 7.752043328776761 7.418732666714884 3.8999999989795247 5.009981413963104 
3.5617859020101403 0.7034132775692494 18.795197583368424 7.754652840665526 7.4675550846686845 3.8999999575716227 5.000013653952457 
3.500807941041142 0.7000030084753269 21.795295914917865 7.750220229348882 7.418545239655819 3.899999962420317 5.000051142078217 
3.5000805583921615 0.7000000029683191 17.000066819148785 7.560220773189837 7.401009987690401 3.7350731147203633 5.000002873451602 
