3.500148743702724 0.7000004067636593 17.00001399213434 7.300017746578074 7.401628077535126 3.169037454341683 5.0000034926815475 
3.517963117193764 0.7011608386997875 27.989406860884934 7.750401962448628 7.401198739905259 3.8999980861294197 5.00000515134962 
3.5044810531423636 0.700000413990368 23.23623334908698 7.750818903364868 7.400656567655339 3.8999998203475723 5.000014362478726 
3.5006939909305608 0.7000048061340243 17.000062552821298 7.373935338964035 7.411927410027339 3.6449602350545236 5.000091980436825 
3.5006252221007395 0.7000001534930209 23.628230029408684 7.750800875933309 7.430996034764045 3.899997279228642 5.000003914135388 
3.500152355538653 0.7000103548472694 17.000061278062642 7.302161953055845 7.402545839310675 3.20458099284802 5.00010435908046 
3.50141222055291 0.7000001836670904 19.28626541738611 7.750786848491201 7.431034100676513 3.899999434757657 5.007153152981249 
3.50138263440416 0.7000000386754407 25.907783863393494 7.750780410292013 7.423183776916846 3.899999836474807 5.000003025643719 
3.50021290894642 0.7000116916999326 22.817281797877378 7.750148680378123 7.423183776916846 3.899999836474807 5.0000077387716635 
3.500676844500282 0.70000026927823 17.00034450293035 7.687585917598309 7.407332179512086 3.740209117318737 5.000001444348411 
3.500165767351684 0.7000110262181989 25.128631713125316 7.7504931676168765 7.490465067084154 3.89999791350877 5.00012288113286 
3.5260950483451827 0.7000023170000399 26.169330306621955 7.750129696942803 7.461555499351126 3.899998828213367 5.000000274523393 
3.5726889151783903 0.706050052306685 21.797804305263462 7.750154778944675 7.423183776916846 3.899999836810495 5.0000077387716635 
3.500566482184489 0.7000057364151562 21.213144200727513 7.7505148201851455 7.4035186424720685 3.8999996831481893 5.000000397997365 
3.5016955431338563 0.7000004489236024 22.5707195054947 7.750380547280301 7.421161972159212 3.899997019619529 5.0000031352504335 
3.5013265254898114 0.7000014529744545 17.00003156080262 7.32235380352428 7.404574076981321 3.2351525066451305 5.000026612472489 
3.500156149496714 0.7000049661553505 17.00039854586413 7.438654323873275 7.464496155139306 3.6824869489493044 5.000009785945516 
3.500148743702724 0.7000004029470801 17.000008908673987 7.442923023741924 7.401628077535126 3.628571184860739 5.0000034926815475 
3.5181353063100085 0.7001852717697072 18.58810977553904 7.752678376378011 7.424147970940987 3.899999904780103 5.00001412050281 
3.5007101169479475 0.7000048030888651 17.000588449209793 7.687392040636787 7.416791294708443 3.6066290407214527 5.000002568145634 
3.500177981408318 0.7000013587758471 24.84502811196535 7.750331279171516 7.40403707484537 3.8999999618899586 5.000009331243092 
3.5006815469686683 0.7000035710373256 19.746811215929196 7.750780676534806 7.4455187143198325 3.8999978025514928 5.000038298578447 
3.500222946096777 0.7000001596634525 18.908550277644252 7.750760013045541 7.414235413625309 3.8999999995879695 5.00000038578827 
3.5181299180271095 0.7000058103486054 27.678135452690118 7.750510637987645 7.42309362428019 3.89999794217906 5.000000545991541 
3.500249746002854 0.7000038731263825 27.06230523142563 7.750038293298532 7.41412018615913 3.8999993525454486 5.000013285230557 
3.5007376683356703 0.7000000184174208 25.432121138916703 7.7507853883147275 7.426272297672734 3.8999998694116527 5.000003060829959 
3.5010410509966974 0.7000021727774375 17.000000143106416 7.306382373589354 7.401479374959323 3.3986583433105175 5.000017098728269 
3.500619293708215 0.7000034043128067 17.009120229291312 7.750590955895542 7.406754375607655 3.8867560171727558 5.000221319722521 
3.501054746697594 0.7000014034852651 25.623833618568604 7.75045920655601 7.433158547334019 3.8999999916078956 5.000009835649528 
3.5005460414187826 0.7000014034893878 26.477819154735272 7.75045920655601 7.433158547334019 3.899999961488785 5.000009835649528 
3.5004322575346714 0.700000357487011 17.00001530974905 7.3014610556988435 7.40673860285862 3.4519657694874146 5.0000002166998305 
3.500632846361788 0.7000008677411231 17.000010568461136 7.322532693953691 7.400530735183204 3.312109965445881 5.000101829494624 
3.5002207258904487 0.7000030443115608 17.00003156080262 7.307251582649504 7.404574076981321 3.184532875488639 5.000104142647494 
3.5010800833262428 0.7000004137247624 17.00002734409873 7.660755907607598 7.401631828550867 3.7244792455194036 5.000017180095982 
3.500688972112857 0.70000475326671 17.000011241371396 7.303730249049811 7.400964874939707 3.536375324511754 5.000097428924977 
3.500166764363689 0.7000001360112296 17.009237831668386 7.335662419842639 7.40473398537766 3.4136994063409065 5.000225546227569 
3.500145600855131 0.7000002745627439 17.01523979398632 7.3545481736946225 7.402628332344082 3.3820213170218167 5.0000991931229155 
3.5013265254898114 0.7000014529744545 17.00003156080262 7.32235380352428 7.404574076981321 3.218410367113639 5.000026612472489 
3.5006069828335544 0.7000026041528041 17.000062355189154 7.342773356055909 7.402002967359929 3.2767537498649273 5.0000989423599105 
3.5001519259438845 0.7000101268376201 17.000029728434818 7.687585917598309 7.407321037350116 3.772167937063364 5.000103637414248 
3.500152355072038 0.7000018580063457 17.00000504168641 7.30048637024867 7.434310328331689 3.2520262129282034 5.000015203239709 
3.5001668788902918 0.7000001511118319 17.009237831668386 7.313000501508817 7.401390245295805 3.332942963670623 5.000058374433836 
3.5006288004067 0.7000016156991103 21.398317269049826 7.750780361679132 7.402657374823578 3.899999895384277 5.00001417768174 
3.5005460414187826 0.7000058612819092 27.628292622739682 7.7796267299694755 7.4326819728984805 3.8999999624447854 5.000009835649528 
3.5002121160638913 0.7000058270795322 20.760885124760946 7.750147172157845 7.401195773777711 3.899999143482341 5.0000591504113885 
3.500660335525662 0.7000000974525223 24.36301406070206 7.750020519925193 7.405854441096855 3.8999998694116527 5.000003060829959 
3.500602700902961 0.700002605013681 17.000006643922962 7.346985606565502 7.401977560781709 3.5189408855691062 5.000101675233096 
3.500145600855131 0.7000004604126979 17.000002205207064 7.3069008586304784 7.401966844870245 3.473695693551855 5.0000991931229155 
3.500554147819778 0.7000023170000399 17.28779243242854 7.7511964294717774 7.461555499351126 3.8999999088281996 5.000000274523393 
3.501630648585693 0.7000037215930273 23.962998649678035 7.750193778921859 7.4024624714488345 3.899999749228072 5.001494962941338 
3.552533578121669 0.7000001054912474 26.527369603525237 7.750137720077179 7.502972390211366 3.8999988217212227 5.00000968345342 
3.5001668646439246 0.70001208994906 17.000002158795027 7.308279732515874 7.403723970034562 3.2887011470552614 5.000024680284707 
3.500275993692197 0.7000121001440028 17.000019707616367 7.3036452467239945 7.4033746039414 3.4355789652841544 5.000039902589344 
3.5006659477797673 0.7001257163171991 21.95900514430977 7.7502564742194044 7.401722712550028 3.8999996684081144 5.000002810001673 
3.500688972112857 0.7000051518720227 17.000031084833367 7.373935338964035 7.410662053663369 3.555649464504664 5.000097428924977 
3.5001524485258355 0.7000032582249519 17.009120229291312 7.312906475458865 7.406754375607655 3.3398506653185698 5.000221319722521 
3.5001670998575802 0.7000001829364823 17.000102382653427 7.353348620562634 7.402088985182278 3.464161143906553 5.0000991931229155 
3.5001652034262896 0.7000091607187395 17.000055619026416 7.307172581996688 7.402034645750578 3.2436812566010644 5.000025744551606 
3.500176094624878 0.7000016196858518 26.835083391545844 7.750193778921859 7.577806644796922 3.8999999376817787 5.000010557815368 
3.5001668473756102 0.7000001829364823 17.000045610163063 7.775634020916923 7.402093650084724 3.864881330112454 5.000096584894786 
3.5347734296338005 0.7000023170000399 21.576110827189407 7.750137859586469 7.461555499351126 3.899998828213367 5.000000206755261 
3.5013617507943757 0.7000003106337669 20.401389129114413 7.750026669691497 7.431034100676513 3.899999434757657 5.007153152981249 
3.5038080554538555 0.7000144490074215 27.361303755027777 7.7500190812223515 7.400748998883982 3.8999998884855884 5.000055505838198 
3.5046455304295803 0.7000185856957413 18.187014096883463 7.750767965529615 7.507946186106617 3.8999998658719015 5.000108074934905 
3.500244408419748 0.7000020144359906 27.308876035143534 7.796074889429649 7.530179443622324 3.8999989002086557 5.000580674445175 
3.500152355538653 0.7000029703675811 17.000031634688487 7.311200042368602 7.407435079561151 3.573702271555752 5.000012719993174 
3.5004829297241162 0.700009373359938 17.000055619026416 7.307172581996688 7.404582711865209 3.263363342307637 5.000025942598393 
3.500505587836533 0.7000023170000399 24.166494253451663 7.750028879782892 7.4101213503052525 3.899998861155234 5.000000206755261 
3.5181299180271095 0.7031878620798148 17.473589759657546 7.75006127515442 7.423019481439355 3.8999979317633118 5.00005846899498 
3.5001588734740157 0.7000000551552978 17.000008908673987 7.323113320421776 7.40763570458455 3.215019908969267 5.0000034926815475 
3.501327627330613 0.7000005018938649 20.07657455360282 7.750774804531044 7.432781665907719 3.89999884351479 5.000058798017801 
3.5043452756956026 0.7000013018045044 20.327806461070733 7.750744429045061 7.400748998883982 3.8999998907871434 5.0000331590940466 
3.5001262246835663 0.7000029712983687 17.000014675304854 7.306282336146763 7.407435079561151 3.499479123129841 5.000012719993174 
3.500239967214811 0.7000023170000399 20.74597068950128 7.750028879782892 7.4101213503052525 3.899999161283396 5.000001146347133 
3.5001918257831237 0.7000002669031099 17.00000243905119 7.687721213192673 7.401214525731191 3.7042457034625405 5.000023326901906 
3.500275993692197 0.7000121001440028 17.000019707616367 7.3036452467239945 7.4033746039414 3.4355789652841544 5.000039902589344 
3.5030848258545166 0.7000000906088897 17.002117341822206 7.337411088101138 7.406732537028226 3.267107223796494 5.000000236547129 
3.500035382991382 0.7000004138235096 17.00001022214006 7.3002348872822305 7.401723291702659 3.367866836741231 5.0000004920947525 
3.5001469414493562 0.7000002410464318 17.00001022214006 7.3002348872822305 7.401723291702659 3.3526716254834414 5.000001084093811 
3.500632846361788 0.7000008677411231 17.00001080506361 7.300014891200248 7.400530735183204 3.5916317774329465 5.000003410382045 
3.50060125823843 0.7000025182452259 17.00004621022481 7.306049322522447 7.402486081185472 3.3744386780462756 5.0001042060599925 
3.500305286456711 0.7000011195619807 24.59894514977608 7.750214102394428 7.433155834344679 3.899999830174123 5.000033704465764 
3.500626640724358 0.7000124479770181 17.000020947712528 7.720059459718253 7.400474663766461 3.8752761975818397 5.000002474751317 
3.5001918257831237 0.7000005547294006 17.00000217541362 7.668294142251319 7.401392768575139 3.7031505685837156 5.000023326901906 
3.5000975817236846 0.7000004408194924 17.000036154750823 7.671013420744472 7.404207679366286 3.844770654605764 5.000002580237663 
3.5014731029858943 0.7000016907479052 17.000003346713967 7.690797166823227 7.400969687226878 3.8231170226576743 5.000120992349251 
3.50053456653304 0.7000116916999326 21.797804305263462 7.750148680378123 7.423183776916846 3.899999836810495 5.0000077387716635 
3.500124765173358 0.7000023783964227 17.000078407742805 7.352561493535247 7.405843005955334 3.3060246225611176 5.00010400416773 
3.5001469414493562 0.7000002410464318 17.00001022214006 7.3002348872822305 7.401723291702659 3.3526716254834414 5.000001084093811 
3.500388155296385 0.7000073986995036 17.923253460726833 7.815547586893903 7.433428761494786 3.899998818279834 5.000010170600219 
3.5002207258904487 0.700001656273448 17.00003156080262 7.307251582649504 7.4029384088807175 3.1760286838609364 5.000118450150313 
3.500122037155732 0.7000014019595037 17.000033070614215 7.308881509594535 7.401807229971565 3.48807683461124 5.000013076968403 
3.500305286456711 0.7000073048497122 24.5724905816518 7.750792121147157 7.433155834344679 3.899999830174123 5.000033704465764 
3.5001003767632706 0.7000049470889541 17.000391603272764 7.671013420744472 7.40162533450124 3.843143522564893 5.000002580237663 
3.5007161651963457 0.700013108216662 17.000015230171666 7.7296784257505555 7.400474663766461 3.8041539872042938 5.000003413652473 
3.5006988664862395 0.7000008761943111 17.00038914852612 7.330971375554217 7.401531851145086 3.577644253178781 5.000110753586791 
3.5004400149442056 0.7000055670043592 17.000006832109975 7.429839338451886 7.4859207476336875 3.6848874210888387 5.000000068007845 
3.5001519259438845 0.700002625655578 17.000030862056146 7.687585917598309 7.407321037350116 3.774652622872541 5.000012785162336 
3.500630484535674 0.700002605013681 17.000003826686395 7.384705402726031 7.401926132540367 3.511248540381798 5.000022631699996 
3.5046455304295803 0.7000185856957413 18.174266328970894 7.750767965529615 7.505142264204439 3.8999998658719015 5.000000437871573 
