3.5000238278682914 0.7000004735234161 17.00000036536001 7.301752292733917 7.406172962849779 3.1691896695722654 5.000009405937102 
3.5000238278682914 0.7000004735234161 17.00000036536001 7.301752292733917 7.406172962849779 3.1691896695722654 5.000009405937102 
3.5037275061493673 0.7002953517592891 27.99340712267608 7.752723039669407 7.688541262832088 3.8999999924713222 5.000000078236917 
3.5005370525140576 0.700015049626507 22.25480770595042 7.753031042129578 7.4023047300892815 3.8999999362983315 5.000000467831253 
3.500323868680932 0.7000231585188189 19.984416961488925 7.751346010594525 7.424434174480094 3.899730462975367 5.000062206147542 
3.5009278386508007 0.7000907084389402 21.662543722264488 7.75001286772461 7.403355509953063 3.899999935364386 5.0001863602615515 
3.5002642858278628 0.70000041037994 17.00000036536001 7.308021984295198 7.406191723242563 3.306716107185017 5.000009340900968 
3.500333561474687 0.7000019795649731 25.65784592025439 7.754078006345345 7.402141965182871 3.89999998956555 5.000836292367788 
3.5003989829512405 0.7000015760384826 26.40564191323093 7.750954457946368 7.423957454340301 3.8999999872300855 5.000004478277882 
3.5000267477185103 0.7000012138798416 17.00000062488662 7.300421009013159 7.405565994744268 3.2419159168797322 5.0000110740334005 
3.5050461409788563 0.7000034703429048 27.53644650779309 7.756709389185091 7.404583950813665 3.8999995881627965 5.000322105471253 
3.5003359757390333 0.7000000899099975 17.000051609693887 7.300549119976022 7.403569129443493 3.542268917831135 5.000012925301822 
3.5088730478073398 0.7000560265831905 26.751657613319903 7.754075656010143 7.413267198525945 3.8999999690871316 5.000436574659926 
3.5004689877083113 0.7000024697650828 17.00006545662954 7.630697101789859 7.408583222853883 3.77527274098832 5.000312476700641 
3.500220398880375 0.700005956903514 18.715845002432278 7.750592355061354 7.4863875594267375 3.899998041866759 5.000004730872513 
3.5050461409788563 0.7000034703429048 27.14879515289282 7.756709389185091 7.404583950813665 3.8999995881627965 5.000322105471253 
3.500256222493113 0.7000003745512606 17.000023939163405 7.307442027220671 7.408357381662184 3.388754044457264 5.000220090567664 
3.500330159283986 0.7000004203899638 17.00000007058304 7.30172763556745 7.410100755831151 3.349713366032747 5.000007267848293 
3.500333682674304 0.7000016197808736 17.000052180594206 7.300549119976022 7.403293103500862 3.2868854771119747 5.00001392822485 
3.5009278386508007 0.7000035563351135 22.718492181269944 7.758851502908686 7.402917663637935 3.899999935364386 5.000218898095656 
3.504829336224429 0.7000560265831905 19.46423675604131 7.754075656010143 7.40452465532857 3.8999999404240344 5.000040152655435 
3.5002740391504896 0.7000000119956666 17.000056121017632 7.3127045885625455 7.4074559861224785 3.605773056688359 5.000001185300966 
3.500340856074407 0.7000011103372814 18.14505418292793 7.7513802363517055 7.608595284487194 3.899999990003085 5.005528189132823 
3.5000267477185103 0.7000012138798416 17.00000062488662 7.3071744055300165 7.405565994744268 3.2274475393217945 5.000011198067036 
3.500409348178546 0.7000004146165469 17.00005179861302 7.304628297973239 7.409613674857071 3.2585701127649447 5.00002874688448 
3.5003316095673225 0.7000001043510758 17.000001892829154 7.300027354744902 7.418237464563167 3.18237848264191 5.0000298573910085 
3.5036166986352555 0.700291341026654 24.118252512670328 7.7540779057902 7.409806403596688 3.8999999162002377 5.00082972925797 
3.50939878803612 0.7000033949690007 26.08741495730655 7.75123601524271 7.415343024401635 3.899999988807172 5.00000552343061 
3.500417542165307 0.7000018300892783 17.000057959783582 7.301899663814068 7.403151886696855 3.3744228093881863 5.0000073755618235 
3.500021162306754 0.700001738067014 17.000050305441132 7.613330410785172 7.4039748688493825 3.794962119663022 5.000024050127633 
3.500161898678648 0.7000035641009438 17.00000734053863 7.581005482293041 7.403250721092056 3.7132197956656867 5.000008746226427 
3.5009241840988676 0.7000915692547484 24.74499223853134 7.751447443003286 7.403663652850127 3.899999807208718 5.000001551145629 
3.5002703115692704 0.7000000139078935 17.000051724337446 7.6211707908911785 7.407061348641817 3.636732697609674 5.000952688791376 
3.5002642858278628 0.7000000885875035 17.00000036536001 7.308021984295198 7.406191723242563 3.3432493131061727 5.000009340900968 
3.5002703115692704 0.7000000139078935 17.000051724337446 7.6211707908911785 7.407061348641817 3.6283981741713696 5.000001022776818 
3.5005370273724172 0.7000919156645924 20.50323070531534 7.752767687584114 7.413899788896927 3.8999999932116873 5.000010755067128 
3.500473570803199 0.7000919156645924 23.42072089693829 7.7513807133756165 7.402400996904854 3.899999667257945 5.000010755067128 
3.500340301493427 0.7000000544788865 17.000066466518643 7.6858279881667055 7.404949818377845 3.744531854936278 5.000016768839644 
3.500265647616335 0.7000004203899638 17.000000217159396 7.305358577967068 7.411057892686028 3.4080183450479966 5.000007267848293 
3.5004735487624674 0.7000194546235655 17.001320385440618 7.751399156803592 7.403124297259049 3.838541655524433 5.000011256631704 
3.50002369957054 0.7000012223738876 17.000041167047726 7.300744877271198 7.406265954507671 3.209763699427761 5.000033169234055 
3.505049126891359 0.7000066604781461 24.520503325593467 7.76771668255363 7.413793679039247 3.899993428582782 5.000111118660077 
3.5005380697954465 0.7000108126935805 23.016549203025217 7.7611747343455875 7.404238646737665 3.8999998952777286 5.0000444948099405 
3.500252915940913 0.7000003745512606 17.00000076800974 7.753049568533941 7.479083312404058 3.8848499814257353 5.000219501913588 
3.500470868154521 0.7000001512600539 25.095024284955574 7.753934433134244 7.404556168435298 3.899999891528457 5.000835997085807 
3.500359211808802 0.7000001739186352 17.000024511135553 7.305214924731903 7.4043372319360214 3.5691240411822562 5.000044333202642 
3.5033951702999357 0.7000106286994254 26.974946222214548 7.751230556271229 7.588796604967021 3.8999999426498 5.000001195022431 
3.5001023006619545 0.700002266240403 17.002172475599313 7.679702340590355 7.418043920069929 3.6862592335656656 5.000010755067128 
3.5002739921372346 0.7000018936950474 17.000057959783582 7.301899663814068 7.403151886696855 3.4237711113309777 5.000009494363191 
3.5003330402031683 0.7000001631053028 17.000000128438806 7.3204866439370875 7.425363048811299 3.470524609922861 5.000011268858963 
3.5004205710404306 0.7000001732134228 17.000002008370053 7.717308709241808 7.401418960006813 3.8712967429567122 5.0000285843836245 
3.5009241840988676 0.7000915692547484 21.360309045623833 7.753856877962403 7.403663652850127 3.899999936503736 5.0001803333478705 
3.5003337216662715 0.7000019816922842 21.19643783484341 7.753934509259235 7.5696411626860565 3.899999992368816 5.000000318335714 
3.5003330791342044 0.7000012138798416 17.000000070810255 7.3071744055300165 7.405565994744268 3.2168612177111404 5.000011198067036 
3.500933246398083 0.7000440048633885 23.306285248862938 7.750708228366994 7.403663652850127 3.899999936503736 5.00001957865249 
3.500357176239242 0.7000009787213647 17.000010926940565 7.3025353541183815 7.502725969401263 3.325767534038131 5.000326172395462 
3.50002369957054 0.7000012223738876 17.000041167047726 7.300744877271198 7.406265954507671 3.1977505354594804 5.000033169234055 
3.500412355956444 0.7000001732134228 17.000660108577808 7.714917379261225 7.41247871386223 3.850164295612632 5.0000285843836245 
3.5001023006619545 0.700002266240403 17.002172475599313 7.658257119827932 7.401379437390404 3.6919895826303155 5.000010755067128 
3.5003320464276535 0.7000017288765349 17.000023559863557 7.308529748750588 7.402965102672658 3.4859570024584077 5.000230226753864 
3.5003344963271505 0.7000010927649133 17.026879953872317 7.645667844266625 7.401379437390404 3.6604900150471136 5.000010755067128 
3.500256222493113 0.7000003877560622 17.000023939163405 7.708816136004621 7.518369662494967 3.7268728844209518 5.000008148018038 
3.5009386291492532 0.7000905253421236 20.902216442759805 7.752871584848481 7.402458507220876 3.8999999302217785 5.00006100463657 
3.500018302789582 0.7000004711927668 24.994500483079932 7.753934433134244 7.404556168435298 3.8999999740488827 5.0000297731562195 
3.5003344963271505 0.7000011136364382 17.002172475599313 7.645667844266625 7.401311030145593 3.6604900150471136 5.000010973617544 
3.5004091229555305 0.7000000139078935 17.000021109464264 7.326404491462286 7.407061348641817 3.265078455636109 5.000001022776818 
3.5004735487624674 0.7000195701396363 23.82737184840508 7.750129104569226 7.403162579534101 3.8999993274401406 5.000000667547237 
3.500359211808802 0.7000003926198617 17.000013614099824 7.306618614849784 7.404026901838082 3.4918304799534003 5.001791990571958 
3.5001196343900176 0.7000003356001347 23.77522243747989 7.750302177651693 7.415706121600739 3.899999933200737 5.000013481436051 
3.50059312809202 0.7000010480990035 17.000010926940565 7.3025353541183815 7.502725969401263 3.325767534038131 5.000326172395462 
3.5027072379796307 0.700006447433944 19.294063751609215 7.750977197345898 7.404190785639229 3.899991679861727 5.000045765612923 
3.5002739921372346 0.7000018936950474 17.000057959783582 7.301899663814068 7.419756254082522 3.508595416067792 5.000006656902802 
3.5027072379796307 0.700006447433944 20.799619315728968 7.750977197345898 7.404190785639229 3.899991679861727 5.000045765612923 
3.500333561474687 0.7000019795649731 25.397121436011222 7.753934433134244 7.402458877410687 3.899999992368816 5.000836292367788 
3.5000979925333287 0.7000004639412103 17.000000189675642 7.3093194428328765 7.406182492953803 3.1715310794504203 5.000004040385584 
3.50939878803612 0.7000037612889332 26.08741495730655 7.751141555520787 7.415343024401635 3.899999941392397 5.00000586189001 
3.5004735487624674 0.7000005343221523 17.001332044485 7.751399156803592 7.403134924292789 3.8137797376273204 5.000011256631704 
3.5003359757390333 0.7000000892348288 17.000009007156898 7.30081262758752 7.401356954533945 3.527142608147617 5.000001623158185 
3.5003989931750032 0.7000009004237778 17.46204052995489 7.7515353476307745 7.5507968058791235 3.899999989981051 5.000006205936677 
3.5003989829512405 0.7000012402234363 17.1203669211849 7.752311789088506 7.423811588607923 3.8999999872300855 5.000004478277882 
3.500340856074407 0.7000011103372814 17.826737490664666 7.75142937174107 7.558859717184623 3.899999990003085 5.005660329189123 
3.500252915940913 0.7000003045517585 17.00000076800974 7.3168457413054195 7.402946287349435 3.4614343363362736 5.000220090567664 
3.5005370525140576 0.7000152700688044 22.862271014634484 7.753031042129578 7.4023047300892815 3.899999969114267 5.000003110625509 
3.500127526008584 0.7000034911341426 27.75632219993123 7.75123601524271 7.4955706418586585 3.899999400364677 5.000008153349696 
3.5000979925333287 0.7000017288765349 17.000017262765443 7.3093194428328765 7.4065058119728215 3.275250332788439 5.000004040385584 
3.5029474279934214 0.7000250484772443 18.95392194117882 7.750884402470797 7.561367092934084 3.899999969666107 5.000014289510597 
3.5003355308710282 0.7000000894382167 17.000009008568238 7.300807045736004 7.407693754314904 3.439436148441924 5.0000240906125315 
3.500588507476215 0.7000019909377574 25.433106588253885 7.753934433134244 7.402458877410687 3.899999992368816 5.000337826193935 
3.5003359757390333 0.7000000892348288 17.000009007156898 7.300544810759162 7.403278219142071 3.5070784660760577 5.000012925301822 
3.5003327910684194 0.7000018352954358 17.000024765216875 7.300511605326807 7.402471814979648 3.375305403076816 5.000014001258381 
3.5037411553341857 0.7000748647470365 27.848275587399534 7.752848156522356 7.653962620579213 3.8999933801114604 5.000000078236917 
3.504829336224429 0.7000557096128904 19.05884218281497 7.750843133527933 7.40452465532857 3.899999987838621 5.000039815403186 
3.5004735487624674 0.7000194546235655 17.17082966673426 7.751399156803592 7.403124297259049 3.8999932633166745 5.000000667547237 
3.500253210206742 0.7000003642006852 17.000000211836873 7.3168457413054195 7.406486996649599 3.4420083949925417 5.000000985470059 
3.500340856074407 0.7000011103372814 20.524544737797637 7.75142937174107 7.414624746448371 3.899999990003085 5.00555803521335 
3.500340856074407 0.7000011103372814 17.996320024691975 7.750022708142582 7.558859717184623 3.899999991930519 5.000215242407193 
3.50002369957054 0.7000012223738876 17.000041167047726 7.300744877271198 7.406265954507671 3.278449619607444 5.000033169234055 
3.50033311311277 0.7000003476172753 17.000094061489246 7.300872845355802 7.400743987603471 3.5904680508330595 5.000000531745402 
3.500420453671645 0.7000011875236136 17.00000962873951 7.300653819938361 7.401356954533945 3.527142608147617 5.000001623158185 
3.50002369957054 0.7000011885731979 17.000008268814394 7.300915549897358 7.406265954507671 3.192811456784257 5.000033169234055 
