3.5006968888509804 0.7000034049803252 27.99777288781615 7.750378091436199 7.46146253655971 3.8999999994033336 5.0127186909674215 
3.5008342974924855 0.7000017873005445 17.00000351708152 7.300192001544277 7.400547431359238 3.1689115616682924 5.000004295320582 
3.500215499828414 0.7000009986651355 20.02256792438335 7.750384054365156 7.433442142519278 3.8999993896576743 5.000112058209921 
3.500780968828845 0.7000005969888503 17.00000119041233 7.334416604706106 7.4011622348834365 3.3893430607610937 5.000002683753214 
3.500543380592858 0.7000031511399499 19.358801955063925 7.7509427736599905 7.461866152869548 3.899999982293609 5.000000072250981 
3.517531112351688 0.7000029897970613 25.88222218578567 7.750881637806487 7.400995592065954 3.899999971748674 5.000003019034753 
3.5001359628099182 0.7000005917445152 17.000004306602403 7.312023757653886 7.402421233708377 3.3558174843558604 5.000030283931209 
3.500803883102918 0.700001716058911 17.000056421795378 7.697269867917584 7.402594659675338 3.8557230668330282 5.000000676754039 
3.500814736963184 0.7000065713219836 17.00000795525138 7.300744308128509 7.401189293168846 3.2574823895586382 5.000000676588452 
3.5007297026689903 0.7000033841418692 20.453096646130966 7.751402688828376 7.410100138837198 3.899999984036054 5.0000055614511325 
3.500670097311356 0.7000024499687107 18.552794728335105 7.75146241844014 7.400872986826537 3.899999542973136 5.000002440681646 
3.5052850363582375 0.7000014665413812 17.000014377484277 7.300329298818822 7.4000507922505685 3.2278078899641853 5.000004301694442 
3.5008156069454346 0.7000020130956983 17.000003173044558 7.322964684902559 7.400581872153061 3.248539675276269 5.000018865795854 
3.5008161086169256 0.7000020130956983 17.00000518639513 7.322964684902559 7.400581872153061 3.336613263947347 5.000018607803942 
3.500557501790803 0.7000007639532371 25.07559703435619 7.750604655673956 7.469253796138038 3.8999999646165238 5.000000016290303 
3.5173854747891684 0.7004390317082607 25.385477544531277 7.750881637806487 7.408671248888209 3.899999971748674 5.000000518487677 
3.500699140692548 0.7000000836028327 17.000000144592477 7.4491297915389945 7.401960204569303 3.6674395987947817 5.00000435183858 
3.500731897546108 0.7000000192493032 17.000872326170576 7.631889792587642 7.429838908286356 3.6415863569772076 5.0000002068239535 
3.5081048993926687 0.700001709215716 17.00016100502177 7.752743956051515 7.40135509489269 3.7497719156492733 5.000000210485801 
3.500813061131976 0.7000035924095612 23.00084811172807 7.750554501296132 7.603790136751958 3.8999997412115186 5.000031239817288 
3.50067102649791 0.7000039859216641 26.716629270077437 7.750255474931259 7.401189799378185 3.8999999979299527 5.000000710891598 
3.521961903288391 0.7000000700870238 18.056010410537546 7.750916565351441 7.478008421089226 3.8999999994526586 5.000030653216147 
3.500811584410551 0.7000008904807712 17.000007575555355 7.300155385991058 7.400575755372438 3.283511862115331 5.000004301694442 
3.5017993705088846 0.7000050473487065 17.00000821289531 7.745971478082948 7.407643156020461 3.7961309842555147 5.000007174148325 
3.5081452071352377 0.7000033913739236 22.43945308715639 7.750771635905458 7.510373444237086 3.899999998105123 5.000006510824161 
3.500434743773155 0.700001758160603 22.78724126391232 7.750560872851308 7.408735100424388 3.899999998788606 5.000000019165932 
3.5006772217256588 0.7000050675441054 17.000032086130027 7.312379899827381 7.407475574835436 3.601385590689276 5.0000015280033905 
3.51715583328894 0.7004390317082607 25.570178019140616 7.75087967907311 7.401148775501104 3.8999999717905713 5.000002052419587 
3.5013789663610515 0.7000051653481373 17.00002214271597 7.321985046576365 7.407289975382211 3.5795275765187564 5.000001508416538 
3.5015318259651385 0.7000033913956779 23.363788749736017 7.750924068631659 7.510373444237086 3.89999948862354 5.000006510824161 
3.5030699658327733 0.7000033401807011 27.47192005476122 7.7510371944520875 7.418017973101875 3.899999905667724 5.000001955101359 
3.5007308526883083 0.7000005255949272 17.00000554210958 7.312273128749987 7.400915929036152 3.2177606175584548 5.000000665305738 
3.500696018909307 0.700005991447101 26.372132680356664 7.75022467477114 7.401305887009417 3.899999992106615 5.000004138854086 
3.5081072602862693 0.7012800040143102 24.65361760192482 7.7508821821588345 7.4049567767494535 3.899999524743614 5.00000650917561 
3.50379903624476 0.7000021544580134 21.98822552282398 7.7510371944520875 7.418017973101875 3.899999905667724 5.000002286612528 
3.50072934980277 0.7000010113332515 22.231346487202828 7.750610033158197 7.4002011759849475 3.8999999858962515 5.000000797871767 
3.5001359628099182 0.7000006245973057 17.00001198832538 7.312023757653886 7.402421233708377 3.50804990607304 5.000030860503647 
3.5006686273061245 0.7000006642138794 27.729071520756648 7.751068543336201 7.428741743827438 3.899999814347528 5.000031239817288 
3.500894106535539 0.7000030762458175 17.00017882792915 7.757330199274178 7.4011328933472464 3.8213362029637743 5.000000339269527 
3.5005768618125592 0.7000017485910836 17.00102122894963 7.309691117796484 7.401157576705756 3.435555843012431 5.0000004174366 
3.5021769206200153 0.7000008114452837 21.210467499708187 7.794543424524649 7.401410196733937 3.8999999824597036 5.0000001735210144 
3.500732295078464 0.7000058790271186 27.00633778838236 7.750232821406364 7.402528667516255 3.8999997446457435 5.000006293502599 
3.502182997531925 0.7000033779359196 21.395167967300207 7.751381070452907 7.401094067723779 3.8999999824597036 5.000020267412133 
3.5026689441480663 0.7001365829391999 24.40118895983789 7.750379698382763 7.440075370535317 3.8999999996563064 5.00011221218434 
3.5008291422670097 0.7000025771869264 17.000004561508074 7.300043949167329 7.400547431359238 3.5182459552549648 5.000015069992566 
3.5001400807621184 0.700003795590684 17.000119058700786 7.487673100939173 7.40148638416152 3.626498176624497 5.000006921172069 
3.5005317656777892 0.7000031393359282 20.86018793951146 7.776616178559776 7.461866152869548 3.899999982293609 5.000000072250981 
3.500557501790803 0.7000037270842092 24.149001411390675 7.750604655673956 7.469253796138038 3.8999999646165238 5.000000016290303 
3.5004724528195927 0.7000000711009612 17.00005951087183 7.3005516338098655 7.40115833589107 3.4568652749316526 5.000000081352681 
3.5007633058933028 0.7000006432917171 23.523356017668522 7.750771635905458 7.441683905676076 3.899999743798437 5.000816133934005 
3.5009513113505104 0.7000030817091578 17.838944999959256 7.751237145789309 7.410087943994218 3.899999984088403 5.000153993453911 
3.5013577278880748 0.7000057184115397 17.00043501970198 7.30259953863236 7.401056128181713 3.175001853741808 5.000002083222537 
3.500696018909307 0.700005991447101 26.372132680356664 7.75022467477114 7.401305887009417 3.899999992106615 5.000004138854086 
3.5008961450336757 0.7000008206994203 17.000164793876557 7.302675368421945 7.40116934389596 3.349221230549083 5.000000169807529 
3.5006772217256588 0.7000010370741023 17.000030367174222 7.325787298527906 7.407475574835436 3.6140197299689167 5.000001354282894 
3.500793261605735 0.7000016915494487 17.00000463907339 7.300284067051278 7.4023580512177665 3.402991849474739 5.000000466205903 
3.5007669761258158 0.7000020521206661 23.813984274024598 7.750782230855405 7.429513297034984 3.8999999125953733 5.000847545114792 
3.500670097311356 0.7000006640742144 19.011250315262064 7.75146241844014 7.400872986826537 3.899999506143414 5.000018130074886 
3.500792014396441 0.7000019874506845 17.000403470302654 7.300698967357371 7.401266819939884 3.192937468279723 5.0000005422965845 
3.500141835909456 0.700012034698857 17.000013011986695 7.300030969412265 7.401403123049131 3.3172014394246996 5.000000137911285 
3.5026689441480663 0.7000857903533365 24.848657414967313 7.750379698382763 7.436962722739727 3.899999480233304 5.000110867403832 
3.500136034728516 0.7000040156949924 17.000013011986695 7.300030969412265 7.401403123049131 3.3172014394246996 5.000000068554991 
3.5013240981915428 0.7000016961089471 17.00022187167238 7.300182836267019 7.401109530115776 3.299493026263631 5.000018859103267 
3.5008933719485156 0.700001849214264 17.011813094766026 7.751178167803825 7.400542549287904 3.8845887997440083 5.00000037104803 
3.500667306401443 0.7000014665413812 17.000014377484277 7.300689603037691 7.4000507922505685 3.1853992803358464 5.000004301694442 
3.5007149986506754 0.7000000861213312 17.00000103389554 7.305631456778465 7.401168264153099 3.205335578004713 5.000000652934378 
3.5006430268984623 0.7000021597017076 17.000031945316334 7.694805503288214 7.402135942747497 3.77216210342021 5.0000126615257425 
3.50013404145315 0.700012034698857 17.000229096119696 7.300182785373641 7.401403123049131 3.297872470861491 5.000000137911285 
3.500732295078464 0.7000058790271186 27.269414852630238 7.750232821406364 7.402528667516255 3.899999993155959 5.00016007223344 
3.5021769206200153 0.7000008027412425 21.680494251593814 7.762024131299164 7.410045538727148 3.899999982214911 5.000000211430452 
3.5008291422670097 0.7000026416554525 17.000112521752754 7.301914338681301 7.400544088881076 3.551472673847904 5.0000013394169756 
3.5007716031661844 0.7000019897619876 17.000235900687557 7.300725225013626 7.404065973031889 3.474634257165363 5.000018872697088 
3.5005317656777892 0.7000031393359282 20.915219708514716 7.7509427736599905 7.461866152869548 3.899999982293609 5.000000072250981 
3.5007461639408097 0.7000034242323192 17.000001675877687 7.750036033703475 7.405107312712802 3.8195951323585 5.000000387528693 
3.5009735676434897 0.7000021597017076 17.000031945316334 7.665938871653792 7.407983344864912 3.776843938278308 5.000001148613154 
3.5031055673269043 0.7000030818868485 17.49909306015651 7.7512418615271965 7.407792714269671 3.899999984036054 5.000000161537734 
3.500052390283306 0.7000018790591641 17.000002005570007 7.509825793779862 7.400065780920022 3.7283802868443368 5.000002909683886 
3.5008933719485156 0.7000018028356453 17.000030390509632 7.300370975512286 7.621505927849856 3.490563295105955 5.00000037104803 
3.500811584410551 0.7000025215478549 17.000007575555355 7.300155385991058 7.400575755372438 3.283511862115331 5.000004301694442 
3.500670097311356 0.7000006640742144 19.011250315262064 7.75146241844014 7.400872986826537 3.899999506143414 5.000018130074886 
3.50082134615904 0.7000012759400615 17.000000676660974 7.467361421538021 7.4154783749582345 3.687773133102016 5.000002977893739 
3.5001223859994233 0.7000009312671983 21.752547292340118 7.7510371944520875 7.418017973101875 3.899999905667724 5.000000451268506 
3.5008279739321484 0.7000025771869264 17.000004561508074 7.307439095586613 7.400547431359238 3.535706570368527 5.000014802248513 
3.500672882153952 0.700003358642582 23.780806847538553 7.7514864572367035 7.451703212853209 3.899999506728575 5.000025269349553 
3.500052390283306 0.7000018790591641 17.000002005570007 7.509825793779862 7.400065780920022 3.683683651543222 5.000002909683886 
3.500810200670476 0.7000003611643324 17.000025010546953 7.300369638538084 7.4011143007763485 3.490028324768094 5.000003822808477 
3.5001400807621184 0.7000006494418466 17.00012003798994 7.489456000972482 7.427691613218729 3.707574058984045 5.000001824183183 
3.500044571421067 0.7000017200405947 17.000002005570007 7.509825793779862 7.400065780920022 3.7283802868443368 5.000002909683886 
3.500978397544294 0.7000046909796163 17.00039875956488 7.316685237130039 7.4002148198791815 3.4214867385698224 5.000014450198078 
3.500052390283306 0.7000018805900294 17.000004485579712 7.464102013693712 7.400565110576118 3.704765309330848 5.000003001520845 
3.51715583328894 0.7004390317082607 17.159435111309893 7.75087967907311 7.402540148368611 3.8999999717905713 5.000002052419587 
3.5001173812318838 0.7000017199998477 17.000414097541277 7.300468916115219 7.402343191404773 3.5557449858573382 5.000000490159652 
3.5005759057522705 0.7000017485910836 17.00005951087183 7.300570996806195 7.40115833589107 3.451123850885891 5.000000209546729 
3.500780498776807 0.7000017094710551 17.000235335535265 7.3002361700033 7.515400091773992 3.474634257165363 5.000018780066481 
3.5007799275238694 0.7000002589109068 17.607600510217544 7.7512219567758684 7.40116115115967 3.899999984036054 5.000000196857915 
3.5083088209529567 0.7000035790637521 27.828191912652546 7.757781365108971 7.510650295658002 3.899999998931915 5.000006510824161 
3.5008291422670097 0.7000025771869264 17.0000104376754 7.300852647598283 7.400541248454621 3.5332900879341747 5.000001202140935 
3.500732295078464 0.7000056433657765 27.299623428818553 7.750232821406364 7.402528667516255 3.8999997446457435 5.000006261201691 
3.5008149580421977 0.7000001902364744 17.00011545659447 7.322964684902559 7.401189293168846 3.2075938648562503 5.000001339352463 
3.500780498776807 0.7000016915494487 17.00000463907339 7.3002794513062605 7.40054887874347 3.4095444316741172 5.000018778543084 
