3.5006406734056252 0.7000127253364063 17.000094925143856 7.302812704315428 7.404180512388109 3.168771466137818 5.000000505131663 
3.518731321416006 0.7030853778832566 27.990694975598267 7.750256827438689 7.749511239633283 3.899999999316715 5.000003878095612 
3.5001385989852447 0.7000054651699277 24.016542360490323 7.7526421773080765 7.412430054406975 3.899999999603683 5.0000050561748335 
3.501824939707073 0.7000004045809708 17.000095135485537 7.3004743386858495 7.403435347849383 3.3552891907199722 5.000004747753468 
3.5008680102165295 0.7000049731326986 17.00000480791751 7.3091835235030125 7.411522877941978 3.5370545887099287 5.000300264216214 
3.5000789758857276 0.7000044147136661 24.999882901933923 7.7526365955427465 7.412290455258346 3.8999999823337803 5.0000247435700835 
3.5001103925388186 0.7000035256753478 23.462496528929464 7.75021982880289 7.412272419016512 3.899999919505291 5.000023584486208 
3.5017239569807037 0.7000103688173865 17.00010963941409 7.347365876340017 7.408104343974728 3.387881779324287 5.000002996165494 
3.500668153354949 0.7000326009091276 17.000004739649395 7.540693296379353 7.407700352098893 3.683815583462978 5.000025563102499 
3.500748019944604 0.7000047724960968 17.000132420339416 7.402195620218748 7.405998777005366 3.5187349810242763 5.000025276148632 
3.5016571160436607 0.7000312995709003 17.00007813201572 7.542899747193974 7.407205079925763 3.74548286003228 5.000000251938829 
3.503382362299638 0.7000233409567321 22.022661686920017 7.801307697817887 7.406505854594954 3.8999999999923265 5.00000878613173 
3.5011410392798523 0.7000024894436866 17.000029851816848 7.301962856099216 7.433583609671781 3.3803029932191735 5.000000091465784 
3.5011822220776367 0.7000860300299404 27.521177315507266 7.751582650699215 7.412614337229163 3.8999999993381014 5.0000168643011955 
3.501186924001535 0.7000014836544232 17.00001439643245 7.3502018376267655 7.438301190245955 3.4963469803686014 5.00001493272225 
3.5028240533695523 0.7003266394603149 21.65658220222204 7.755562191626328 7.404616339708608 3.8999999948386868 5.000010051087087 
3.5007599577556707 0.7000034683542439 17.000137773081057 7.302392408505926 7.407718424703526 3.278715667227412 5.000000735884891 
3.500759174338467 0.7000014608714343 17.000035310041056 7.302332746698009 7.407705232225651 3.184935821888397 5.00000057746524 
3.5007467106922463 0.7000376928151959 17.000132420339416 7.302971019671188 7.405998777005366 3.417210281546643 5.000011064684676 
3.5015395394789417 0.7001642820777961 27.86799252409022 7.750563163771531 7.439968943057117 3.899999999316715 5.00000999901979 
3.500671694468836 0.7000013840379762 17.000128017106693 7.336768306560182 7.402370036586793 3.4583205583082157 5.000014883892387 
3.5006229149296053 0.7000295830573073 24.59856429268858 7.752622523539835 7.412873682539693 3.899999998732891 5.000002614357955 
3.5018006856275252 0.7000054651699277 23.300685612648106 7.750566753173444 7.412430054406975 3.899999999596095 5.0000050561748335 
3.50013429630719 0.7000114018701881 17.00008618622886 7.30299044491815 7.406884200021447 3.2624794397719903 5.000015233134598 
3.5011846327171705 0.7000406980253638 27.129524857507896 7.750571974138984 7.406760166092532 3.8999999993173855 5.0000039998941315 
3.501186924001535 0.7000014836544232 17.00001439643245 7.3502018376267655 7.438301190245955 3.4842656725827306 5.000013295876015 
3.5006742212407707 0.7000019284294452 17.00004058658208 7.324505272878307 7.405843554468486 3.210279297756422 5.000000407573001 
3.5006820972189363 0.7000019509489812 17.00013664622738 7.319685380945526 7.402441078225854 3.581847930046225 5.000014883650139 
3.500681923963488 0.7000511706921094 17.000040877678355 7.306881727869075 7.402393063214737 3.566256112238536 5.000000328654279 
3.5003956699512533 0.7000054435593299 22.704140629885785 7.7652359497919505 7.402340103860158 3.899999927651452 5.000018297471288 
3.5011846327171705 0.7001935523368971 25.732519219711982 7.750571974138984 7.42325454193776 3.8999999735091926 5.000010041266311 
3.500682999062042 0.7000190723877218 18.397249368422628 7.750267833545465 7.424064377002417 3.8999999747504694 5.00000342224545 
3.5016571160436607 0.7000026843547986 17.00007813201572 7.542019784562369 7.414385860502184 3.7137943005556853 5.000014690501766 
3.5011858836861456 0.7000010796235069 17.001421038843844 7.314362932184249 7.411623942234181 3.4669698505855164 5.00001442871609 
3.501131681287348 0.7002161848089958 27.064776890697775 7.750940832658921 7.408789230134561 3.8999999931761185 5.000010069827558 
3.500748019944604 0.7000375641066257 17.000135811865345 7.401536373692606 7.4231520016504895 3.4361428866155737 5.000000087084038 
3.500406401809768 0.7000204401326525 17.00003832126139 7.7653253443743875 7.43575663001881 3.8768542630187146 5.0000150855227 
3.501661007505542 0.7000021587518241 25.577393144492014 7.750855364695678 7.411753164773486 3.8999999564720502 5.000017704126103 
3.5064435102955827 0.700003191053887 17.003158415882382 7.564819217250615 7.406718046958602 3.715913074412544 5.000006219776051 
3.501712146072364 0.7000026237936763 21.402669665858994 7.831428479461072 7.404616339708608 3.8999999948386868 5.000013067785477 
3.501159289472112 0.7002161848089958 26.714749985192046 7.750940832658921 7.408789230134561 3.8999999931761185 5.000010069827558 
3.500638105774787 0.7000101115532606 17.912470207992108 7.75168770761685 7.412661672115178 3.8999999987164236 5.000018697746031 
3.5017855915104037 0.7000114462663148 26.109878261026743 7.750855364695678 7.411764822000422 3.8999999551329165 5.00001749535731 
3.500637942851713 0.7000051350188723 17.001025268440234 7.552712394031754 7.415424328149841 3.3396828194647386 5.000003338839682 
3.5007580335131765 0.7000036050303468 17.000135065140423 7.315527925318505 7.439754367145425 3.172058136094679 5.000000388477933 
3.5018069219159456 0.7000397731794625 20.118127637751883 7.7505543656176235 7.412685458240963 3.8999999993236285 5.000023186980628 
3.500679442138791 0.7000054339815287 17.00004058658208 7.3303098275689305 7.406754794527584 3.2482139974301885 5.000020418795375 
3.500685972489616 0.7000188539801738 18.16481805360331 7.750554452322719 7.412661672115178 3.8999999987164236 5.001403756117987 
3.5012431873724617 0.700145584029017 22.90696686809339 7.7516357689382955 7.40650125076659 3.8999999991416745 5.000000413391044 
3.5042275369987457 0.7000173348722436 19.498061433386685 7.750858513523258 7.4115821445520345 3.899999999823423 5.000016248495462 
3.5001373389541053 0.7000018903178851 17.000033115063978 7.300211021556288 7.407086995984436 3.3186389533845837 5.000000947976145 
3.5006668617840133 0.7000286310030671 17.00354336360116 7.750301082837161 7.417240727929 3.7937544332136452 5.000045980941502 
3.5006449330416713 0.7000050305666498 17.00034164393167 7.75098845828711 7.412628187444438 3.8159780271732577 5.000000319111393 
3.5004225738826307 0.7000002916781328 26.41964328550584 7.7505391319994565 7.403463047003121 3.899999964529347 5.000002357593721 
3.5001103925388186 0.7000035256753478 25.319956151509064 7.75021982880289 7.412927469549498 3.8999999124998737 5.000023584486208 
3.500350599854864 0.7000113103474361 20.506390142660557 7.765323515153947 7.402340103860158 3.8999999228333846 5.000018297471288 
3.5006805286271447 0.7000003016154014 17.000002368719187 7.30062267298345 7.412469783226165 3.335706235874687 5.000004770168853 
3.500669301526434 0.7000011847425859 22.38320720788256 7.750284005016563 7.403463047003121 3.8999998243143814 5.000011415118468 
3.5005976037889086 0.7000242572037683 17.36302808081119 7.7501827022531575 7.763736881767956 3.899999999531154 5.000005250051391 
3.500759174338467 0.700005423020438 17.00004084361369 7.336608665308168 7.407703882430558 3.1953442421109104 5.000012874218532 
3.500671694468836 0.7000013840379762 17.000127026793898 7.305057953112834 7.402369847635225 3.1997154579385314 5.000015004596778 
3.5011897673281855 0.7000367177654789 17.000087762551658 7.309374239752027 7.407730070513444 3.3222142403974444 5.000014925275837 
3.5003900929865037 0.7000113103474361 20.75396910883383 7.765323515153947 7.4022631744048955 3.8999999228333846 5.000018297471288 
3.501646166038899 0.7000173348722436 19.171101220819804 7.750264518563779 7.407157715628677 3.8999999998466737 5.0000172367256255 
3.5007565282427313 0.7000144684446266 17.001694997780817 7.306450607313574 7.407653343099268 3.221207243431775 5.000004482445558 
3.501159289472112 0.7000167938881103 26.714749985192046 7.750940832658921 7.408789230134561 3.8999999123618143 5.000010069827558 
3.5006449330416713 0.7000050305666498 17.00034164393167 7.75098845828711 7.412628187444438 3.8426743977632807 5.000000319111393 
3.500684083434343 0.7000127155516971 17.013338963547763 7.647468039682735 7.407730070513444 3.8218290997943116 5.000014925275837 
3.5005705466949077 0.7000143852828765 17.000034378621844 7.345470535309417 7.407653343099268 3.2920276959944834 5.000004482445558 
3.5004225738826307 0.7000002916781328 26.392947246172554 7.7505391319994565 7.403463047003121 3.899999964529347 5.000002193997323 
3.501803711843329 0.7000173348722436 20.05020268016639 7.750852707597262 7.4050997157378875 3.899999999841624 5.0000002898911395 
3.5005646728556488 0.7000008909820775 17.000026897030818 7.7518031745296865 7.409557157938998 3.8531620280241516 5.0000028465161614 
3.5006229149296053 0.7000356315251529 24.272180101559215 7.7526421773080765 7.42266723214578 3.8999999992296925 5.000013997522631 
3.5005976037889086 0.7000242572037683 18.71109093583518 7.7501827022531575 7.763736881767956 3.899999999531154 5.000005250051391 
3.500679442138791 0.7000054339815287 17.000042990798246 7.380716272527373 7.406714261431709 3.254677022324164 5.000014725611916 
3.501188876251055 0.7000386275170025 17.65594854251683 7.750940832658921 7.440987141417672 3.8999999994784194 5.000015031500068 
3.500748019944604 0.7000375641066257 17.000132420339416 7.402195620218748 7.405998777005366 3.4331844386514567 5.000025276148632 
3.501646908579144 0.7000173348722436 19.08801073481733 7.750264518563779 7.407157715628677 3.8999999998466737 5.0000172367256255 
3.5016571160436607 0.7000312995709003 17.000019498097053 7.542949526421479 7.423151504791264 3.6650477632211427 5.00000140253091 
3.5011797903755117 0.7000230343120831 17.00000476023586 7.316470631703002 7.407710621651202 3.225033535278577 5.00070615013833 
3.501187087293036 0.7000050329164045 17.00145305869686 7.316136907926321 7.411696704943355 3.6018818325192403 5.000000394819839 
3.500681923963488 0.7000049502399031 17.000040877678355 7.306881727869075 7.402393063214737 3.600361768362238 5.000000328654279 
3.5017855915104037 0.7000114462663148 26.02449501968864 7.750855364695678 7.400335191566744 3.8999999551329165 5.00001749535731 
3.500669301526434 0.7000011847425859 22.40990299514364 7.750284005016563 7.408912933906261 3.8999998243143814 5.000011578768948 
3.500681967600207 0.7000050392601892 17.000142250671686 7.414341375199656 7.403435347849383 3.659057947221372 5.0000145714280775 
3.501196691193664 0.7000075562650544 20.9272145851653 7.752667273637234 7.406800441722931 3.899999983400487 5.000004439372135 
3.500679973292334 0.7000227416152418 17.00145305869686 7.316088225397136 7.411687485018081 3.237048071888541 5.0007496082609935 
3.500668153354949 0.7000326009091276 17.000001714612832 7.540693296379353 7.40765594437087 3.6401221363906373 5.000025563102499 
3.5018006856275252 0.7000049528803978 17.038497871944763 7.750566753173444 7.411669279574343 3.899999999596095 5.000005181724793 
3.5007171241952832 0.700006121573905 17.000087017591166 7.300117450029446 7.4414227471736085 3.3043846339880005 5.000014670476563 
3.545246251316395 0.70049310729934 21.084850530361408 7.750838556826174 7.406800441722931 3.8999999560792635 5.000003758475646 
3.5007565282427313 0.7000144684446266 17.001694997780817 7.306450607313574 7.407653343099268 3.288744548469713 5.000004482445558 
3.5017894222912083 0.7000054677578824 17.007047398265865 7.809581428097997 7.433367519938508 3.888541442527482 5.0000050561748335 
3.5016734052399188 0.700017350415501 18.791195590333366 7.75054396977219 7.4035606355603445 3.8999968127925473 5.000000849490938 
3.500637942851713 0.700012675220345 17.001365401568865 7.55268224505072 7.40762757321395 3.7665170568202266 5.000006214795961 
3.500138001157339 0.7000054651699277 25.339545408470958 7.7526421773080765 7.412430054406975 3.899999999603683 5.0000050561748335 
3.500637942851713 0.7000113414427755 17.001365401568865 7.564411618277494 7.4006971866962985 3.7665170568202266 5.000006214795961 
3.500689016267703 0.7000098006501427 17.000013341738796 7.337884653774026 7.408163478417837 3.6219000895284434 5.000000312540514 
3.500689016267703 0.7000098392271749 17.000013341738796 7.337884653774026 7.408163478417837 3.6219000895284434 5.000000411470191 
3.500668153354949 0.7000325526608766 17.00321914337738 7.541667455158737 7.407700867181745 3.6413308346741378 5.000025563102499 
