3.5004252265430162 0.7000005692330826 17.000007332034116 7.301674451086982 7.405238278433882 3.169306975158697 5.000005165479029 
3.5290285223209144 0.7052688946034285 27.998179718997964 7.750023140509502 7.40106782403837 3.899999923543516 5.0005444847468965 
3.5006342762091087 0.7000001408619582 17.00001091053548 7.307323861980496 7.40174264415221 3.4489978810594204 5.0000359921536255 
3.500677409111818 0.7000545760559558 27.453473023091355 7.7501880432859185 7.412687864126606 3.8999999606989904 5.000007489951041 
3.5006433287998093 0.7000087061100887 17.00000958376552 7.300427714223534 7.437218591754906 3.2248970186421224 5.000001814501214 
3.500685814995773 0.70000435141097 17.000004559135768 7.303328396421184 7.402151073972299 3.346506996111195 5.000006126049831 
3.5006446420052724 0.7000059641916174 17.000406656993842 7.300444917223374 7.40020456278937 3.207394441215709 5.000001814501214 
3.501169649666296 0.70000225609245 17.000003808488785 7.461539743641384 7.400618588431612 3.6303973496639235 5.000005054890295 
3.5023324257917197 0.7000019334758664 19.175515961336824 7.751220692686776 7.416010509421219 3.8999999222955313 5.0000023996164344 
3.5011568871529164 0.7000011910232901 17.00009995869023 7.728333595359555 7.4064710284994515 3.844602710497254 5.000002086856974 
3.501799828869917 0.7000260606115495 17.000249125649955 7.300028569780758 7.410003149669895 3.576490826077864 5.0000081773478575 
3.5006094276110513 0.7000019910236537 24.977908410781318 7.750475543716262 7.410357573520086 3.8999996103478773 5.000002375825584 
3.5058946050617323 0.7000654448514774 18.619189615807766 7.7545081969937275 7.416694972267622 3.8999999472040896 5.00001332286308 
3.5048701172351664 0.7000446617420569 21.708600327514475 7.753013191252816 7.469424757212481 3.8999999971704598 5.000014814880723 
3.5015204547444343 0.7000152657739799 17.000005655241626 7.776310584406163 7.400109639669248 3.814054858452755 5.000005381806989 
3.5006959861614937 0.7000012517230881 17.000000377344037 7.323463114390083 7.403052777543211 3.274461696344578 5.000004973143292 
3.501173165719417 0.7000049595183869 17.007417624478204 7.423264562590274 7.400618588431612 3.5999442658849508 5.000007967523792 
3.500645775786659 0.7000666136377804 20.296794273620712 7.757004666070031 7.404251357693007 3.899999094676494 5.000035708249149 
3.500926803123996 0.700001007375268 17.00018155810775 7.689241211685146 7.406709041318713 3.7436881942198195 5.000001930915043 
3.5009102170352424 0.7000020596080271 24.651340298235517 7.751071826345903 7.409879852753345 3.899999605477807 5.000002500756846 
3.5012554263229467 0.7000019334758664 20.74040700718877 7.751220692686776 7.416010509421219 3.8999998856411375 5.00000241855438 
3.500921601545715 0.7000059603304862 25.29168810365764 7.758086616714903 7.403041165178266 3.8999998115954506 5.000002452642053 
3.500645055936262 0.7000530069543768 25.527618231557934 7.750267281604013 7.416770405716261 3.8999990811232474 5.000007456162983 
3.500635315288707 0.7000001502825944 17.00000879742975 7.306479789721585 7.40174264415221 3.405782120118729 5.0000359921536255 
3.5006224961545955 0.7000143780605371 17.00052077609682 7.312962293506886 7.407000122470004 3.4330741147688895 5.000001641972429 
3.5081375163190924 0.7000450856157937 21.384737992315852 7.750020063932079 7.403904080948513 3.8999999240981342 5.000001023295744 
3.5009474258588673 0.7000039960902502 17.000003642821692 7.307070204730481 7.4030701736022655 3.184935846565029 5.000003954296235 
3.5010422177002476 0.7000060885719837 17.897961867374093 7.751932605159197 7.4134812736371485 3.899999585950518 5.000016777302046 
3.5010401768461805 0.7000180169677719 23.750352623920257 7.750267401314056 7.416792422729034 3.899999113051213 5.000007157998484 
3.5290285223209144 0.7052688946034285 24.09308245060122 7.750058242274923 7.401478351059394 3.899999923543516 5.0005444847468965 
3.5009218323791464 0.7000004446022902 17.000001904317187 7.467727825953237 7.408360061505417 3.6645751894225858 5.000005057210457 
3.501090777638443 0.700016441636179 17.00040776233194 7.301159905065752 7.400991031426206 3.322699299589986 5.000005511253292 
3.5013425122731685 0.7000060701859366 17.000014000731422 7.420728282752294 7.400643738589244 3.282288584323055 5.000006310290426 
3.500634458714416 0.7000010194599329 17.000029645732468 7.320917591396839 7.4301110053832895 3.418517372791377 5.000000180581783 
3.500671777669621 0.7000043332779016 17.000004583196137 7.418316619847513 7.402151073972299 3.3585927310384585 5.000006140323453 
3.500947076378106 0.7000069666967096 17.00000672371469 7.307929320251207 7.405804348536595 3.4770667707724727 5.0000038236521185 
3.5006624391942815 0.7000019298793145 17.000694729132356 7.747187677885647 7.418761354788313 3.7924861745232086 5.000026955747431 
3.5006384581980754 0.7000020882093136 17.000003633714808 7.309149625344732 7.410929665559942 3.2526789204699122 5.00000158625007 
3.501445576036615 0.7000005709324483 17.000392324498716 7.319946591353263 7.416551968707495 3.371727746885279 5.000007449733383 
3.5010160993550263 0.7000058544307036 17.000076710275767 7.780746139399636 7.413855704156489 3.867857754203222 5.000001945794142 
3.5006386457326903 0.7000041453158387 17.001303660003927 7.301161028712458 7.4034205978310785 3.2981812283640024 5.000006376140427 
3.5013846451333 0.7000006871546887 17.000700703426165 7.595466499203824 7.400228706107121 3.7052790695840465 5.000027075975833 
3.501036755246055 0.7000909209695804 26.743936397205054 7.751097583377563 7.449848063802922 3.8999998944619367 5.000017085597363 
3.5010495000399886 0.7000121697405137 17.517167806643915 7.750054699901612 7.462269837338073 3.8999999676863664 5.000011928468791 
3.500878549955327 0.7000659470895534 19.999415863332775 7.757004666070031 7.404251357693007 3.8999997510467743 5.0000358180059 
3.5014146007509606 0.7000009173611388 17.00005110341771 7.616487948360551 7.40283241554863 3.6181614498446475 5.00000406575403 
3.5009470581690563 0.700051648113083 27.04373284457468 7.7500135196677835 7.416770419328022 3.8999990966758284 5.0000174568627065 
3.507951386873241 0.7013958099340667 22.6219835261069 7.7511745797060945 7.416090061976807 3.8999999247172465 5.000006193189482 
3.536929958136986 0.7000027455346169 26.47964378626724 7.7512992179453795 7.42266309452155 3.8999999349952286 5.0000026042791355 
3.5013604918347654 0.7000017379546367 17.000014000731422 7.318496306155229 7.400643738589244 3.389087973606002 5.0000037292638515 
3.500952718402312 0.7000013533897215 17.000694729132356 7.7467521399609955 7.418761354788313 3.7717393601317566 5.000026955747431 
3.502105582027977 0.7001691400583062 22.39493785334603 7.7511745797060945 7.415794007977283 3.899999968203064 5.000006210493706 
3.5029773947505123 0.7000019378821667 27.720553005217063 7.750167348101213 7.407193375432795 3.8999999267043752 5.000000135120846 
3.5081375163190924 0.7000000959264564 22.10315765363818 7.750020063932079 7.403904080948513 3.8999999240981342 5.000001124872064 
3.5166001828229136 0.7000013151458865 17.00052640315675 7.30045720653147 7.400658706180172 3.493795214638123 5.000003448879521 
3.5010433620917984 0.7000909209695804 21.113010346117434 7.751105304702633 7.408948609927012 3.8999998944619367 5.000017085597363 
3.507951386873241 0.7013958099340667 22.810662831281142 7.750103576013217 7.415965707882298 3.89999995206067 5.000005061656826 
3.502348587866671 0.7000027317338235 27.999411036815545 7.750207837081683 7.413214943756466 3.8999999120790103 5.000007588044157 
3.5009458320982962 0.700014735204009 17.007610241383 7.300914763365572 7.403575934571085 3.1700849273025833 5.00000026244215 
3.5013096820409872 0.7000017129401487 26.18393250950952 7.753951080154712 7.403036280687756 3.899999624860671 5.000007145579986 
3.5006384581980754 0.7000020882093136 17.000003633714808 7.309150074373099 7.40104293768371 3.516653513036142 5.000001672013129 
3.5014391355817716 0.7000003531952388 19.470670072164815 7.750169930412324 7.403125489586329 3.899999999854839 5.000002321834982 
3.5006193285671574 0.7000015115264776 17.000015723685543 7.301161028712458 7.4034397472317215 3.3048707646579856 5.000002274964488 
3.5010155846648883 0.7000075485974908 18.19815543567495 7.76348642356443 7.413132634577191 3.8999996037672346 5.00000327855016 
3.5006386457326903 0.7000163593069225 17.001303660003927 7.301161028712458 7.403102627588036 3.240363048287101 5.0000021467581535 
3.5009282550525653 0.700001618061401 17.000003633714808 7.309150074373099 7.40104293768371 3.533830639864498 5.000001672013129 
3.500946660954955 0.7000169965886934 17.001118311248604 7.301159905065752 7.4008812426471495 3.1940748077376346 5.000002040712865 
3.5010902980036236 0.7000060801692172 17.00040776233194 7.301146510646287 7.400662800093005 3.3155104507736812 5.0000164205562045 
3.5010422177002476 0.7000001066928639 18.361625249028044 7.763508919561075 7.408353586379828 3.8999998700214733 5.0000011926267645 
3.5013457655945683 0.7000012699448138 17.000044422383432 7.302084455701283 7.405797822843565 3.383264045954359 5.00000363230152 
3.500909374206139 0.7000517663005228 23.44970906516169 7.754486099920244 7.416770405716261 3.899999096298321 5.0000070148003015 
3.5009470581690563 0.700051648113083 27.04373284457468 7.7500135196677835 7.416770419328022 3.8999990966758284 5.0000174568627065 
3.5006169119358 0.7000018979756385 17.000003808488785 7.467727825953237 7.400618588431612 3.6840248230457795 5.000005057210457 
3.5010401768461805 0.7000532123361555 24.14138010594751 7.750058394867365 7.414784649072247 3.8999992442872267 5.000007157998484 
3.5006352952251207 0.7000011562010483 23.107692225159234 7.753821615299903 7.404271113542465 3.8999996026246007 5.000092102363819 
3.5009217912471184 0.7000091923667647 25.82576227965278 7.750058285329734 7.413100994756523 3.8999996145259193 5.000007091955917 
3.5006301880507236 0.7000403275447994 17.00002162752622 7.3090661905569725 7.400039934214302 3.4931334344997427 5.000007925087841 
3.5010401768461805 0.7000178179112992 23.978005836548586 7.752882854052467 7.415852308797427 3.899999646960181 5.0000071160160555 
3.501861464482227 0.7000380209693612 17.00010417689571 7.3089277994635395 7.4101239436671795 3.5511091425956183 5.0000081773478575 
3.5009218323791464 0.7000080362060067 17.01062088713641 7.4664902462807055 7.4131391097027795 3.687135276077331 5.000004900984722 
3.5011048826461355 0.7000042366307477 17.001364884152558 7.687841477770635 7.400928281907346 3.7251054640518357 5.000006127045 
3.501762483673391 0.7000032268984147 26.353377350372277 7.751379135411153 7.421862841287181 3.8999999302645225 5.000008936243287 
3.501861464482227 0.7000397057895142 17.000249125649955 7.3089277994635395 7.4101239436671795 3.558072826944881 5.0000081773478575 
3.500640551322801 0.7000092648507478 17.000007332034116 7.3051297832614 7.424498850410192 3.5175236909471637 5.000000766143496 
3.50093259252669 0.7000064629344814 17.00000734010464 7.307675683476368 7.401205489984956 3.539165484149416 5.000003724649208 
3.5081375163190924 0.7000000959264564 23.19160687371036 7.750020063932079 7.403904080948513 3.8999999240981342 5.000001023295744 
3.5009218323791464 0.7000080362060067 17.01062088713641 7.467727825953237 7.4131391097027795 3.6645751894225858 5.000005057210457 
3.5017895665548835 0.7000069666967096 17.000007221254336 7.300061045922386 7.406692376090359 3.4770667707724727 5.000000626568526 
3.5006640943520373 0.7000144166584127 17.000181442433252 7.689557045306029 7.406465392807652 3.7216672571569114 5.000000790569403 
3.508370539383743 0.7000006871546887 17.000700703426165 7.595466499203824 7.404511918992037 3.774831495262624 5.000027075975833 
3.5030135083646248 0.7000007452872814 17.27228692991174 7.750167348101213 7.407193375432795 3.899999952551713 5.000028934307625 
3.5006384581980754 0.7000020882093136 17.000003633714808 7.309150074373099 7.410931142489835 3.251875984846453 5.000001672013129 
3.501999783313113 0.7000659470895534 27.81781916205386 7.750209384680776 7.416240553839061 3.899999094591735 5.000015618873266 
3.5006386457326903 0.7000050435792864 17.007623404136396 7.301161028712458 7.403099190418732 3.240555948910374 5.00000208291861 
3.5013805048848203 0.7000007517783742 19.613542358915318 7.753155102143005 7.527449413240634 3.8999999991664307 5.000014869107817 
3.5009599725930496 0.7000019399717821 17.001118494703526 7.3061791838106975 7.405729761023025 3.1927578511293073 5.000002084706257 
3.5005621246457204 0.7000657927374948 25.99430633260862 7.753951080154712 7.402901744373346 3.899999585950518 5.00000504263435 
3.5010165055894364 0.7000027317338235 17.167062829686245 7.750207837081683 7.41393066943588 3.8999999222955313 5.000000055438204 
3.5010433620917984 0.700009566288557 19.755817219543914 7.751105304702633 7.408948609927012 3.8999999011820257 5.000017085597363 
3.507951386873241 0.7000003485094858 22.22292827434273 7.7500228406023055 7.416594829599426 3.8999999247172465 5.000006193189482 
