3.5855715584079606 0.7152489926111273 27.97176263621524 7.7586625615328675 7.683869274523819 3.899999994918825 5.000003592917441 
3.5000814212862212 0.7000011912468158 17.000286535780777 7.302442216125473 7.401074706775101 3.168983363249698 5.000000461874283 
3.5000945781614745 0.7000000891656875 17.000116516996467 7.741737423718138 7.400417949233897 3.787379401281177 5.000003552372115 
3.5001406114025437 0.7000001662286375 17.000228375302797 7.545299422029395 7.401413500245757 3.639687793036472 5.000015160106289 
3.5029328675216544 0.7000084393597119 25.23882232374705 7.750642335106456 7.418896583562363 3.8999999917666446 5.000007676728016 
3.5012461351576647 0.7001189898393502 21.582497571757646 7.750099151548445 7.42011822205924 3.8999998582681643 5.000074033378198 
3.500103475299055 0.7000016349396301 17.00018652615677 7.303319782092704 7.402352537336283 3.4159390165358356 5.000071365429783 
3.500186711693735 0.7000032108514053 17.00003410031598 7.30003125391032 7.400988715841203 3.3519955428215313 5.000019889133051 
3.500256004913124 0.7000014787024165 17.02259895364098 7.476951487252064 7.413432231553409 3.6689426903053244 5.000000562556538 
3.500142063452774 0.7000002153923582 17.000047680334518 7.5757750880739465 7.400604755221752 3.7427322063863153 5.000008339130968 
3.5001309197684654 0.7000022343505989 17.00049981141719 7.305733436490736 7.401502563951332 3.3340016713853995 5.000015091261879 
3.553786529634872 0.7100021067263314 27.97176263621524 7.787832917871227 7.663655535232981 3.899999989485904 5.000003615984858 
3.5001404794210558 0.700000588626302 17.000021169035993 7.545687031510136 7.401910894529792 3.579625946150044 5.000046376252362 
3.50014169577508 0.7000022009485438 17.00002441572473 7.302397755910392 7.401224036647358 3.4757002130484644 5.000014706320573 
3.5000299182098518 0.7000029349177266 17.00938964121951 7.759535589888821 7.400264471775817 3.6835520624522338 5.000000712994867 
3.5002238466849787 0.7000009679286497 23.736240079869642 7.763840928149 7.435011245558764 3.899999866766525 5.00000120881279 
3.5001404794210558 0.7000009271330319 17.000955345517212 7.545687031510136 7.401887985917772 3.6229624271118035 5.000046393554454 
3.501299557055835 0.7000001104874448 25.478244719664122 7.752812706796023 7.41516958461064 3.8999998267498626 5.012102456020885 
3.5001411589834253 0.7000002327615829 17.00011582786396 7.3000399723197225 7.40037461071181 3.50283070418895 5.000015276108137 
3.5060369450781197 0.7004825037926572 27.97658847259798 7.7508263394929715 7.46381000614974 3.899999956998171 5.000000104850449 
3.500129453199467 0.7000015575332589 24.537100829811777 7.756585907858547 7.408070933806285 3.8999998904489224 5.002360009955154 
3.500108401009979 0.7000001636640167 17.00001394761523 7.307177383536126 7.400676405250502 3.602186226677566 5.000038048839553 
3.500141580575976 0.7000009166489899 17.000014589379177 7.300964034510521 7.472862479821813 3.186210066611919 5.000000305990304 
3.5060369450781197 0.7004825037926572 17.15243588831556 7.750429146473727 7.46381000614974 3.899999956998171 5.000000104850449 
3.5001246501516485 0.7000009221272813 17.000955345517212 7.304376499633805 7.401868239342179 3.275126972085914 5.000046393554454 
3.501254397348967 0.7000015307810247 27.226604801262067 7.759097732886948 7.415246858338233 3.899999884288957 5.000071448303314 
3.500130585078088 0.700001276041261 17.000089644265167 7.303741677644543 7.401367695847201 3.249461864473549 5.000047195296567 
3.501299557055835 0.7000001104874448 24.781884917085623 7.752812706796023 7.414080543803257 3.8999998267498626 5.012102456020885 
3.5034222066566367 0.7000016349396301 17.00018652615677 7.796846801121173 7.401929811331291 3.8911813114701657 5.000002495939172 
3.5100298849772327 0.7000031374294001 18.546249733160316 7.7801284413594916 7.42988666546977 3.899999876868451 5.000039848477965 
3.500079301062693 0.7000030828356658 25.796400110429595 7.765178045189261 7.420526863714021 3.8999997062645155 5.0000371611003915 
3.5001384593160836 0.7000013950370512 17.000096893192282 7.311316633162664 7.411933552062731 3.549954408621361 5.000159410143575 
3.500128313744969 0.700000176625474 17.00009218897892 7.301166963933725 7.401983463971651 3.321411061963049 5.000015344108213 
3.50012392249718 0.7000006525375921 17.000228375302797 7.352629276825746 7.401394800126137 3.294557391005915 5.000015160106289 
3.5000922117494193 0.7000017099843108 19.90744102913796 7.756118561013677 7.454061854409442 3.8999999924300432 5.01170426341305 
3.5001411817295747 0.7000058795681672 20.259972914407545 7.758781485063981 7.420373764907936 3.8999999999934474 5.000001495771708 
3.5001631102682493 0.7000020704291746 26.363642559861287 7.751364864455277 7.468859469100329 3.899999994220642 5.000000015787252 
3.5000690362733935 0.7000071771415034 22.891150085132146 7.751059117094229 7.429294804385217 3.899998614427022 5.000055311912572 
3.5001081925623545 0.7000044639124056 22.39955552331096 7.75006314128924 7.420765668299094 3.899999944881257 5.000074917734968 
3.500184703221729 0.7000032600237299 21.088751040226008 7.7651950219869335 7.599123956324817 3.899999992010312 5.000036082488921 
3.50030817779431 0.7000049815646885 20.56149405469688 7.751131817139063 7.409614839900113 3.8999986272917626 5.0000006874483685 
3.500128313744969 0.7000001793669668 17.00009218897892 7.3011498307342535 7.401983463971651 3.2187552665132655 5.00001538816583 
3.5002539714559577 0.7000014765625087 19.669853019350995 7.7500559068050565 7.420110805028169 3.899999989188799 5.000068946738926 
3.5606383963416626 0.7000576776443677 27.631799858238676 7.770608381267714 7.625864444501037 3.8999999226581537 5.000007481020953 
3.5862347370481658 0.7123896935514749 27.536712150529727 7.75006314128924 7.400360065332562 3.8999986507888553 5.000062825217329 
3.5001430130809306 0.7000020666229947 24.183029844020783 7.7517845794288665 7.4002745733170645 3.8999998669481784 5.00004700981687 
3.5001081925623545 0.7000129204260341 22.50014952481368 7.75006314128924 7.400360065332562 3.8999986507888553 5.000074917734968 
3.500083780446709 0.7000030353732678 17.000112612752588 7.474934025120583 7.40085366268557 3.7118678821739266 5.0000075001425275 
3.5033460024806966 0.7002159944411718 18.857052360194253 7.7504087308672736 7.473486766541487 3.8999999967685293 5.000000033495423 
3.503431758814259 0.7000014250306362 27.46645228747392 7.793753499107159 7.443078081712206 3.899999881400771 5.000002466281837 
3.500132708034438 0.7000011912468158 17.000315072902495 7.30574858872207 7.401074706775101 3.1700420320684706 5.000014987925711 
3.5002506466539267 0.7000014787024165 17.02259895364098 7.476951487252064 7.400144257082609 3.7143483040674914 5.000000801669443 
3.5001292744240997 0.7000000507020618 17.00005744389211 7.581554810402888 7.401363731227304 3.393570574653856 5.000022118300728 
3.50014169577508 0.7000007717465069 17.00002502611589 7.350186877889791 7.413714994638051 3.2845974285268835 5.000045533629745 
3.5000975156863996 0.7000013297983263 24.070670639845876 7.780209955122783 7.434857582184252 3.899999866766525 5.0000132082918585 
3.5060369450781197 0.7004825037926572 19.328375153326725 7.750310132149099 7.417851454163082 3.899999956998171 5.005475906120791 
3.5012585980647892 0.7000004833108359 21.111301261012468 7.752794517838011 7.597768647654522 3.899999992010312 5.000062354218955 
3.50014169577508 0.7000022009485438 17.00002441572473 7.300937586551028 7.471082357854171 3.4677405490097644 5.000015091261879 
3.5000690362733935 0.7000071771415034 17.58774392374314 7.7508718018257445 7.429294804385217 3.8999986200944194 5.004028055915866 
3.500108456035738 0.7000024757915146 17.000116134297212 7.300077503745208 7.4014835099514755 3.434483199336749 5.000045570283061 
3.5000941822266207 0.7000075994397206 23.09823262943482 7.751902553320024 7.511129229767141 3.899999871117374 5.0110129843094136 
3.500129280756377 0.7000002884092366 17.000145491424693 7.300231397260374 7.401394800126137 3.2355355220045867 5.0000000700190705 
3.500068279077467 0.7000013853401023 26.171024235882154 7.754385571870432 7.41516958461064 3.8999998267498626 5.000374329713566 
3.500073607203014 0.700001339936386 17.000145961001888 7.30023062227689 7.402002449015257 3.2158903732747044 5.000015367286172 
3.5002539714559577 0.7000014765873157 19.142320504131227 7.7561121044827575 7.420695143701554 3.899999995254834 5.000004869987596 
3.500141580575976 0.7000009166489899 17.000014589379177 7.300494716721451 7.472885781074408 3.191785630946236 5.000000305061864 
3.500079301062693 0.700003085195878 25.988915206102984 7.750098988297522 7.420526863714021 3.8999997064654854 5.000026357585334 
3.5001431712251905 0.7000000437764823 17.00011604445018 7.741207855702545 7.400417949233897 3.815988467214108 5.000001203693469 
3.5012399637768308 0.7001176399798201 21.967806014710717 7.750099151548445 7.42011822205924 3.899999858836348 5.000071448303314 
3.500138588857581 0.7000013967111074 17.000096893192282 7.311316633162664 7.411933552062731 3.5440102664432116 5.000159410143575 
3.50009350344904 0.7000011292818118 17.000115703833465 7.321202958442233 7.400387603732811 3.380740013489311 5.000048487201547 
3.500107568523787 0.7000000917772286 17.00001367762453 7.699675631067817 7.400178617114073 3.840672309083589 5.000000792788769 
3.503277883164964 0.7000001548355104 26.620663692109 7.754011509317566 7.400275563287064 3.899999673250888 5.000001029549323 
3.5101562159758117 0.7000009042103805 17.004495979624934 7.763759414385709 7.419632126874723 3.8676571577402186 5.000000935471613 
3.5001039022760287 0.7000001609924796 17.00001394761523 7.326726686713856 7.400676405250502 3.5883359812001956 5.000010619210014 
3.500129736079182 0.700001339936386 17.000145961001888 7.30023062227689 7.402002449015257 3.3068930275644 5.000015367286172 
3.5001945748822365 0.7000063616675178 17.00279272158124 7.580190690930363 7.526441324152182 3.7614471134022067 5.0000154925392675 
3.500121299505859 0.7000020041395559 18.21177614534934 7.8328871389140575 7.419632126874723 3.899999876620308 5.000000080782786 
3.500128313744969 0.7000001784052284 17.00009218897892 7.301166963933725 7.401983463971651 3.45127110751043 5.000015344108213 
3.500130479786783 0.7000023880972469 17.000022204012062 7.300407028397648 7.4054896537367085 3.5271718987665386 5.0000001746186555 
3.559823892554685 0.7000598192758691 21.746201960968765 7.753101912489097 7.420719111994308 3.8999999226581537 5.000072996145428 
3.5033460024806966 0.7002228566773148 17.753490694065494 7.750398679674497 7.473486766541487 3.8999999967685293 5.000000033495423 
3.5001404640325706 0.7000012147571586 17.001074711505915 7.545687031510136 7.402054834375292 3.2024030679068307 5.000000202798586 
3.500108585944288 0.7000024288908594 17.000116097164693 7.311062374495485 7.40065691625654 3.3665949593180584 5.000157785121532 
3.500129280756377 0.7000020691864671 17.00014273420675 7.300082168536884 7.401394800126137 3.2355355220045867 5.0000000700190705 
3.500135718130577 0.700001102982569 17.00022772083375 7.300539475684697 7.402333374111623 3.2608682383551546 5.000022556701097 
3.500139782318403 0.7000002327615829 17.00011629683513 7.300018119236914 7.4012507269909555 3.3109576913336123 5.000010949800326 
3.5001039022760287 0.7000021226479426 17.000013679221805 7.301230757852931 7.401271320036791 3.453155297598909 5.000010472884518 
3.500064770221496 0.700000138791728 17.00001367762453 7.699416411999531 7.400178617114073 3.8393216081592314 5.000000792788769 
3.501254397348967 0.7000024607493256 26.89477737409792 7.764233243837493 7.417834343889448 3.8999999920326363 5.000073657972164 
3.5011677858424153 0.7000000437764823 17.00011604445018 7.741379836526892 7.400417949233897 3.816772948983138 5.000001203693469 
3.500043066387926 0.7000014765625087 23.434447996342026 7.7500559068050565 7.420110805028169 3.8999999976060833 5.00432224035162 
3.500130403576945 0.7000014436117625 17.00002281517571 7.300420723961367 7.405480793671146 3.5240108651419595 5.000001341438549 
3.5001098177967793 0.700001102982569 17.00022772083375 7.300538044420249 7.417225676510967 3.510278795143115 5.000022556701097 
3.5033483195868005 0.7000002320772448 26.702999456465253 7.753661626016554 7.400222957070321 3.899999673250888 5.000002636414794 
3.500043066387926 0.700003033911888 23.434447996342026 7.7500559068050565 7.420177082147907 3.8999999976060833 5.00432224035162 
3.5101562159758117 0.7000009042103805 18.21177614534934 7.763759414385709 7.419632126874723 3.899999876868451 5.000000959141931 
3.503431758814259 0.7000008280578864 27.46645228747392 7.793753499107159 7.443078081712206 3.899999881400771 5.000002466281837 
3.5101562159758117 0.7001270191664767 17.004495979624934 7.763759414385709 7.419632126874723 3.8676571577402186 5.000008279933232 
3.500129453199467 0.7000018294863631 24.74264388620698 7.7565706534092245 7.408070933806285 3.899999679041548 5.000001289430554 
