3.531204550558222 0.7027329970902005 27.999890755005573 7.751412008053959 7.411119279544205 3.8999999855255223 5.000018133236638 
3.500888166943238 0.7000001739146445 17.00010559748171 7.300011223739479 7.40441285737418 3.1694959204385382 5.000011373393913 
3.500888166943238 0.7000001739146445 17.00010559748171 7.300011223739479 7.40441285737418 3.1694959204385382 5.000011373393913 
3.500752616051011 0.7000040130065202 21.98479104459395 7.7504041326186695 7.403335230140585 3.8999998670714136 5.000002980296737 
3.5009679376075833 0.7000035267284161 25.795908129251366 7.750480590168554 7.411509483513369 3.8999999774757486 5.00000537984621 
3.500047510941403 0.7000041357643398 23.079107317177286 7.755132775154862 7.424534142571921 3.8999999757597323 5.000009901705743 
3.5009602697639615 0.7000301847708302 27.869102649362183 7.750370180144476 7.458960610236285 3.899999957305835 5.001920981874864 
3.500324658224241 0.700006243095822 17.00241200549882 7.4020846877815645 7.403093022633816 3.6523781532182507 5.00004763908712 
3.5004719120964523 0.7000252934750804 19.84208365489314 7.751305170466855 7.424339606263252 3.8999991264773115 5.000095198975175 
3.5001133639632207 0.7000140126820883 17.000041694050434 7.303088198378573 7.405481588484439 3.371437544199402 5.00001466404461 
3.5009602697639615 0.7000301847708302 27.197136721706368 7.750370180144476 7.458960610236285 3.8999998538579677 5.001920981874864 
3.5004373198163123 0.7000453148884314 23.456694049446188 7.760428886674364 7.4068107502164136 3.899999979641464 5.00000975494303 
3.5009055148687995 0.7000064698001016 21.267560413328134 7.75699868254445 7.456175157982517 3.8999998465303625 5.000009173887466 
3.500240786628279 0.7000278325026297 19.17409673564726 7.750415093109525 7.409864817719606 3.899999861095322 5.00045355261433 
3.5008136650918393 0.7000087167845298 17.00133709614219 7.58996121135086 7.414129017263019 3.7802830648510684 5.000007167301877 
3.5009679376075833 0.700006203895535 22.454240811799163 7.7504558411907825 7.405075941574536 3.899999981927129 5.000174219923398 
3.5001097696694536 0.70000431468287 26.168096209405622 7.750475289132166 7.459509145680333 3.8999998340744337 5.004762405668589 
3.501622468879102 0.7000072472020272 20.85790310066607 7.7504048417861435 7.42420357509903 3.89999987536562 5.001288674403797 
3.514239038802214 0.7000121019765835 19.498783014281603 7.867766230962555 7.521395321995343 3.899999492623049 5.000011581553257 
3.5000789529280554 0.7000041693365616 17.000032830475043 7.754282556695285 7.404827136420944 3.831500466786726 5.000023581202945 
3.500864650370411 0.7000232443601841 24.199002549918742 7.751023092255306 7.501819883834157 3.899999946837815 5.000063806776806 
3.5001214683850774 0.7000082415686475 17.000198816564048 7.638926342931681 7.405076624233595 3.407567448179679 5.000004418935959 
3.500164260319001 0.7000045360742441 17.02694202259695 7.301233318971938 7.404643203551726 3.4749520766506254 5.000005860490989 
3.5001686443400453 0.7000010516458273 17.001463998193294 7.318228857603937 7.404683697315114 3.188416460014687 5.000053918581568 
3.501209113958442 0.7000388545269035 18.365733190020983 7.750410577857076 7.526838147282164 3.8999999795522986 5.000003224436669 
3.5001644402215284 0.7000013238580624 17.000024447333697 7.306325681754754 7.404682763147109 3.259180872262448 5.0000531898293445 
3.5008903369825872 0.7000007958243035 17.000762414884658 7.5671854202430815 7.403599168165525 3.704940409028827 5.000432391708717 
3.501242478438126 0.7000084494579915 17.000039042130346 7.629347437037276 7.441939169869262 3.7482033993703676 5.000074285879129 
3.5310157671652744 0.7027452219248231 27.404139384278036 7.751412008053959 7.411119279544205 3.899921884376344 5.000018133236638 
3.5008971223331184 0.7000064698001016 26.327210090156335 7.750424490024857 7.4465833292983525 3.899999834171882 5.000009173887466 
3.5001510939823985 0.7000140126820883 17.000159930391717 7.301277008917862 7.405505240482462 3.3273505467294657 5.000444732869654 
3.5008949886306735 0.7000000186715845 17.000106357848363 7.300459512280163 7.404353765815362 3.2716155610925575 5.000006986546276 
3.500035912183759 0.7000005388769284 17.000757741484204 7.542248783110341 7.438645031365165 3.683298866718974 5.000087217511918 
3.501116188510387 0.7000071134552674 17.000533827777545 7.300381515560558 7.4055250564816175 3.2299910241874117 5.000003911744699 
3.501498711374619 0.7000282858960948 24.73258696895227 7.7581779250340315 7.463468595874477 3.8999998543720835 5.000019662048139 
3.5011940769979066 0.700002051552696 17.000088291029066 7.30736114389745 7.41482411018483 3.516496176376058 5.0000038182998665 
3.501236951810334 0.7000366864846997 20.287330339951932 7.771029823997483 7.439771363225561 3.8999998386156696 5.00000137794936 
3.5051021824221555 0.7008561562374223 23.67366971809826 7.750410577857076 7.526838147282164 3.8999999785121724 5.000004494907328 
3.5004730280666347 0.7000252208991525 17.000176254218722 7.3162171279968575 7.400927875255196 3.454606179750579 5.00000553524094 
3.5009410479042122 0.7000105450073085 17.000176254218722 7.302741718981391 7.400927875255196 3.4336647906236193 5.000004595804888 
3.500164835036357 0.7000046094690283 17.013817189054475 7.300648406507457 7.401383165000875 3.3915056546734186 5.0000058091190756 
3.500855285098707 0.7000087645512602 17.001410290024698 7.307380674646217 7.4233596882164266 3.4945581161576524 5.0000017174099085 
3.500047510941403 0.7000041389985374 21.54464635025018 7.755132775154862 7.424471575290411 3.899999982991065 5.000007018204718 
3.5001510939823985 0.7000021084846462 17.00015929874589 7.301277008917862 7.438355338601632 3.350021399976379 5.000043593019141 
3.5002224390976884 0.7000015479181114 17.000017140565127 7.584370585423464 7.404605136516079 3.7626423952743835 5.000001328673421 
3.5003796730454915 0.7000065664792515 17.000043549191815 7.744273040877074 7.405127284650101 3.8736995983326343 5.000001905056953 
3.5001732839601782 0.7000084985001187 17.00002049447011 7.305638918300188 7.400714755637839 3.2478726612110562 5.000007446283675 
3.5008946732014943 0.7000007958243035 17.000762414884658 7.5671854202430815 7.403599168165525 3.610918909186074 5.000432391708717 
3.5045873912091268 0.7008746661857763 22.699422720294027 7.755864875035675 7.52286493104263 3.899999997071673 5.00003599647568 
3.5015256477061842 0.7000018857662561 17.000025696260998 7.300021040647943 7.405518045257895 3.281935336083376 5.000008023092956 
3.500183081311644 0.7000001330183236 17.0000170267367 7.3000707414741335 7.400749082985435 3.203448623118029 5.000009253516801 
3.5001034193251015 0.7000026742088236 17.00106358691289 7.315428783086348 7.4145529910443075 3.3175359303000747 5.000002608091781 
3.5000558184420005 0.7000090561042674 25.41946745835498 7.753723563082554 7.430595668343172 3.899999921185065 5.000011367390419 
3.500047510941403 0.7000041357643398 20.620774164749626 7.757562365981903 7.458719751990532 3.8999991140378976 5.000022773343879 
3.501423763590626 0.7000033872002012 25.408051282998596 7.750455384456484 7.421744483112681 3.899999982377737 5.000544782114137 
3.501082336194278 0.7000013238580624 17.000024447333697 7.300043581288555 7.404745922493586 3.2404940827931585 5.000079009622031 
3.5045681017317682 0.7008746661857763 24.975788379820766 7.75404833236446 7.43953307264374 3.8999999787659725 5.004499106882199 
3.500121861072536 0.7000087721419171 17.001398834142286 7.306488954986467 7.4145529910443075 3.539390608923146 5.000003968357391 
3.5001732839601782 0.7000138481286176 17.000008580953445 7.300028307838681 7.411603271385079 3.218988710043006 5.000019756782436 
3.5014789901628487 0.7000066331841511 18.032425616921714 7.750455320291255 7.557517093861623 3.899999979017739 5.000545202545104 
3.501200376868497 0.7000046534762444 17.000144187019213 7.307361666171441 7.406146763636238 3.5235153448271985 5.000003690274494 
3.5010748691745053 0.7000001315520951 18.700228502878485 7.876538875419439 7.528965504852396 3.8999999795522986 5.000008042899467 
3.5049632172714076 0.7008561562374223 18.802543307382326 7.750410577857076 7.4952897335041895 3.89999999046069 5.000004494907328 
3.5015256477061842 0.7000018857662561 17.000025696260998 7.300021040647943 7.406345963758313 3.290738172923878 5.000007576837402 
3.5008704284597254 0.7000035267284161 17.42348733074314 7.75102025909292 7.422161037774616 3.8999089112921297 5.0000034424469 
3.5014968356258027 0.7000066320873477 17.69884979410478 7.750959313185876 7.555254955084264 3.8999999790323887 5.000505345691797 
3.5015736746783497 0.7000066351800696 27.081926396256307 7.750475319297936 7.555254955084264 3.8999999790323887 5.000026947297503 
3.500896003791796 0.7000026799665421 17.00141021163283 7.307265259383565 7.423011040677182 3.29917564249204 5.000001572480501 
3.50031202276853 0.7000145936055395 17.00241200549882 7.412807238418621 7.4042911130778695 3.638038933241355 5.000069119916403 
3.5004426300860256 0.7000062080267322 17.00003337128769 7.6639822504754775 7.4046934436368925 3.8072013729183025 5.000000767873515 
3.501183530945261 0.7000300725277724 17.000008301433787 7.65270526923306 7.4041126783684685 3.7242742884750495 5.000002978043035 
3.5014251772870795 0.7000021810397551 26.637212062959435 7.750424490024857 7.412667573235152 3.899999977480081 5.0000071786455855 
3.508288249211448 0.7000017426102888 17.00138783798332 7.356969709296404 7.46199761096553 3.5630679880533083 5.000012594684791 
3.5009061157561416 0.700048568451173 24.267616610354033 7.751023092255306 7.501604691708315 3.899999948692248 5.000063806776806 
3.5001734332144268 0.7000138481286176 17.00010841714923 7.304598952664112 7.4060215079321114 3.3422143774893334 5.000009091242068 
3.5004426300860256 0.7000062080267322 17.00003337128769 7.6639822504754775 7.4046934436368925 3.8072013729183025 5.000000767873515 
3.500099820085323 0.7000105498087408 17.000013379091456 7.300080645026032 7.400663110238794 3.2130885586881996 5.0000092170906125 
3.5045681017317682 0.7008746661857763 24.975788379820766 7.754300135596996 7.412315612547582 3.8999999787659725 5.004499106882199 
3.5000390929683487 0.7000004738871627 17.000757741484204 7.574887108808624 7.403105349319467 3.6864572980328605 5.000087217511918 
3.501135825411787 0.7000056748109259 24.51933197844487 7.750403345507835 7.465827359428369 3.8999998543720835 5.0000353875199375 
3.5001167136588287 0.7000087721419171 17.000388606342334 7.570809149511147 7.4178353016028185 3.5822509818849695 5.000003968357391 
3.5012296699335304 0.7000034821198385 20.38514854523921 7.75045552134493 7.561528170951802 3.8999999824629357 5.000001510437722 
3.50031202276853 0.7000043759802089 17.000154450840057 7.4409730580327 7.4042911130778695 3.1773642847290944 5.000000694915096 
3.5012483064443574 0.7000027351829261 17.016293385822905 7.751276888342127 7.422790562484259 3.8853847915923554 5.000039964124645 
3.500326354748939 0.7000366864846997 17.232924857194494 7.760511665898558 7.439771363225561 3.8999998386156696 5.00000137794936 
3.531204550558222 0.7027329970902005 27.420897336082675 7.751412008053959 7.406513685893303 3.8999999855255223 5.000018133236638 
3.5001397993971044 0.7000005536659701 17.00017809258944 7.303073197594693 7.470753661656346 3.4602340838778645 5.000001625687669 
3.50118256663653 0.7000045067880278 17.000520342982544 7.302638288326997 7.4145249315115755 3.599510600453888 5.000004607033935 
3.5014251772870795 0.7000063712350726 26.637212062959435 7.750424490024857 7.412667573235152 3.899999977480081 5.0000071786455855 
3.501562599612139 0.7000096526372689 26.877559759278082 7.750476261432301 7.4292762440951865 3.8999998745133606 5.000084792893971 
3.500231478738011 0.7000003867134414 17.00010681172085 7.358754188715202 7.406236514990841 3.6277301916725166 5.000009095995296 
3.5009674680783314 0.7000040414321632 23.69473347309138 7.7504786653481474 7.406345632662 3.899999988799425 5.000002272714898 
3.5001397993971044 0.7000009710002536 17.000162447030533 7.300469542372205 7.42551365541746 3.1811173427080477 5.000001625687669 
3.5008136650918393 0.7000140664130285 17.0013406594093 7.588999068853636 7.414077371863975 3.7230323578051463 5.000019477800655 
3.5008903369825872 0.7000044758707068 17.000141093911555 7.5671854202430815 7.406101029931557 3.5824200748003476 5.000432391708717 
3.5045627719631276 0.700003496341655 17.00002575973748 7.758732034495382 7.411595597152075 3.851180418446453 5.000011217030768 
3.50011497756595 0.7000045110477043 17.00010548523513 7.300459512280163 7.404644919639427 3.561617436299579 5.000001801358079 
3.5015070765837284 0.7000043495579967 17.00008104859093 7.302495164152938 7.422950775794688 3.49101269297591 5.000002479688498 
3.5009188565084575 0.7000450490600908 17.00017426367718 7.314819152233484 7.405475363782113 3.421139496642124 5.000077619592146 
3.5050691387472037 0.7000278325026297 17.884842744692733 7.750415308947876 7.406395329187932 3.899999877496256 5.00045355261433 
