3.535921701787944 0.7068065049632684 27.99231405504149 7.751769867128729 7.400177901260773 3.8999998937880167 5.000001424247743 
3.5002745650284814 0.7000000507748304 17.00040982836422 7.30095939959108 7.402505485840762 3.1692214610165874 5.0000041083461655 
3.5002274550161836 0.7000000271982445 17.00071943097387 7.306182656087383 7.405583039571773 3.386190748187012 5.00000035190665 
3.500378963257261 0.7000004126182395 17.000299239653003 7.30282054570044 7.410314394999212 3.4996031319001797 5.000000397955652 
3.501138865382057 0.7000227803507262 27.99948212577854 7.783111812400323 7.43652161504456 3.899999993040103 5.000017493117951 
3.5002274550161836 0.7000000153796414 17.000633744159362 7.306870389780091 7.405583039571773 3.3392951561722373 5.00000022074281 
3.500194528860876 0.7000025192013777 17.000639764802706 7.301089759426932 7.40556617344688 3.4102972902791824 5.000080165569058 
3.500910070072806 0.7000170762907407 23.994480735819955 7.751749450223315 7.400753259254131 3.8999999790187068 5.00008348631614 
3.5002640420530007 0.7000002156055237 17.000608519288143 7.307595927301635 7.407518921979466 3.3606424383813613 5.000004577352692 
3.5013122797146314 0.7000148791865001 23.47732922195516 7.763231384870567 7.439518439529419 3.899999990935714 5.002111708611415 
3.500035791692351 0.7000005492580702 17.000088578507576 7.5117100711712625 7.41367328575201 3.701660958040828 5.001914933647384 
3.5094007726021066 0.7000171834153467 18.258123307242652 7.75176429067389 7.409571467469352 3.8999999999080988 5.002057279769422 
3.5008396582549164 0.7000004917936976 19.306548044802526 7.750185209023321 7.435425769743613 3.8999999959096154 5.000000181379703 
3.509973454593068 0.7000000331027396 25.935643535448154 7.7541337573844356 7.401665463093518 3.899999757663816 5.000000000050636 
3.500378963257261 0.7000004126182395 17.000299239653003 7.30282054570044 7.410314394999212 3.487228078376769 5.000000397955652 
3.5102602732865598 0.7012161296715809 20.09260053416223 7.859361201848288 7.486964638121928 3.899999989848274 5.0001012109361085 
3.5003874869862104 0.7000005056025242 17.000013477658268 7.303035592704207 7.402585244724058 3.222078158997869 5.000104381917946 
3.501975506553523 0.7000000043154315 17.000616649572034 7.301994731274052 7.40353369425524 3.551743784306105 5.000000286370823 
3.500378963257261 0.7000017003769398 17.00047836999189 7.30002677985681 7.432607168076904 3.268107462012278 5.000000248643747 
3.5008441115442896 0.7000023483024891 27.580889961143853 7.750208189388783 7.412610301005639 3.899999890329576 5.000005616976225 
3.5002478216779 0.7000000535050568 17.00894895564946 7.306305224280832 7.409250965696016 3.4648143923754557 5.000004805583125 
3.5000984153246244 0.7000000298884204 17.00000242980166 7.301994731274052 7.401683196646589 3.1831787591794884 5.000002231724227 
3.500382066756135 0.7000139695908081 17.000042034329756 7.677302367454317 7.4060175828136945 3.8130014212643286 5.000005307411017 
3.500398118750807 0.7000228702795789 26.5496412171432 7.765697230293965 7.412295595747396 3.899999993040103 5.00000759405086 
3.500204867831347 0.7000020051288844 17.000075745073552 7.740923116912567 7.525443798809415 3.874397897526011 5.000015224677554 
3.5013665848855178 0.7000705352143902 20.569620727101906 7.780995452524382 7.435393268512989 3.8999999958675886 5.0000930922540086 
3.50038744353967 0.7000005403120715 17.000040799950913 7.380875518386928 7.402563720813568 3.2921889880288777 5.0000000131724125 
3.5012975334896757 0.7000098371592103 18.851237545999588 7.751769667964331 7.405915865791928 3.899999976112892 5.000003090284327 
3.500181360116101 0.7000000794874445 17.000936416291186 7.425757848702419 7.410801695327935 3.578396040831561 5.0000031971185415 
3.500259296891147 0.7000000298884204 17.000004977493237 7.301994731274052 7.401683196646589 3.1967524417497772 5.000002231724227 
3.509572942083989 0.7000000947799702 17.792590467491475 7.75086660021927 7.541701441596703 3.8999997329166645 5.000000561195223 
3.500362589502733 0.700000404537453 17.000088696643978 7.513855644051281 7.414241455557906 3.6699225693147115 5.001914933647384 
3.500033829854224 0.7000005069101911 17.00083360123243 7.30815879487284 7.414180879312924 3.4222735901014127 5.000025247418069 
3.5008310060664 0.7000893523653499 27.296022413557235 7.750186898026722 7.4126546137629505 3.8999998912858795 5.000049778254773 
3.5103920430981654 0.7000810746629254 21.19414843763425 7.751975364493021 7.421875351294033 3.8999999960025 5.000097725464157 
3.500396110330011 0.7000000467051621 17.00034844672699 7.3003001254231705 7.412823790846778 3.2344068803074744 5.00000521734271 
3.5002460451541464 0.7000000614890225 17.0009125649717 7.300585403047607 7.4077710023957435 3.3716305771246726 5.000005213499752 
3.5003888859047847 0.7000000532402356 17.000316594855715 7.380414877027869 7.410264160406624 3.3059834670311448 5.000000008506207 
3.5002599016783535 0.7000004354711893 17.000442402047938 7.300853832275286 7.405982835801681 3.529162717007967 5.000000356972433 
3.500259296891147 0.7000000289981991 17.000820284296633 7.301994731274052 7.401683196646589 3.454315401399034 5.000002231724227 
3.5002935175841507 0.7000000499506183 23.343634378866685 7.751426857097352 7.459086440523712 3.8999999931921105 5.000005377561368 
3.5104633432232895 0.7000703351096891 25.57880785565505 7.751512768466482 7.4547162376953935 3.899999980094048 5.002454888221716 
3.500378963257261 0.7000022172868003 17.00062578253389 7.301891475509027 7.401681050429774 3.3268024404993577 5.000002159773611 
3.5006221014144767 0.7000213713642929 21.636703092743648 7.761087208635144 7.409424542349552 3.899999995903429 5.00001809249708 
3.500184398439383 0.7000003872472108 17.004827077982984 7.760932579852411 7.409892588886688 3.7146091240839927 5.00013552115253 
3.500955725850694 0.7000000027206048 18.631124592998102 7.751751653039337 7.484498505457576 3.8999999995925796 5.000000159902515 
3.5008262042117804 0.7000556515101378 17.000105013350172 7.75052899939735 7.412759275860148 3.7857260097412384 5.000000171301096 
3.500381832372729 0.7000230172465483 22.997908265409446 7.751359887114393 7.444437389359592 3.8999999827766607 5.002159258865367 
3.502101507468301 0.7000004822383487 17.001144786468803 7.3004043812301695 7.405918864165669 3.316883959340039 5.0000125719238415 
3.500035791692351 0.7000003862106339 17.000056708008444 7.513372294658534 7.414188786877816 3.7341811301058736 5.001914933647384 
3.5003874869862104 0.7000003945646024 17.004754120329235 7.371427173387094 7.402527385479507 3.6323949083055087 5.0000003309706065 
3.5003874869862104 0.7000189294067534 17.004754120329235 7.461978326316725 7.402585244724058 3.6476038828511457 5.000104381917946 
3.5100299791906644 0.7000011049759397 20.777974759473395 7.750185209023321 7.4126546137629505 3.8999998912858795 5.002160156418045 
3.5002182568805207 0.7000000120395578 17.00008959445919 7.564415813743123 7.414274904506335 3.773083023970568 5.000046967747661 
3.500833429987985 0.7000004903701429 19.62711638761728 7.7541337573844356 7.403035500503417 3.89999974215657 5.000000212183214 
3.500840031153453 0.7000175126116117 26.99224703331907 7.750208189388783 7.412947397018036 3.899999890329576 5.000000178268773 
3.5334952591538844 0.7000000613104375 17.431118512499125 7.751357877838774 7.432407640471184 3.899999999775346 5.000005298532872 
3.501305842935475 0.7000009575650752 22.631185551383492 7.761884476939294 7.435393268512989 3.8999999958675886 5.000099282012162 
3.500254353069664 0.700000322960499 17.000401691684072 7.334693828571297 7.413641665283644 3.601183962534807 5.00000413275279 
3.5020720304406385 0.7000000535772292 17.000736438427253 7.30442214336584 7.405747958807856 3.2089498176705 5.000000099927691 
3.500381832372729 0.7000168487049087 26.19497556502753 7.751357877838774 7.435998900947692 3.899999976923092 5.000005364925176 
3.500246879503478 0.7000000534642968 17.000900260702462 7.300585403047607 7.4077710023957435 3.2445346504137387 5.000005213499752 
3.5094007726021066 0.700002287628827 17.02092459283174 7.75176429067389 7.409571467469352 3.8999999999080988 5.000023367153371 
3.500259296891147 0.7000000298884204 17.000821153259825 7.301994731274052 7.401683196646589 3.2510760829715277 5.000002231724227 
3.5002599016783535 0.7000004354711893 17.001637295989315 7.300853832275286 7.435733727663464 3.541824600800011 5.000000356972433 
3.5103137621313385 0.7012126291067381 22.259283197467493 7.785262357358076 7.4361411733708795 3.899999989848274 5.000007234481632 
3.5103920430981654 0.7000810746629254 21.029372293365075 7.751947833523749 7.421875351294033 3.8999999960025 5.000103719743924 
3.5003874869862104 0.7000003945646024 17.004754120329235 7.371427173387094 7.402520953380945 3.585543769508497 5.000104381917946 
3.50019628354011 0.7000235181608264 17.004827077982984 7.751784792839865 7.487208880090145 3.7457008583033313 5.000005379476575 
3.5089486477792122 0.7000000705371172 24.541537425043558 7.751618526533221 7.41062154763359 3.899999998509213 5.00000134193979 
3.500359224422908 0.7000227803507262 27.118683004674512 7.783111812400323 7.404134523295098 3.899999999169425 5.000017493117951 
3.5001797881373626 0.7000000794874445 17.000936416291186 7.425757848702419 7.410801695327935 3.1730013786866285 5.00000198951806 
3.500102115056224 0.7000004917936976 25.468077659379453 7.757332903009693 7.401438663205586 3.899999988448049 5.000000570541029 
3.502012225041358 0.7000000292520426 24.243360479709544 7.7510304626675905 7.421602946244838 3.899999889594976 5.000000018970964 
3.5004199644350247 0.7000030512995755 17.00103915108151 7.371427173387094 7.402527385479507 3.619253175225067 5.0000003309706065 
3.509266172156606 0.7011936878216617 25.129845672670424 7.751357877838774 7.435163556549072 3.8999999902884146 5.00000522161785 
3.510345871449933 0.7000149433675088 21.699499300252967 7.761087332192529 7.4374573566847095 3.8999999958675886 5.000097715996186 
3.500840031153453 0.7000175126116117 26.74129358591347 7.75018065841951 7.4126546137629505 3.8999999742697993 5.000011719115361 
3.503083890971424 0.7000225150790144 24.97710739133514 7.751402463465901 7.460404066073465 3.899999982769686 5.002159258865367 
3.500259296891147 0.7000000298884204 17.000821153259825 7.301994731274052 7.401683196646589 3.2613218611546513 5.000002231724227 
3.500259296891147 0.7000000071016946 17.000223268102403 7.329669015991168 7.403439420371826 3.438437706669417 5.000004029613515 
3.5004171876713883 0.7000744188853192 17.0123216008706 7.380414877027869 7.409442204653734 3.2933234598066576 5.0000000131724125 
3.5003571298935148 0.7000000113672634 17.000013477658268 7.303035592704207 7.402570592755397 3.2055735341255294 5.000106415511308 
3.500259296891147 0.700000044918526 17.000821153259825 7.329669015991168 7.40946199448569 3.438437706669417 5.000002231724227 
3.500190787707046 0.7000000035397238 17.001041109682674 7.770055121446522 7.410815724322504 3.8509862487636974 5.000015280396975 
3.5013122797146314 0.7000130432823485 22.42397179936044 7.751735107458884 7.439518439529419 3.8999999825806455 5.000163240797053 
3.50037484819317 0.7000171160360372 24.83763809561425 7.751402238112108 7.400190841747162 3.899999979866482 5.000005367321759 
3.5106291151006834 0.7010845320051703 21.967310249559517 7.754207144575745 7.40261081800946 3.899999989848274 5.000000149195415 
3.5003874869862104 0.7000003945646024 17.004754120329235 7.371427173387094 7.402527385479507 3.611501456798755 5.0000003309706065 
3.5089486477792122 0.7000000711493789 24.564858457364362 7.7516192635338665 7.41062154763359 3.8999998824579167 5.000001363573573 
3.5001057945969043 0.7000004917936976 27.82076483989509 7.764934912460195 7.410472860366874 3.8999999908645933 5.000000399121405 
3.500190787707046 0.7000000035397238 17.001041109682674 7.770055121446522 7.410815724322504 3.8509862487636974 5.000015280396975 
3.5089638031421577 0.7000046829069752 21.95009523643103 7.785198508618803 7.407527316729579 3.8999999984114657 5.000007563073947 
3.5003790759092146 0.7000096759962393 17.000074806293092 7.677302367454317 7.405888887488716 3.8305565770785606 5.000015139378279 
3.500272220565966 0.7000001975826784 17.000325015412937 7.527169207825481 7.433150312767351 3.6612785945711015 5.00000036668188 
3.50037484819317 0.7000089528513119 24.160359242182455 7.751402238112108 7.400190841747162 3.899999979866482 5.000005367321759 
3.509798566738908 0.7012161296715809 19.81344018104873 7.751832620182274 7.410568405173559 3.899999989848274 5.00009588151752 
3.500375345375633 0.7000176182035712 22.85843896968853 7.751359661760601 7.400190841747162 3.899999979873457 5.000005367321759 
3.5002661400351016 0.7000014688553918 26.19497556502753 7.751357877838774 7.435163556549072 3.899999976923092 5.00000522161785 
3.5008310060664 0.7000006120455754 17.59036706159809 7.750186898026722 7.409864956339996 3.8999998912858795 5.000049913767576 
