3.501025528432369 0.7000277074650755 27.99969178792348 7.750812594753836 7.4544013033070735 3.8999999860425394 5.000000957891791 
3.5001413228547165 0.7000063709823178 17.000020874166914 7.305609908988577 7.401015287922419 3.1715657260845087 5.0000037523987055 
3.5002673582746677 0.7000095935423665 17.000004636374722 7.303228624924985 7.4024938881103575 3.2316614994341673 5.000053831400824 
3.501612513691677 0.7000079093441925 18.73841251058403 7.752067871973597 7.4048797158866675 3.8999984468041897 5.000043165399406 
3.50090493493872 0.700007766513124 26.422806483577467 7.750916871668557 7.550370836323708 3.8999999828280396 5.000002520805179 
3.5002978037659007 0.7000008771824783 17.00002545581734 7.617792813498721 7.4143927906076055 3.7807478632143954 5.000000048447673 
3.5002772388738843 0.7000125631415229 17.000005520135442 7.300368980242713 7.4018823149266195 3.295368157069653 5.000002226564195 
3.5004400242012763 0.7000062583339831 17.003779549557414 7.752722155696351 7.401846061920471 3.878258265859442 5.000003789408978 
3.5002720063954023 0.7000063244604828 17.002350037416644 7.759644058470946 7.40220425143021 3.8448680296898576 5.000002287771618 
3.5015627724255998 0.7000061621394593 17.000317558877107 7.301342454142819 7.423588174961366 3.522770453315142 5.000003787199711 
3.5002684340303527 0.7000098838983604 25.67125125356381 7.755330646975954 7.564690560371339 3.8999999111763657 5.000081960379267 
3.5002979276943185 0.7000008771824783 17.00009117538656 7.300145657144654 7.4143927906076055 3.3916379192583563 5.000007833686493 
3.5002658535159488 0.7000015148874479 17.000000381484995 7.747223179534504 7.417743039149115 3.811962262328802 5.0000002206441225 
3.5006758915422673 0.7000235500845539 22.749270877849632 7.751019786829068 7.407455881610652 3.8999999710686386 5.000000025192182 
3.500260003292082 0.7000032901203401 17.000006960444924 7.351449526977774 7.549174185955719 3.4644024496371153 5.000010134752793 
3.50021911572443 0.7000059604177202 17.000034764886358 7.3012018230069815 7.407414362878181 3.546011478231967 5.000000024238299 
3.500463376629018 0.7000074175840942 17.000006960444924 7.441813863128673 7.402390288510395 3.6515482915940685 5.000000229253145 
3.5010041135541368 0.7000021211060602 23.711454192946647 7.7508298886558995 7.4286854114550716 3.8999999925936963 5.000000332053421 
3.5002772388738843 0.7000123542121401 17.000025067936853 7.300368980242713 7.402144877845081 3.27840025094765 5.000002226564195 
3.5001685531741242 0.7000014134028328 22.050741405390205 7.752254840390304 7.415342854063596 3.8999997720003092 5.00025168267305 
3.502925145372507 0.7000146742573286 18.12078918710954 7.751579460235218 7.417289460830822 3.899999989541315 5.000001463451319 
3.503065113488162 0.7000683071190634 21.520323041684303 7.753528236185357 7.431039161131902 3.899999365537589 5.000000325062015 
3.5002654241114284 0.7000094218279772 17.000076245931734 7.303044709499464 7.408919974266246 3.4767216761746425 5.000052943757892 
3.500278234949083 0.7000114323890786 17.000005700438315 7.319160661782811 7.488320404489119 3.3415601577397083 5.000002223904953 
3.5008611442223145 0.700012171677058 17.003497496293342 7.304210714464169 7.401482922937573 3.2104466630456714 5.000000236024977 
3.5010041135541368 0.7000079175708298 23.59781514876942 7.7509085705408305 7.412517214548491 3.8999989405823676 5.00436075470855 
3.5002673582746677 0.7000093846129837 17.000024593883722 7.303228624924985 7.402485278937821 3.246683505742129 5.000053831400824 
3.5006758915422673 0.7000207725696989 22.96291281254245 7.751023366319113 7.402743478344774 3.8999999710686386 5.000000025192182 
3.5002656688668523 0.7000093167439566 17.000076245931734 7.34695688509952 7.408919974266246 3.582634238929794 5.000011261954362 
3.5001879799988225 0.7000077543582982 20.55381986612619 7.7523886979048795 7.497089080831961 3.8999999860425394 5.00000009592763 
3.5010297283666363 0.7000095791349829 21.078790619571723 7.760418035759585 7.402104786912142 3.8999999672035415 5.000000339340738 
3.5001820470654423 0.7000126303233165 17.642716423737205 7.760705959675709 7.402061476391607 3.8999999673840193 5.000001512722428 
3.502226963346092 0.7000113790440897 24.855013732042938 7.751372454017143 7.402251594235221 3.899999984825821 5.000000376967114 
3.5024747500434588 0.7000079102394745 26.788600693014736 7.751489714852117 7.646166303467533 3.8999999612061385 5.000004309383379 
3.5024747500434588 0.7000079102394745 27.09639181400484 7.758019565490457 7.401931252172717 3.8999999448902227 5.000048171495791 
3.502618754483763 0.7000158900100638 27.587447117495188 7.7503702098474845 7.4134287342227685 3.899999971155352 5.000002788964369 
3.502470529994834 0.7000079094460417 25.24515965706489 7.750623134024747 7.567036207419705 3.899999910475626 5.000031236905567 
3.5002654241114284 0.7000094866119057 17.000076245931734 7.303044709499464 7.408919974266246 3.4135795418061607 5.000051243415327 
3.5178075948169765 0.7000157176976218 24.071964189178306 7.760017442810796 7.40252243823786 3.8999998799670776 5.000001997485049 
3.500222203193464 0.7000053769235484 17.002459429439615 7.302710542558664 7.462238098176295 3.599614182743906 5.000002287771618 
3.5002680077148565 0.700008628492644 17.00321342400963 7.441813863128673 7.418957569256911 3.6857677386557426 5.0000105680812545 
3.502470529994834 0.7000079094665077 25.24474622594057 7.750623134024747 7.567023001218348 3.8999999107105165 5.000037813728581 
3.500259901452847 0.7000159760127015 17.000006960444924 7.346551098707525 7.408994655393969 3.6244256577331035 5.000010412710442 
3.500402675664205 0.700012244119706 17.003395026100645 7.303645878399173 7.403931156606993 3.3703956954495995 5.0000022699738 
3.5002976976876488 0.7000005952365904 17.000095055295148 7.300148132687483 7.4143927906076055 3.2654567920175803 5.000050225966227 
3.500446462657006 0.7000118831312334 17.000091957133137 7.300537801413747 7.402939644109004 3.5643564409681763 5.000000066191701 
3.5010297283666363 0.7000095841821276 21.078790619571723 7.760418035759585 7.408570494837065 3.8999999672035415 5.000000283199933 
3.5008655808246956 0.7000091294362472 17.000008212243532 7.389941273783623 7.40891855008699 3.401430310512707 5.000001912694906 
3.500953872467393 0.7000091877486859 17.000209934535203 7.722020193524843 7.401510601846641 3.73273595740185 5.000000112484527 
3.513005726112353 0.700063065420456 27.265186752772102 7.750338781369888 7.402161575333254 3.8999999983536524 5.000000232823694 
3.5104650625118317 0.700177245478281 24.464887300145666 7.751262092685909 7.407346358414099 3.8999999710501414 5.0000553065938815 
3.5002701452402527 0.7000125590550004 17.000005700438315 7.319106285519207 7.402561337117795 3.3582678874028806 5.000002223904953 
3.500855026479389 0.7000121739170964 17.003303155591873 7.306372890816611 7.401792102136795 3.203390601364072 5.000000236024977 
3.5008655808246956 0.7000074175840942 17.00000691332061 7.463865125485057 7.408897873438684 3.660273388431842 5.000048398327838 
3.5010041135541368 0.7000079169676309 23.23164428838275 7.7508298886558995 7.4286854114550716 3.8999999925936963 5.000000332053421 
3.500303284134132 0.7000006549281621 17.003354474116907 7.304282649160894 7.4143927906076055 3.494579180333465 5.000050761886106 
3.500266461518334 0.7000128720938597 20.14122919295148 7.751122949795543 7.417759773538879 3.899999989994014 5.0000002269901564 
3.5007326794060596 0.700024247943361 17.008110878147363 7.753528236185357 7.430613547014174 3.7380874491747083 5.000000019753399 
3.500454600870509 0.700006882670597 17.00000363537501 7.3006172549742745 7.402561337117795 3.3234635408517788 5.000002223904953 
3.5025733279458855 0.7000157023913541 17.000031287495922 7.30504386816262 7.467795450507166 3.4440532349394726 5.00000457940835 
3.500186340631237 0.7000042880877749 20.548542831832826 7.777834471864774 7.497089080831961 3.8999999860425394 5.000004237054336 
3.5004634191021076 0.7000074175840942 17.000006960444924 7.441813863128673 7.408900574506167 3.6782985913118287 5.0000105680812545 
3.5003747550295228 0.700020124481072 26.1879655316407 7.750824133948923 7.559734188811545 3.8999998798001956 5.000047727876477 
3.5029397633045307 0.7000074636727743 22.36089816455822 7.750353098895059 7.4546795029338435 3.8999998851912516 5.000007442922539 
3.501049650019615 0.7000021711548257 17.884899831276485 7.7508298886558995 7.421366770794823 3.899999908429863 5.000000332053421 
3.5002979276943185 0.7000074453263232 17.00009063194975 7.337131283949749 7.408897839382406 3.62302089374393 5.000001162020261 
3.5012019204452436 0.7000039765809226 17.000032695760368 7.300213990227312 7.408933335154278 3.3091030623563125 5.00000021508289 
3.5002975407841883 0.7000097382301099 19.807813465046753 7.752100335907359 7.5496816118413665 3.8999999608255513 5.000002589867518 
3.502226963346092 0.7000113790440897 24.81790666449503 7.750812868156451 7.45993523878421 3.8999999798080225 5.00000030828087 
3.5002673582746677 0.7000097032936545 17.000004636374722 7.303228624924985 7.401833048024675 3.2440236671215152 5.000053831400824 
3.502470529994834 0.700007925880729 17.266231796157076 7.750018544135718 7.605825648408743 3.89999999202485 5.00004658489821 
3.500259901452847 0.7000012749671397 17.000006960444924 7.351449526977774 7.443648956674441 3.4270858803829953 5.000010412710442 
3.50086820932508 0.7000015249206366 17.007982932083905 7.586566417735554 7.401510601846641 3.7085522931729282 5.000000116499166 
3.502470529994834 0.7000077673614684 26.82383121388525 7.750623134024747 7.550170539070867 3.8999999399430108 5.000047822960814 
3.500864718433576 0.7000122417172724 17.003281593415288 7.615183434634956 7.408244608968547 3.7085609796992545 5.000000000917911 
3.5010297283666363 0.7000122806289283 19.49384829775035 7.750566832527608 7.401753416646123 3.899999967292195 5.000000309437718 
3.500422453111841 0.7000204281786462 19.11452716080594 7.751377946949929 7.402329932921768 3.8999999849082325 5.000007374494887 
3.500884224484881 0.7000122916858863 17.000007627699986 7.303934100777946 7.4124645775320275 3.193804969984746 5.000000096344463 
3.5002983525398625 0.7000200048974061 19.039346570909622 7.771001621950136 7.402127430925576 3.899999959115825 5.000000393484666 
3.5002654241114284 0.7000047956360512 17.000031287495922 7.3107748630040135 7.403341682337411 3.4440532349394726 5.000004964490551 
3.5003031279972197 0.7000205007346635 24.215286322078697 7.757833241806278 7.419126197818182 3.8999998799670776 5.000000038452099 
3.566396657335787 0.7000202089695461 24.215286322078697 7.750273769392795 7.419010468021844 3.8999999927124116 5.000000038452099 
3.5030667326898284 0.7000682045036732 22.324378789796736 7.752226028161315 7.4546795029338435 3.8999998986627573 5.00000834464511 
3.500864718433576 0.7000095170281033 17.007901852052715 7.615183434634956 7.402130271309643 3.7603617321882066 5.000000000917911 
3.5002044536775374 0.7000020171282717 17.000007113479843 7.319368301815991 7.421046963149936 3.3118810703623236 5.000002126320545 
3.500446462657006 0.7000118831312334 17.000034764886358 7.301430490781559 7.404587616225653 3.5564233326740964 5.000000024238299 
3.5002561050190737 0.7000079094460417 25.816499051808673 7.750824133948923 7.47002238638219 3.8999998798001956 5.000002557141303 
3.5010102015035742 0.7000094218279772 17.000076245931734 7.75166212980457 7.413791206599086 3.898476482309421 5.0000525533157525 
3.5004375695158405 0.7000042835695443 17.0038876297664 7.301032065896406 7.401735147450855 3.270581921812637 5.000003553645743 
3.5010297283666363 0.7000122856760731 19.49384829775035 7.750566832527608 7.408219124571046 3.899999967292195 5.000000309437718 
3.5004446661852926 0.7000028799766929 26.104740214737525 7.750338781369888 7.427972939592391 3.899999998082354 5.000060256005364 
3.5002975407841883 0.7000032275621146 19.87881902149437 7.75210080121756 7.5496816118413665 3.8999999608255513 5.000002589867518 
3.500884224484881 0.700000294215921 17.000007627699986 7.3039673380062355 7.4124645775320275 3.1903949965786143 5.000001999529692 
3.500446462657006 0.7000118831312334 17.000091957133137 7.301387699233237 7.404600673809638 3.5945088540954955 5.000000066191701 
3.500314644779562 0.7000082087327536 23.23164428838275 7.7583893610693835 7.4288011412514106 3.89999987973214 5.000000332053421 
3.500301619544534 0.7000079138130868 21.782948950528265 7.750353098895059 7.404996956450857 3.8999998799670776 5.0000099673216045 
3.5024747500434588 0.7000079102394745 27.695616838411837 7.751307902823742 7.422367639764078 3.8999999448902227 5.000047822960814 
3.500951293927561 0.7000060029490586 17.00153348728977 7.723150234889992 7.401510601846641 3.760969701370682 5.0000009370047245 
3.5001469126208504 0.7000063044218741 17.000020874166914 7.313497581560329 7.406109249884535 3.1826265506049936 5.0000037523987055 
3.500299457513886 0.7000125590550004 17.000005700438315 7.374957804742273 7.402165646600765 3.4255458108565358 5.000002223904953 
