3.500408177827777 0.7000001419237578 17.000116568041275 7.300384287048467 7.400930321491524 3.169162926881724 5.000000560943317 
3.50006949599456 0.7000002433729668 25.458896787304475 7.762963001861434 7.406472070709967 3.8999999243821684 5.000001728871688 
3.5031515752367817 0.7000005475474927 19.535414690901135 7.751579015080441 7.4040340545391885 3.899999000370875 5.0000007347808495 
3.5001652318025815 0.7000014625500025 17.000003822696225 7.300462946574392 7.401087762406924 3.2914624952039344 5.000000757071647 
3.5010855383077093 0.700000033022519 17.000048003657767 7.595287072365694 7.402077847880455 3.785183861279826 5.000000387125621 
3.500465642262918 0.7000000294662369 17.00007824493759 7.300047631609415 7.42455072673138 3.5180541406999684 5.000010713395792 
3.5001667017166693 0.7000002268343606 18.99747345079875 7.7519561492494224 7.402030515319897 3.8999971872699595 5.000002185061706 
3.500165372431188 0.7000005794522902 17.000431342553476 7.300459651869051 7.401845019186848 3.542090236235673 5.0000004233224145 
3.500068292040181 0.7000000425207838 17.980711849421766 7.752004427957233 7.412696814206843 3.8999998866684824 5.000017870958572 
3.5002513078079383 0.7000005384361286 22.074570008489715 7.7539898264159195 7.4037768774243915 3.8999990784690968 5.0000009324307255 
3.50343593233694 0.7000002794041821 17.000003726051737 7.300392746989811 7.4020510228272824 3.3136878270426995 5.000027712835517 
3.5003149457669074 0.7000000715822772 17.19003983458627 7.7513188178285315 7.427121607829476 3.899999125871822 5.000006490038152 
3.5012377780816504 0.7000780845153689 25.184345090726648 7.751948242103025 7.402705754156247 3.8999986746128323 5.000000593646324 
3.5001574710173906 0.7000000210000649 17.000121456784814 7.648138208261979 7.401170965105185 3.809187277594307 5.000000599604956 
3.500154831428586 0.7000002844328646 17.00000213483438 7.49640801915283 7.402077587977264 3.675792175049997 5.000000405221258 
3.500704936383335 0.7000000717243259 20.648323077082992 7.756692077252166 7.426853363632782 3.8999966204701675 5.000015272710934 
3.500129971194064 0.7000003089866963 24.54890306186631 7.760018656636803 7.4008209929559765 3.8999963170001144 5.000001013462308 
3.5004906755284177 0.7000001235876979 17.000014133187065 7.307470362529324 7.402251679939636 3.206362407233884 5.000000085936007 
3.5004064679734546 0.7000005581031535 17.000036237484345 7.754702758599608 7.402944045238875 3.8304402046205004 5.000001209686785 
3.501084387381513 0.7000001012012429 17.000105801925155 7.319741090085076 7.4393457912104894 3.221032998427327 5.0000058513082575 
3.5001733345707167 0.7000006848913144 17.000011948371483 7.4520269968838875 7.402508126789841 3.257657265044642 5.000000749861119 
3.50017386689491 0.7000001223196248 17.000002364678263 7.300026751757374 7.402933786037792 3.478536995934244 5.000000636190744 
3.500169131156927 0.700001457243855 17.00040183315758 7.358161385522016 7.402452782434174 3.2294021960804304 5.000000630230516 
3.500548117010769 0.7000001667585389 17.000079440770083 7.300397217850656 7.400933554118167 3.181926136574102 5.000001003318304 
3.500398489316161 0.7000001605878728 17.62366824303722 7.750737773420033 7.418043256136641 3.899999894343973 5.000001224953444 
3.500404401992477 0.7000014647061611 17.017436749644247 7.396101953227055 7.4932633778517355 3.6335544240553825 5.000029853028196 
3.5004206192243714 0.7000000715822772 22.587639015786277 7.7513188178285315 7.427121607829476 3.899999125871822 5.000042293081107 
3.5003728147249773 0.7000003610919733 19.86315172409326 7.767594525875908 7.414694581917165 3.8999946622567854 5.000029259811883 
3.501076711746903 0.7000008386325803 23.456515090949527 7.755322117577039 7.429570121925911 3.8999968867740757 5.000000009300055 
3.5001622921652817 0.7000003907716713 17.005843602294448 7.300462946574392 7.4029873573888345 3.27547366607379 5.000000445666781 
3.501249253631674 0.7000003066349946 17.005865109821684 7.703932018894617 7.403837652724977 3.749491767523597 5.000002425927298 
3.500194826475536 0.7000006525112715 17.00013459820394 7.302509872438806 7.400961902604722 3.581179437502507 5.000000833253271 
3.5170381274199265 0.7000005872615132 23.24922342007772 7.750902096176591 7.412120179552401 3.8999723813463545 5.000006508362043 
3.5004104077468283 0.7000009886486226 17.00003729275353 7.753559491510319 7.400945424570408 3.8678003387950906 5.000001151213368 
3.500192595150487 0.7000009511704679 17.00003729275353 7.753559491510319 7.400944103516707 3.852239003210745 5.000001156204466 
3.503820214365954 0.7000005808462378 23.084359753368165 7.753989946962459 7.4011560148646165 3.8999998309594734 5.000061997621402 
3.500642913190063 0.7000004814061017 19.971608825958224 7.754673407544317 7.412536755463338 3.899975470545054 5.000029314609843 
3.500186214862703 0.7000004112280007 21.449424417805954 7.751963549801938 7.42705277633567 3.8999865822866604 5.000048775713511 
3.5001288258459815 0.7000024169194974 24.83795871177435 7.751341558823554 7.4031743003760075 3.8999997726710784 5.000000123435789 
3.500067273117642 0.7000000999691112 20.408333799657928 7.752266217122807 7.4024933689821895 3.899999771118497 5.000000281814098 
3.5002025639361336 0.7000002847305419 24.239853137300567 7.751932535351397 7.402031671752774 3.8999971253540067 5.000000181243077 
3.5033557057935516 0.7000002923305971 25.016454267650325 7.767783401262655 7.401238347810971 3.8999960349306098 5.000017942622201 
3.5003728147249773 0.7000003610919733 23.92274516172585 7.750737773420033 7.406238088405339 3.899999894343973 5.000002238165737 
3.500417677830142 0.7000014387679288 17.000118271053633 7.302290786026038 7.441839408744643 3.5570723696017383 5.000010875395331 
3.500173555338922 0.7000004111902327 21.559018921808935 7.7513289767571685 7.406466883807057 3.89999982168961 5.0000000543707435 
3.500406737283754 0.7000000999691112 24.42335121310672 7.75228227037242 7.4023291855771784 3.89999986220505 5.000000281814098 
3.500598348447728 0.7000004418842143 21.172037827703587 7.751371888877868 7.473057704648088 3.8999996556267162 5.000000433612055 
3.500199509703529 0.7000001030948623 17.000025848283478 7.306279483061095 7.401732205266068 3.4997726081154723 5.00000254488488 
3.5676294869835337 0.7000000402514364 18.132570837880404 7.756692077252166 7.426853363632782 3.8999960463778414 5.000015272710934 
3.5015397945437163 0.7000000335525649 17.00000273128201 7.300462946574392 7.427046104635229 3.4607492119639445 5.0000142919789985 
3.5004255473366888 0.7000002782883378 17.000005175201302 7.304035760627361 7.400927921297761 3.268907253111725 5.000027753708208 
3.5001728868839073 0.7000005563533255 17.000030359302546 7.300280360389 7.402834036514781 3.432991801120587 5.0000051837353885 
3.5004689990319235 0.7000006074786063 17.000001014615023 7.306096736844849 7.400529938976698 3.4479351043793294 5.000000532006242 
3.5004693465229035 0.7000019965204556 25.44827363798452 7.769282500222394 7.405186082248896 3.8999987736403265 5.0000007443480925 
3.50048789390447 0.7000000999043512 17.00127531974508 7.752266217122807 7.402476532595795 3.621156969336862 5.0000002837453215 
3.5001547727394726 0.7000011322102604 17.000386058025573 7.300186932011976 7.402682489391363 3.3753505946628266 5.00000043514096 
3.5001652354681316 0.7000001504509998 17.00000058466735 7.306626140246208 7.402241137981837 3.599177049634308 5.000000747325214 
3.500456391765852 0.7000000426239129 17.684678656021934 7.751318814720176 7.400525960885024 3.899999096833255 5.0000016298734025 
3.5001733345707167 0.7000002368478437 17.00001247327225 7.30183551394365 7.402508126789841 3.2436884650612345 5.000000749861119 
3.50013669653999 0.7000024169194974 21.801764541956764 7.751311001107832 7.4031743003760075 3.8999997697658824 5.000000121229289 
3.500068292040181 0.7000009803464173 18.89715409916391 7.754405453798265 7.411960130893397 3.8999998866684824 5.000017810250384 
3.50343593233694 0.7000002794041821 17.000005175201302 7.300682784309993 7.400927921297761 3.320427269332729 5.000027712835517 
3.500066711659249 0.700001957833732 22.306289925902135 7.7505826681380725 7.433636564734303 3.8999998866684824 5.000005543564908 
3.5000688278833705 0.7000001002975041 20.26825007277803 7.75401172530987 7.40383656126789 3.8999986005699747 5.000000271255726 
3.500407378379474 0.7000005388032438 22.805546813978047 7.75401172530987 7.403785677878965 3.8999986092127386 5.000000271181466 
3.5003728147249773 0.7000003446062654 23.92274516172585 7.750737773420033 7.406238088405339 3.899999894343973 5.000000146271099 
3.50006949599456 0.7000000601804294 23.673109006469087 7.7549272991873215 7.406472070709967 3.8999999243821684 5.000001728871688 
3.5001865425677323 0.7000000999691112 21.110965246367996 7.769131755290246 7.402493256848038 3.899999999144395 5.000000060860895 
3.500420135362416 0.7000014433865661 17.000022348637525 7.68686609134478 7.401080270553069 3.6557786786596815 5.000004428024376 
3.5003827430674144 0.7000000101705972 17.00437103405198 7.351179339565387 7.502010071874684 3.4046924772760954 5.00000203251033 
3.50343593233694 0.7000002794041821 17.000005175201302 7.300539071629254 7.400927921297761 3.3304807580862015 5.000027712835517 
3.500496723553735 0.7000009511704679 17.000003777353662 7.753559491510319 7.400922852280496 3.8901866599152024 5.000030032868105 
3.501084737438142 0.7000014273055919 17.000047288394107 7.45198685969122 7.408010245432756 3.697787839342933 5.000000225504377 
3.5004890754266715 0.7000001030948623 17.000037858976167 7.305110081323589 7.403246093600525 3.5017412645652546 5.00000115846155 
3.50016439965026 0.7000002527166351 17.000120970828654 7.300462946574392 7.422074542018806 3.245093366422773 5.000007780018495 
3.5001639092054577 0.7000001419237578 17.000006061268923 7.300089410576376 7.400930321491524 3.1920003913017716 5.0000325011831155 
3.500405823613746 0.7000005384768162 22.945630540858275 7.752266217122807 7.402442485593263 3.8999997797386095 5.000000281739838 
3.50016276266198 0.7000014391472101 17.000118271053633 7.30228535120668 7.433163767864047 3.3837779949827715 5.000010875395331 
3.50009686391607 0.700000236562734 17.00001247327225 7.30183551394365 7.402491786084723 3.1712419688923097 5.000000740092251 
3.500130540323648 0.7000005573690272 22.38457319816445 7.751579015080441 7.437132813295414 3.899999027922682 5.012736641739402 
3.500155950132433 0.7000011179779734 17.000041323261755 7.303635785746082 7.402720307715648 3.4702210007528445 5.000001156204466 
3.500408537945841 0.7000004130001358 18.614973621641408 7.7513289767571685 7.406466883807057 3.89999982168961 5.000000104765117 
3.501117518960737 0.7000001021432308 17.000295696788235 7.579606800239037 7.401781076018226 3.74620319407786 5.000000053865269 
3.500406737283754 0.7000000999691112 21.78903585901876 7.75228227037242 7.402493256848038 3.89999986220505 5.000000281814098 
3.500164778617496 0.700001000285386 20.89756809082449 7.754407597028879 7.424519406088084 3.8999985351635926 5.000007679711987 
3.5004134010119707 0.7000014433865661 17.000022348637525 7.68686609134478 7.403835777613058 3.656858713799455 5.000004355804703 
3.500165372431188 0.7000001504509998 17.000431342553476 7.300112207480725 7.402246745988052 3.5980027598268314 5.00000009091548 
3.500382703251641 0.7000000077208762 17.00018469616394 7.352619510306201 7.499713379539446 3.417687513097269 5.000002039550127 
3.5001639092054577 0.700000142050082 17.000006007114678 7.53695878718758 7.5060588037447 3.727148584543544 5.000030616422719 
3.50006949599456 0.7000000601804294 23.673109006469087 7.7549272991873215 7.406472070709967 3.8999997732761713 5.000001728871688 
3.5004211974696218 0.7000004130379038 18.462837898690744 7.751963549801938 7.42705277633567 3.8999865822866604 5.007339856096902 
3.500128805642075 0.7000005563533255 17.000030359302546 7.300280360389 7.40281002071446 3.4397739617748497 5.0000051837353885 
3.500166700531595 0.7000003479177914 17.0083805528799 7.358161385522016 7.402454945691322 3.1971574905863362 5.000000535595377 
3.500129060007049 0.7000024218595787 24.87993655125587 7.751341558823554 7.4031743003760075 3.8999969290833314 5.0000000063278325 
3.5001720901733178 0.7000004053552178 20.900656611373194 7.752004426170844 7.424336545342139 3.8999985351635926 5.000000351875588 
3.5002045288387236 0.7000013813786234 24.239853137300567 7.751932535351397 7.4962744155654235 3.8999971253540067 5.000000181243077 
3.5001735032674834 0.7000000228178915 17.00001247327225 7.30183551394365 7.402508126789841 3.363279897261971 5.000000749861119 
3.500470157969454 0.7000000251869507 17.000159657887455 7.495555513344215 7.426022600343593 3.3399062631710987 5.000011387102215 
3.500381175050175 0.7000001393788138 17.00039063752904 7.359641680160045 7.400805210725691 3.3486901817990744 5.000000183418001 
3.500382703251641 0.7000000699736932 17.00437103405198 7.3483341401787525 7.432521965130673 3.4173038398213103 5.000002039550127 
