0.0069085162928862465
0.012832359233647395
0.009611840824549467
0.00888496131846539
0.010905252944263477
0.008698319372795582
0.008045777518275288
0.006576244769084472
0.009329591151818306
0.006899700404821796
0.007008993977876687
0.008184828127917987
0.009092239596125068
0.010687961058268816
0.007745447799396232
0.007730407842270567
0.007389974571425539
0.007542435127286029
0.012431578130905771
0.009235821895731577
0.008051343382195764
0.007896664488316274
0.00883576681266468
0.009533641027263062
0.007375160731530245
0.007533353792446018
0.00740288324477556
0.008686262593890229
0.007587853820487767
0.008582528258412894
0.009141941433532641
0.008907296190763248
0.010474207479912678
0.010085276317867709
0.007832598073439612
0.007123765883844779
0.01118122216721168
0.009069437981649608
0.008883745225351625
0.007410784194109676
0.00750892812222681
0.008760182775163522
0.010130736090147696
0.008709656047096767
0.007289221318580258
0.008920449554717935
0.007527301612921089
0.007821385572092776
0.007020251295814295
0.008474090954284308
0.00845792176777109
0.011036625736047245
0.00765601606913667
0.0068954581967546336
0.007341661657742304
0.008414874867598107
0.007879237399215366
0.008221326405775997
0.009602708120895649
0.007542411555065298
0.007218568371044828
0.008169843206895955
0.007376104519455029
0.008572586805248458
0.01678066083159198
0.008163141417608322
0.00905361447767751
0.008644651354482641
0.01180882808268887
0.00779975903271668
0.008761713269800075
0.007754503762946063
0.008335590286069894
0.008585291843694054
0.007068732192777441
0.011804259034270459
0.00816000403937095
0.0077116053763101045
0.00892031848267516
0.007328606704560606
0.009792294479584567
0.008101650999941312
0.009783184365910969
0.007043422771194421
0.0076543744599759656
0.007585850430100072
0.009266637741644046
0.008029652784611652
0.007587197151271541
0.007577781096237746
0.008064834981717617
0.007351928150249903
0.008716699618728008
0.007483451619803419
0.007489894855670531
0.009609483536735963
0.008052560579558943
0.007880428960676505
0.011437110144091878
0.009377673967223013
