1.0382260197026596 0.04236673045307417 
0.04716214379952117 1.0357178289650257 
0.04716214379952117 1.0357178289650257 
0.44876339801069415 0.9269960260737538 
0.19324336951816484 0.9309750521884378 
0.9212415275035849 0.45282006875508823 
0.9294342761704142 0.19252462982503746 
0.6095959142402771 0.7731199176189676 
0.6705104708437223 0.7724453792226734 
0.9319198644474667 0.18021520747991268 
0.738112369229873 0.7468890620825326 
0.4696724068143739 0.8954409999146071 
0.7729973358413755 0.6358164921191626 
0.1393590475997255 0.9560553821335919 
0.47589024824009785 0.8719278666940351 
0.18428904997796153 0.9309902033800967 
0.15899130768891723 0.9412660817666083 
0.46001571429820354 0.9070277903340139 
0.7732404017737372 0.594843822932199 
0.5000855861716849 0.8331991908382521 
1.003913908781955 0.08935209549489483 
0.5873457738508341 0.7736525637881165 
0.8041906851771824 0.5169437162766843 
0.5048506011413111 0.8115543582625826 
0.7517142666571842 0.7296184304219366 
0.7915037466413931 0.5239073007901447 
1.0155938006940903 0.07688250548172998 
0.7129022954124917 0.762500357217667 
0.5111751748352207 0.805277312894682 
0.8137877544622059 0.5060654516234196 
0.6970765965207624 0.7662231354648528 
0.5225656892552373 0.7929043164371912 
0.1541962788044216 0.9445471118648033 
0.8473981219098812 0.49533476237575075 
0.10929390173485548 0.9909688929715765 
0.48514152020362383 0.8496313129688744 
0.7847113118909508 0.5348776931635085 
0.6847443620659907 0.769993500820971 
0.9596799375959122 0.13450530323039295 
0.48011879130047536 0.8612288277522288 
0.9473119223984653 0.152710150139594 
0.490166388095675 0.838259381352293 
0.4533814383696636 0.9222848430120423 
0.8654788996686652 0.4804339579584893 
0.772887501461663 0.6421989099671128 
0.7696084398394972 0.6910003612213916 
0.7741141596000715 0.5771755270228766 
0.9512511385624034 0.14450698196127515 
0.7802834333914317 0.5455271205221605 
0.7644942251631258 0.7094703210419055 
0.9707703048272796 0.13182810371345743 
0.5705259398104026 0.7751199801408842 
1.0337661335652277 0.05384489285173742 
0.8277954157658446 0.4954410217772625 
1.029774831904582 0.06310510134265682 
1.0208054390527874 0.06924252528531283 
0.7715919809477625 0.6652847934986514 
0.7271111618550924 0.7596202400105576 
0.5609391765406571 0.7764718585176348 
0.11973298827648221 0.9751965882469454 
0.755192455618703 0.7260017247723176 
0.7618783007210911 0.7135660163693636 
0.7783183831846751 0.558977298121795 
0.9182802064149661 0.45836259916365973 
0.7715919809477625 0.6652847934986514 
0.8235763852813958 0.5005983859544353 
0.9844490600358815 0.10915392977416569 
0.5225656892552373 0.7929043164371912 
0.10243414521711226 0.991217089388092 
0.9473119223984653 0.152710150139594 
0.5446201218068035 0.780623212502455 
0.06284970461942521 1.0263769780051517 
0.08402108307698444 1.0090510003383648 
0.7752520434914877 0.5661438902528757 
0.9043200399764282 0.4613217164031511 
0.8918378424636256 0.4683657745451617 
0.8545223579690886 0.4881571953792512 
0.9294342761704142 0.19252462982503746 
0.5482436231159736 0.7793275021945948 
0.7696084398394972 0.6910003612213916 
0.9957658389590919 0.09831097510418331 
0.11973298827648221 0.9751965882469454 
0.08402108307698444 1.0090510003383648 
0.8780776373845293 0.4741639260855485 
0.13023580422253955 0.9653838257412486 
0.07130757380977937 1.0193118112687463 
0.9957658389590919 0.09831097510418331 
0.13023580422253955 0.9653838257412486 
0.9766485080095075 0.12216355558930353 
0.07130757380977937 1.0193118112687463 
0.855898054676685 0.48312339854117203 
0.9844490600358815 0.10915392977416569 
0.8780776373845293 0.4741639260855485 
0.8918378424636256 0.4683657745451617 
0.09395563170117727 0.9992590405130554 
0.09395563170117727 0.9992590405130554 
0.7732404017737372 0.594843822932199 
0.06284970461942521 1.0263769780051517 
0.9766485080095075 0.12216355558930353 
0.5446201218068035 0.780623212502455 
