1.0388232594904518 0.04462118675375863 
0.05368370812089565 1.0327821534593604 
1.0388232594904518 0.04462118675375863 
0.05368370812089565 1.0327821534593604 
0.4491192488582442 0.927298438528305 
0.9122775819231244 0.457914064695938 
0.9290942156398811 0.1981598766594881 
0.19697678057215928 0.9313182557004775 
0.7724268718465805 0.6714859890005189 
0.950946272818681 0.14586468791669174 
0.9667651526144757 0.1268598580418089 
0.12073679718946465 0.972646136721351 
0.773189428233378 0.6186630218483339 
0.09555529455021466 0.9975890464653431 
0.10750551406964357 0.9893066967723626 
0.5634452472873088 0.7756182842297852 
0.5110890295566272 0.8036163001911357 
0.774255893132316 0.5831794130312233 
0.8665866233693771 0.4829668184055487 
0.6630792009134034 0.7727469902901322 
0.5239569766336956 0.7970004836748636 
0.545429041797526 0.7808225009857902 
0.7818088230268979 0.5414173493203971 
0.4585224166657304 0.9101472562756858 
0.17997992269253946 0.9316956138038821 
0.14405692385871535 0.9514532949636793 
0.49798196265855965 0.8228571926630143 
0.5344230703295652 0.7860978027189376 
0.7678887516539121 0.6912726441107111 
1.0002599024023204 0.09735810336762599 
0.1657191659308634 0.9383195112156562 
0.77383727557394 0.6161046547585738 
1.0077041939852893 0.0851315495987391 
0.5868645342815255 0.7736036678958123 
0.5965843080321331 0.7732258243481337 
0.15968356031052663 0.9484138053292808 
0.7332127160383309 0.7514160178510129 
0.5002403957925896 0.8188540326472982 
0.8100615920216544 0.5098497879236052 
0.47725194828661766 0.8691351284961 
0.8783119426316979 0.4731926958106119 
0.6797202122580543 0.7698423987067076 
0.77491382075307 0.5736098233808956 
0.7044887397298402 0.7670160924956877 
0.08033432825666184 1.0129923676617527 
0.9412077842390864 0.15914621292639672 
0.6884700385857231 0.7682785116452736 
0.9336344167453899 0.177961349074614 
1.0270948900063122 0.06081421291440895 
0.7110477877926543 0.7617192542438916 
0.08033432825666184 1.0129923676617527 
1.0270948900063122 0.06081421291440895 
0.7612627233292731 0.7152241028265579 
0.89865942814416 0.4642514790649277 
0.4845738362018582 0.8507123591790176 
0.4884146499668821 0.845115359391477 
0.8480167683090523 0.4860900305071036 
0.6216420033149873 0.7731500725079543 
0.06658216645653169 1.0252464620243575 
0.8185920630058025 0.5012061604349785 
0.9291056617985608 0.19801940868714146 
0.7982877349516521 0.5158624799475193 
0.13490912757303083 0.9617756553010759 
0.4702939917042302 0.8847084178871901 
0.7720733610222487 0.6833083669308991 
1.015744897133404 0.07651726526478762 
0.8325490429013799 0.4931935372997246 
0.7528075058459452 0.7285508240309542 
0.9336344167453899 0.177961349074614 
0.9122775819231244 0.457914064695938 
0.6402342239753951 0.7729440043983213 
0.9895319569123818 0.10400322716573673 
0.9773442840758281 0.11618577412173618 
0.9773442840758281 0.11618577412173618 
0.89865942814416 0.4642514790649277 
0.4702939917042302 0.8847084178871901 
0.7769942143966165 0.5561771979496679 
0.4633810938902651 0.9020894158872975 
0.789049336951653 0.5287124680234662 
0.7426450801057269 0.7408353621240866 
0.06658216645653169 1.0252464620243575 
0.8325490429013799 0.4931935372997246 
0.19697678057215928 0.9313182557004775 
0.9412077842390864 0.15914621292639672 
0.7426450801057269 0.7408353621240866 
0.7528075058459452 0.7285508240309542 
0.8783119426316979 0.4731926958106119 
0.789049336951653 0.5287124680234662 
0.13490912757303083 0.9617756553010759 
1.015744897133404 0.07651726526478762 
0.761813035796955 0.7106365723088823 
0.7332127160383309 0.7514160178510129 
0.9895319569123818 0.10400322716573673 
0.6402342239753951 0.7729440043983213 
0.6216420033149873 0.7731500725079543 
0.8480167683090523 0.4860900305071036 
0.4812395092786699 0.8641169200177062 
0.9290942156398811 0.1981598766594881 
0.7110477877926543 0.7617192542438916 
0.7769942143966165 0.5561771979496679 
