1.038486438702065 0.04510685362297717 
1.038486438702065 0.04510685362297717 
0.045774351723826975 1.0366890833587925 
0.045774351723826975 1.0366890833587925 
0.9224152549653908 0.45140310403970285 
0.19452966852314243 0.929276199618728 
0.4626266543237442 0.9058591363850088 
0.9296869380571955 0.19461868958780776 
0.770843139704973 0.6745154786470097 
0.773130605322512 0.6028883043225409 
0.16735899983018665 0.9364660143521157 
0.9366103820919317 0.16806771317054717 
0.7656227134457084 0.6988843382362998 
0.14989710781459004 0.9471637986367939 
0.7879901632303339 0.5306590043114529 
0.9833018614986443 0.11089876124446837 
0.5588533754253465 0.7764833396886224 
1.0251215289688766 0.06655417019606089 
0.6792479244358013 0.7710338420107954 
0.5974637620257828 0.7732168490529245 
0.9538749561121082 0.14203376348749708 
0.7343971489490069 0.7486888850755403 
0.637095242497312 0.7729956536809722 
0.637095242497312 0.7729956536809722 
0.4743434775470897 0.8757852609941381 
0.11043513965175294 0.9879176007480732 
0.5293355675559834 0.7889974120686051 
0.7981318004583086 0.5175290113536095 
0.7501565998276972 0.7320850020367833 
0.8050653889278789 0.5108393359137041 
0.9039685363799199 0.46301796999335043 
0.7762237408954875 0.5603060949179339 
0.5934373514021717 0.773408133931497 
0.7127653412389651 0.7608878604808416 
0.192362543274132 0.92962966622123 
0.8685290207748133 0.47767728236323803 
0.722455147507546 0.7562935681396898 
0.8204925391853123 0.5042321945394257 
0.9300374274683633 0.19150494100540325 
0.746382482289401 0.7376244241678923 
0.8437550023314506 0.4962666344622974 
1.002659304109823 0.09053115742663018 
0.8265084512207406 0.49871180994056497 
0.4930617985745043 0.8388430009518091 
0.4967629788860489 0.8247344032352445 
0.5165920630983756 0.7975537856307269 
0.13004105810993977 0.9697271174946592 
0.07406254465421161 1.0170604769245695 
0.4626266543237442 0.9058591363850088 
0.770843139704973 0.6745154786470097 
0.07406254465421161 1.0170604769245695 
0.5522798321358414 0.78073807003449 
0.9988432037184437 0.1008071579192238 
0.7598374428305765 0.7149577302125272 
0.8543336593067864 0.48318623469908956 
0.48679754868368685 0.8456494850945462 
0.7738045903328609 0.5808842817384142 
0.503973842293657 0.8193689716021604 
0.773130605322512 0.6028883043225409 
0.12290850750947821 0.9707243666913522 
0.056970833209546906 1.029992748767963 
0.8889394254378964 0.4695058964000937 
0.46765754311752106 0.8946786211569814 
1.0113938685804937 0.08166733019483419 
0.056970833209546906 1.029992748767963 
0.8461512929333531 0.4864683559255161 
0.6976079990241625 0.7660809857994354 
0.47854070267781157 0.8649699177502609 
0.774875395746776 0.5790762304592979 
0.7598374428305765 0.7149577302125272 
1.0113938685804937 0.08166733019483419 
0.1390022543398407 0.9580381851753124 
0.0978552204592752 0.9996482004991823 
0.08755211563118957 1.0054476519044484 
0.9453803132503799 0.15487692881928952 
0.9453803132503799 0.15487692881928952 
0.9015221288957929 0.465843289516104 
1.0313565674252583 0.05430797136761745 
0.77905753937317 0.5482997777334669 
0.5129146025433654 0.8021294156299612 
0.8889394254378964 0.4695058964000937 
0.77905753937317 0.5482997777334669 
0.6792479244358013 0.7710338420107954 
0.6976079990241625 0.7660809857994354 
0.1390022543398407 0.9580381851753124 
0.9713416598949461 0.122388096540289 
0.867682140981128 0.48231811873230834 
0.5388043906929296 0.7827860084505881 
0.9638124305777169 0.13021077127537328 
0.08755211563118957 1.0054476519044484 
0.47854070267781157 0.8649699177502609 
0.9713416598949461 0.122388096540289 
0.0978552204592752 0.9996482004991823 
0.46765754311752106 0.8946786211569814 
0.9638124305777169 0.13021077127537328 
1.033289788410494 0.053693998795710844 
0.11666063931551658 0.9806204724073188 
0.48679754868368685 0.8456494850945462 
0.503973842293657 0.8193689716021604 
0.9988432037184437 0.1008071579192238 
