0.0461856279595777 1.0401935001277087 
1.0372987794424982 0.044416705533026735 
0.0461856279595777 1.0401935001277087 
1.0372987794424982 0.044416705533026735 
0.9258498256568949 0.44916818974414563 
0.19257030439055559 0.9294418346706712 
0.4496561495987079 0.9249354271963078 
0.9297936366702189 0.18971814404066023 
0.6628065639637587 0.7719243922537823 
0.5891219514756143 0.7733965409773654 
0.7489304859450521 0.7355879365979311 
0.8052825925991829 0.5094648610561975 
0.7131730752769407 0.7632497856033891 
0.793940935937466 0.5203260583296719 
1.0151898257633716 0.0768859349256165 
0.5507953429584544 0.7784025485324584 
0.4863875452976907 0.8476392197674877 
0.7629580234973621 0.7105369529190374 
0.7736306617255605 0.5972505166743618 
0.9573806512842329 0.1397652635629491 
0.7731178325051733 0.6112462637554543 
0.8841134956242301 0.4708622431859508 
0.13470585472397806 0.9605947506674755 
0.1732069513662204 0.9359999572620572 
0.7682181084347446 0.6901440489534066 
0.1625138586754959 0.939445077725946 
0.9651492634117368 0.1286023688213299 
0.4612401538880254 0.9065494813394315 
0.938435787638393 0.17223742682882842 
0.5166653424698949 0.7984910293836829 
0.9090240638814631 0.4604996649008664 
0.9038448779909989 0.4624861458850806 
0.9748283534306422 0.11862631399301453 
0.9909308593460863 0.10318974761613102 
0.877859431745386 0.47792597114108587 
1.0055102454932503 0.08886620432337873 
0.7311014208891271 0.7505418442123443 
0.7702512479957904 0.6782166057109681 
0.5287299267498514 0.787727568613784 
0.9854051639147625 0.11404158062321039 
0.9459541949693477 0.15218764796609435 
0.5350394088878124 0.7852313137116345 
0.07451640433845713 1.0192350254756024 
0.10870434184457135 0.9860151149957639 
0.7747738379972163 0.5698136832173784 
0.7311014208891271 0.7505418442123443 
0.8224897268754386 0.49846580206826113 
1.0272305137312496 0.0625386526342861 
0.47940360497134404 0.863640621166512 
0.0913585751652155 1.0091681174226619 
1.0008657848289517 0.09590048580878818 
0.10870434184457135 0.9860151149957639 
0.8418119810384638 0.4884650339328454 
0.7729697483981752 0.6388726418362576 
0.04793922049577534 1.0354240739069007 
0.8418119810384638 0.4884650339328454 
0.8224897268754386 0.49846580206826113 
0.07821009064301848 1.013457923417556 
0.1475630126082151 0.9490898711426823 
0.8602142147605224 0.4804817343036907 
0.77801365295309 0.5520102951507694 
0.4675155659154733 0.8954366430278431 
0.7722815045769382 0.6614270387787663 
1.0272305137312496 0.0625386526342861 
0.7849074873761034 0.5376614064682327 
0.5098852138499121 0.804740295427882 
0.7849074873761034 0.5376614064682327 
0.480626088281243 0.8626658622158764 
0.47094000153859655 0.8831108557460078 
0.7729697483981752 0.6388726418362576 
0.1475630126082151 0.9490898711426823 
0.09525777111382683 1.0004213890193283 
0.06080339001344468 1.0272326331011874 
0.6979922386224038 0.7663258225382414 
0.7572352128007522 0.7233971701485393 
0.4948363432825195 0.8303225192796242 
0.5711589975970527 0.774663880180719 
0.8602142147605224 0.4804817343036907 
0.06080339001344468 1.0272326331011874 
0.47094000153859655 0.8831108557460078 
0.4986316414323732 0.8215339787210568 
0.5711589975970527 0.774663880180719 
0.6792911501480917 0.7702279866897618 
0.6792911501480917 0.7702279866897618 
0.4986316414323732 0.8215339787210568 
0.9459541949693477 0.15218764796609435 
0.12749571193228426 0.9699021358066697 
0.5884425743210585 0.7745743000841757 
0.6979922386224038 0.7663258225382414 
0.7747738379972163 0.5698136832173784 
0.9329183888225058 0.1765513899252615 
0.09525777111382683 1.0004213890193283 
0.6628065639637587 0.7719243922537823 
0.7572352128007522 0.7233971701485393 
0.12504515604709676 0.970676525440865 
0.77801365295309 0.5520102951507694 
0.5098852138499121 0.804740295427882 
0.7722815045769382 0.6614270387787663 
0.4632697474681555 0.9000388216636465 
0.4948363432825195 0.8303225192796242 
