0.04661497769482183 1.0359667559176222 
1.0370758262953832 0.0444964433961821 
1.0370758262953832 0.0444964433961821 
0.04661497769482183 1.0359667559176222 
0.44996431465612474 0.9244406748991597 
0.9187114025647196 0.4566268768095556 
0.17494027706416124 0.9334375020806647 
0.9290629294003079 0.19975052231422877 
0.7733731024733314 0.5941095716768363 
0.7729069692569792 0.6424115532764447 
0.7567087710641546 0.7219290398588246 
0.6534643309646345 0.7725965321626987 
0.6015957942970536 0.7731421766023095 
0.8621881284083603 0.47968894093335035 
0.9362883014258868 0.16756820372275516 
0.4582322548807448 0.9108973130158267 
0.1483714252837678 0.9488997768081661 
0.09216269115290054 1.0066504464413146 
1.00743259028607 0.08661670465927584 
0.8114431128758519 0.5048248766863894 
0.8477877820085237 0.4887760768878323 
0.7039788087165106 0.7689917476031508 
0.9308996178349148 0.18728112755582954 
0.5314515950782878 0.786194654336265 
0.7318526988481449 0.75595521421542 
0.8829643376434384 0.47253923194634656 
0.9782162820281067 0.11537301835146098 
0.11212935851652661 0.9833331963905632 
0.7723579548549766 0.6553403675583078 
0.8889942704200873 0.46839232698870925 
0.5534111657012608 0.7831122681206372 
0.49002388750834175 0.83868736288391 
0.774160558141506 0.577028624770122 
0.8334400715660074 0.4927567799361041 
0.822702100996871 0.49790604075730915 
0.7908275227038726 0.5247671564699893 
0.5653918991902652 0.7765204217712235 
0.5053285424170811 0.8122706282263403 
0.13280445855518586 0.9614418084675752 
0.49516242635590524 0.8278166413922807 
0.7808127731154593 0.542934849968696 
0.7666638530127539 0.6961978658935415 
0.5149094780345917 0.7997707363860793 
0.9566890306478905 0.13830106966055555 
0.13428484621915826 0.960895267264432 
0.0746207701875068 1.0164835427891408 
0.6845100312874557 0.7690286588626325 
0.46955388967948214 0.8959660341493699 
0.678813794959444 0.7715298593767965 
0.09945211686519612 0.9945277173283296 
0.9566890306478905 0.13830106966055555 
0.660632310336936 0.7720428403474046 
0.9456369972185802 0.15227940999058925 
0.5032027948963116 0.8205839309024899 
0.9914435745884378 0.10559732904486219 
1.02910875941938 0.058459828310072626 
0.7159498341060282 0.7597937102733887 
0.5389271742081055 0.7850379208315635 
0.5840444992727531 0.7736143175187861 
0.4853166780225332 0.8529589383089221 
0.7773880226504525 0.5580645356333389 
1.0164851791458092 0.08610639696520583 
0.7703707014158037 0.6875951304060084 
0.16106252253070935 0.9400427390024446 
0.055326346119404894 1.0314370114378684 
0.4827322625927215 0.8561215772603676 
0.055326346119404894 1.0314370114378684 
0.9456369972185802 0.15227940999058925 
0.472920003129254 0.8799518448358006 
0.7888883804258935 0.5399428034964217 
0.5149094780345917 0.7997707363860793 
0.17494027706416124 0.9334375020806647 
0.9290629294003079 0.19975052231422877 
0.9712468239607519 0.1227153793277629 
0.11751741224355844 0.9760852749889141 
1.02910875941938 0.058459828310072626 
0.7761984565546775 0.5626325146455596 
0.8002017040648465 0.5173846321323613 
0.9712468239607519 0.1227153793277629 
0.4739053161228683 0.8770241547464027 
1.0208653498483276 0.07586513201540727 
0.5790508340400954 0.7754008965171467 
0.16009404851452785 0.9422585718817929 
0.7482257767184184 0.7347932277052068 
0.9059353218934603 0.46047715636469383 
0.7704899165642773 0.6759876996820761 
0.9059353218934603 0.46047715636469383 
0.11751741224355844 0.9760852749889141 
0.09790811905438201 0.9958686979752506 
0.07437478078000129 1.0166800215008842 
0.7482257767184184 0.7347932277052068 
0.7399657311470206 0.7453553499622756 
0.7399657311470206 0.7453553499622756 
0.8002017040648465 0.5173846321323613 
0.7666638530127539 0.6961978658935415 
1.0208653498483276 0.07586513201540727 
0.9923489960458557 0.1040395133656043 
0.46955388967948214 0.8959660341493699 
0.6015957942970536 0.7731421766023095 
0.9923489960458557 0.1040395133656043 
