0.05196142896067651 1.0343236031860135 
1.0385908381691265 0.04245599779882451 
1.0385908381691265 0.04245599779882451 
0.05196142896067651 1.0343236031860135 
0.9321862278337544 0.17827526720406942 
0.928782279242802 0.453540214869385 
0.45332366862651774 0.9195367469295045 
0.1958985260817123 0.9292549692307831 
0.6686616204816921 0.7725354442020355 
0.7722327874233986 0.6572906496535188 
0.6137352583867702 0.7731513219565538 
0.7731176793626665 0.6299260380044951 
0.06815400590761286 1.0221871189309193 
0.8587340320269948 0.48127837097312837 
0.7883530705438269 0.5278883391636575 
0.804754694483274 0.5153843994181124 
0.5381531201319832 0.7830710501762554 
0.08876493578377731 1.0100913582719702 
0.11958815724726159 0.9742213522780396 
0.9050964910274346 0.46174524965459196 
0.820597774306578 0.4991969305809507 
0.7311722530784837 0.7544189695141993 
0.5097136720972835 0.8061855295706171 
0.5183762875364886 0.7961591598008749 
0.4688290568114906 0.8943116508277532 
0.5967573360909036 0.7734069752096548 
0.49359719026162485 0.8368199197934854 
0.7812626776980218 0.5500427603712303 
0.5809714958447938 0.7754271083787877 
0.7704828346093184 0.6830809073772602 
0.5016003577495096 0.8164596932397349 
0.46188979384329376 0.9049621819608549 
0.9441998455404658 0.15411404680301533 
0.9895416014059566 0.10409406813127076 
1.0267138120051853 0.06131088065300107 
0.7521687476356371 0.7297039845738055 
0.558177389112432 0.7782190410444384 
0.6888403761401962 0.7704252208884881 
1.0064424277927044 0.08944059596312426 
0.741127094496109 0.7422145723391049 
0.5295582073509293 0.7897364910221172 
0.08032678996271111 1.0139207766951979 
0.9760501084762262 0.11732244483203952 
0.1958985260817123 0.9292549692307831 
0.7652505216595223 0.700759765109491 
0.8092738011951208 0.5070022980253717 
0.9210535133854956 0.4537111533506385 
0.7609469742680772 0.7128591840704791 
0.9971377313885432 0.09605551570384409 
0.8994985939941178 0.4702896510502487 
1.0266493059204642 0.06469081739258836 
0.13312032846418248 0.9688609290959372 
0.8859841342012824 0.47379567741987033 
0.6987855931646948 0.7666848666870436 
0.4836319822303554 0.8529193741492163 
0.17348720775612997 0.9343070058165757 
0.47251696315951003 0.8797803338698014 
0.9560638160713986 0.13926200763184482 
0.7828061047275535 0.5383064774812798 
0.7733984329765679 0.6055245440895424 
0.05279448315403038 1.033819589330256 
0.4959208035819535 0.8268646499820792 
0.7141207684528426 0.7619444591937433 
0.855210204847398 0.4878619266132111 
0.9807086827305381 0.11380688803366715 
0.9551835622071542 0.15011091519382616 
0.15783734808819128 0.9418273718861695 
0.48532835848928774 0.851294370977908 
0.8343682470520821 0.494418730238656 
0.5641835412082171 0.7755575158329888 
0.757451378450108 0.7248875058845029 
0.10024156807465617 0.9936901019706879 
0.773871387562841 0.5813315240907141 
0.7735317917927464 0.6013780154808821 
0.9659218636894065 0.13157390537532943 
0.45659860952589604 0.9164159842461327 
0.7686572563978354 0.6883933963986019 
1.013908337301247 0.0796886625283827 
1.013908337301247 0.0796886625283827 
0.6697578479313171 0.7711500029757304 
0.7400003963217953 0.7505365846049492 
0.47571284304252404 0.8718484732348691 
0.145922995679431 0.9525248180487123 
0.8859841342012824 0.47379567741987033 
0.10024156807465617 0.9936901019706879 
0.17348720775612997 0.9343070058165757 
0.13533929701670935 0.9590184832072824 
0.8343682470520821 0.494418730238656 
0.10922356624614363 0.9842163711086416 
0.15783734808819128 0.9418273718861695 
0.10922356624614363 0.9842163711086416 
0.9372526614297122 0.16639262258340737 
0.145922995679431 0.9525248180487123 
0.9659218636894065 0.13157390537532943 
0.6137352583867702 0.7731513219565538 
0.7757454085335015 0.5662053135419568 
0.9372526614297122 0.16639262258340737 
0.774233904792767 0.5767115901531086 
0.7757454085335015 0.5662053135419568 
0.47571284304252404 0.8718484732348691 
