1.0383507970154264 0.0420004278452291 
0.042984551235723034 1.0381584053741986 
0.042984551235723034 1.0381584053741986 
1.0383507970154264 0.0420004278452291 
0.4470054316063134 0.9293942297734541 
0.9187757089643377 0.45342851799032075 
0.9291977513818275 0.195910204753799 
0.18065702719878418 0.9317541948133495 
0.773295794296927 0.5937085897450838 
0.7719996518956918 0.6603368787091239 
0.06269427566628284 1.0258270382900128 
0.67893916736944 0.7704270495447035 
0.7427312354691492 0.7405739049674906 
0.5443923274699383 0.7803294609965971 
0.07735761936893915 1.0160252280354167 
0.9451675883441879 0.15247936163036652 
1.025062627217842 0.06382370060085135 
0.9049583846513009 0.4618645846222754 
0.9669683290372221 0.12666642762542185 
1.0152071901648243 0.07753905721634556 
0.650743452853805 0.7728177886290228 
0.7985928971967029 0.515392610197883 
0.16215504121331975 0.9500831980449442 
0.11782060378365572 0.9766799327183058 
0.980621253814579 0.11277001748826415 
0.5154017519492464 0.7990581714174849 
0.598974414585257 0.7732377421327646 
0.46035523739921536 0.9193126838719956 
0.8547930168426824 0.48332997793744725 
0.16995054507770518 0.9355197636281434 
0.9318419478802838 0.18041647101677188 
0.5696715338940647 0.7748811179069648 
0.7127200274438317 0.760961462892854 
0.470139746250157 0.8877322547945854 
0.10257819417166916 0.990954800345348 
0.14664329903543188 0.9510945022553062 
0.7334720012065805 0.7492427156322593 
1.0351647612904706 0.05562517299062497 
0.5283493190163893 0.7880612030888039 
0.9886717636893643 0.11011573503076905 
0.7575289373561385 0.7225460780351244 
0.505643372908059 0.8143910604822835 
0.7707959257877528 0.6808827533221605 
0.8914278481571136 0.4676374478616571 
0.7881501734850156 0.528545630529876 
0.8849957535141949 0.4736560764388706 
0.565041551930089 0.7755555265468436 
0.6684715408858807 0.7717281372611045 
0.4950281916590965 0.8306635315003458 
0.4725620279285452 0.8820307703736541 
0.7684642766228107 0.6887500184458158 
0.8150954277304722 0.5024805262301542 
0.14109319994530772 0.9644913640377184 
0.7792275846151588 0.5494901281453467 
0.9628738724520315 0.13528589561905402 
0.4788630810653866 0.866296995897042 
0.7748154576302009 0.5708914671662011 
0.7751159510572626 0.5687997115115004 
0.48707052601991224 0.8495378422384829 
0.08876976294922548 1.0044978268195581 
0.7792275846151588 0.5494901281453467 
0.6300690864420192 0.7730528965176507 
0.4804561358577992 0.8627524826170916 
0.08876976294922548 1.0044978268195581 
0.6053129506417598 0.7731806472364582 
0.7575289373561385 0.7225460780351244 
0.997458914689294 0.09573119895553017 
0.773295794296927 0.5937085897450838 
0.5257693872972657 0.796619142435967 
0.8070383250446557 0.5083732349878713 
0.5011417315021978 0.8172087930479269 
0.46053328568473184 0.9056877786204789 
0.7881501734850156 0.528545630529876 
0.9366971898840896 0.16688688809862104 
0.7719996518956918 0.6603368787091239 
0.8696411714094332 0.4768635030086814 
0.830656945092843 0.4936755897403554 
0.830656945092843 0.4936755897403554 
0.11258439188030506 0.9842243383443215 
0.7127200274438317 0.760961462892854 
0.48707052601991224 0.8495378422384829 
0.6300690864420192 0.7730528965176507 
0.9539492390995399 0.1411804517140338 
0.7642982118283171 0.7042609450137991 
0.4974769645311907 0.8295646951539843 
0.9366971898840896 0.16688688809862104 
1.0075195915289767 0.0863044026964222 
0.7251769783406925 0.758269693952115 
0.7642823594760745 0.7042795094509401 
0.13361466093784588 0.9669143678761807 
0.997458914689294 0.09573119895553017 
0.46053328568473184 0.9056877786204789 
0.8696411714094332 0.4768635030086814 
0.843323775235762 0.4876840375688203 
0.13361466093784588 0.9669143678761807 
1.0075195915289767 0.0863044026964222 
0.843323775235762 0.4876840375688203 
0.10790489036801765 0.9881608466941546 
0.7245249885716589 0.7586450350739954 
0.9539492390995399 0.1411804517140338 
