0.046475174997059436 1.036436026557325 
1.0385240100034479 0.044327980822559045 
1.0385240100034479 0.044327980822559045 
0.046475174997059436 1.036436026557325 
0.9185164153796402 0.4551774081895484 
0.4559425826436308 0.9231514844747444 
0.18879628615767133 0.9302354304148662 
0.9300272834189035 0.18762554957071353 
0.7744376258745064 0.572952156901915 
0.7724682268037906 0.6634025940218577 
0.1095277976774004 0.9846154281222268 
0.6493406638108421 0.7728459874818774 
0.6032660719228199 0.7733187505372198 
0.966635119861798 0.12696513877459994 
1.021054657252975 0.07138270553088313 
0.7707693592531715 0.6733541632802625 
0.9542078311344705 0.14098467710536752 
0.09736750964039494 0.9982673892689822 
0.7570147557617031 0.7217346911772679 
0.6736835873345206 0.7711647639043595 
0.13960246262937906 0.9551669821231201 
0.7661212640735701 0.6990453178621431 
0.7794062023413292 0.5485626551531805 
0.9339745262963464 0.17318183032084125 
0.5197686371303626 0.7975074638756584 
0.9410601891457298 0.1611341178667073 
1.0120554353915001 0.08316044134363959 
0.5080572438444462 0.8073337943207556 
0.8019153516766628 0.5122714415290555 
0.15399862740079637 0.9442769007125219 
0.4966055531034178 0.8259804135559887 
1.0079459498815782 0.0951292432738431 
0.8136476327162468 0.5038580130286165 
0.9473973165926703 0.1496289796150217 
0.9846345108319464 0.11304458476574686 
0.54855084919422 0.7791696104294805 
0.9768921606194554 0.1210363877253969 
0.9018804564454188 0.46697128418593903 
0.5341997153845136 0.7847762732209983 
0.7101284694544361 0.7634152895738201 
0.502775948784588 0.8160938987934636 
0.7769532828387044 0.5625435980528191 
0.8687391072039036 0.4792300062639735 
0.13232004082017293 0.9620419962823628 
0.9077707626107651 0.4598017467348597 
0.4768824323706917 0.8719549873540786 
0.4840986953012605 0.8516283206550287 
0.5778122683225092 0.7742508738216058 
0.5328929184782562 0.7949480223613857 
0.8367554227558289 0.4918266674671699 
0.8873665006817502 0.4714553488492327 
0.4687793986319608 0.888220852923842 
0.8473907246683579 0.48635393077621575 
0.05363892783434197 1.0360537772519465 
0.6519598395327945 0.7728031844462894 
0.9300272834189035 0.18762554957071353 
0.6032660719228199 0.7733187505372198 
0.8687391072039036 0.4792300062639735 
0.6872474633674738 0.7686265043795786 
0.15921052223458404 0.9407939646511171 
0.4687793986319608 0.888220852923842 
0.4598308487240618 0.907002869031198 
0.7852881715489919 0.5330065705983547 
0.07435643245575052 1.0169065454253658 
0.8219674134860693 0.4989151665214176 
0.9948827764263157 0.10581838141933853 
0.9948840044513334 0.09947763335092677 
0.7636790143839604 0.7142646886178211 
0.4768824323706917 0.8719549873540786 
0.12533068993626764 0.9695417214147559 
1.0292362851476269 0.05782222552317229 
0.4598308487240618 0.907002869031198 
0.727531526713741 0.7550266979222265 
0.7101284694544361 0.7634152895738201 
0.12533068993626764 0.9695417214147559 
0.07435643245575052 1.0169065454253658 
0.8320089486256224 0.49806211408824436 
1.0292362851476269 0.05782222552317229 
0.5769027172700734 0.7743600843875688 
0.7326268139842744 0.7497677516693797 
0.0640611151593663 1.027643185482395 
0.5585443067314958 0.7765048430898159 
0.08829764284991463 1.0052624716745433 
0.08829764284991463 1.0052624716745433 
0.794473426605846 0.5198820205705901 
0.17177758082932737 0.9367641128474927 
0.4845310028558202 0.8513544171055812 
0.4903507909555591 0.8375393238905131 
0.18370118350002318 0.9354943766677131 
0.7852881715489919 0.5330065705983547 
0.8878533680184587 0.4713586110340187 
0.6872474633674738 0.7686265043795786 
0.0640611151593663 1.027643185482395 
0.8473907246683579 0.48635393077621575 
0.7638671222656973 0.7049932223728698 
0.4903507909555591 0.8375393238905131 
0.794473426605846 0.5198820205705901 
0.7463439146477341 0.7375617622935842 
0.7459874420860337 0.7391619961565694 
0.727531526713741 0.7550266979222265 
