1.0335171623403812 0.050866445080001224 
1.0335171623403812 0.050866445080001224 
0.04611670335683253 1.0397390713802441 
0.04611670335683253 1.0397390713802441 
0.19452324396899762 0.9296841791268934 
0.9296077307961156 0.4492379427596633 
0.9296703980945092 0.18990066425444285 
0.4512538572885203 0.929165039651114 
0.5815629811549237 0.7737674971885731 
0.653555918107521 0.7724517206706997 
0.7731396900454341 0.605796952187043 
0.7729520925671586 0.6594575189432377 
0.06328098524288754 1.0255386859170799 
0.7085120497791155 0.7650790443438313 
0.17157977590491807 0.9345604129487741 
0.892395141027263 0.4674899841368736 
0.89396667068788 0.46608539057448645 
0.7621172656372279 0.7126737379874799 
0.8454768322936683 0.487692464803653 
0.5005743518253492 0.8193234925520486 
0.5280106930977247 0.7881773117677908 
0.46129221560164974 0.9104329449055202 
0.4749155620633468 0.873668734510228 
0.8619759588415421 0.48092006143931315 
1.0026683515016876 0.09107569519683595 
0.7711327365544346 0.669931664798125 
0.07900872150249688 1.0171845525676937 
0.7340574206014111 0.7498452600117701 
0.679430610369949 0.7698822309543063 
0.9351538759029099 0.17025223691303143 
0.8321827300137499 0.4935937816041566 
0.9972651714301304 0.10129479400999798 
0.10127254190591645 0.9968058583893131 
0.774402044723292 0.5910080499655078 
0.9579050721826284 0.137761886203776 
0.4695720791137638 0.8908417788883154 
0.9829084634877194 0.11109680187430529 
0.9465819775605954 0.15095103509376026 
0.7197651237314645 0.7585275124870878 
0.9388430067384131 0.16360630385014674 
0.09398456144390088 0.9992236365057497 
0.8619759588415421 0.48092006143931315 
0.7753742752590672 0.5668494191461735 
0.11112367361841902 0.9824143165698227 
0.9204445570056647 0.45244567836467375 
0.452021379177477 0.9221599671497024 
0.7840803017773785 0.5352410771554983 
0.6780424895220697 0.7703783762865928 
0.8056691013738411 0.5091348258660806 
0.7679369940538602 0.6912354994292 
1.0225355107576142 0.06855806486926119 
0.747387667572189 0.7361278098503478 
0.4928631077401358 0.8326442027559499 
0.12644643094112626 0.9686346422543713 
0.653555918107521 0.7724517206706997 
0.5466425613946182 0.779836623379957 
0.7746552611362001 0.5737141957884488 
0.9693950607434759 0.12853365396459795 
0.7679369940538602 0.6912354994292 
0.12644643094112626 0.9686346422543713 
0.9535616879377798 0.1458649495167852 
0.509265747624653 0.8067349185428199 
0.9871156603065405 0.10984894682771562 
0.11112367361841902 0.9824143165698227 
0.7790443868065616 0.5483609225414939 
0.5636872035688236 0.7797379324967476 
0.7884604916248297 0.5291622828095249 
0.7332884367890455 0.7581756950027726 
0.9204445570056647 0.45244567836467375 
0.8056691013738411 0.5091348258660806 
0.747387667572189 0.7361278098503478 
1.0225355107576142 0.06855806486926119 
0.48443631265561227 0.8513173504170608 
1.0131875878600287 0.08009528842577411 
0.4928631077401358 0.8326442027559499 
0.821534190997127 0.4989641468759893 
0.48443631265561227 0.8513173504170608 
0.13726243477191172 0.9577291649322726 
0.509265747624653 0.8067349185428199 
0.821534190997127 0.4989641468759893 
0.79317144665336 0.5213133885548998 
1.0131875878600287 0.08009528842577411 
0.15788338648724393 0.942350083284995 
0.9296703980945092 0.18990066425444285 
0.13726243477191172 0.9577291649322726 
0.7562398067747308 0.7224275990310297 
0.5210390253840419 0.7944147533156061 
0.14738590323705125 0.9489539975382216 
0.5466425613946182 0.779836623379957 
0.7562398067747308 0.7224275990310297 
0.46495663886243377 0.8965855323268312 
0.4806736376332739 0.8640115624420492 
0.08344584075242356 1.0094312079123866 
0.15788338648724393 0.942350083284995 
0.5210390253840419 0.7944147533156061 
0.5636872035688236 0.7797379324967476 
0.9695108470957468 0.12470964711971448 
0.79317144665336 0.5213133885548998 
0.7790443868065616 0.5483609225414939 
0.14738590323705125 0.9489539975382216 
