0.046252368145372334 1.036079085312841 
1.0395129261197178 0.04578979282181724 
0.4586337450160624 0.9129049626490813 
0.18233538264426874 0.9310723114238786 
0.9281950823087652 0.4475320734047984 
0.9305019214398307 0.20456813815550628 
0.5933217543178051 0.7732910882954642 
0.6629187377619739 0.7730271343130578 
0.9691217995745567 0.12479342176777108 
0.9876161018502824 0.11573590273006079 
0.7725015741114468 0.6524835088261796 
0.5005730142918307 0.8185560806273531 
0.9932288677972222 0.10020106252285921 
0.6676704503479755 0.7714509723058033 
0.9472413339467108 0.14988542680159106 
0.0525853956215949 1.032489467264414 
0.5361147516507125 0.7840928368277567 
0.9398570411525192 0.16442851551438567 
0.18233538264426874 0.9310723114238786 
0.9153875938616852 0.4555525583248895 
0.8241936460027958 0.5005541729086327 
0.7958966141599447 0.5185522371845351 
0.8463644135268592 0.4866854235352707 
0.5113071482783407 0.8030309521534051 
1.0129668544417778 0.08055081954992994 
0.096057757715862 0.9976352661321777 
0.74278349285111 0.7485239319623517 
0.7329134588522397 0.7493356066878168 
1.0329616967448718 0.053563995667414446 
0.9305171834155082 0.1868114145684025 
0.7775715820948149 0.5536437804407107 
0.697564611847792 0.7666819213259273 
0.7192743546437103 0.758765766128243 
0.096057757715862 0.9976352661321777 
0.11325975943556202 0.9804404702314811 
0.8077717462026628 0.5074485838233779 
0.11325975943556202 0.9804404702314811 
0.773345936356087 0.5914813333959292 
0.9336334513484276 0.17439486396185 
0.7731394738691082 0.6223971628451049 
0.7622774365036787 0.7113456335963364 
0.15226430972669097 0.945401380033644 
0.7731394738691082 0.6223971628451049 
0.7863950203259601 0.5318743495820516 
0.9065932077565233 0.463737176015772 
0.7707817098221634 0.6811313318355248 
0.8642929756489663 0.47891421034556536 
1.0251873254846748 0.06511860303352386 
0.7141422781481999 0.7633830458062527 
0.14028893978255885 0.9570403507344454 
0.07248518898243202 1.0226118385894296 
0.48267803189372505 0.869385532974525 
0.8995591204779881 0.4698163946709619 
0.9580991356133781 0.13619849005812787 
0.4737963630128643 0.8765519110338513 
1.0247708584416106 0.07511055239952157 
0.46682561038037546 0.8955419703109132 
0.07871625415600968 1.0132410793874729 
0.12878319733566848 0.9652673426121384 
0.16237058251257067 0.9389579558939227 
0.4586337450160624 0.9129049626490813 
0.8639536315339067 0.479723706493911 
0.5736783490873314 0.7744044908060251 
0.486579737233755 0.8528131456129617 
0.48998542601417905 0.8382708933637287 
0.9579635095684971 0.14219524232471004 
0.526149201112091 0.7936527243042288 
0.46682561038037546 0.8955419703109132 
0.750461340200808 0.7328959778761127 
0.750461340200808 0.7328959778761127 
0.12878319733566848 0.9652673426121384 
0.884477206635514 0.47032263751278947 
0.7826806090550754 0.5462974614774728 
0.48998542601417905 0.8382708933637287 
0.7745818278588792 0.5714586604198276 
0.8077521474075418 0.5166668114341054 
0.8379577953165583 0.490213967387825 
0.7672287871461488 0.6930187763070085 
0.07871625415600968 1.0132410793874729 
0.5542079980910484 0.7823052251564175 
0.697564611847792 0.7666819213259273 
1.004151781804698 0.09054409292132573 
0.884477206635514 0.47032263751278947 
0.5567402198347984 0.7771143792421675 
0.48309080759831174 0.8569900553388299 
0.773345936356087 0.5914813333959292 
0.9305019214398307 0.20456813815550628 
0.7591554302465107 0.7163035075998669 
0.5700107476888051 0.7756693025969139 
0.526149201112091 0.7936527243042288 
0.7745818278588792 0.5714586604198276 
1.004151781804698 0.09054409292132573 
0.7847778115077593 0.5376631995523854 
0.16237058251257067 0.9389579558939227 
0.7672287871461488 0.6930187763070085 
0.07248518898243202 1.0226118385894296 
0.8340024107814821 0.496436660889065 
0.7715378286747409 0.6674444659441263 
0.14701327630391886 0.9540534750099827 
0.7715378286747409 0.6674444659441263 
