0.04576024417898047 1.0367040856008776 
1.0362179410426606 0.04656170027721109 
0.04576024417898047 1.0367040856008776 
1.0362179410426606 0.04656170027721109 
0.18731553083461883 0.9300728466714695 
0.4548034697690459 0.9165775772188204 
0.9259115797544969 0.4495349123113816 
0.9292852924912552 0.20337932189906516 
0.6755579818574378 0.7714879850909361 
0.5791178006700851 0.7739993397619841 
0.7729406042989032 0.6479538538270257 
0.7265489083520905 0.7548615346582463 
0.704477003935923 0.7649074282603777 
0.0800107241562971 1.0135690015217647 
0.7740777651227764 0.5768237042720598 
0.9641198927638983 0.13439674397358614 
0.9969471987710317 0.10434333672496154 
0.06861817876340065 1.028561073209033 
0.09284387989621815 1.000528044727185 
0.7736210737967417 0.6056587102223602 
1.0219221648783012 0.07673948994464863 
0.7541295157594156 0.7333028134695256 
0.4981029089504353 0.8247161942576691 
0.8317016188409064 0.49324127289601916 
0.805671113105044 0.5097932944477681 
0.9853790084657996 0.1110400910889058 
0.7991750437219681 0.5147303458823222 
0.8851406862431673 0.47009132006795823 
0.9150027109468004 0.4557254317327211 
0.6868491018051315 0.7686520278500198 
0.4643550214679532 0.8985893354819127 
0.10346685268290882 0.9937307082373431 
0.4951774950084911 0.8391053541273388 
0.8743793852896923 0.47668447983300744 
0.4709677966652576 0.8867389249077409 
1.006247220871113 0.08692085104815533 
0.1477817948519956 0.9494184438372525 
0.4903519503010082 0.8507324862805982 
0.12831276681266468 0.9693513002468654 
0.7784052064195458 0.5595507370533833 
0.05450966227603116 1.031761638179895 
0.7695632741190821 0.6831594384546427 
0.9501796277880995 0.14595149832506135 
0.16041940434322788 0.9423357383595273 
0.7736210737967417 0.6056587102223602 
0.7856000560317052 0.5387966388087267 
0.9324132173133267 0.1794256496298876 
0.17363900582032568 0.9339681380967942 
0.7680946964874321 0.690252490651722 
0.11038727493954842 0.9829917225086401 
0.9391662334835562 0.16224000735991884 
0.7788675743306682 0.5494633812989498 
0.5577518543081768 0.776912624605434 
0.46086774698637883 0.9119855836800327 
0.9294496367855803 0.2015521819614644 
0.5114215148219099 0.8061396387888397 
0.7390833512088758 0.7442731061605933 
0.9744088134754225 0.11974015895992425 
0.12831276681266468 0.9693513002468654 
0.9150027109468004 0.4557254317327211 
0.8851406862431673 0.47009132006795823 
0.5409376176502468 0.7815867869196417 
1.0252305329280529 0.06394490515761454 
0.7390833512088758 0.7442731061605933 
0.9391662334835562 0.16224000735991884 
0.48324420116049366 0.8595465512900828 
0.7635392897360647 0.7058358138268782 
0.9501796277880995 0.14595149832506135 
0.8218060001740758 0.49933762224031425 
0.14024282646171765 0.9550385442938533 
0.8471341188757701 0.48638859363664533 
0.17066471387717674 0.9422088054167422 
0.8471341188757701 0.48638859363664533 
0.7718396442697681 0.6632934689560355 
0.5272268113424696 0.7895175705450428 
0.7635392897360647 0.7058358138268782 
1.0252305329280529 0.06394490515761454 
0.11038727493954842 0.9829917225086401 
0.8218060001740758 0.49933762224031425 
0.7879961779664885 0.5296271901545798 
0.47439371786344936 0.8752619851910737 
0.9324132173133267 0.1794256496298876 
0.4548034697690459 0.9165775772188204 
1.006247220871113 0.08692085104815533 
0.8614909893684377 0.48008764588598507 
0.47439371786344936 0.8752619851910737 
0.9744088134754225 0.11974015895992425 
0.5177972292815687 0.7966608586142112 
0.7563820800442266 0.7221238535370227 
0.5791178006700851 0.7739993397619841 
0.5409376176502468 0.7815867869196417 
0.7563820800442266 0.7221238535370227 
0.8614909893684377 0.48008764588598507 
0.48324420116049366 0.8595465512900828 
0.7718396442697681 0.6632934689560355 
0.14024282646171765 0.9550385442938533 
0.5272268113424696 0.7895175705450428 
0.7879961779664885 0.5296271901545798 
0.5631677723956917 0.7761082693062906 
0.5072248045752225 0.8124316664629287 
