0.04387165453443346 1.0382141857919478 
1.0347202316829378 0.04896616901346348 
0.04387165453443346 1.0382141857919478 
1.0347202316829378 0.04896616901346348 
0.9126827560348282 0.4570810611849513 
0.4514236021194477 0.9243362249609306 
0.9310004879591864 0.18465117816230742 
0.18897320268306145 0.9299063059211645 
0.7714317558917434 0.6674614508329232 
0.7734865548690526 0.5869984108436606 
0.5948850662964811 0.7732564408470591 
0.6695253277180757 0.7711885659106485 
0.5097560914014156 0.8094893192681001 
0.9980358019487177 0.09564686643884099 
0.9525837124720138 0.14528075585682365 
0.8063972376871731 0.508535810661656 
0.7397497176813251 0.7453835728272645 
0.7584565345987058 0.7184902448254834 
0.7707137844194083 0.6906625560720757 
0.7092052990703979 0.7659419055437232 
0.8607478121314961 0.4803169845787907 
0.7841639486260602 0.5383600898352388 
0.796928278273741 0.5185967839665314 
0.7771814777190664 0.5558275476213863 
0.17881810143802906 0.9388640511120053 
0.8943684968100183 0.46595450682529294 
0.9349465426982188 0.1744988694224902 
0.09478739455074375 0.9989761594146613 
0.7734865548690526 0.5869984108436606 
0.05690637204045296 1.0298122509413914 
1.0221620849464483 0.0746703948098165 
0.791494142756017 0.5298824915358331 
0.9768529690049526 0.11726515780332039 
0.0996543323477013 0.9950981761637115 
0.0824450909099805 1.0112406636349036 
0.5694886235884109 0.7747887683105587 
0.12312056345005531 0.9712589201811378 
0.5208093023182374 0.7940267444167 
0.15525868927740635 0.9441239624155731 
0.49497615957071683 0.8415577697458896 
0.9725792606666179 0.12348208336359423 
0.8507797454302072 0.4851597620715805 
0.48194998196132 0.857246670785719 
0.49777163325407653 0.8246862968005512 
0.16403528949124335 0.9392294932336612 
0.9310004879591864 0.18465117816230742 
0.4698642484322669 0.88598922178975 
0.687890116441199 0.7711357050263378 
0.5354578065681687 0.7840971982713503 
0.9024213683513818 0.4638246383218301 
0.7489390110531475 0.7338847156571859 
0.8245686293770944 0.49778994009553684 
0.6944459632945027 0.7685647901039961 
0.8245686293770944 0.49778994009553684 
0.9404922222554337 0.16038520896371905 
0.7234277512915515 0.7566744212410806 
0.7234277512915515 0.7566744212410806 
1.012913353792446 0.07983166449427531 
0.9126827560348282 0.4570810611849513 
0.75329283133251 0.7322080912883544 
0.8780885490077012 0.4734949131086307 
0.11019454734066736 0.983247888969161 
0.4878820618027667 0.8447316900100269 
0.45874682802394723 0.9095647240067025 
0.9621640893054102 0.13236813460821228 
0.5924947483694434 0.773488212806066 
0.8780885490077012 0.4734949131086307 
0.4698642484322669 0.88598922178975 
0.11019454734066736 0.983247888969161 
0.12649307392839537 0.9691671433932424 
0.7649414269951134 0.7021194469600267 
0.45874554533026735 0.9176437807427603 
0.08127238591347796 1.0163444631133927 
0.4746350308409448 0.8742818314824444 
0.9875235079713365 0.10605388066780132 
0.051875913744696994 1.03578420390592 
0.9875235079713365 0.10605388066780132 
0.5208093023182374 0.7940267444167 
0.06965784491988014 1.0205001971200323 
0.9404922222554337 0.16038520896371905 
0.5354578065681687 0.7840971982713503 
0.6695253277180757 0.7711885659106485 
1.012913353792446 0.07983166449427531 
0.5657402886630749 0.7775238550450213 
0.8400934716688968 0.4893442359141573 
1.0277749891961854 0.061957759607861075 
0.14553058875682462 0.9507934579107622 
0.13486329933632998 0.9604894632928295 
0.45874682802394723 0.9095647240067025 
0.8400934716688968 0.4893442359141573 
0.4746350308409448 0.8742818314824444 
0.5529354014324116 0.7781102417571657 
1.0277749891961854 0.061957759607861075 
0.9621640893054102 0.13236813460821228 
0.4868171563075189 0.8570003581952927 
0.13486329933632998 0.9604894632928295 
0.5529354014324116 0.7781102417571657 
0.49777163325407653 0.8246862968005512 
0.7649414269951134 0.7021194469600267 
0.7778308471163509 0.5551277635958333 
