0.04818177637409075 1.035812944212747 
1.0335634225794303 0.05229486746957611 
1.0335634225794303 0.05229486746957611 
0.04818177637409075 1.035812944212747 
0.9096515381865944 0.46108652279965856 
0.450989985937116 0.92440883897391 
0.9296405918867829 0.19049188072599646 
0.18342915967147438 0.9308120162499711 
0.7735368384892235 0.5913787273489249 
0.7717646078027919 0.6641759087134196 
0.10404358502738656 0.990031184365911 
0.47406005761295245 0.8848832419362856 
0.1243968977198801 0.9804823725523828 
0.9453333038627992 0.15549979694313026 
0.9984901728189255 0.09573937267179745 
0.08334463403902655 1.011827580598463 
0.4793887413758741 0.8633780688322654 
0.5079985924950773 0.8071287352923757 
0.7397563143128038 0.7466587062176846 
1.0254097329457692 0.06582977305572907 
0.779543643179061 0.5472325001105582 
0.06232008158676168 1.0264730416577825 
0.9755595372010182 0.1177951811078022 
0.7759906952335182 0.5629847346083618 
1.0167482847623137 0.07459794194867952 
0.9365329731358414 0.16739450315465967 
0.4662977318699225 0.8949820033924897 
0.7914813970347345 0.5250166095110639 
0.07084306653128503 1.0198811256691467 
0.4920330638304719 0.8344103569422843 
0.13654663340595066 0.9613569807580503 
0.16493033754145683 0.9379587238923293 
0.7865266385418707 0.5349030974694202 
0.8406445113954789 0.49143253572789314 
0.1446673899364901 0.9510199486743308 
0.7033634099960612 0.7644670933904438 
0.6387585059301689 0.7730627057302565 
0.126018621345651 0.9675063375303556 
0.8009153338505192 0.5134777783449036 
0.774747678953841 0.5787378202567878 
0.608354727656749 0.7730907437426943 
0.4651389973177428 0.9118497944716313 
0.9296405918867829 0.19049188072599646 
0.9340185580515397 0.18044633366308022 
0.5197873969912465 0.7957555730953914 
0.6646925596675226 0.7716728278908671 
0.6868330444491452 0.7697317795451973 
0.8278565499904749 0.4952900591279488 
0.8647195638529037 0.4786055778446868 
0.49075534267751014 0.8502790605167049 
0.7581778694086109 0.7190559715696383 
0.4569383372962077 0.9163293292325023 
0.8093256751505199 0.5118739350965196 
0.7709326956914118 0.6847533814912024 
0.5847720245388923 0.7735819035662278 
0.7523621736915893 0.732473868522961 
0.6387585059301689 0.7730627057302565 
0.9545943649590675 0.1411041690515299 
0.8857733032296317 0.4701171012503108 
0.18342915967147438 0.9308120162499711 
0.8160211526540732 0.5022294580535732 
1.0143098607742878 0.09100799442379609 
0.5475965180022517 0.779372124810099 
0.7660462928978311 0.6981525198217482 
0.5638891745080472 0.7760727601413349 
0.5320679780328006 0.7873078893704649 
0.608354727656749 0.7730907437426943 
0.8956591972519679 0.4659851052996888 
0.6646925596675226 0.7716728278908671 
0.5193705345679618 0.8036086307085905 
0.9839225751444215 0.10947294932521766 
0.09310194157511212 0.9999586592891423 
0.7315995154076048 0.7512496290576156 
0.9660460072528896 0.12803432100504322 
0.7134452075444695 0.763742508757645 
0.7717646078027919 0.6641759087134196 
0.9545943649590675 0.1411041690515299 
0.8647195638529037 0.4786055778446868 
0.9839225751444215 0.10947294932521766 
0.4982438445280546 0.8226339366130001 
0.9660460072528896 0.12803432100504322 
0.4982438445280546 0.8226339366130001 
0.5847720245388923 0.7735819035662278 
0.7581778694086109 0.7190559715696383 
0.7315995154076048 0.7512496290576156 
0.8510482124219125 0.4844730887698928 
1.012155450220658 0.09446803405923959 
0.5320679780328006 0.7873078893704649 
0.7523621736915893 0.732473868522961 
0.09310194157511212 0.9999586592891423 
0.16075566648310832 0.9431146921329373 
0.9044078435134553 0.46515032176663285 
0.7134452075444695 0.763742508757645 
0.5475965180022517 0.779372124810099 
0.5638891745080472 0.7760727601413349 
0.8241461586821324 0.5019179255606236 
0.6868330444491452 0.7697317795451973 
0.8857733032296317 0.4701171012503108 
0.7693192572817051 0.6878503231240238 
0.7660462928978311 0.6981525198217482 
