0.3082310347050049
0.30750716368039455
0.30714908315758455
0.3077529960432889
0.30790199230596643
0.3078958922289515
0.3071356542736579
0.30774381880320756
0.3079532571405858
0.3077773454512325
0.30775497468577284
0.3074731741349572
0.30721448242725413
0.3077904098723598
0.3068757415549885
0.3070548122448846
0.3081537899135414
0.3078321949747159
0.3072714105605085
0.3080131488755315
0.3074501733827602
0.307750028965282
0.30767537221040975
0.3079742265823226
0.30797159724141937
0.30762569255723515
0.3074007681244001
0.30730035143647405
0.3078412994623778
0.30804054343712545
0.30760718599295184
0.3078760055029243
0.30756773628955697
0.30739646528079234
0.30724009178888917
0.3073754618969366
0.307793633000809
0.3075386653853976
0.3078164645415396
0.30784232203036727
0.3078354160536144
0.30770722797722894
0.30771468734276286
0.30802272569161077
0.3074689132185161
0.30675048966781776
0.3080980087039299
0.30776234173638467
0.30764464807963987
0.3078457390616692
0.30734096008326356
0.30797499540009426
0.3064370924770919
0.3081510891983372
0.3081085677791948
0.30727381053875263
0.30763119424837315
0.30679615146889416
0.30757416029947876
0.30739111764579596
0.30836004157952746
0.30781920771725646
0.30794665047111613
0.30767151633104467
0.30727492004066426
0.30811173019408944
0.3071521003032001
0.30819201056173007
0.3078788738454529
0.30695254238364206
0.3074194974528415
0.3081856862516102
0.30707218505572026
0.307948435300876
0.30790712141148574
0.30693728146141497
0.3081941319017248
0.30785770075349783
0.30794480402420116
0.3076332071235046
0.30793367618650025
0.30805013007496795
0.3076051981484163
0.3081279894470637
0.3073770697618159
0.30724720152026236
0.30599695663782334
0.3070534378420164
0.3079216003673718
0.3078760245834323
0.30736923403616
0.3081184942043336
0.3079919476698086
0.3074641600805884
0.3082289161248076
0.3073840055341201
0.3078630885412964
0.30744911463946384
0.3073127207026355
0.30820600711314383
