1.0357768008628272 0.046970886275429516 
0.044970168777103116 1.0368774896076118 
0.044970168777103116 1.0368774896076118 
1.0357768008628272 0.046970886275429516 
0.9245107593558424 0.45177495069679674 
0.4529205566760739 0.9207476038162534 
0.19093957147845275 0.9295875023950093 
0.9301280580608507 0.1945405649589253 
0.6049811162297354 0.7733918731076491 
0.7524491615467913 0.7347744916558127 
0.4976880779822928 0.8299810374769362 
0.14714384577078696 0.9492516843620217 
0.13235442663518243 0.9629579301080637 
0.8511696025562471 0.4850935388898573 
0.538260444647173 0.7829011849762756 
0.772821075081852 0.6509781410041914 
0.9647741735167571 0.12901347386781659 
0.6464238116761172 0.7728386325140932 
0.9914394557530977 0.1018829157773723 
0.11391371949510622 0.97939676025647 
0.6733173314041146 0.770825307880559 
0.08482113416728937 1.0077836776453108 
0.7615328088908123 0.7112403279949044 
0.07674419018121209 1.0161200057137347 
0.8288547637083797 0.49771249159230324 
0.7813653933636084 0.5493666004709699 
0.17555791700928972 0.9332170583448881 
0.09675445789335338 0.9980493289896427 
0.8368810045152316 0.4908556225080189 
0.12280997149736042 0.9707847018027178 
0.7688715410046967 0.6859121487705131 
0.47929810271603696 0.8630449404126881 
0.4653253639586544 0.8959167793670286 
0.7442527623341176 0.7415862634514472 
0.5070265438029296 0.8086492176926476 
0.9388942444526046 0.17072153528476958 
1.0016938164004676 0.10099427073453954 
0.904665025075237 0.4641270680510759 
0.7772038551817513 0.5555358229668691 
0.7632313538486549 0.7079725390692926 
0.9327293312892949 0.17947426405368988 
0.718817365995018 0.7653804046375966 
0.7732356879480667 0.5970290533816269 
0.05766129131920916 1.0324121424144679 
0.7870398818066019 0.5298611472689031 
0.5815589241933045 0.7738707798524276 
1.0101351644883163 0.08689303197570875 
0.5049544174329119 0.8136982978458142 
0.720637549624583 0.7571092300108981 
0.5280762533030714 0.7884188133908927 
0.47929810271603696 0.8630449404126881 
0.4876242848662285 0.8436953728817641 
0.4686234361155313 0.8889734564303275 
0.9533122749482874 0.1424461706251873 
0.7990684316257632 0.5153795678700633 
0.6637200691898777 0.771883393175277 
0.16281051460768592 0.9462161439127805 
0.9770284505704332 0.11762480728680522 
0.5605445242043904 0.7761918832146274 
0.7731095162892279 0.6235576857466301 
0.904665025075237 0.4641270680510759 
0.8135793905209908 0.5038609271561038 
0.7731628332951545 0.6061537334476773 
0.883920934437356 0.4711685026081318 
0.9770284505704332 0.11762480728680522 
0.6974959768121537 0.7663434738610243 
0.6974959768121537 0.7663434738610243 
0.9429632203138701 0.15600886437195732 
0.9575440285023828 0.14153602342851623 
0.5605445242043904 0.7761918832146274 
0.19093957147845275 0.9295875023950093 
0.7747386048694347 0.5754844909269604 
0.5221868537258415 0.797164372890645 
0.5892285961896973 0.7734718834784625 
1.0117200242331983 0.0802762044676406 
0.7990684316257632 0.5153795678700633 
1.0286912785703666 0.05959236500937184 
0.8685905662090786 0.47707921598422554 
0.8685905662090786 0.47707921598422554 
0.4584599593629751 0.9128211935595375 
0.883920934437356 0.4711685026081318 
1.0117200242331983 0.0802762044676406 
0.7698559000921088 0.6802111161863547 
0.4876242848662285 0.8436953728817641 
0.7747386048694347 0.5754844909269604 
0.7335660708824836 0.7497483256204472 
0.9301280580608507 0.1945405649589253 
0.8135793905209908 0.5038609271561038 
0.7870398818066019 0.5298611472689031 
1.0313699485710037 0.05886429946544078 
0.7721663487835194 0.6671045589750716 
0.10296836957109083 0.9907940310733522 
0.7335660708824836 0.7497483256204472 
0.0655284110035475 1.0256116742040717 
0.6464238116761172 0.7728386325140932 
0.7731095162892279 0.6235576857466301 
1.0286912785703666 0.05959236500937184 
0.9429632203138701 0.15600886437195732 
0.4686234361155313 0.8889734564303275 
0.10296836957109083 0.9907940310733522 
