0.043726997404891214 1.038914391441942 
1.037899263611439 0.04579388971309769 
0.043726997404891214 1.038914391441942 
1.037899263611439 0.04579388971309769 
0.44716682058092827 0.9286994846411643 
0.18513081029644152 0.9306543321026988 
0.9130648760355754 0.45668022492130084 
0.9297279498694361 0.19139898356481386 
0.5963823556036162 0.7733519004066653 
0.6742794175031507 0.771282362909483 
0.7733966286280964 0.6093238045080753 
0.7713610061684469 0.6695435891354745 
1.029451051901956 0.05896849621181917 
0.7242998417015896 0.7586384235496147 
0.9391333062241526 0.16249043043646366 
0.04994390497994894 1.0340519496459863 
0.46980071598566386 0.8879226985721966 
0.9519250580879521 0.14803296742316982 
0.8170326148984511 0.5015139707503458 
0.5881749922463253 0.7769361750149348 
0.991671735786157 0.10211142772248626 
0.7808210735300102 0.5615236553259505 
0.5252388784278657 0.7905935673526492 
0.5197776641130277 0.7997375138732993 
0.844081758324049 0.48742088183797105 
0.7734807655860436 0.596989109941313 
0.7834259495642748 0.5440453085465426 
0.49583567191396416 0.8272662318350483 
0.9808718024432628 0.11514776402456572 
0.7903531911434274 0.535563478835261 
0.10795919836127488 0.9863574183498778 
0.14549647540652733 0.9503391389261344 
0.7326408385758327 0.7499066528242705 
0.7703345037364256 0.6779406764250893 
0.6987626161367295 0.7658680893160272 
0.8772358294814652 0.4734782365725368 
0.6987626161367295 0.7658680893160272 
0.6760389656718668 0.771165246462253 
0.5063818392622315 0.8092986367798564 
0.07108834305976514 1.0202437402227675 
0.45539693683976523 0.9154994855540335 
0.5593572570518436 0.7775935389366656 
0.9084906676130461 0.4625507981102438 
0.7742848696415963 0.5746097513466025 
0.1742791355772185 0.933800885595728 
1.0090018714025086 0.08355497476073401 
0.7480106728209677 0.7376880096784406 
0.09977608680524847 0.9993502191690875 
0.503794218629048 0.8136013747946031 
0.12011716388275104 0.9738865969307718 
0.8007530727518721 0.5133981423893976 
0.8084688918048875 0.5080586325842205 
0.7442812630821659 0.7461351946893231 
0.4910177203546554 0.8361128356269254 
0.9671973642592194 0.12653915031136045 
0.4813002771624014 0.858596960622506 
0.5411775666798193 0.7817307631251265 
0.07108834305976514 1.0202437402227675 
0.9297279498694361 0.19139898356481386 
0.8622013777338645 0.4834146215174366 
0.9343814935812045 0.17823236263071787 
0.956803862953656 0.1377687282791622 
0.08422764584109454 1.011562811571416 
0.7664802107103988 0.6968764558645371 
0.16502830822855602 0.9394668429982597 
0.8632588188516115 0.4799809856016011 
0.11575719933018275 0.9828131150637837 
0.7601052344010504 0.7150212597349968 
0.08422764584109454 1.011562811571416 
0.12905077124717768 0.9677007499626595 
0.8868701944365903 0.47324595174126893 
1.0162116966241723 0.07507419571702323 
0.14549647540652733 0.9503391389261344 
1.0019860748375868 0.09609658437396523 
0.47668809152882785 0.8698304667755686 
0.9130648760355754 0.45668022492130084 
0.7664802107103988 0.6968764558645371 
0.8935609934824884 0.4664413499061033 
1.0162116966241723 0.07507419571702323 
0.4611519153186824 0.9131486808743952 
0.9671723549269398 0.13766302359239932 
0.8338796674427502 0.4921741548383542 
0.7934001008282713 0.5213437980816378 
0.4813002771624014 0.858596960622506 
0.09977608680524847 0.9993502191690875 
0.16502830822855602 0.9394668429982597 
0.5411775666798193 0.7817307631251265 
1.0046036756883931 0.09217635669969867 
0.8338796674427502 0.4921741548383542 
0.4627215705970644 0.9011189764767845 
0.4910177203546554 0.8361128356269254 
0.5593508757570252 0.7776095443836254 
0.7601052344010504 0.7150212597349968 
0.47668809152882785 0.8698304667755686 
0.9315461509444406 0.1814336049455587 
0.7536577863853366 0.7268170199945153 
0.1334119991696209 0.9633144673287427 
0.7536577863853366 0.7268170199945153 
0.1334119991696209 0.9633144673287427 
0.4627215705970644 0.9011189764767845 
