1.0404017445874898 0.04808616347205211 
0.04630723820890412 1.0385909441047103 
1.0404017445874898 0.04808616347205211 
0.45243291739696506 0.9212491667533308 
0.93246547331668 0.4468599813341065 
0.9329792233666903 0.17937878386670714 
0.188768368165369 0.9300177283117623 
0.6576186203511498 0.7724104342898769 
0.7298363160112287 0.7516112110466844 
0.5921744246463408 0.7733417816610372 
0.7031216109045294 0.7647771891470327 
0.8818512665554634 0.4718056243096942 
0.07457416483517965 1.0193257775237263 
0.16292476771701198 0.9393870105029819 
0.5344633067593403 0.7846820468471363 
0.5154011045723659 0.7991186892859244 
0.0865724519132549 1.0065569745490652 
0.11411868648071316 0.9800742890539733 
0.7692104968263545 0.6857195745056517 
1.0036279867716722 0.09104389175293605 
0.7732210425893756 0.597168443128954 
0.7731262974655991 0.6353502821950362 
0.949460763106326 0.15362062144789146 
0.9524850561254357 0.1434296089455849 
0.8657752221240281 0.4786128325229222 
0.9045259362686072 0.46105884607295095 
1.0128737108492851 0.0837440642925821 
0.1777950565360234 0.9334025793632332 
0.7031216109045294 0.7647771891470327 
0.10612264459383922 0.9940648989774226 
0.528151368069923 0.7883955654980159 
0.5766092885759695 0.7742680811833549 
0.7882498589090503 0.5283263852818062 
0.7667547650896178 0.6947886288860935 
0.13034890784227057 0.9764127235085429 
0.09735136209485692 0.9972908422926374 
0.13972431591875145 0.9550466632970027 
0.9710244155375385 0.12265094371438623 
0.1304462724887559 0.9641178657514766 
0.7562177274295603 0.7304887048248581 
0.46007304975826213 0.9072303875472971 
0.7835180168719739 0.5392689165532323 
0.7723670910472212 0.6598849548683846 
0.5614458478652605 0.7759998820651881 
0.48799090900352843 0.8460643267265069 
0.7742151964636608 0.575859486661925 
0.5056868239838488 0.811532588467472 
0.7765959113971712 0.5582442958771626 
0.4945123179198295 0.8294562184500102 
1.01957087319737 0.07106781930163333 
0.7829162187728267 0.5525940266481166 
1.0329376293623413 0.05290785834220728 
0.8382842841051646 0.4901302618732201 
0.9916270331298653 0.10188238594839832 
0.8218754174197316 0.4983081544711544 
1.01957087319737 0.07106781930163333 
0.7955550698316558 0.5185834789091368 
0.060973571414121575 1.0274033026402187 
0.8380375738303227 0.49019026337391763 
0.7724887835742084 0.6596791528338115 
0.9375783059447853 0.16678169420046274 
0.7731262974655991 0.6353502821950362 
0.7620143174401324 0.7109469534186148 
0.8106814078224741 0.5071634243991342 
0.5614458478652605 0.7759998820651881 
0.5056868239838488 0.811532588467472 
0.901765486638137 0.46463540365059763 
0.49116051926082416 0.8446467358580643 
0.4800173457259185 0.8620008796804108 
0.9240312788572757 0.4502104618237744 
0.060973571414121575 1.0274033026402187 
0.8106814078224741 0.5071634243991342 
0.7452213240018167 0.738206832461963 
0.9801837164529182 0.11521226276368504 
0.9916270331298653 0.10188238594839832 
0.4635658412352485 0.9026767989072874 
0.47399498451186894 0.8771121805013546 
0.4800173457259185 0.8620008796804108 
0.7620143174401324 0.7109469534186148 
0.8558637525918372 0.4825512432751259 
0.7732210425893756 0.597168443128954 
0.4945123179198295 0.8294562184500102 
0.47399498451186894 0.8771121805013546 
0.14766177712097173 0.949674821030063 
0.7452213240018167 0.738206832461963 
0.9641986389398144 0.13018396157277873 
0.7754479564855613 0.571715535095338 
0.188768368165369 0.9300177283117623 
0.8218754174197316 0.4983081544711544 
0.9240312788572757 0.4502104618237744 
0.9641986389398144 0.13018396157277873 
0.9801837164529182 0.11521226276368504 
0.7955550698316558 0.5185834789091368 
0.7543789992201909 0.7334637605784989 
0.4670553783877103 0.8919896180718512 
0.14766177712097173 0.949674821030063 
1.0329376293623413 0.05290785834220728 
0.9375783059447853 0.16678169420046274 
0.4670553783877103 0.8919896180718512 
0.8558637525918372 0.4825512432751259 
