1.0361510949899555 0.04630367752375073 
0.04786929341407187 1.0358397923736364 
1.0361510949899555 0.04630367752375073 
0.04786929341407187 1.0358397923736364 
0.4500783618607195 0.9249552995298002 
0.18882608836818013 0.9301069561353561 
0.9147513311614096 0.4557491380668455 
0.9295063825696546 0.197006019289224 
0.6072076135430504 0.7733521364967373 
0.6910226760368199 0.76784608762852 
0.7734367796100199 0.6114715891501825 
0.488125604519455 0.8425178867203855 
0.7725925087199229 0.655692093548749 
0.7502794549240196 0.7320358747984022 
0.5211330312534569 0.7935877419361961 
0.9414958326106438 0.15890588332984368 
0.0634983295314471 1.02794206497776 
0.9729986341411925 0.1285717579096337 
1.0131453805982988 0.08293212025512908 
0.7780106592971107 0.5578954250407175 
0.4592382962421156 0.9151054323867563 
0.14013976545126966 0.955136732607197 
0.9570036823745047 0.1379249318833566 
0.7263499182955543 0.75372649006948 
0.856366923164782 0.48440266825816947 
0.512152644230285 0.8020342788190662 
0.893384774845946 0.4666970510867363 
0.8464020206536914 0.48635956174833994 
0.7995566759629589 0.5147543502165389 
0.7845133322037753 0.5351867893768654 
0.10703721209986078 0.9875221055101765 
0.9345106365525033 0.17275052904818355 
0.875070329171021 0.4789790221525893 
0.7951288779472124 0.5190340375281823 
0.7654734286612255 0.7053549028278853 
0.7682498921044394 0.6945981310851918 
0.5798425891738559 0.7753553738292733 
0.8810785961395853 0.47677726374441687 
0.8133753894126884 0.50362445474378 
0.47679870856090895 0.8690913859411139 
0.13459679409680306 0.9657665171721338 
0.5379356893440548 0.7833894605417517 
0.7753280916010161 0.5666565782550999 
0.16747115585051597 0.9365214415192576 
0.5851965662079275 0.773584163151302 
0.9326067857340837 0.18252506082725398 
0.9295063825696546 0.197006019289224 
0.7738828349938484 0.5836805280270757 
0.4990158505862261 0.8264845323241488 
0.5577164557752627 0.7767295396393441 
0.739750659871321 0.7463593464971663 
0.8324502791022449 0.49424737628276494 
0.49369854905634586 0.8310474623818507 
0.7858392924406488 0.5325595365207053 
0.18882608836818013 0.9301069561353561 
0.9905835001016803 0.10294199216166235 
0.7193412062645522 0.7624400645771249 
0.9769580235291713 0.11651030818614926 
0.46402470020243125 0.8986945995610809 
0.9905835001016803 0.10294199216166235 
0.08192327237578273 1.0102980183169028 
0.09842823792587951 0.9957944421454128 
0.15298589276694766 0.944852187089258 
1.031317639017537 0.05815630118531832 
0.08192327237578273 1.0102980183169028 
0.46402470020243125 0.8986945995610809 
0.5379356893440548 0.7833894605417517 
0.8324502791022449 0.49424737628276494 
0.8133753894126884 0.50362445474378 
0.09842823792587951 0.9957944421454128 
1.002465377298966 0.09051766480560369 
0.4732279846181552 0.8795690352900906 
0.47679870856090895 0.8690913859411139 
0.5043552051573051 0.8126822249869399 
0.15298589276694766 0.944852187089258 
0.5577164557752627 0.7767295396393441 
0.7594063534343017 0.7172237178331501 
0.16747115585051597 0.9365214415192576 
0.7594063534343017 0.7172237178331501 
0.9084135426408726 0.4596001647657846 
1.0272342289301617 0.061750983681274886 
1.0215491074456962 0.06866596104640998 
0.7021686524767867 0.7651160726174377 
0.4732279846181552 0.8795690352900906 
1.002465377298966 0.09051766480560369 
0.07234675171282073 1.0186043721655456 
0.9512041559805474 0.14599545256717836 
0.9147513311614096 0.4557491380668455 
0.739750659871321 0.7463593464971663 
0.11588059595356798 0.9803026619350287 
0.9512041559805474 0.14599545256717836 
0.9769580235291713 0.11651030818614926 
0.11588059595356798 0.9803026619350287 
0.7738828349938484 0.5836805280270757 
0.7699196453393201 0.6790555654486603 
0.07234675171282073 1.0186043721655456 
0.12652408833512152 0.9716280548044363 
0.7699196453393201 0.6790555654486603 
0.12652408833512152 0.9716280548044363 
0.5043552051573051 0.8126822249869399 
