1.0393769935053958 0.04286491402922166 
0.04525387468668375 1.0387561226633901 
1.0393769935053958 0.04286491402922166 
0.04525387468668375 1.0387561226633901 
0.9156849739864928 0.4554763699912344 
0.19040635019344987 0.9296457597995982 
0.9291202472064577 0.19692045806871503 
0.44840638268550453 0.9281157691013493 
0.6614039005850535 0.7741926094576359 
0.5745775570767754 0.7754603767250947 
0.7734555350972145 0.5887282992301821 
0.7727243648691811 0.6535880378376873 
0.06512379898105287 1.024896634638135 
0.6814569020079237 0.7695824450589474 
1.0288304977733382 0.05825511368883255 
0.7915095348855236 0.5237262810098876 
0.966060594096817 0.12967620320337456 
1.0234068734441248 0.0765546616577423 
0.497867726369855 0.8277250216195928 
0.48028625182255247 0.8606592956263379 
0.766157342785445 0.6970094700841235 
0.9371142337100122 0.16807102415483416 
1.0100259800702787 0.08217191825888982 
0.7222017995690369 0.7569044483848901 
0.5336509750357402 0.7852807362232085 
0.14218731138221605 0.9536619508589648 
0.8382722542735046 0.4913311323391777 
0.7613651228481714 0.7220315285476546 
0.7869300813599284 0.5463481077693257 
0.11500650281021886 0.9792367806150646 
0.049058781095222236 1.0345478964809078 
0.5168992209709398 0.8004316196251033 
0.7705264953190593 0.6929322516935279 
0.12567529650403353 0.9724884400984619 
0.5618008780351275 0.7760667627402881 
0.9324382438259473 0.17740306730776362 
0.827611670602287 0.49652328441460625 
0.4538013069755365 0.9226297200204667 
0.522380827238246 0.7927996572512721 
0.49195497170500324 0.8345550454701534 
0.7742164205384868 0.5816597488511109 
0.4684574507894671 0.8892843621467902 
0.7047214033123999 0.7646761568051296 
0.10641248986133478 0.9878471016139232 
0.15722875124235053 0.9419828841838889 
0.09757182162418299 0.9995510205216134 
0.5061113733255616 0.8098615376684627 
0.864608737849381 0.47905730072956637 
0.7484618335729691 0.7347970293796604 
0.9770887550236246 0.11652530576066868 
0.4654713344275071 0.8969158646654494 
0.9597465525127147 0.14252058097022036 
0.1311583139430368 0.9627819341150188 
0.9910293183021617 0.10407504354269526 
0.8858210757570594 0.4697515421589643 
0.7561554545531509 0.7228675463044241 
0.15899691687228168 0.9411517322074578 
0.7766965467323277 0.5602964497040782 
0.8020920282200653 0.5121816428909738 
0.8038789701655474 0.5113831538053274 
0.9525344582940133 0.1427151844982797 
0.7800864091320743 0.5475314918870662 
0.08457501824601615 1.0088743475996536 
0.8962252565636575 0.4651880073800637 
0.9770887550236246 0.11652530576066868 
0.7721010896839964 0.67013161282329 
0.930756208501101 0.19417294289117823 
0.17598463865081543 0.9354129432092531 
0.9910293183021617 0.10407504354269526 
0.7047214033123999 0.7646761568051296 
0.9473054390593482 0.15452291276894187 
0.852946264661963 0.48599245214305636 
0.6614039005850535 0.7741926094576359 
0.47523543586214007 0.8752229130629128 
0.4596072824750313 0.9073699232844556 
0.864608737849381 0.47905730072956637 
0.8162880713340264 0.5017452917084883 
1.0012018700085452 0.09204472836865402 
0.546438717118945 0.7798002339201292 
0.7292361819947891 0.7519312583113036 
0.09925129938685831 0.9943102404987904 
0.17598463865081543 0.9354129432092531 
0.1420308294149154 0.9627605942425312 
0.8962252565636575 0.4651880073800637 
0.7450230998683708 0.7390766407515177 
1.0012018700085452 0.09204472836865402 
0.7292361819947891 0.7519312583113036 
0.8858210757570594 0.4697515421589643 
0.47523543586214007 0.8752229130629128 
0.4859992173155684 0.8477102161491205 
0.4859992173155684 0.8477102161491205 
0.9473054390593482 0.15452291276894187 
0.08319872402031114 1.009291848695978 
0.5061113733255616 0.8098615376684627 
0.8162880713340264 0.5017452917084883 
0.7724706068184578 0.6550109041772465 
0.852946264661963 0.48599245214305636 
0.08319872402031114 1.009291848695978 
0.7721010896839964 0.67013161282329 
0.546438717118945 0.7798002339201292 
