1.0384758164963268 0.04193656827224042 
0.04500577416037692 1.036804086472349 
1.0384758164963268 0.04193656827224042 
0.04500577416037692 1.036804086472349 
0.9293424272782888 0.44957549204388486 
0.9310259801859166 0.18306062818490254 
0.4507597941449971 0.9262853186157058 
0.18945049100032155 0.9298169742527675 
0.5246575125621321 0.790499705535357 
0.5045286594917524 0.8144092763178677 
0.15567566514994705 0.9436524657787845 
0.7703751855416846 0.6761674764437742 
0.7734690553142403 0.5873675916424498 
0.0797456613503108 1.0123651457440204 
0.7730490798018759 0.6329300295341552 
0.17451344621695453 0.9340568842418596 
0.8475252435862137 0.48624404211314104 
0.47183459489485424 0.8811718935217265 
0.7730490798018759 0.6329300295341552 
0.6799666793840005 0.7701539558078777 
0.7928415531111844 0.5227915408573709 
0.5948528746614917 0.7734882335850348 
0.6334188751477321 0.7730428994072129 
1.0064941920099881 0.0886619809986581 
0.09590957648971138 1.0024079114278306 
0.8123520068459572 0.5082972719670594 
0.5606467381713659 0.7762000939414935 
0.689923321775174 0.7682257199664261 
0.5764680042342946 0.77418185216406 
0.7213641308239577 0.7609216247549804 
0.8959733192220118 0.46535670268873014 
0.48230871268282804 0.8631248522294009 
1.0251688649058168 0.06350277621633972 
0.055711931608982544 1.0308266098333059 
0.8264140690541598 0.4975591583378069 
0.7660728790472746 0.7102944714800551 
1.0364262736372298 0.05393508142823526 
0.7863613129415066 0.535019736515588 
0.7801913596494798 0.5450105303141242 
0.49608919611332425 0.8260456794783997 
1.0205600382749325 0.07429862870641592 
0.8033187192321403 0.5118000042288365 
0.8322106072501393 0.4928784563478124 
0.484646645891309 0.8575422915247838 
0.8661606379138 0.47944852652299025 
0.7738985591553363 0.5792425809430016 
0.13816011051238078 0.9564909798984096 
0.759541015345302 0.7196336968407531 
0.9922591249553577 0.10355148734815492 
0.9385556820379454 0.16385596907832967 
1.0136314373656163 0.08620933492689128 
0.9240265652455003 0.4512540098664634 
0.7332601349251665 0.7495905453784709 
0.4909799894585823 0.8398079545112888 
0.8693623306544457 0.47677825041838745 
0.768525878155937 0.6934111332360446 
0.11191802636856532 0.9813912485670165 
0.652689758540143 0.7726513614506275 
0.7332601349251665 0.7495905453784709 
0.12612573245678518 0.9693196703788506 
0.9922591249553577 0.10355148734815492 
0.545397736310504 0.7803770236206538 
0.13816011051238078 0.9564909798984096 
0.7502895696925389 0.7339672551903733 
0.9784065918920508 0.1163217473909554 
0.9114141496540836 0.4600470871755934 
0.12612573245678518 0.9693196703788506 
0.11191802636856532 0.9813912485670165 
0.7590475052548659 0.7331866435861017 
0.948024655035871 0.14866293529367808 
0.7762731993852335 0.5597617429253254 
0.9784065918920508 0.1163217473909554 
0.9385556820379454 0.16385596907832967 
0.06713458986969745 1.0236355591006137 
0.968080438676882 0.12681650682707624 
0.968080438676882 0.12681650682707624 
0.652689758540143 0.7726513614506275 
0.9562487122360134 0.13883007672396885 
0.8853561586213763 0.47043829744250665 
0.9310259801859166 0.18306062818490254 
0.70919549261559 0.7623218094387109 
0.4595485835483328 0.9083002134693238 
0.46694726463701963 0.8940838477220685 
0.9562487122360134 0.13883007672396885 
0.4595485835483328 0.9083002134693238 
0.5418143119599785 0.7830374549651795 
0.06713458986969745 1.0236355591006137 
0.6334188751477321 0.7730428994072129 
0.948024655035871 0.14866293529367808 
0.09999621919342588 0.9950605687822547 
0.46694726463701963 0.8940838477220685 
0.7696471312835197 0.6857134151469975 
0.49486914607054383 0.8393967333964053 
0.5948528746614917 0.7734882335850348 
0.18945049100032155 0.9298169742527675 
0.70919549261559 0.7623218094387109 
0.9114141496540836 0.4600470871755934 
0.7502895696925389 0.7339672551903733 
0.09999621919342588 0.9950605687822547 
0.7762731993852335 0.5597617429253254 
