1.0356361828495502 0.047093094382910934 
0.05588982808268887 1.0311652384431271 
1.0356361828495502 0.047093094382910934 
0.05588982808268887 1.0311652384431271 
0.1863351964235881 0.9306995049950217 
0.9189505279075169 0.45542565561196025 
0.44831329033931194 0.927430270535178 
0.9293681010596305 0.1942323928245791 
0.7731327656137126 0.6029343100341962 
0.5885057537342651 0.7734121817176929 
0.7715466920961144 0.6665191645196143 
0.8288066092457179 0.49558347414678855 
0.46612760624726507 0.8942932484510959 
0.6357412570477995 0.7730384815059526 
0.8531300114243973 0.48347017958550487 
0.9079684029842319 0.4612628405694301 
0.679479100175832 0.7698601224857082 
0.09030702554755021 1.002594766722806 
0.6357412570477995 0.7730384815059526 
0.9335172865457142 0.17757270063407768 
0.9407914905900461 0.16178683254333454 
0.699669435039889 0.7690213204590421 
0.9851563563934093 0.11020548173707516 
0.72415041970383 0.7568219670915374 
0.4644535989901304 0.9170731276427547 
0.712493839160938 0.7615804336928308 
0.9670307361810158 0.12650920296224413 
0.9953137225127985 0.09916206107072371 
0.9749801546058211 0.12000483695219571 
0.8175969531716414 0.5067791886970661 
0.5014150104418554 0.8210301195611219 
0.7684004934339834 0.6877820366355705 
0.08327968050805966 1.010457077397371 
0.8883532349120737 0.46967386624654905 
0.49006169574340513 0.8400526593462527 
0.15526825322825819 0.9466609618339042 
0.07100056238826605 1.0243180392184474 
0.4953162861477533 0.8292728227324299 
0.7560845445232456 0.7252193897880914 
0.16938350893732723 0.9367943727217969 
0.8074545888003055 0.5082767350962833 
0.7832626694484416 0.5374154229238266 
0.7780074523921994 0.5518866670092576 
0.1424052817163906 0.9580808678798076 
0.10555730796528766 0.9885210313290005 
0.5199284734536301 0.7946524195260415 
0.10555730796528766 0.9885210313290005 
0.4883674729154488 0.8536975927621987 
0.5408050128569981 0.783052549488276 
0.9293681010596305 0.1942323928245791 
0.7670631728278524 0.6948253493935044 
0.7490718207614754 0.7331919782439716 
1.0042346407853815 0.09372925612817432 
0.45321624478191924 0.9191165297326037 
0.7914820413219119 0.5242671121144699 
0.7366051243057865 0.746917672526373 
0.07347475893489702 1.017985179987945 
0.4746485832405001 0.8756666158915541 
0.7642439226656528 0.7104428827889488 
0.5710036206826651 0.7751296248284749 
0.5079047833535802 0.8081939684090008 
0.12005287581759347 0.9758834152174977 
0.4746485832405001 0.8756666158915541 
0.8760272882291649 0.4740807977976862 
0.14567478851803217 0.9511177513506607 
0.7742779224986739 0.5754588498636223 
0.12005287581759347 0.9758834152174977 
0.16749992448813247 0.9419480251535386 
0.679479100175832 0.7698601224857082 
0.7604866168679041 0.7137858278410291 
0.7715466920961144 0.6665191645196143 
0.4817731762309124 0.8594879792258671 
0.9575580333141913 0.1389932900472042 
0.7366051243057865 0.746917672526373 
1.0253015852186322 0.06408623277923635 
0.9475091728646134 0.1499921537664502 
0.7911114383013492 0.5361561380159026 
0.5199284734536301 0.7946524195260415 
0.9575580333141913 0.1389932900472042 
0.13220561800123984 0.9662988302513819 
1.020063154325819 0.07085185157619175 
0.5079047833535802 0.8081939684090008 
0.13220561800123984 0.9662988302513819 
0.5650831428473121 0.7753788362820483 
1.0085875684147496 0.08574731109888872 
0.8678539995425578 0.47742647986044573 
1.0085875684147496 0.08574731109888872 
0.7742779224986739 0.5754588498636223 
1.020063154325819 0.07085185157619175 
0.7780074523921994 0.5518866670092576 
0.5348765174958996 0.7860598823967975 
0.9475091728646134 0.1499921537664502 
0.798014010240346 0.5165436399982433 
1.0253015852186322 0.06408623277923635 
0.5537173163970434 0.7775356880184279 
0.8873342822340201 0.47240047163638 
0.5537173163970434 0.7775356880184279 
0.773587820878598 0.590060323523434 
0.798014010240346 0.5165436399982433 
0.5348765174958996 0.7860598823967975 
