1.0360948312069442 0.04651325689226594 
0.044188786691759296 1.0388289499169578 
1.0360948312069442 0.04651325689226594 
0.17815774257910144 0.9324475747199118 
0.4499873590995396 0.9258495272064621 
0.9225560994616661 0.45184621842849537 
0.9292462531831964 0.2004841787217847 
0.7720807452584953 0.6593498911026965 
0.07064500830294429 1.0205996105948525 
0.6345481297416834 0.7730153480678292 
0.7731451397102383 0.6113288590763943 
0.9399318946593758 0.1613357808012632 
0.48418008963430736 0.8524916390192977 
0.8563126070857258 0.4821907693662838 
0.7838228233872185 0.5361033558079682 
0.8401128227047214 0.4892788270084807 
0.7713438740081151 0.6682092502656333 
0.8186231425797028 0.5011712130087709 
0.16567142495265808 0.937509483062293 
0.7463354068398278 0.7399844435826949 
0.5458497344261602 0.7797654362444595 
0.9810759631820636 0.11414481921988862 
0.9347856170674926 0.1711457640401412 
1.00728957710706 0.09106639653877957 
0.5040059034600314 0.812884475593329 
0.9952005155081047 0.10182845161980342 
0.6500271755910312 0.7726951295469547 
0.4919114757941362 0.834239216634786 
0.7692610218635881 0.6971846667464909 
0.6023282180110614 0.7735608810722296 
0.5822613272832734 0.7745504722059435 
0.5256841881526175 0.7905125814317846 
0.14130165918193494 0.9607683418710893 
0.8837412890955803 0.471129749353133 
0.49605209561766556 0.8293619557047077 
0.8280122018237683 0.4955306227086571 
0.7530865262525676 0.7286773625375941 
0.8983062551215576 0.46944892559554957 
0.15325250875024968 0.9466309279542262 
0.76677859778267 0.6983843031606268 
0.9598446920068285 0.13427698662627008 
0.7772170024075598 0.55830191295589 
0.672204020321649 0.7721619535040943 
0.733996864234308 0.7485347506397464 
0.47228836369726074 0.8803546247077811 
0.5235872577182603 0.7912825106525306 
1.0237558670312052 0.06542408965851074 
0.7736514121955775 0.5836780083606181 
0.4601954370564492 0.9090787335774794 
0.6954057594803682 0.7665846599772517 
0.1226131426771316 0.9709228263179578 
0.907424222513429 0.46165343837680284 
0.7772490152654362 0.5550133962827093 
0.7333938696131471 0.7590347481584263 
0.7731451397102383 0.6113288590763943 
0.4660980283871021 0.895188293755648 
0.9299052245616992 0.18852589738630365 
1.0237558670312052 0.06542408965851074 
0.7154329001950296 0.7596411768612167 
0.7949293048062442 0.5231828037176112 
0.5517640767892699 0.778252095796811 
0.4601525788012658 0.9202596187506575 
0.8039686623082514 0.511780139431413 
0.7736514121955775 0.5836780083606181 
0.994732307151224 0.11399874008541414 
0.6954057594803682 0.7665846599772517 
0.9530989435594655 0.14258090270824592 
0.7581366361141714 0.7184209545712447 
0.9142170966622829 0.4559970757845633 
0.7900004143000556 0.5253352594416657 
0.11521604095527109 0.9833913722707354 
0.054779606808894495 1.032897994457564 
0.6691919296552913 0.7725775144435364 
0.10442372412818124 0.9926805695449104 
1.011253185894376 0.08115068362585674 
0.054779606808894495 1.032897994457564 
0.10442372412818124 0.9926805695449104 
0.9692008859635304 0.12632448273714886 
0.9530989435594655 0.14258090270824592 
0.6012386403475459 0.774304776281036 
0.47227772469590223 0.8926663392254972 
0.09202842515432932 1.0043765366104453 
0.5095671835407302 0.8062015416724773 
0.5095671835407302 0.8062015416724773 
0.8715587101708533 0.4762684772369809 
0.47903412534923207 0.8675648271188575 
0.4793558091416852 0.8671702421648397 
0.9692008859635304 0.12632448273714886 
1.011253185894376 0.08115068362585674 
0.8039686623082514 0.511780139431413 
0.09202842515432932 1.0043765366104453 
0.08277122852289931 1.011510188831834 
0.7581366361141714 0.7184209545712447 
0.7161561510833154 0.7594216724471666 
0.08277122852289931 1.011510188831834 
0.1278256020851784 0.9660683397853811 
0.8715587101708533 0.4762684772369809 
0.14587976317968265 0.9505034617821663 
0.5681134167980136 0.7749881899466862 
0.5681134167980136 0.7749881899466862 
