1.037889689243417 0.04539478434319827 
0.04600028832242078 1.0398657671715164 
1.037889689243417 0.04539478434319827 
0.04600028832242078 1.0398657671715164 
0.18555834094814894 0.9303700112913686 
0.4470450965239207 0.9293713591635859 
0.9141727871938492 0.45651688455625045 
0.9294477280736814 0.20051138216066536 
0.5951663375550847 0.7732338858915193 
0.7732197579134257 0.5968447387287109 
0.6547942564893569 0.772690064106475 
0.7730271368168448 0.6497369305654558 
0.7302321971512715 0.7542984791442949 
0.14351915569657464 0.9523149091468316 
0.5481974085560283 0.7793041922172099 
0.7949524342814248 0.5192814059615769 
0.4685039080319671 0.8902996283305076 
0.45897444142053023 0.9099212652026409 
0.49781867697102267 0.8239820930171876 
0.783907878817866 0.5357763762980949 
0.0896605646655803 1.003258032850638 
0.1297846845986796 0.965651662300914 
0.9010564656429727 0.46278925330553156 
0.9574153379908248 0.13697655869118847 
0.7762337358479161 0.5654698696433651 
0.9294477280736814 0.20051138216066536 
0.4837897011396024 0.8524218919676615 
0.7708151249554968 0.6746374830121192 
0.05663512315678504 1.0308458972116288 
0.5208290190705553 0.793478225985266 
0.9795837875526646 0.11377665269127868 
0.10237442375704428 0.9986374789026427 
0.7612500372194819 0.711578659021848 
0.7661295077167701 0.6982624528890384 
1.0234778480817364 0.07264388104158015 
0.15725976799703079 0.942859629859085 
0.7741952750460854 0.5853682754359273 
0.9932250811428732 0.101073102925265 
0.48069209971953986 0.8615792746818255 
0.7022411419458795 0.7648848475020189 
0.7022411419458795 0.7648848475020189 
0.06957632548822884 1.0257249183647728 
0.5733242635993288 0.7744299208656126 
0.9325324411900149 0.17722473874535777 
0.45144467789800347 0.9220783801959145 
0.5653252744473585 0.7755412027287883 
0.17625748488739462 0.9343007635203804 
0.8685061104943664 0.47779888243498214 
0.8096700410944336 0.5061283592754536 
0.5113218849965039 0.8084213008391639 
0.6794710337676797 0.7700440900114143 
0.7692805209945277 0.6840704990657352 
0.9692435824932086 0.1297061474209105 
0.16394772552019998 0.9383187449214339 
0.8472406799876702 0.4861002984278859 
0.6792141889698482 0.7702045359932952 
0.6550697680082338 0.7725961305889658 
0.10836815218478618 0.9855906270983471 
0.9885300744138769 0.11229159292594604 
0.8853353345292214 0.47013756527951506 
0.8685061104943664 0.47779888243498214 
0.528319782781351 0.7882702887452228 
0.7730271368168448 0.6497369305654558 
0.5113218849965039 0.8084213008391639 
0.49181550660317097 0.8343808311211172 
0.07765225427599616 1.0188076241950046 
0.9407119473805118 0.1610470307835572 
0.7417135200196172 0.7455462610110104 
0.8862526235794094 0.46959725100198757 
1.0131141472685363 0.07927156299206228 
0.9479836435077509 0.148558056411148 
0.12224453328818377 0.9734089157464366 
0.9141727871938492 0.45651688455625045 
1.0023165354971955 0.09174144652663027 
0.8246565464295448 0.4982767199347715 
1.0292636382075058 0.060054353241094226 
0.4739637045421536 0.8760138516474563 
0.9407119473805118 0.1610470307835572 
1.0292636382075058 0.060054353241094226 
0.8472406799876702 0.4861002984278859 
1.0023165354971955 0.09174144652663027 
0.7556139921658798 0.7233019689850704 
0.4739637045421536 0.8760138516474563 
0.12224453328818377 0.9734089157464366 
0.7786308795603433 0.5501135398394692 
0.7796808678600546 0.5492178802406096 
0.9325324411900149 0.17722473874535777 
0.07765225427599616 1.0188076241950046 
0.9479836435077509 0.148558056411148 
0.8351428638001867 0.49186804941980933 
0.49181550660317097 0.8343808311211172 
0.8246565464295448 0.4982767199347715 
0.747433007219261 0.7358419986211463 
0.10836815218478618 0.9855906270983471 
0.7556139921658798 0.7233019689850704 
0.747433007219261 0.7358419986211463 
0.9692435824932086 0.1297061474209105 
1.0131141472685363 0.07927156299206228 
0.528319782781351 0.7882702887452228 
0.8351428638001867 0.49186804941980933 
