3.9459945447403086 0.8100377749461078 4.120977545789111 0.6025190131708822 4.332449940602923 4.156549324602144 
3.9459945447403086 1.3953845261426514 2.7639051963933916 0.6025190131708822 4.6406346696976595 4.156549324602144 
3.863928246297384 1.822035532222606 3.7891922934473126 0.0017513085294330044 3.3601101856280797 3.9832725104458433 
2.9788504443562687 1.0597318605973771 2.873149562320995 0.7093153222333963 4.550473577281193 2.4889233213126545 
3.589608126980495 2.046429658729188 3.1318114860862662 1.1571198774575282 4.2418372856424496 3.253666544174133 
3.9459945447403086 0.8282789766160872 4.167948159235151 0.6025190131708822 4.6406346696976595 4.156549324602144 
3.1534394201964098 1.0196143536116866 4.118939135567415 0.36647233873378093 4.398102644648263 2.722650236768154 
3.9459945447403086 1.3771433244726623 2.7169345846868658 0.6025190131708822 4.332449940602923 4.156549324602144 
1.5151117401505196 0.8934365099597975 3.8160354843599227 0.7093153222333963 4.47835898502872 2.2555771868054566 
2.994159516677607 0.3327834617542881 3.82854369660106 0.7093153222333963 4.640690882875805 2.506102027688635 
