1.1827953792487111 1.6720405883374587 3.688437876712766 0.023506847400289438 3.106411397678933 5.8362495060861965 
3.5544755193250808 1.936554334255248 4.645501750823745 0.875709300713837 2.5600942148692556 7.304375685945824 
1.6776715736287264 0.7387968685634559 2.2055003811746343 0.142449149672255 1.6880987891747914 6.546545937856058 
3.7629088764773244 0.9732907194727753 4.586714410080378 0.4640799893006196 3.564814040847451 7.7936380861868155 
3.4326211729847214 1.9090646106322189 2.1817195920659946 0.04515899228844214 2.097209659073129 6.309295294873396 
3.5032933830646185 1.4226044570695962 4.283500495261851 0.632888867963622 2.5386022737014016 7.30417220177478 
1.5802284398189363 0.6980509147162466 2.2055003811746343 0.142449149672255 2.0823319943726784 6.630202206070363 
3.5908121784624325 1.6191755955330531 3.7457150631717315 0.08165883672667695 2.0683771447448236 8.623664164065246 
3.333218423713488 2.005231877051828 4.265515224160024 0.26614891371368565 2.0193744505052376 7.169750461019657 
3.5908121784624325 1.628145748341165 3.7457150631717315 0.07464373455204071 1.9855169824439596 8.623664164065246 
2.25352951211054 1.7856605557210343 4.23251215907233 0.17068151742865167 3.5695068826284078 4.680898667323046 
