4.497924254051422 0.9089949473758734 4.235317362912548 2.181758836269718 4.855345512107158 8.549062859933208 
2.9719557379716264 0.5224193657239238 2.7920344602414935 1.070988911088261 4.319728880726874 4.856849686536391 
3.0213273343044498 0.8061587211313755 2.490195649747996 0.28599687292186354 4.402226497458271 5.7284347880487125 
2.864880656766628 0.5224193657239238 2.4095731881132347 0.667766929982135 4.319728880726874 5.169186072002288 
4.497924254051422 0.9089949473758734 4.235317362912548 2.181758836269718 4.990066512521388 8.549062859933208 
4.484897772254818 1.4684100392977015 2.3940999413806163 0.313078186528728 4.874838385132767 6.310221200023413 
3.6931873071633046 0.8742892326284114 2.585214054204636 0.667766929982135 4.319728880726874 5.4302393743873925 
1.5881217178825335 0.8465190767982139 2.9807022489229626 0.6392881976150953 4.499580961689251 4.5653265690738305 
3.872950957953007 0.9554316738632178 2.1545132976022487 1.171727847027837 4.794408099494975 6.7199217024858315 
4.533594103509758 1.3040570702757586 2.829121075768375 0.2946833621995384 4.875481970027937 9.79562879701067 
