0.28733940530139246
0.28884300737773017
0.2955407852479478
0.2830704481811026
0.2796280224971912
0.2776491770496796
0.2856368586169167
0.2921990936923434
0.27794530490393665
0.29458927892030373
0.3030117166795627
0.2974920519400609
0.2870131909656658
0.2814372743622474
0.2899746049534273
0.28439836797980145
0.2848172344384393
0.2862291905386525
0.29263599618767266
0.28619810181027994
0.27889889120981115
0.28307954720868866
0.280077797998855
0.28658560690170665
0.27825418367973753
0.29659157305778816
0.28183647500756537
0.2927936107535267
0.27863144498560943
0.29260234841882293
0.2803714851112614
0.2912553046199414
0.2977001123755235
0.28117851529803384
0.3032727777615515
0.29053863262250745
0.2838743238924013
0.3019298863582571
0.28731107080767504
0.3053527247474357
0.2820242440810852
0.29539789710000786
0.2833547427071914
0.2790941609062674
0.27922392238137816
0.2879181230937188
0.280817472469177
0.2855495704479891
0.2861698283077879
0.29731623991912026
0.28097382004603055
0.28003892418923504
0.2794266181408426
0.29264343353981737
0.28705626191125266
0.2852497210189171
0.281994811377537
0.2842215952310071
0.283181278765404
0.2833656088020343
0.2834770708868807
0.280121602838032
0.2938088309942639
0.2786181236528774
0.2920940665885602
0.28250782205879676
0.2840289724879529
0.28629999940705453
0.29945918466929233
0.293952202517459
0.2948445503806634
0.28082292996943414
0.28567861944486705
0.28406351806361707
0.2781827999108947
0.27832370128809936
0.28236209922723365
0.29284712575523886
0.29156165860576355
0.2837745041254588
0.2891199329969242
0.2904094389933797
0.28123538111873736
0.2839377080759704
0.2955561651737948
0.2822183828766659
0.28501469300582993
0.2856438365905086
0.27973727190423137
0.29205560088653226
0.2841611309657919
0.29823109985393925
0.3079880113398261
0.2792580618072096
0.28244498336509094
0.293976025505703
0.28128064245409434
0.2884172454809649
0.27827631087749094
0.28311265609499014
