0.999999999999824 1.0000000000002334 
0.8987036555571211 1.1127144086637744 
0.8031030420786254 1.2451703560787057 
0.8710088621329907 1.1480939442805145 
0.7245772968783103 1.3801210182536838 
0.993908149099249 1.0061293603539625 
0.6728377080759704 1.486242504041039 
0.9706458464469659 1.0302419211088774 
0.8396512491217225 1.1909706615898086 
0.8445893216817879 1.1840218230815942 
0.8668529148920656 1.1536058487550234 
0.7673074090968696 1.3032586268623167 
0.919658725520366 1.0873599741745152 
0.9373212249989533 1.066877696594178 
0.960954029846083 1.0406327906758526 
0.8173772877178563 1.223425249286528 
0.7843413285867387 1.2749619110414019 
0.7555519143136308 1.3235357903533314 
0.741420114806593 1.3487630375191926 
0.7004465051162067 1.4276677100366844 
0.7808812116750442 1.2806727245798757 
0.7123807289964968 1.4037437631285756 
0.6767821651933669 1.477663072158546 
0.9242575499337462 1.0819496017131545 
