0.999999999999969 1.0000000000000318 
0.7476698727271623 1.3374886936322825 
0.927243893907772 1.0784649089943052 
0.7088596239629843 1.4107165455681936 
0.8949497775544465 1.1173811370556581 
0.8168931443265045 1.2241503150675528 
0.7671082201805055 1.303597033362556 
0.6828283235615474 1.464497034662534 
0.7941523298760489 1.2592042656326994 
0.9783923260870467 1.0220853644886168 
0.9514514834361467 1.051025749062956 
0.7088596239629843 1.4107165455681936 
0.6793094389933797 1.4720832304628095 
0.8739563796684255 1.1442218735371654 
0.9618294589731107 1.0396853531373549 
0.7481203501683144 1.3366833288872157 
0.7803961614063015 1.2814004597359907 
0.9098621185946796 1.099067642769509 
0.9923706348623638 1.007688019848244 
