0.9999999999999597 1.0000000000000657 
0.7186859951773805 1.391429229642628 
0.7791370336323102 1.2834712724899564 
0.8161955702750167 1.2251965538894294 
0.7545450317104708 1.3253019474970822 
0.8948345137324916 1.1175250670984687 
0.6920738387061822 1.4449325260873511 
0.846619685399745 1.1811749426644438 
0.9120365003910559 1.0964473456630055 
0.6749097252059967 1.4816796419925278 
0.8238839246241955 1.2148840681513033 
0.9332884976637938 1.0714864427856945 
0.8770797290020769 1.1401472031952071 
0.9699736008234863 1.030955911198151 
0.9504800496014901 1.0570192234380646 
0.8539168002401001 1.171079593090621 
0.9865225263397068 1.0136615974829102 
0.6697229299694342 1.4934485334282415 
0.9193044942176969 1.0877788657520244 
0.9817361961154012 1.0186035759473433 
0.961276333444005 1.040283595059534 
0.7068663115867729 1.4197629607394169 
