0.9999999999995207 1.0000000000004992 
0.8253323082027941 1.2116331700692036 
0.9467688325922422 1.056224039134668 
0.7886452139029951 1.2679972976117826 
0.8543681667493335 1.1704557954088135 
0.7991293872730081 1.2513618144039866 
0.7602693217044555 1.3153233616751998 
0.6792661652661358 1.4721769633414472 
0.9098930550368933 1.0990302592496213 
0.72421231366004 1.3808105460911433 
0.9560620159011066 1.0459579005784614 
0.7079835789899662 1.412462138562697 
0.7360602645065751 1.3585844110449892 
0.7004325394050401 1.4276892405390709 
0.9730202464999559 1.0277278438987276 
0.994093020606096 1.0059420791329035 
0.870725272376119 1.1484678721820647 
0.8883420783645068 1.1256925690827557 
0.6683266181408426 1.4963145473162733 
0.9792875719101253 1.0211603104112537 
