0.9999999999993943 1.0000000000011902 
0.7704110900595249 1.298008328411435 
0.9327675340622512 1.0720784798862077 
0.8258806424980755 1.2108287187583124 
0.8044876504646102 1.2434114128728262 
0.8493582514861105 1.17735950996711 
0.8866737944727188 1.1278104894569037 
0.8655404613885183 1.1553474974210292 
0.7298580727007198 1.3701295445118842 
0.6775116765236454 1.4759893218933915 
0.7048950824247494 1.4186508388740269 
0.7008928465652835 1.4267517689875802 
0.9579355402464486 1.0439115764960987 
0.913358014667189 1.0948609246066476 
0.668977797998855 1.4948179195103095 
0.757572467456508 1.320005732996951 
0.8096002253274379 1.2351775218962844 
0.9877740517512956 1.012377272149591 
0.9036452697719 1.1066289753491498 
