0.99999999999996 1.0000000000003149 
0.99999999999996 1.0000000000003149 
0.7756584204097423 1.2892272859169132 
0.6675181236528774 1.4980866661959382 
0.9501954599852683 1.0524150474090435 
0.7195925256360174 1.3896753594570863 
0.8221920183716053 1.2162608969873394 
0.8057546955886974 1.2410837996203306 
0.7567968950471243 1.321358579954239 
0.6918948233403116 1.445316534636427 
0.9744251356277908 1.026246105025 
0.7334952312652906 1.3633353803268213 
0.8557680611507834 1.168540933698099 
0.7015884271640593 1.4253370978825337 
0.744784221213622 1.3426708654333952 
0.9728851097499025 1.027870606747003 
0.8406544100361498 1.1895494615499709 
0.9173027134550706 1.0901528222070624 
0.807519262200555 1.2383605529251016 
0.8683068870600413 1.1516697369534867 
0.9331727058455708 1.0716129978739752 
0.9251170114735009 1.0809443438092157 
0.8815420371707461 1.1343758625858615 
0.8433129464479929 1.1857994276242483 
