0.9999999998942096 1.0000000001058025 
0.7874255364848056 1.2699613631211797 
0.8151724579575568 1.2268608106325671 
0.9739356101400507 1.0267619232998044 
0.7605780638277747 1.3147898744440012 
0.8854715036028034 1.1293418206370212 
0.8657760537650947 1.1550332330442314 
0.6988658381310086 1.4308940346378167 
0.9107271869168473 1.0980236626927264 
0.9525560088924558 1.0498070356652724 
0.8446405788026807 1.183938071776758 
0.9258685359429267 1.0800669438372679 
0.8570429006364998 1.166805258646353 
0.6818702409372471 1.4665547259450393 
0.6815434335398174 1.4672582457247005 
0.7243211142127856 1.380603669047943 
0.7591066551352332 1.3173379931055536 
0.717007996656536 1.3946853807787851 
0.7440818222054804 1.3439388298919794 
0.8990445145704816 1.1122926431214557 
0.8289366514920186 1.2063648221629228 
0.830935415580757 1.2034636814272146 
