0.9999999977800653 1.0000000022200033 
0.9999999977800653 1.0000000022200033 
0.9557809245193256 1.0462648651054514 
0.7835414743032191 1.2778181042638306 
0.8222242274773706 1.216213250772757 
0.7328027665496161 1.3646236695569134 
0.6792118534972575 1.4722946822158636 
0.9805606873452576 1.0198246910221618 
0.7075910244987822 1.4132457390248665 
0.8432135650103167 1.185939175640005 
0.8988896379686033 1.1124836232256716 
0.9212729701678168 1.085454618189262 
0.7088783446486312 1.4106792901060479 
0.9383453019360616 1.0657057673953532 
0.8222242274773706 1.216213250772757 
0.7439376131195317 1.3441987375149287 
0.9898354257855655 1.0102689537769636 
0.6751999994070546 1.481042655329724 
0.7526179429564561 1.3321685452576537 
