0.9999999999937498 1.0000000000062952 
0.7635333875106916 1.3097008037478834 
0.8663712251893066 1.154239637116735 
0.8911568219693562 1.1221369546214592 
0.8377301378047649 1.1937020435481804 
0.7471246225358608 1.3384647886621108 
0.9382118898079632 1.065857308866778 
0.8103301841789683 1.234064854444416 
0.7857198535373914 1.2727182544183833 
0.8738839330782892 1.1443167246368877 
0.6701806424540944 1.4921350109796354 
0.9536604851830435 1.048591207813037 
0.7845354820104077 1.2746396108636182 
0.7314433101797898 1.3671599509388825 
0.7147209575665742 1.399147480355209 
0.9815472300110446 1.0188284815104696 
0.8248076942822703 1.2124052155559686 
0.6853714840666169 1.4590627466638382 
0.9098033451460608 1.0991386368340352 
0.6989081242287756 1.4308033697683662 
0.7259714471899947 1.3774646425596213 
0.7051523759691662 1.4181334687236506 
0.6706289002557132 1.4911566800100273 
