0.9999999986292761 1.0000000046743913 
0.7815230145930341 1.2795616836994346 
0.6866001123755235 1.4564717389255126 
0.80694467269737 1.2392423345378576 
0.9335301028787933 1.0712574194285318 
0.8806289747980157 1.1355819115196428 
0.9065327603522481 1.1031040948227462 
0.7546722277813979 1.325078575696484 
0.7267882301376081 1.3759166130380616 
0.7416850258988618 1.3482812323623756 
0.8448052067369715 1.1840139716511056 
0.9650344161199564 1.0362324735017916 
0.8998278712153854 1.1113274696737465 
0.8289262559605083 1.2063799316445212 
0.8657304475089405 1.1550946907031823 
0.9811739507383853 1.0191872698467725 
0.9493439517910521 1.0533590045972545 
0.7147538948512829 1.399082967237267 
0.8561849143090509 1.1680027501392554 
0.6942027646562162 1.4405037733356767 
