0.9999999999999946 1.0000000000000056 
0.6965549028217505 1.4356370128901021 
0.7660324724080287 1.3054276917575742 
0.8930206599346096 1.1197949217375618 
0.7880447357754891 1.2689635060384583 
0.9280165516659401 1.0779342166401662 
0.71579517730727 1.397048897529082 
0.816020932042256 1.2254587610605783 
0.8001646149913905 1.2497428422820318 
0.8689189037905621 1.1508975112782946 
0.678311014812223 1.4742499959279671 
0.9789467940475225 1.0215098348247726 
0.9628882601445129 1.0385421044077783 
0.913882242710967 1.0942729348900404 
0.8494398298360669 1.177246568105384 
0.943847900300227 1.0594927422367426 
0.8283114619628459 1.2072753380270176 
0.7495979796370997 1.3340484341260332 
0.733260446715887 1.3637719166109383 
0.749463218210208 1.3342882985706213 
0.8353854118618134 1.1974247102426567 
0.9434900806863733 1.0598945559830326 
0.6723770708868807 1.4872607235996351 
