1.0 1.0000000000000002 
1.0 1.0000000000000002 
0.6788746049534273 1.4730261111689513 
0.7732431584675082 1.2932542667679434 
0.8052264278684975 1.2418871279288173 
0.7603739919890505 1.3154959212484434 
0.7068068813739705 1.4148136165174996 
0.8816327182666686 1.1342591758689982 
0.7331368929128702 1.3640017461217921 
0.9580655649056474 1.043770272448227 
0.8256257754905325 1.2112024963658525 
0.9431643698292245 1.060260578103067 
0.8709963639391717 1.1481104439040721 
0.7122587991976372 1.4039840728383068 
0.8434390499908108 1.1856221265340552 
0.7314921472227872 1.3670686743492715 
0.8165788860481811 1.2246214633084649 
0.9016149376982584 1.1091209747123483 
0.8553079239361113 1.169169574067856 
0.9157264121385496 1.0920302678524674 
0.9742549864788708 1.0264263185774587 
0.9721898779326894 1.0286059907577818 
0.9894116803326556 1.0107016336114134 
0.9188354459715504 1.088334171025083 
