0.9999999999863382 1.0000000000250864 
0.8235271951102666 1.214288982771599 
0.7917699504294374 1.2629931209659255 
0.7218346478311412 1.3853588263068588 
0.8928151096981831 1.120052733399109 
0.7031094068772455 1.4223118975443658 
0.9502862855803271 1.052314460587921 
0.827793185513753 1.208031206535247 
0.6863920519400609 1.4568933278771503 
0.8520277337155984 1.1736707174651968 
0.872884623690766 1.1456267802498354 
0.9739457327757257 1.0267512514938395 
0.9257749068231346 1.0801761820888534 
0.9428069492158831 1.060662525720221 
0.9931714868386308 1.006875462368538 
0.7739838909521346 1.2927323853390802 
0.7581137306665796 1.3190633013446869 
0.7424844795106456 1.3468294997678987 
0.7367759533649129 1.3713130413355388 
0.9767280897533934 1.0238263966476593 
0.8662599386833656 1.1543879098490204 
0.917993879444314 1.0893318824579068 
0.7610332804760134 1.3140030122956428 
0.9070821982201706 1.1024621066962907 
