0.99999999998181 1.0000000000182232 
0.7548238550512352 1.3248124687241527 
0.787834245211954 1.269302679174461 
0.7377851110284043 1.3554085950659704 
0.8520579753703234 1.1736291233332876 
0.7087704768630687 1.4108940220931108 
0.7236046140248009 1.381970187404333 
0.9594555502770399 1.0422577778904127 
0.8014514094053744 1.2477364272587137 
0.8863682044743676 1.128199520323052 
0.8991079478071243 1.1122135470064585 
0.8728443152166506 1.1456799510472933 
0.81665953753678 1.224500485266201 
0.6942527247474357 1.44039885793312 
0.9109757339879805 1.0977241897106427 
0.9436319402584855 1.059735227908101 
0.9287634825512378 1.0767003861889362 
0.9162523359659448 1.091402411778798 
