0.9999999999980181 1.0000000000026155 
0.9999999999980181 1.0000000000026155 
0.9391379319097022 1.064806316930669 
0.9926147448798577 1.0074402029174825 
0.9018993042033051 1.1087750728426573 
0.9232158723168935 1.0831702945923014 
0.8824609007260434 1.1331946849360768 
0.8350130364247338 1.1975861250496245 
0.816971879134153 1.2240332156462221 
0.7920130892420327 1.2626054363227872 
0.6754856069017067 1.4804164437973837 
0.8735721046699712 1.1447251976449986 
0.8020555299342733 1.2467968924734063 
0.6918942637176343 1.4453081248972528 
0.774435036838796 1.2912641599377301 
0.6853755858890676 1.4590541879380332 
0.714933193685336 1.398732650890111 
0.8506530259522708 1.1755678426185017 
0.7609249926481321 1.3141909202232442 
0.7043908406985607 1.419666879748694 
