0.9999999999999996 1.0000000000000004 
0.9122486434495503 1.0962595251500733 
0.9658027199631327 1.035414194385507 
0.6726745041254588 1.4866030953598763 
0.8459483742015611 1.1826848668380172 
0.778188393983744 1.2850478760615087 
0.805327541639448 1.2417330621358948 
0.7590017879800826 1.3175202078726223 
0.8738060739410076 1.1444186871928366 
0.6955363143653018 1.4377394527776852 
0.8845256041873912 1.1305495231189122 
0.7389633666446331 1.3532470554536966 
0.9045407516444754 1.1055421429517185 
0.9815655074096314 1.018780705364385 
0.7018491572489459 1.4258105233536655 
0.823148850389064 1.2148471100702765 
0.7315641381200488 1.3669421355121958 
0.8206455650488209 1.2188868070598144 
0.7197181522262797 1.3894327896367962 
