0.999999999999993 1.000000000000007 
0.999999999999993 1.000000000000007 
0.9530634230135445 1.0492481149240602 
0.7386345392621432 1.3538494977749078 
0.9347885553290954 1.0697606365622994 
0.6921734610231326 1.444724565553587 
0.840923264303221 1.1891691460129978 
0.9753862318569155 1.0253415187952537 
0.7690896607972063 1.300238651976166 
0.8072486998827362 1.2387756610519005 
0.9749966410470191 1.0256446420875087 
0.6727743238924013 1.4863825275233724 
0.7111237873867399 1.4062249326175316 
0.9233499866625672 1.083012957653645 
0.8244060249775605 1.2129945314604318 
0.7563595206416255 1.3221226034164648 
0.8496260196178398 1.1796153330151526 
0.8950372865754426 1.1209534831002703 
0.791975805030779 1.2626653453614842 
0.8136433169881899 1.2290397759327663 
