0.9999999999999997 1.0000000000000004 
0.726594783093252 1.3762829613780403 
0.9234052670647049 1.082948122236177 
0.8106035309536237 1.2538782504011636 
0.6677988912098112 1.4974568183656494 
0.886834119529182 1.1276065931450325 
0.9907089305446766 1.009378203107405 
0.9575705455455307 1.044309481585294 
0.7879776583662078 1.269071514125668 
0.9504083128069364 1.052179355930026 
0.7002935433274695 1.4279726316539756 
0.7532569899382249 1.3275681651491205 
0.8365330608869018 1.1954100193167612 
0.8566776201696519 1.167300250428046 
0.682738877103581 1.4646888198425057 
0.8997274810333591 1.1114476564254754 
0.6956653593929395 1.4374727539587018 
0.7577642950921708 1.319671573967566 
0.848921198384982 1.1779656367988638 
