1.0 1.0000000000000102 
1.0 1.0000000000000102 
0.7138653956866394 1.4008452641024696 
0.8044817611257986 1.2430362620503301 
0.9832268499391562 1.0170592914216567 
0.8560476883386317 1.1681644676866765 
0.6919117166795627 1.4452710889439175 
0.82291027064376 1.21520693298427 
0.8375913115663715 1.1938996816286163 
0.8723390804809646 1.1463432471418862 
0.9626814496321725 1.038765361878959 
0.9325120744919903 1.072372176897164 
0.8850213855004619 1.129916199311394 
0.7867238484257978 1.2710940481065094 
0.6960878170764921 1.4366003564903302 
0.7334213964055549 1.3634818111742188 
0.9447571478147998 1.0584730743678492 
0.7537234550696547 1.3267465788259547 
0.7405869319490697 1.350419728409609 
0.7602053835299009 1.3154340082772482 
0.9184561780162156 1.0887835773385204 
0.8964072177324038 1.1155644251005024 
0.9545514032309629 1.0476125681703816 
