0.9999999999999958 1.0000000000000049 
0.6817471257552389 1.4668195320916106 
0.916485092296001 1.0911278835576466 
0.8763075956787312 1.1411534889691808 
0.9002118063132462 1.110849683360901 
0.8150188676509262 1.2272584507683828 
0.9642440282652252 1.037081890378657 
0.7318014889094742 1.3664908173893004 
0.7047153662949851 1.4190271349115922 
0.7869704402167482 1.2706971934290932 
0.8377426117913774 1.1936850843829705 
0.7697723916268151 1.2993874169762953 
0.7542929040481305 1.3257449393446235 
0.9418564689949213 1.063630336906467 
0.8241514293721685 1.2171446546213798 
0.8599780185897457 1.162823050501131 
0.9429348332448617 1.060518822123722 
0.7232103316151798 1.382723619285431 
0.7854021597917145 1.2771962713007685 
0.9780532727511262 1.022439194243572 
0.9889138162230644 1.0112104651730185 
0.8528357777472644 1.1725596780106478 
0.7574092733449118 1.3205965997804174 
