0.9999999858202661 1.0000000142817707 
0.868792153409836 1.1510232940147231 
0.8879373376124988 1.1381306900948065 
0.8201132951682888 1.2193437308942403 
0.9381483535251758 1.0659294967701969 
0.7008419508551166 1.4269942490280885 
0.8388113138509514 1.1921635850628067 
0.7606130963058226 1.31472887842001 
0.7469928917332775 1.3387008258828363 
0.8993764943180047 1.111881407663786 
0.773484353015192 1.2928509794772522 
0.9131043921137904 1.0951650378969877 
0.9725079269180172 1.0282692536366007 
0.6686372719042314 1.4955792090795297 
0.7856546239571738 1.2728239753577302 
0.7352113981479771 1.3601530174736385 
0.682878072281856 1.4643905276411269 
0.954417534541085 1.047759470548772 
0.7114090381255826 1.4056610858248924 
0.9867277918400146 1.0134507538522777 
0.9254236335913554 1.0805861951893967 
0.8563331518306945 1.16776980915568 
