1.0 1.0 
1.0 1.0 
0.7488065264478501 1.335458447373933 
0.9536390738628262 1.0486147696140944 
0.9296172231668998 1.0757115684530931 
0.8554028682686141 1.1690398023004542 
0.777505481189814 1.2861645676686984 
0.7297585564912036 1.370316239393488 
0.8021986025440184 1.2465740987900134 
0.9718253991164856 1.0289914233153483 
0.6921204906713768 1.444835163886921 
0.70379905158291 1.420860266210018 
0.983541421323363 1.0167339964783706 
0.8791429611019598 1.1374714295032162 
0.9125588590786671 1.095819727220303 
0.8897235613416182 1.1239446092821788 
0.6759562619112527 1.479385665335706 
0.8358055485041649 1.1964505410283879 
0.7329485419245383 1.3643522605307412 
0.8410975024399223 1.1889228027982193 
0.8190272125244141 1.2209606527215773 
0.7898017739678267 1.2661404835629935 
0.8207210920303771 1.2184407220802695 
0.9967915389366444 1.0032187885595767 
