0.9999999999985631 1.000000000001438 
0.762447159384501 1.3115663003584415 
0.7358823215460655 1.3589129277823278 
0.8451337093840912 1.183244722821865 
0.8700060912216413 1.1494172405308398 
0.7818327346408573 1.279045961673618 
0.972605463314596 1.0281661356351293 
0.8239714552837754 1.2136342753095095 
0.9388531339535244 1.0651293204363703 
0.8108852729235398 1.2332200786022567 
0.9026933998948682 1.1077958475378809 
0.8818445108413548 1.1339867604047504 
0.6741497210189171 1.4833500256882814 
0.9589489783197275 1.0428083484882142 
0.9201702544072943 1.0867554077206327 
0.8364668323645568 1.1955046971515142 
0.7206886076295281 1.38756182547558 
0.6848427276079506 1.4601892664217035 
0.7093507914036117 1.409739739756688 
0.6927863082882807 1.4434465407472508 
0.7993040002406777 1.2510884467074 
0.7931076163923105 1.260862938866681 
0.7024522913483022 1.4235842244722439 
