0.9999999999999987 1.0000000000000013 
0.9999999999999987 1.0000000000000013 
0.9024531714626021 1.1080921769948426 
0.9403422472162402 1.0634848991381232 
0.7158329457652232 1.3969741873615518 
0.967131169927435 1.0339859070771749 
0.7528797470342988 1.3282333652075822 
0.8646220899618704 1.156581266206369 
0.6943529444995694 1.4401897612495516 
0.6692714851112614 1.4941619699419406 
0.994565121649956 1.0228565202522615 
0.785317910207782 1.2736370013889216 
0.8562993562204989 1.1678232943014233 
0.7030773022207072 1.422318707867288 
0.8243355106954978 1.2131071382833185 
0.8082377863784754 1.23725965198038 
0.8391697780205962 1.191662662976156 
0.7719424672894799 1.295433365810185 
0.8150953993651717 1.2268502595780377 
