0.9999999999997861 1.000000000000214 
0.9999999999997861 1.000000000000214 
0.8083522852612339 1.2370844303550192 
0.8570480348670774 1.1667983361276526 
0.9624361765254068 1.0390299374160454 
0.7240804090347248 1.3810621025120675 
0.9346416526694932 1.0699287766347632 
0.8895721769523401 1.1241359960971469 
0.6737172344384393 1.484302293808279 
0.7665233918460268 1.3045922645088242 
0.7879965019715662 1.2690411664240395 
0.9028331085814024 1.1076244219702698 
0.7969381674275122 1.2548026313848188 
0.9191939227709703 1.0879097193605596 
0.6821373250102719 1.4659804770444396 
0.7086341396351588 1.411165446536553 
0.7398127768398692 1.3516933924536023 
0.9782878150984247 1.022194083959944 
0.9845764814818229 1.0156678075400598 
0.8754626847594529 1.14225313932468 
