0.9999999999999968 1.0000000000002454 
0.9999999999999968 1.0000000000002454 
0.6832276263239019 1.4636577351634417 
0.8983185072190601 1.1131909383856815 
0.7126366260534754 1.4032396928356596 
0.8264045321118585 1.2100611307499383 
0.7454039606006664 1.3415544498058383 
0.7186022550527874 1.3915904007653317 
0.920990295414511 1.0857877710331474 
0.806095659158527 1.2405475562595685 
0.8435114804325449 1.192052057150226 
0.882519913477876 1.1337848830687707 
0.9700219086667643 1.0309045508017 
0.7725970662242386 1.2947140096758685 
0.7954994597250931 1.2570718785809076 
0.669717472469177 1.493166956396286 
0.9527943191291611 1.049599515629326 
0.8539146218725827 1.171685528551125 
0.871041939910688 1.148050989950044 
0.7629821178647548 1.310652844510951 
0.9789584738632927 1.0214937882591373 
0.7529409547346606 1.328125391451344 
0.8630153218508291 1.1587279963615 
