0.9999999999998485 1.0000000000013969 
0.9999999999998485 1.0000000000013969 
0.7533320605094067 1.3274412514416454 
0.9221500726707283 1.0844221885815764 
0.7354578142097905 1.3596979533418565 
0.8003800738824071 1.249406416731341 
0.6944953441711748 1.4398976074039669 
0.8845613687285192 1.130503815530901 
0.7080010292783956 1.416720649039794 
0.8168769596477126 1.224174569173668 
0.8315545398705495 1.2025671699631424 
0.9425020022696468 1.0610057036149403 
0.9355555282405982 1.0688836442444234 
0.6821284782251785 1.4659994882521954 
0.904980739292963 1.1049959205242976 
0.7190187605997178 1.3907843092999674 
0.6700785152980339 1.4923624281347778 
0.8670217514927675 1.153373601386917 
0.7702363391518736 1.298303006110025 
0.8485846184289161 1.1784328613585178 
0.8512265750147339 1.174775352828696 
0.8959215333502308 1.1161691764871104 
0.86964411061887 1.149895673173932 
0.7779798051382778 1.2853804092809222 
0.7259045107644826 1.3775930481007415 
0.993870534193087 1.0061673639520652 
0.9807584743549027 1.0196190783935604 
