0.9999999999999996 1.000000000000085 
0.82019784993896 1.2192180217073105 
0.7921063486549282 1.2624567471286066 
0.729333212929104 1.3711154119843532 
0.9563438070287775 1.0456490570551635 
0.7118565347744449 1.4047776623493269 
0.7526453139742696 1.3286470827085226 
0.743873638277483 1.3443143412606349 
0.9780936224133556 1.022397016053127 
0.6893416513337586 1.4506630776176066 
0.7699278266969589 1.3107259077997186 
0.8817373289279954 1.1341246482141563 
0.8985452560128471 1.1129100415543878 
0.8351997434428109 1.1973183763471924 
0.8758625841840404 1.141731613670669 
0.6772457648517967 1.4765688498823657 
0.859926019393007 1.162890737037384 
0.667176310877491 1.4988541764716354 
0.9195601148096448 1.087476483818022 
0.9041828815951496 1.105970953997084 
0.9345750456800161 1.070005030267597 
0.9866310099464848 1.013550164671993 
