0.9999999999998916 1.000000000000109 
0.9999999999998916 1.000000000000109 
0.8623428110179054 1.1596316400705813 
0.8858141385361039 1.128904993354076 
0.8131670279590051 1.2300897988115769 
0.7869284888737034 1.2708151536634698 
0.8341299622889867 1.198853952499429 
0.9027017181839232 1.1077856435350828 
0.9448940596640996 1.058319849640085 
0.9259303192202456 1.0799948766333438 
0.7683334779882428 1.3015182744347844 
0.8429399783179377 1.1863240881040733 
0.6871310998539393 1.4557170619040871 
0.9159720485884899 1.091736371642586 
0.6907868860427664 1.4476543107532425 
0.9911199325382105 1.0089596305853918 
0.9720104659931394 1.0287955068773538 
0.9788092716341013 1.0216494970281862 
0.7280060097269567 1.3736150347054135 
