0.9999999999985615 1.0000000000064238 
0.9425122405264379 1.0609941781236847 
0.8412284778830121 1.1913824363373908 
0.8084755763314135 1.2369005022219264 
0.9785746068440774 1.0218944912439216 
0.9211607165026722 1.0855868929207104 
0.9045318795225795 1.1055442298413503 
0.7921536822034753 1.2623813312017242 
0.8942575727846025 1.1182539262749218 
0.6729635180636171 1.4861759196693425 
0.7577411240324601 1.3197119284022998 
0.8789146239299759 1.1377669395961116 
0.71619664936035 1.3972488434466657 
0.7427912609203214 1.3462732436190294 
0.7741769786664459 1.2916943122357571 
0.7830086809887774 1.2771251887600623 
0.7028024578051183 1.4229787135871503 
0.8580386547080558 1.168742728772375 
0.7645521900017747 1.3079551842535677 
0.7385016942170606 1.3540946389680135 
0.7267121362422609 1.3770406837021125 
