0.999999999999544 1.0000000000005946 
0.7641671183153281 1.3086142757248527 
0.6955246994940659 1.4377685289066429 
0.8825742688393008 1.1330491215410103 
0.8982368843881963 1.1132920695929616 
0.9490459704118661 1.0536897386627937 
0.7092664837339329 1.4099122783094165 
0.7366826592410323 1.3574366734617536 
0.671344983365091 1.489552004093699 
0.9153618171972714 1.0924641902414323 
0.6745612818882551 1.482445539071222 
0.7770074264104772 1.2869890134710908 
0.7887744996050732 1.2677895649591358 
0.9642862738103665 1.0370364353021229 
0.9793966617891975 1.0210367658950872 
0.9979056595674322 1.0020987361836715 
0.7244930316258795 1.3802756414670923 
0.8012706242289827 1.2480180020414844 
0.8626230684420774 1.1592548780543288 
0.8211281247612147 1.2178367417359743 
0.9321128489264545 1.0728314760447955 
0.8342378531310617 1.1986989037357165 
0.9258996184794461 1.0800306864093683 
0.8580708543874969 1.1654049253696233 
