0.9999999999999976 1.0000000000000153 
0.8589199419761999 1.1642528614352055 
0.7709531166489669 1.2970958620353497 
0.8129576884723905 1.2300779760657463 
0.7923352034233789 1.2620922274041897 
0.8343830643928973 1.1984902893759353 
0.8741516685484165 1.1439662429068502 
0.7130785495860891 1.4023700559097867 
0.6952096092327062 1.4384160570176265 
0.7977344144175353 1.2535502153180014 
0.8928442044806402 1.1200162303469763 
0.7280006147408886 1.3736252418216301 
0.7467567527481906 1.3391370956997413 
0.8266126408897754 1.2097564816483304 
0.6862162399191203 1.4572667079278205 
0.7064080001970382 1.4156245151788778 
0.9785043555494641 1.0219678577092104 
0.9827143503768279 1.0175896989970359 
0.9618682870753199 1.0396433830256049 
0.959284701682144 1.0424434209698734 
0.9423977301298312 1.0611230991210598 
0.9418612265923784 1.0617275366754724 
