0.9999999999989402 1.0000000000011264 
0.8340012782363628 1.1990389387583786 
0.9050538021948922 1.1049066929249498 
0.8798120040808566 1.1366066446034309 
0.8078424649612499 1.2378651079876462 
0.7647411843194849 1.3076319426438507 
0.7124197190908717 1.4036669300454125 
0.985202600708091 1.0150197989694114 
0.6874322001320461 1.4546894137530457 
0.7803976304772704 1.2813980485896084 
0.9703533843699239 1.0305529089453285 
0.7354805828870153 1.359665329701382 
0.8555220191939632 1.1688769868743107 
0.9269662993606751 1.0787884150183848 
0.9579679003086343 1.0438763132648823 
0.8702345519605885 1.149115485911604 
0.9195101932713392 1.0875355915649199 
0.7511687504581062 1.331258787588316 
0.942831888003731 1.0606345321485413 
0.6864246892896415 1.4568240815974456 
0.7454481927044472 1.3414748467819906 
0.672081278765404 1.4879153025396041 
0.802774967379642 1.2456793263537524 
