0.5144131203057785
0.5121570193057781
0.5019052472761848
0.5210299394870916
0.5262235066205819
0.5289859189839448
0.5167977164214033
0.5068405642057203
0.5288509388575335
0.5032832360691635
0.4903736430294989
0.49883082112636956
0.5149757753315565
0.5235693878213442
0.5103182483602481
0.5188986534948119
0.5180692926242032
0.5160489802295368
0.5061677409097278
0.5159149007018631
0.5270499559882841
0.520904596643732
0.5253902982649745
0.5152518329437512
0.5282475804659922
0.5000212011565766
0.5228572745702147
0.5061191471602607
0.5277240998504079
0.5063829843672341
0.5247839657095008
0.5083156125316053
0.4984874060163248
0.5240019885610592
0.48986674158924026
0.5095641296860386
0.5194897947015601
0.4919798507540132
0.5143586217912821
0.4865237260991892
0.5226284522491998
0.5020365524850188
0.5205810945103146
0.5269919666627766
0.5267872234727523
0.5133712707913805
0.5243839591110394
0.5171488047430285
0.5161932166969079
0.49896951886369206
0.5240669693670456
0.525594076263728
0.5264385692778077
0.5062486884603146
0.514870465012681
0.517738597239994
0.5226988939853306
0.5191375107908209
0.5208337971595639
0.5206104056259634
0.5204215095490199
0.5253988244923669
0.5042902191878009
0.5277592922203886
0.5070182776700788
0.5218131813047873
0.5195430941762608
0.5154633401159251
0.4957087910839527
0.5043812768892263
0.5028284297768862
0.524260691005634
0.5169582910599264
0.5193564889825101
0.528546325902213
0.5282712704253268
0.522070453376083
0.5059511244610017
0.5079669278104556
0.5196451727964924
0.5113179503666492
0.5092238557626132
0.5238814661062392
0.5196967111878477
0.5017281185593839
0.5221851961806286
0.5179623825042126
0.5170044822167325
0.5261143584051869
0.5073690437196524
0.5192570733477666
0.49734213486435874
0.48259358091956644
0.5268935126923847
0.5220190966729134
0.5038578893758463
0.5237494630270639
0.512721816150416
0.5283106832744872
0.5209566074034488
