0.9999999999985631 1.202057648478689E-15 
0.762447159384501 5.2732921099123956E-11 
0.7358823215460655 7.54201125293442E-11 
0.8451337093840912 1.707593646712069E-9 
0.8700060912216413 6.170011194824305E-10 
0.7818327346408573 1.9466300604918116E-9 
0.972605463314596 7.13782508457748E-10 
0.8239714552837754 9.046434101600546E-12 
0.9388531339535244 5.574740256019201E-10 
0.8108852729235398 1.2180248851965701E-11 
0.9026933998948682 3.3865730474852925E-12 
0.8818445108413548 2.9699787436200485E-11 
0.6741497210189171 5.991158568446236E-9 
0.9589489783197275 3.660554607409693E-10 
0.9201702544072943 7.972859578308603E-13 
0.8364668323645568 2.7103275951614457E-8 
0.7206886076295281 1.8820029496105324E-12 
0.6848427276079506 4.009201586463121E-11 
0.7093507914036117 6.95281589376585E-11 
0.6927863082882807 1.7577718714461733E-10 
0.7993040002406777 1.0812057281959865E-10 
0.7931076163923105 4.195690283120677E-11 
0.7024522913483022 4.07823478435509E-10 
