0.9999999999980181 6.335697520330689E-13 
0.9999999999980181 6.335697520330689E-13 
0.9391379319097022 2.3666553727993004E-9 
0.9926147448798577 6.490129349121594E-13 
0.9018993042033051 3.466714761424381E-6 
0.9232158723168935 8.389777974629007E-9 
0.8824609007260434 2.3666553727993004E-9 
0.8350130364247338 2.665781793835946E-8 
0.816971879134153 7.16309114124498E-7 
0.7920130892420327 3.2115795290695545E-8 
0.6754856069017067 5.742019506926452E-12 
0.8735721046699712 1.7549014248088762E-10 
0.8020555299342733 3.4231316314941517E-7 
0.6918942637176343 4.0092089933601437E-7 
0.774435036838796 2.0726999294463684E-7 
0.6853755858890676 1.1890192727175696E-7 
0.714933193685336 4.0121282313525433E-7 
0.8506530259522708 3.4253561125628497E-7 
0.7609249926481321 7.16309114124498E-7 
0.7043908406985607 3.469380850980466E-7 
