0.9999999999999958 6.681919691793014E-16 
0.6817471257552389 5.100020373314881E-12 
0.916485092296001 2.439069069780692E-6 
0.8763075956787312 1.470218978251066E-6 
0.9002118063132462 8.142576672839022E-13 
0.8150188676509262 2.387928602774729E-4 
0.9642440282652252 1.9619630789014626E-8 
0.7318014889094742 1.4746614450767723E-8 
0.7047153662949851 1.0227161745885127E-5 
0.7869704402167482 1.1296950799013553E-6 
0.8377426117913774 8.602474004292058E-7 
0.7697723916268151 2.3255961563260655E-4 
0.7542929040481305 3.253685802343367E-10 
0.9418564689949213 0.001787113434603423 
0.8241514293721685 0.003111506858904578 
0.8599780185897457 2.262940446401216E-6 
0.9429348332448617 1.3869226889558186E-7 
0.7232103316151798 7.235558229364079E-9 
0.7854021597917145 0.0031127099575480053 
0.9780532727511262 1.1895001746496767E-10 
0.9889138162230644 1.1895001746496767E-10 
0.8528357777472644 8.449512926844218E-7 
0.7574092733449118 2.3211102144742268E-4 
