1.0 6.398262456658029E-15 
1.0 6.398262456658029E-15 
0.6921727777615515 2.612188032547224E-8 
0.9013371606829709 2.5100946406399232E-8 
0.9357197296908852 6.456541085673036E-8 
0.9565327988407967 3.6727143078453566E-8 
0.8102053070474383 1.8176065341212764E-11 
0.9762389758531363 6.456541085673036E-8 
0.8387648574212792 1.236941780461351E-10 
0.7088081512066545 4.202570598780555E-12 
0.7266554074928033 1.3237206203443345E-10 
0.7713068751998347 7.431076046451068E-9 
0.8525563069906994 1.7869014115256043E-9 
0.7495519774258083 3.2368599510579494E-11 
0.8607168071915785 1.8176065341212764E-11 
0.7170475902569411 2.0146626726325356E-11 
0.7918785399298156 2.612188032547224E-8 
0.8892568918949127 3.6727143078453566E-8 
0.7638295598843807 1.2956793632995715E-12 
0.7988440668433967 2.4754544433870756E-8 
0.7407752489253161 2.612188032547224E-8 
0.8387648574212792 1.236941780461351E-10 
