0.999999999999993 0.0 
0.999999999999993 0.0 
0.9530634230135445 3.373627201069416E-14 
0.7386345392621432 1.9253035104335482E-11 
0.9347885553290954 5.295631614995152E-15 
0.6921734610231326 2.764367888743406E-9 
0.840923264303221 7.392365928716414E-11 
0.9753862318569155 1.040003841491794E-4 
0.7690896607972063 1.0380376620061339E-7 
0.8072486998827362 4.183052381721306E-8 
0.9749966410470191 8.094319297569189E-8 
0.6727743238924013 1.5507993336341516E-14 
0.7111237873867399 6.420870594472541E-13 
0.9233499866625672 4.880539582504175E-12 
0.8244060249775605 8.130614052395282E-13 
0.7563595206416255 1.854953519964458E-8 
0.8496260196178398 0.0022318800698366793 
0.8950372865754426 0.0032951638913572934 
0.791975805030779 4.033771281585158E-7 
0.8136433169881899 3.5762681809021415E-13 
