0.999999999999969 6.712411104367237E-16 
0.7476698727271623 1.342067401587983E-9 
0.927243893907772 1.6587705098581423E-9 
0.7088596239629843 9.830016451219479E-12 
0.8949497775544465 5.149570198852379E-11 
0.8168931443265045 3.814272992288068E-12 
0.7671082201805055 9.533726300574346E-11 
0.6828283235615474 5.503947539055212E-8 
0.7941523298760489 1.342067401587983E-9 
0.9783923260870467 4.772215446764334E-7 
0.9514514834361467 8.075536579072496E-9 
0.7088596239629843 9.830016451219479E-12 
0.6793094389933797 3.3437253157310855E-8 
0.8739563796684255 6.1339643131624825E-9 
0.9618294589731107 7.103694579550486E-10 
0.7481203501683144 7.125180903284744E-11 
0.7803961614063015 2.2371421225886626E-12 
0.9098621185946796 1.3929125818498203E-8 
0.9923706348623638 1.1612959812414542E-16 
