1.0 6.8306078572773905E-15 
0.9464529519669466 2.7815788425893156E-14 
0.9846585308210396 4.369466009271767E-11 
0.7746021578477186 2.0249930645922697E-10 
0.8025552025012679 1.9074872550803307E-7 
0.9249239366748176 5.126618660665341E-12 
0.8454841318425294 2.3499840863713355E-7 
0.677317245480965 2.8703182942712817E-5 
0.9105988697638455 1.2125983749842588E-11 
0.7364783631386654 4.2932459858469746E-7 
0.7230817259201321 2.8703182942712817E-5 
0.8311645842322439 2.558710028667807E-7 
0.7496909321322376 3.616270129864535E-7 
0.8108503739582459 1.7383881099863642E-5 
0.8794240056941138 8.14993931927674E-12 
0.6926562207397208 1.4105045211746024E-6 
0.7047147837281779 1.25248032583232E-8 
0.8619201949843178 6.894222349656106E-8 
0.8970990353068196 6.891242073040224E-8 
0.8601777594862358 2.318723448902527E-7 
