0.9999999999996606 0.0 
0.7003615628546871 1.5037872506572354E-11 
0.8695553126434798 1.029309873936562E-8 
0.7324196441536052 3.046681651305704E-8 
0.8505740199964076 2.239325324216888E-5 
0.9517081699797525 2.3409651746728497E-7 
0.8005122050040097 1.0372363305454057E-11 
0.9299779540139874 2.420949105344541E-7 
0.9026662162516743 2.3288381825907952E-7 
0.977798654200227 2.3288381825907952E-7 
0.8368882731560634 1.3578537189929596E-9 
0.8152599412839062 3.0137592199507947E-9 
0.9144757893025096 1.4253333573244848E-5 
0.6780199329969242 5.6268854892890885E-11 
0.690971555166036 5.74221823604865E-9 
0.8868419662368549 2.420949105344541E-7 
0.9619623559816133 2.3288381825907952E-7 
0.7873519227836769 2.4632000914979717E-9 
0.8152599412839062 3.0137592199507947E-9 
