0.999999998511222 3.9071537733042653E-10 
0.7289747791332397 1.2116211184090476E-6 
0.7524836402572951 3.5188992474651107E-6 
0.9706664844316333 8.980806735152624E-7 
0.8746609933615861 3.124460395425091E-6 
0.8016059006711055 2.016530769611809E-5 
0.8880346740434215 3.16223468225598E-13 
0.7084008195166587 1.2177899876322836E-6 
0.9048800852662585 5.331290100436153E-6 
0.944089098847105 5.136654809956493E-10 
0.9624370292006055 6.876848096729965E-5 
0.7650503438293257 1.88547820393705E-13 
0.7005157790277936 1.2177899876322836E-6 
0.8362855055225612 1.3300312755602782E-10 
0.8525800302102986 1.765445990455257E-5 
0.6881101239448548 2.3049396914169145E-7 
0.7868458043683837 6.252410446495465E-10 
0.6818138623998083 3.160113364848724E-5 
0.6703372743622474 3.540830935345592E-9 
0.7742554726141878 2.2080109208762536E-7 
0.9159549574901764 1.961650137982303E-12 
0.8475368313757703 1.5300910948845252E-10 
0.8165559984373371 5.988698830743447E-6 
