0.9999999999654368 1.3659552443990313E-12 
0.6837445503806634 2.944455733966947E-9 
0.7390731713453004 3.9995041357668184E-11 
0.7632661207652459 1.3476534407420848E-10 
0.8987121369673404 2.8721689282222865E-7 
0.916872558659817 1.708504793855431E-11 
0.973323360127249 8.066268018586024E-9 
0.931001605978193 2.856788693966245E-6 
0.9891122323677282 1.3077288544785887E-9 
0.7773129256239738 1.0897330992080912E-6 
0.7980274851565902 2.856788693966245E-6 
0.7059487966832755 2.07825870872011E-11 
0.873258689347451 3.029840356758352E-7 
0.7227667304740433 4.6045329594291155E-4 
0.7205086958636714 3.688586177720543E-11 
0.8170129053661322 6.620444316148463E-8 
0.8843446734259566 6.620444316148463E-8 
0.9581573906352544 1.708504793855431E-11 
0.6994352857801535 4.1504497837872725E-8 
0.8599940378718635 5.812227439262041E-10 
0.9434393554695936 4.071895352541064E-8 
