0.9999999999999968 2.419620724630822E-13 
0.9999999999999968 2.419620724630822E-13 
0.6832276263239019 1.140014633642752E-5 
0.8983185072190601 2.2020410056165682E-8 
0.7126366260534754 2.467198291874911E-10 
0.8264045321118585 2.5841492223173013E-9 
0.7454039606006664 2.467198291874911E-10 
0.7186022550527874 9.977945405825032E-11 
0.920990295414511 1.2819501778777677E-12 
0.806095659158527 8.055663487243012E-11 
0.8435114804325449 0.005509595479447821 
0.882519913477876 5.877369083751574E-4 
0.9700219086667643 2.1918389375495215E-11 
0.7725970662242386 2.922454749964298E-4 
0.7954994597250931 2.467198291874911E-10 
0.669717472469177 1.2214449592329488E-11 
0.9527943191291611 5.245585234117139E-5 
0.8539146218725827 5.194050663111012E-4 
0.871041939910688 5.614024721001861E-7 
0.7629821178647548 4.683090430636025E-6 
0.9789584738632927 1.4998369263006614E-11 
0.7529409547346606 2.467198291874911E-10 
0.8630153218508291 1.471748632598529E-8 
