0.9999999999999993 0.0 
0.9999999999999993 0.0 
0.9654941006484943 1.5920729858472528E-10 
0.8873496705455021 3.1188438590172215E-6 
0.9151016764817955 8.819557203042059E-8 
0.6815359961876727 3.450677388987013E-6 
0.718057916081781 9.58748206704404E-7 
0.7463224013597207 0.0073463990076006215 
0.7866813582312375 2.864030802653942E-13 
0.8140150291385433 2.6642955288423833E-4 
0.947119081704886 5.510866077820443E-7 
0.922933091313564 2.1045915232816632E-8 
0.7667007503060882 7.2090254578851E-6 
0.8462161292462753 4.409879289738307E-7 
0.8313267279198223 4.0248885762470933E-7 
0.7857726724795487 1.0503320670192114E-5 
0.7646019939402114 2.864030802653942E-13 
0.7471833608330337 1.0503320670192114E-5 
0.6949000632780864 0.0023328131844533914 
0.8563867793557214 4.409879289738307E-7 
0.8147785564137467 2.6461568935584326E-5 
0.6995115815158345 2.9036314302106035E-4 
0.8774416488622379 8.10305645332234E-9 
