0.9999999247702208 3.045625946504416E-15 
0.6869051463939645 5.653758101406547E-10 
0.7430458015394193 1.201812373050668E-14 
0.7131909048914913 5.517727427348062E-12 
0.6719795472086887 6.442828265284264E-13 
0.7254330161895371 1.5073406665239542E-7 
0.9698060491332382 6.442828265284264E-13 
0.8519715285398001 0.0027454663769182473 
0.999151561414428 1.2146606683859027E-11 
0.8896588426694377 1.3139593360055542E-11 
0.7670213619563292 6.442828265284264E-13 
0.9177501968010282 2.257573407638766E-12 
0.7971787881179325 1.893372447093227E-9 
0.8763667473571746 5.764832604612869E-11 
0.8236075473535194 1.236016827309571E-9 
0.9579528206530767 1.1949957891884295E-5 
0.8141631972174198 1.1401302622020431E-5 
0.9488294344686294 1.3007154553407316E-8 
0.7792531344161262 1.0042330630973691E-8 
0.8693270824452448 1.4696889904848118E-9 
0.8376002101617875 1.3139593360055542E-11 
