0.9999999999981879 1.681629152696059E-15 
0.9999999999981879 1.681629152696059E-15 
0.9651350543704194 3.504665842590224E-11 
0.9161703325276507 3.000933022500085E-11 
0.9895858543212279 8.07474342947841E-8 
0.7133248117865946 7.209211517822177E-8 
0.7363850747144217 1.470503304079889E-9 
0.7540711581670005 1.470503304079889E-9 
0.858307708951501 2.7936746520424056E-8 
0.8899381519801411 9.433536457269191E-9 
0.930303662125266 2.1494888224364922E-12 
0.8797708111040895 9.654574466475815E-8 
0.782474473405157 3.397885947956539E-10 
0.7244880980808701 2.450509188204083E-7 
0.6925854288386634 9.727442337292073E-8 
0.8139417364672533 2.0685975803534225E-10 
0.6843726404522612 4.2521693872772397E-10 
0.9476703120136817 4.870982558953778E-10 
0.670894811377537 2.8314081773332706E-7 
0.7999553943787217 4.8484456068526645E-6 
0.7748825390712677 6.458391525450109E-6 
0.9453337168128898 2.165448011060431E-9 
0.8406199107645952 9.051929308809243E-9 
0.8503476766916909 9.654574466475815E-8 
