0.9999999858202661 1.0203662697816475E-10 
0.868792153409836 6.231934125644253E-9 
0.8879373376124988 0.010588734817858459 
0.8201132951682888 5.086470577840921E-9 
0.9381483535251758 2.3688792042872613E-9 
0.7008419508551166 9.743334787750205E-5 
0.8388113138509514 3.031117934202357E-7 
0.7606130963058226 3.0177251571152234E-9 
0.7469928917332775 1.0919466641013972E-9 
0.8993764943180047 2.522024049314879E-9 
0.773484353015192 3.406019778850726E-9 
0.9131043921137904 6.193205015818369E-9 
0.9725079269180172 1.6766750120692944E-10 
0.6686372719042314 2.2756247407087354E-9 
0.7856546239571738 4.172335244246541E-8 
0.7352113981479771 1.6719837012008311E-9 
0.682878072281856 1.8058338267315496E-7 
0.954417534541085 1.0673231718029164E-8 
0.7114090381255826 9.972487291163908E-10 
0.9867277918400146 2.4487256044623193E-8 
0.9254236335913554 3.1608291692273123E-9 
0.8563331518306945 1.2870119509324537E-9 
