0.9999999999999996 1.7102154692259196E-16 
0.7461103681238737 2.223689617722798E-12 
0.778095941374745 5.714764110414898E-13 
0.9683210476623069 3.769797419965492E-9 
0.9092738423453779 5.798075002263065E-13 
0.9284812494685004 3.7564718796772077E-10 
0.9965163532529253 9.636857720108512E-12 
0.7968497386231983 9.305408624949724E-12 
0.6732983679798015 4.635461176793774E-13 
0.818679591364897 1.0348479840125236E-13 
0.8902930341039259 2.7403545186001633E-10 
0.8316193336169211 2.254347050896889E-10 
0.7265624696034372 3.536999403606233E-9 
0.8663837428815091 6.576595076187401E-13 
0.6950298282635525 1.4531777780942963E-11 
0.9457405327680132 3.974511298962473E-12 
0.8057646265886848 6.869215581182162E-13 
0.8482117723318663 9.477560176419633E-12 
0.8835382707241719 8.395754524490457E-15 
0.6783144467625127 2.044504378831953E-13 
0.6999021594832708 5.798971422858903E-12 
0.8712560741133417 7.039517776671412E-13 
0.945160029723335 3.974511298962473E-12 
