0.999999999999544 1.386378402120876E-13 
0.7641671183153281 6.69609000156418E-11 
0.6955246994940659 3.5240098179608725E-6 
0.8825742688393008 3.0693316809006783E-12 
0.8982368843881963 5.2686834926831134E-12 
0.9490459704118661 5.422565756812489E-10 
0.7092664837339329 3.5240098179608725E-6 
0.7366826592410323 5.8357105346756E-8 
0.671344983365091 3.2654097220667365E-6 
0.9153618171972714 6.402343198121523E-9 
0.6745612818882551 3.631654088591117E-7 
0.7770074264104772 2.117573122699838E-8 
0.7887744996050732 7.970517588031159E-8 
0.9642862738103665 3.0693316809006783E-12 
0.9793966617891975 8.168660189843545E-11 
0.9979056595674322 2.8305691867178604E-10 
0.7244930316258795 8.396584913697558E-8 
0.8012706242289827 1.6354478792993518E-7 
0.8626230684420774 1.3671305056658912E-11 
0.8211281247612147 6.968115360134593E-12 
0.9321128489264545 3.5540877199825757E-9 
0.8342378531310617 3.0413738577374497E-12 
0.9258996184794461 4.925284333021174E-10 
0.8580708543874969 1.930959237321224E-11 
