0.9999999999863382 1.142448733116898E-11 
0.8235271951102666 3.519378576485231E-11 
0.7917699504294374 7.799111718490587E-10 
0.7218346478311412 5.069744985867226E-10 
0.8928151096981831 4.037475361316224E-9 
0.7031094068772455 4.087467686876632E-5 
0.9502862855803271 1.4560909210267994E-11 
0.827793185513753 6.578346204217603E-10 
0.6863920519400609 7.793811652780075E-10 
0.8520277337155984 1.5302320229886287E-9 
0.872884623690766 9.684415207786257E-10 
0.9739457327757257 1.4560909210267994E-11 
0.9257749068231346 4.3258774303248705E-9 
0.9428069492158831 2.1894808099339685E-11 
0.9931714868386308 2.1894808099339685E-11 
0.7739838909521346 5.540415645754748E-4 
0.7581137306665796 3.677953258380297E-10 
0.7424844795106456 1.2475121113893829E-10 
0.7367759533649129 0.010350473391729665 
0.9767280897533934 6.367684726252683E-10 
0.8662599386833656 2.6310482776904825E-12 
0.917993879444314 7.799111718490587E-10 
0.7610332804760134 2.300271648255905E-8 
0.9070821982201706 2.3751196511536288E-5 
