0.9999999999999996 9.932633661780905E-16 
0.7819042156149655 3.770768441977312E-11 
0.9707746187166219 2.689883332973132E-6 
0.851502083689464 2.5253374349268765E-4 
0.6794386326225075 1.183792472307022E-15 
0.8029530578719172 1.2613234832090132E-8 
0.7486138954101488 1.362213418287295E-13 
0.7389752170578905 1.008935039828783E-10 
0.6833236221477974 1.4793430690370973E-11 
0.9419759069335999 7.273007150939257E-8 
0.7042395036380378 1.5112386386279763E-11 
0.9276554306449455 6.604704120539512E-14 
0.87120236292847 4.877151160592809E-16 
0.7231906182148085 8.846218822685295E-9 
0.9928911238266311 8.99030672554985E-14 
0.8901601980713636 2.0606246620087857E-9 
0.9534152889726916 1.8832232424193583E-11 
0.823033443844217 9.051208686262739E-5 
0.7654125220904473 1.1585573031381454E-14 
0.7654125220904473 1.1531312602800913E-14 
0.9067538468217571 2.0606246620087857E-9 
0.8680781924625087 2.1530496529970157E-15 
0.9612864462216011 0.0 
0.8096921191104067 4.377902778641938E-12 
