0.9999999987521192 1.0091740185394152E-15 
0.8429110127279624 1.1059871639623804E-10 
0.8945238710481759 1.2057304921641196E-7 
0.720255212534251 3.3521485784841127E-8 
0.8750456054368874 2.1548449235626826E-9 
0.7903621080293337 6.21851102322662E-9 
0.8116113737455886 6.21851102322662E-9 
0.9208250167850739 4.797866104988673E-10 
0.6997924523248967 7.364929508640031E-9 
0.7414773709998587 1.7203433042200256E-10 
0.754142236821034 6.335371194816488E-8 
0.6801684923817267 8.119144330182794E-13 
0.9383981561269685 3.4532420076342446E-7 
0.6759131909656658 4.367339549276369E-5 
0.8245419302707013 1.2881559124216014E-10 
0.7067368541087126 2.614361513497221E-12 
0.9555830276052031 1.8505673652725017E-9 
0.7711662349212489 8.705981896437948E-10 
0.8757655116916927 8.788412445738468E-10 
0.7808787649724372 8.705981896437948E-10 
0.9253777918595687 4.868498808892052E-10 
0.9512428149692389 1.9208228057555266E-7 
0.9723955061788198 2.348527695061917E-9 
0.9860742184403593 1.30402244422622E-10 
