1.0 0.0 
0.7752146384114136 1.3502494232620714E-10 
0.8832844290163282 8.763793030688933E-16 
0.7976208902258652 1.1185044341340314E-4 
0.8386864534999108 8.659761449669842E-4 
0.7251374767803314 3.850232969173463E-8 
0.7030055745078108 7.654667411706428E-8 
0.9435050223413421 3.993560230989425E-9 
0.8994849223652082 8.763793030688933E-16 
0.6681580618072096 0.007606198230480678 
0.9577465402162455 2.3586659946833898E-8 
0.6999870130937991 7.654667411706428E-8 
0.9208771699153804 9.739921199382112E-8 
0.9836787582422304 4.90895685091633E-8 
0.8032121108020898 1.850134105509707E-5 
0.8212317074816785 7.53720887366636E-8 
0.8663593063745377 1.0299070690549441E-10 
0.8491115790181674 4.845517886326381E-7 
0.7346089149175394 5.430483463276937E-7 
0.6828349669838063 1.3566719721610934E-6 
0.6684286546338838 6.103364989202302E-12 
0.8175507419264969 1.2064688034745352E-7 
0.7604415129843134 2.871544885862732E-11 
0.8969944818817468 8.763793030688933E-16 
0.9661340884246505 1.2913240984139191E-8 
