0.99999999999996 2.749455493773168E-13 
0.99999999999996 2.749455493773168E-13 
0.7756584204097423 1.4345218528308733E-10 
0.6675181236528774 4.885073060910854E-10 
0.9501954599852683 6.82539950856117E-11 
0.7195925256360174 1.7258649959313153E-9 
0.8221920183716053 1.7604798090241513E-9 
0.8057546955886974 9.099163143363943E-6 
0.7567968950471243 7.055324536677088E-8 
0.6918948233403116 7.028403101863373E-6 
0.9744251356277908 7.647766156142174E-11 
0.7334952312652906 8.497478492982663E-11 
0.8557680611507834 9.20614837372434E-9 
0.7015884271640593 1.2681991637551483E-8 
0.744784221213622 7.485803111273134E-8 
0.9728851097499025 8.053756670111801E-9 
0.8406544100361498 8.081104560137918E-10 
0.9173027134550706 1.4189124160361835E-7 
0.807519262200555 3.634943763342569E-11 
0.8683068870600413 2.764215338678344E-6 
0.9331727058455708 8.453413413652542E-10 
0.9251170114735009 9.139661144725984E-10 
0.8815420371707461 8.821262642467255E-9 
0.8433129464479929 9.20614837372434E-9 
