0.9999999999989402 6.66862113505847E-14 
0.8340012782363628 7.579659722428848E-9 
0.9050538021948922 3.502310058385518E-9 
0.8798120040808566 1.698401624392345E-7 
0.8078424649612499 1.2626390047272084E-10 
0.7647411843194849 4.714471701380735E-10 
0.7124197190908717 9.912718290540973E-14 
0.985202600708091 1.4571486777760036E-7 
0.6874322001320461 3.4420505253906774E-7 
0.7803976304772704 8.175284660593258E-10 
0.9703533843699239 5.0296736947517E-7 
0.7354805828870153 7.449220038340858E-6 
0.8555220191939632 6.591961849172525E-14 
0.9269662993606751 5.048627602620862E-7 
0.9579679003086343 2.7746501862017635E-13 
0.8702345519605885 3.325879566389356E-11 
0.9195101932713392 6.198931961643261E-8 
0.7511687504581062 9.088731763802406E-12 
0.942831888003731 5.842756297372324E-8 
0.6864246892896415 1.756019392850041E-8 
0.7454481927044472 9.211008698496368E-11 
0.672081278765404 1.9225430103755064E-8 
0.802774967379642 1.8057912799503396E-7 
