0.9999999999999998 0.0 
0.9999999999999998 0.0 
0.7424435423756267 3.6331982061961888E-9 
0.682852202517459 1.2990782432682434E-6 
0.9132233598019981 3.021213487235956E-13 
0.7601942049314784 2.235711433744925E-10 
0.9263820845007991 4.491429793670287E-6 
0.7186977463299401 4.6643354544782666E-7 
0.8849057397971892 4.363426727271602E-9 
0.8046450673876379 2.235711433744925E-10 
0.7929038833796423 1.2882063783216047E-6 
0.8448407313849656 1.6298959915752286E-9 
0.9719925801797813 6.957975378655905E-16 
0.8172761707849359 2.235711433744925E-10 
0.8950632718092258 4.491429793670287E-6 
0.8646082875901362 4.368200201286088E-9 
0.77207844829076 7.810295747864919E-12 
0.7055743558840807 1.2742662441246174E-6 
0.9567203087721681 1.8539645597233647E-6 
0.867654132121507 1.6298959915752286E-9 
0.9413990800634338 1.6491107156140045E-8 
0.9885516470014596 1.6298959915752286E-9 
0.6985107349256107 1.0323037465791075E-11 
0.8264237118954326 3.379940267446658E-10 
