0.9999999999999996 1.022453571846069E-14 
0.7157845707698439 1.0705469649562432E-10 
0.9547473238052924 5.088369824057982E-10 
0.740658979279646 0.006098211560982173 
0.9776637014635836 4.381345546010384E-12 
0.675069828307788 5.367017312254355E-12 
0.6977840112930557 2.8255247307282053E-11 
0.8898033355854337 4.5932753203569714E-11 
0.7727091433825978 1.2252028144799348E-8 
0.7953313013699668 8.239560230930287E-11 
0.68904091452622 1.5977006511823898E-4 
0.9117462272205648 4.381345546010384E-12 
0.8983829627728745 1.754925422862551E-8 
0.8448539767345811 1.4927793320464577E-10 
0.8352786690361412 4.396886004363408E-10 
0.762934600453762 1.932183773963573E-11 
0.8245733940485444 2.4474370734616326E-4 
0.9393900157957311 8.473285026492166E-12 
0.8715931822266892 1.3274297728719897E-8 
0.9883133399304979 4.510915276038069E-10 
0.809118243519316 7.745085945104669E-12 
