0.04453734121281424 1.0372992881954755 
1.0388557641031362 0.04255347799197762 
0.04453734121281424 1.0372992881954755 
1.0388557641031362 0.04255347799197762 
0.9303946870714958 0.18554535411824163 
0.9259674006779314 0.4492933217426778 
0.44738983612869093 0.9284337536727799 
0.1948509107588065 0.9292248742807621 
0.12082942197457225 0.9732958954615136 
0.8569799423781114 0.48182096210794195 
0.13767349859965947 0.9568657972821897 
0.7656502950397772 0.7032947958383645 
0.06041477629257769 1.0319923133855835 
0.07600657300376731 1.0157108405899833 
0.7717500541168466 0.6634943730127242 
0.7130181881051829 0.7649630083566549 
0.8827817221447769 0.47431904431359595 
0.554087001713109 0.7774409093248739 
1.0321657446077555 0.05753575163221837 
0.9469279399580646 0.15307237664124387 
0.08914452651614038 1.0040647707482568 
1.0224536686416923 0.06767662061236782 
0.470722245671643 0.893373153255229 
0.7781293182344698 0.5539475130535347 
0.6955398961036963 0.7666449895502313 
0.7284863302288065 0.7532092736428226 
0.7891130983869085 0.5274430249524165 
0.6419439256833261 0.7728781504063892 
0.7820738913873977 0.5396354235790713 
0.6055278379566089 0.7731057415288493 
0.8043066160419123 0.5103286805295807 
0.5255981321900005 0.7898813248788785 
0.9563180309876808 0.13846939630379768 
0.7729353553987471 0.6406067053170941 
1.0131593927390634 0.07861402747191266 
0.7736381958632512 0.5850241491019856 
0.5766428332258696 0.7755623441641567 
0.7730989501624681 0.606104992514241 
0.5185202837348919 0.7955604383359364 
0.9643704396107851 0.13414399597208088 
0.10475963035988503 0.9914516188271366 
0.509144300753065 0.8084371028136831 
1.0072334829448406 0.08810720221118862 
0.7494577823662572 0.7363468052155219 
0.17239940428822031 0.9345209773865906 
0.9127976107198154 0.4570024466703982 
0.6640480390009226 0.7717885146520036 
0.8015020636110058 0.5211568316975972 
0.9387076861275241 0.16529812085140796 
0.1529616348480462 0.9448168572110848 
0.5853786902122592 0.7735419386240193 
0.8360011671414659 0.4912747487324398 
0.48059284379300876 0.8608205231055632 
0.10475963035988503 0.9914516188271366 
0.4939532061045334 0.830097274053927 
0.8356335476181169 0.49144775034807947 
0.6640480390009226 0.7717885146520036 
0.8179200739542706 0.5009048092210682 
0.7566327817529843 0.7230698211374222 
0.7422496580428103 0.7420138635860372 
0.45660327806171286 0.9248137615778765 
0.1529616348480462 0.9448168572110848 
0.9869833582518536 0.10679667619902451 
0.9740441979336848 0.12192252769830962 
0.7393777300826757 0.7530668921575978 
0.9740441979336848 0.12192252769830962 
0.0860508233438746 1.0131035864384927 
0.46581773077731664 0.8967612009422103 
0.7695861260766751 0.6814133167408845 
0.17239940428822031 0.9345209773865906 
0.9869833582518536 0.10679667619902451 
0.4621908119796447 0.9091764261079023 
0.19474426441402162 0.9301077052235424 
0.8179200739542706 0.5009048092210682 
0.7729353553987471 0.6406067053170941 
0.4939532061045334 0.830097274053927 
0.4861027584146583 0.8474496003806984 
0.6419439256833261 0.7728781504063892 
0.7566327817529843 0.7230698211374222 
0.480527243378689 0.8714853807591816 
0.7695861260766751 0.6814133167408845 
0.7730989501624681 0.606104992514241 
0.457462072452298 0.9117290753401632 
0.4861027584146583 0.8474496003806984 
0.9970778028745737 0.096096667622503 
0.5412721015994838 0.7818531352289433 
0.480527243378689 0.8714853807591816 
0.9418378337711737 0.16500053973103113 
0.8942163131632578 0.46616017592625275 
0.6055278379566089 0.7731057415288493 
0.5412721015994838 0.7818531352289433 
0.5044184013466411 0.8150529807159903 
0.8921131389919609 0.47431789814979675 
0.6974489859877439 0.7661946455935262 
0.7745560247909067 0.5719643278196522 
0.9970778028745737 0.096096667622503 
0.9093117917120053 0.46523230801483867 
0.5044184013466411 0.8150529807159903 
0.7745560247909067 0.5719643278196522 
0.9036995722671775 0.46549239822880045 
