0.04282138503134912 1.037923379695844 
1.0374830888509985 0.04375512657074146 
1.0374830888509985 0.04375512657074146 
0.04282138503134912 1.037923379695844 
0.45217283647810874 0.9207934895662894 
0.9288246498675126 0.44793503223911435 
0.9293050272878297 0.19340644041498808 
0.1966087702979826 0.9292219498847807 
1.012599696224439 0.08231488042296725 
0.8591976295258148 0.48484378091789043 
0.8779794723925701 0.47353344016933446 
0.9476180025512035 0.15200922822145296 
0.12027612433994095 0.9776955671704801 
0.7724453804807998 0.656827977347091 
0.4768456802704587 0.8695224169495823 
0.6511213355149013 0.772660893089347 
0.7457050155199908 0.7430465956838549 
0.9196455936100711 0.4555957303702805 
0.46860306254099826 0.8944301445731194 
0.9393219526203486 0.16634558541024758 
0.15132506083894343 0.9464240200625198 
0.05683384693682808 1.0303332459302719 
0.46314124557991715 0.9026429664777593 
0.8358445790884451 0.49112884969421317 
0.7701785287748285 0.6772508166791915 
0.6998924960074553 0.7670936532889936 
0.6340135673551192 0.7730157400685408 
0.7135405689497129 0.7605967087858047 
0.13682156698509287 0.957617672043631 
0.9346593304508257 0.18507432077761163 
0.13357335015349184 0.9659946062069356 
0.18489947519006006 0.9306162597428878 
0.8010945585120145 0.5130113163022597 
0.49930932771284087 0.8296507276094809 
1.0019641118844391 0.09747192916704622 
0.7877725012171986 0.5295884571857399 
0.5016941523238544 0.8162579661497315 
0.6823295408985562 0.7695950752158256 
0.7596553505797086 0.7152359838833088 
0.5590086787131576 0.7769054012809616 
0.994547896161183 0.09893777911769995 
0.48973567688663294 0.8391696928227178 
1.0279251340920308 0.0598001525563803 
1.0279251340920308 0.0598001525563803 
0.7795111210061455 0.5508233847248025 
0.16774550972618218 0.9366343487373611 
0.8979871215630327 0.4644036186013136 
0.7731409804721824 0.6008064770898052 
0.7746433036171375 0.5731126005783354 
0.5378325397381982 0.7830298016071829 
0.9597837968905507 0.13445512401949533 
0.4821823732138256 0.8562322136944777 
0.6076262774281073 0.7731072521331143 
0.8979871215630327 0.4644036186013136 
0.7730666855050687 0.6281743901777472 
0.7730666855050687 0.6281743901777472 
0.5105049771759864 0.8042510866006927 
0.563514333712963 0.7757574995821286 
0.8010945585120145 0.5130113163022597 
0.5233551202591294 0.7921113416525063 
0.725081680695252 0.7546235502436452 
0.6132889871918518 0.773084028076744 
0.07030607366401602 1.021853845738819 
0.7739473893889359 0.5985094792303786 
0.1622602875153723 0.9390325773435947 
0.10428193248266836 0.9890441164430841 
0.7757437924711303 0.5699903224228711 
0.7697834522650485 0.6946529215532393 
0.5845002211838822 0.7735896242662968 
0.9597837968905507 0.13445512401949533 
0.7877725012171986 0.5295884571857399 
0.08359110477266815 1.0088866192509216 
0.4893870673339539 0.8522838065847455 
0.8301494924474975 0.4971424334846352 
0.9723734720914881 0.12130205318027679 
0.9835981097404638 0.11182394768055887 
0.8197127183534018 0.49961597226662907 
0.7664523746919443 0.6989452279069962 
0.08359110477266815 1.0088866192509216 
0.5828472321105057 0.7737350090783275 
0.725081680695252 0.7546235502436452 
0.7659967297432313 0.7146679721889266 
0.9723734720914881 0.12130205318027679 
0.5233551202591294 0.7921113416525063 
0.07030607366401602 1.021853845738819 
0.7501611797699301 0.732287872621088 
0.09525424921883824 0.9986844197749964 
0.8197127183534018 0.49961597226662907 
0.6823295408985562 0.7695950752158256 
0.5378325397381982 0.7830298016071829 
0.9835981097404638 0.11182394768055887 
0.10428193248266836 0.9890441164430841 
0.7501611797699301 0.732287872621088 
0.1966087702979826 0.9292219498847807 
0.45217283647810874 0.9207934895662894 
0.09525424921883824 0.9986844197749964 
0.7793678140908086 0.5522707808534023 
0.5091746016988061 0.80557282244758 
0.5091746016988061 0.80557282244758 
0.7793678140908086 0.5522707808534023 
