1.037157594531237 0.04592993488216437 
0.042260089339836104 1.0381748297767763 
1.037157594531237 0.04592993488216437 
0.042260089339836104 1.0381748297767763 
0.9247095416403689 0.44990801232506533 
0.9296560693948746 0.19048636864368573 
0.44788709924316406 0.9278358299872649 
0.19717994517707016 0.9291062458522628 
0.7558834798273922 0.730287314456819 
0.8592276247598678 0.48138357914068586 
0.15033424517722865 0.9472783922679118 
0.7972756710777589 0.5167245178623459 
0.7236179359740678 0.7605973975378179 
1.0152113031748928 0.08474060894477416 
0.5540724675616681 0.7774429352590049 
0.5311025248586626 0.7876937070884795 
0.5836278234681926 0.7737842012298397 
0.06812041602598373 1.0235981746856475 
0.8825611081754013 0.47732767175469937 
0.1817787704653266 0.9315016818792754 
0.7857611142718638 0.5342733622303859 
0.7772298342587092 0.5554253304197617 
0.5155716355286392 0.7983063393713424 
0.6440923991799957 0.7728753611762575 
0.9548675292930393 0.14125946969066352 
0.07960876131203282 1.0124791502332173 
0.7729791263850992 0.6371103328898666 
0.6253754587662567 0.7730781518395192 
0.7731560198849149 0.5994890875555874 
0.8082748735147542 0.5071944617792513 
0.7087921118675687 0.7623445703783336 
0.09756530831034949 0.9964187316335934 
0.9869596594324941 0.1065483778264311 
0.11139278939340917 0.9901946262716633 
0.12461178715697435 0.9691100679163367 
0.11510780236055745 0.9782479411823589 
0.09065712152426489 1.0058942192316445 
0.7713532088078296 0.6683601711415468 
1.024421395761629 0.0645072996808316 
0.7393183718064585 0.7440134141457067 
0.4923834484815726 0.8332652059227615 
0.8387250859974843 0.48978415124512703 
0.6926585613413497 0.7678109067482511 
0.606200541947776 0.7735042722221381 
0.9421772265629018 0.15729552018206305 
0.8886711851111883 0.468612387444238 
0.7729791263850992 0.6371103328898666 
0.6836691891949598 0.7691505173312776 
0.5021266044470618 0.8161337929822277 
0.5116750856407284 0.80952145533861 
0.47719681211766696 0.8705282855166045 
0.9114884092309811 0.45806698755495623 
0.4587913440461703 0.9172216171397115 
0.7812335058043115 0.5426091446779148 
0.48584210035898806 0.847517478556505 
0.7393183718064585 0.7440134141457067 
0.7621257091766693 0.7094397394137859 
0.947664587786183 0.15697012672625826 
1.0275888721339927 0.06389680681317557 
1.0025357623030138 0.09138211470207142 
1.035559087824011 0.047208908706476295 
0.46768277066177527 0.9007342827733917 
0.7621257091766693 0.7094397394137859 
0.8387250859974843 0.48978415124512703 
0.9868762234660644 0.1115284278361853 
0.4996180716664846 0.8287689164468247 
0.774171318014194 0.5773550027333477 
0.47719681211766696 0.8705282855166045 
0.4691341195906627 0.8878786357935943 
0.46012281167796804 0.906413448697666 
0.768673615957995 0.6867645971373197 
0.1328055438632437 0.9613607288134185 
0.768673615957995 0.6867645971373197 
0.9335439322137067 0.17441802046427807 
0.9633811648657991 0.1319638204221678 
0.1652758144273921 0.9392699166065571 
0.8201591006793878 0.5014545162712891 
0.9114884092309811 0.45806698755495623 
0.8201591006793878 0.5014545162712891 
0.6650921770096863 0.7716170160946594 
0.7739329236513592 0.5789378669034435 
0.48584210035898806 0.847517478556505 
0.5940341566588333 0.7735060167502705 
0.1652758144273921 0.9392699166065571 
0.1328055438632437 0.9613607288134185 
1.0025357623030138 0.09138211470207142 
0.4502285953553616 0.9266656077803322 
0.05544709926312723 1.0314716667161004 
0.9296560693948746 0.19048636864368573 
0.9335439322137067 0.17441802046427807 
0.7731560198849149 0.5994890875555874 
0.7713532088078296 0.6683601711415468 
0.6650921770096863 0.7716170160946594 
0.05544709926312723 1.0314716667161004 
0.5448732467824103 0.7825562535517266 
0.9749355559120652 0.12140678830659007 
0.9749355559120652 0.12140678830659007 
0.8886711851111883 0.468612387444238 
0.19717994517707016 0.9291062458522628 
0.5448732467824103 0.7825562535517266 
