1.0384941609147902 0.04270894643665955 
0.04237071800861605 1.0381460280161119 
1.0384941609147902 0.04270894643665955 
0.04237071800861605 1.0381460280161119 
0.9150868359814406 0.45565459874951236 
0.4516897637473379 0.923780893064776 
0.9295191331184864 0.1927418657477175 
0.19908281534944272 0.92905354941874 
0.0706169477327668 1.020463219644651 
0.17472685535956206 0.9337320279283395 
0.7728541221689779 0.6432911771985746 
0.13457962250549385 0.959548298199774 
0.757776968868304 0.7203195968861708 
0.6084113209749596 0.7730993677539433 
0.7738544901043549 0.5812089397620713 
0.7959800988444665 0.5192146102493236 
1.029889136615805 0.056779495114056555 
0.6645629977980494 0.7722622132129888 
0.543774021547775 0.7805659968148568 
0.8365242214969102 0.49119758194239843 
0.47510440308496305 0.8981479039264361 
0.7731104920820688 0.6048656304960852 
0.764171796732338 0.7074142561206451 
0.1008999611359214 0.9946328891406708 
0.7723273468640314 0.6581779390613579 
0.7700820264449988 0.6783603863227932 
0.6785233628613604 0.7700443171958604 
0.49862615116461706 0.8236337362544704 
0.8076926528189278 0.5075495779143081 
0.8813058013807861 0.47257781669738763 
0.7776011280599149 0.56586725535726 
0.7136615140652438 0.7603839949856208 
0.45582895795433687 0.9146389413295652 
0.5055736960646423 0.8106738896923886 
0.49628515317306454 0.8384689714987081 
0.768518666996221 0.6921056414582648 
0.984727127750761 0.1199623612137507 
0.512451773324133 0.8018451867448785 
0.5754568703743586 0.7742576482046273 
0.9977504938307089 0.099039444242264 
0.5916362010863129 0.7742423172656239 
0.9866306052468887 0.10682809554561261 
0.15825194555653668 0.9423522751705282 
0.5305496814182881 0.7874485140117702 
0.6392551794293868 0.7729342366036623 
0.4760659607966311 0.8730299784413763 
0.5246435542830059 0.7949672275824115 
0.6969937177585832 0.7669609209645917 
0.14851747084430894 0.9505063244260421 
0.47746879880683774 0.8675076389249664 
0.05488973695207444 1.0314711560841394 
1.0051315607328852 0.09121250678926501 
0.9132573780667071 0.45902418164569275 
0.487135789834014 0.8520206461667138 
0.19908281534944272 0.92905354941874 
0.9627700422872001 0.14157756921854303 
1.0271928510575323 0.07168416582192313 
0.9692377878010632 0.12428283267598336 
0.9517128543123975 0.1447650612965314 
0.08677472636350829 1.0064039855769742 
0.08677472636350829 1.0064039855769742 
0.11131242792326662 0.9827451090755364 
0.7297135922820288 0.7524401380371052 
0.7446031604239781 0.7389586227488306 
0.8637630982585736 0.47950698810355363 
0.4637955095514467 0.8999554174856933 
0.6414687292632516 0.7729106676969237 
0.7424248883601491 0.7520946758335468 
0.8942821299805164 0.46611208507833907 
0.9319759556188483 0.18873355422770244 
1.017918660451273 0.07368323687756662 
0.9499936129131823 0.15719748809412273 
0.7731104920820688 0.6048656304960852 
0.9682365284117733 0.13196712051606438 
1.0163714383009081 0.0860605749165749 
0.12045753907264295 0.9739595712634485 
0.8065365966297579 0.5178453422918003 
0.7069054590394691 0.7659264759763427 
0.7849160904933403 0.5371342258782953 
0.12045753907264295 0.9739595712634485 
0.48741396121427105 0.8474342876624754 
0.8235842342367473 0.49787665246067336 
0.8235842342367473 0.49787665246067336 
0.10636084971982601 0.987152887959264 
0.7849160904933403 0.5371342258782953 
0.9412082025564417 0.15939743407369344 
0.7446031604239781 0.7389586227488306 
0.8942821299805164 0.46611208507833907 
0.5594871003941796 0.7766591226394922 
0.9348953219907797 0.1719392842867874 
0.9343839616182806 0.1723853317102893 
0.8503196959904957 0.48496099087070366 
0.8503196959904957 0.48496099087070366 
0.053364703159560545 1.034854153288393 
0.7799313632156646 0.5482643423156282 
0.9295191331184864 0.1927418657477175 
0.5594871003941796 0.7766591226394922 
0.15281854047849613 0.9454896667343573 
0.778672066610007 0.5495553738925772 
0.8687071251220153 0.477183519990569 
