0.04202326634767765 1.0383369611244169 
1.039522387334633 0.04376104752597243 
1.039522387334633 0.04376104752597243 
0.04202326634767765 1.0383369611244169 
0.4492844228519899 0.9257189119563265 
0.9291287125535515 0.20032905390247513 
0.9255606274294175 0.44999614138662497 
0.1922959162510103 0.9295251218270051 
0.6422094437822967 0.7728702273898738 
0.7731554879666671 0.6088797312941461 
0.46084301195867927 0.9066153569792889 
1.0172273596631076 0.07475516651061262 
0.08155736971183372 1.0111946386008377 
0.953786762629821 0.14380283936925142 
0.9412247887616253 0.15874167466757572 
0.5999804018422911 0.7731728336502874 
0.7723969293071576 0.6545921742143591 
0.5331848234375361 0.7879959509186493 
0.17449028886351986 0.9350421718193045 
0.9633881503420547 0.13058297319637788 
0.4865696010819829 0.8487943478230886 
0.7740426408905982 0.5776478282119061 
0.8650029277756616 0.47868515156246927 
0.8382718111981688 0.4902342786742355 
0.7317782886813011 0.7506333156051054 
0.7462732014467679 0.74107932716342 
0.15795473090150328 0.9421156230123494 
0.934986915927497 0.17412477327747183 
0.4804793547170498 0.8608337065385304 
0.7593795339418441 0.7162959801462956 
0.854924427963077 0.4857156983554433 
0.7534743698429749 0.7312631084072743 
0.815327822955626 0.5024699220729238 
0.6821655371568232 0.7694580791285459 
0.7867048861840685 0.5354914797921988 
0.826862561126341 0.4991276109313486 
1.0043912636778327 0.09116719423363007 
0.7216442445286805 0.7576439294516876 
0.7671477009193564 0.6936805273397255 
0.5173179623696625 0.7966785705019023 
0.5558446153288538 0.777542399651738 
0.7764745279013029 0.5591732578551301 
0.709695777983362 0.763255702881544 
0.6969699188195642 0.767044109523017 
0.8024360473998539 0.5124586577712649 
0.547405265882299 0.7797267546213652 
0.10259381183014452 0.9919647818869972 
0.7731713567033613 0.5983583870895464 
0.9305414149482513 0.18709900482061642 
0.5024792983037772 0.8152108936320348 
0.11859663116648667 0.9774318676061364 
0.11211509805118772 0.9814479189569075 
0.7648198638547979 0.7042669553718192 
1.0043912636778327 0.09116719423363007 
0.06740631726645831 1.0235324913882584 
0.7905779707479407 0.5245748505682182 
0.9090438047538274 0.45919132469812657 
1.0280745453215714 0.059484422031208906 
1.0280745453215714 0.059484422031208906 
0.6650529846365381 0.7716331231080439 
0.5024792983037772 0.8152108936320348 
0.9177027210102625 0.4547047047545263 
0.06740631726645831 1.0235324913882584 
0.8823122637698445 0.47127285032730987 
0.4950168482580305 0.8314090188033912 
0.5941540324630015 0.7732768533164974 
0.4950168482580305 0.8314090188033912 
0.8823122637698445 0.47127285032730987 
0.7704410360669381 0.675460421885476 
0.5173179623696625 0.7966785705019023 
0.4686367722825668 0.8888852393502916 
0.9856719854440068 0.1076597258608748 
0.7723969293071576 0.6545921742143591 
0.1922959162510103 0.9295251218270051 
0.4686367722825668 0.8888852393502916 
0.5762117344660994 0.7741295173230858 
0.899186575234274 0.46363862991005916 
0.5762117344660994 0.7741295173230858 
0.09600968586520212 0.9983087487294607 
0.0504122298577295 1.0348889201781057 
0.14756654040446116 0.948790688110722 
0.7704410360669381 0.675460421885476 
0.47433034004249625 0.8751536748547865 
0.47433034004249625 0.8751536748547865 
0.0504122298577295 1.0348889201781057 
0.09600968586520212 0.9983087487294607 
0.13608083271044344 0.9588118473678385 
0.9856719854440068 0.1076597258608748 
0.7790130318224949 0.5483484222221647 
0.975487060860455 0.1189986518176859 
0.12841258880562556 0.9668090891834928 
0.14756654040446116 0.948790688110722 
0.12841258880562556 0.9668090891834928 
0.13608083271044344 0.9588118473678385 
0.975487060860455 0.1189986518176859 
0.899186575234274 0.46363862991005916 
0.7999563801418895 0.5204399502851369 
0.6585698614327636 0.7724166992579147 
0.9822107167653849 0.11342274450819738 
0.7790130318224949 0.5483484222221647 
