0.04218871236206442 1.0383107869753643 
1.0383141548334203 0.041967335530208 
1.0383141548334203 0.041967335530208 
0.04218871236206442 1.0383107869753643 
0.9248925864537357 0.4496642247360086 
0.4513141938370931 0.922340363445079 
0.929307727580349 0.19336093072460292 
0.1961881717671869 0.929134276753161 
1.026219827464703 0.06198112980497206 
0.7825128921092727 0.5393360337958952 
0.9552375802377077 0.13968147278983908 
0.6970520149041094 0.7661562977363214 
0.1670675324335017 0.9369084760734603 
1.0090554735399206 0.08465487586701148 
0.5952102228739699 0.7732256316364813 
0.7366995850560685 0.7499643634038776 
0.6400290577917348 0.772921598475679 
0.7903851460143673 0.5251201778820092 
0.5687886573697748 0.7748861638065594 
0.7731681385945672 0.5984024066307558 
0.47068515200987004 0.8895451136836693 
0.47823210379907116 0.872600482286627 
0.7730595522651007 0.6293505376842254 
0.7693352521602986 0.6828334080456615 
0.5125530837925826 0.8027459482143093 
0.8368625942796535 0.4907760201872241 
0.6609987348565661 0.7719600955979625 
1.0201528469822907 0.07604635164636311 
0.4833822477744478 0.8604338726685307 
0.7734722822655784 0.5871784521304494 
0.18153926897590933 0.9319376576222401 
0.7581726906200522 0.7187297563520301 
0.48823658481333676 0.8440927013493232 
0.4636589833683452 0.8999315199918324 
0.07262179961868856 1.018155654059497 
0.5289734504297977 0.7879768249199519 
0.493101909069662 0.8353876667618578 
0.8173558904326549 0.501330707280823 
0.7729430191032974 0.639902944288564 
0.45936150562632605 0.9128936714914164 
0.08941631323873996 1.004102189698323 
0.7456128261765032 0.7425304525373826 
0.49908556729523673 0.8208176055106708 
0.8744985789318359 0.4746224984648832 
0.8647073631131007 0.479592797030028 
0.07262179961868856 1.018155654059497 
0.5042511215543133 0.8135285707718399 
0.08941631323873996 1.004102189698323 
0.5276223259144396 0.7958520808706264 
0.14187342105907755 0.9548496519560831 
0.7760045851510511 0.5623901413630006 
0.9165527385872272 0.45553070317380456 
0.9398926614442549 0.16279951901106116 
0.7165785731207425 0.7594716902845359 
0.7692000274489635 0.7062829296070232 
0.9816014983060539 0.1134995904089769 
0.9821238678218183 0.11307301036385409 
0.7719225921990859 0.6616829390961148 
0.8058778698922967 0.5178476333249026 
0.9956124536218061 0.09847490560169285 
0.8065111489607046 0.5130496837470858 
0.5572793832350593 0.7794519221988929 
0.775875359161841 0.5634806684898936 
0.9956124536218061 0.09847490560169285 
0.9670206976626358 0.12712270038865545 
0.8901933507097126 0.46819797271553937 
0.5952102228739699 0.7732256316364813 
0.7162314694154285 0.7596526609482668 
0.14848972650984188 0.9480172178823303 
0.9670206976626358 0.12712270038865545 
0.05206377305709392 1.0335355034955598 
0.05206377305709392 1.0335355034955598 
0.7717216756071194 0.6673011534337602 
0.11163787559463491 0.981762874344744 
0.7631055856303492 0.7067017607462603 
0.13158803188565063 0.9622593869689366 
0.9457503666237065 0.1571453424022374 
0.106685282845974 0.9876118447988907 
0.889692485978006 0.47204573272749445 
0.6772018771949538 0.7701962716805002 
0.1961881717671869 0.929134276753161 
0.106685282845974 0.9876118447988907 
0.6400290577917348 0.772921598475679 
0.13158803188565063 0.9622593869689366 
0.852460825371654 0.4847846571635199 
0.9356172449155652 0.17726520173845364 
0.929307727580349 0.19336093072460292 
0.9356172449155652 0.17726520173845364 
0.905295387267183 0.46070103482853925 
0.6772018771949538 0.7701962716805002 
0.11810128989623424 0.9754386304507138 
0.752046576505918 0.7320491987163307 
0.11810128989623424 0.9754386304507138 
0.5459402508173542 0.7797804824363846 
0.905295387267183 0.46070103482853925 
0.852460825371654 0.4847846571635199 
0.14848972650984188 0.9480172178823303 
0.4523789491048621 0.9220723366432529 
0.5459402508173542 0.7797804824363846 
0.752046576505918 0.7320491987163307 
