1.0383352422114147 0.04190031788362136 
0.042113462627035025 1.0388045225704514 
1.0383352422114147 0.04190031788362136 
0.042113462627035025 1.0388045225704514 
0.44754007392149664 0.9281447773555369 
0.9210462194374962 0.45344269696642303 
0.19337797817044403 0.929324301067769 
0.9290621585409791 0.20009556113364396 
0.610040721652979 0.7731515643502558 
0.7344712685986162 0.7533748258880243 
0.47193557036163347 0.882685761772129 
0.8249233795749279 0.4971487876362874 
0.05894481185066333 1.0344174856143022 
1.025466174055021 0.06528991593990208 
0.7731176125960805 0.6087030351166707 
0.7149678543025016 0.7600172391009343 
0.9100754719627536 0.4626557479977728 
0.12822356335508342 0.9682162354052293 
0.455884371173711 0.918829919238639 
0.5451529731297414 0.7800845565856956 
0.8684959226310538 0.4775977612150487 
0.07035075020785181 1.021071554121437 
0.6875320418783414 0.7691309319195807 
0.9800228199133308 0.12489746135748954 
0.9988385483108035 0.09453666584129783 
1.0118772366760054 0.08596272038864466 
0.8579851355203257 0.48157638818429266 
0.5233904818233944 0.7928788221108056 
0.10470137449715583 0.9904997930804176 
0.5334763963280836 0.785018718188512 
0.5138280564694748 0.8001940567115303 
0.6428134483202168 0.7728569804520875 
0.7940624320274101 0.5211995440563528 
0.1695773036840899 0.9354887831712906 
0.09251303066870016 1.0005553993599283 
0.9319612470978071 0.18020322747259038 
0.8878556359214546 0.47016861277016575 
0.11709468409954639 0.9777387808962534 
0.7823771693139362 0.539284951664358 
0.7569912502614324 0.7206796733892235 
0.940951156342735 0.16001588904418346 
0.9868762114026731 0.10668129706583991 
0.7956371178517329 0.5183624772352077 
0.7729397735343373 0.640069667921322 
0.9530133210363582 0.14222701511459523 
0.07852997386618692 1.0132498200420657 
0.1774656273215623 0.9324424733880664 
0.567418180756744 0.777506734302906 
0.4865754948259853 0.8458938894095354 
0.8915507111038787 0.4672152001553518 
0.49616494598608996 0.8293170607480757 
0.8116274603982808 0.506573869347985 
0.9673533744348859 0.12618462282414594 
0.14164404124496177 0.9535791235971152 
0.9530133210363582 0.14222701511459523 
0.6623420820817004 0.7719476742518705 
0.140626654027156 0.9581102231940692 
0.7439319828385912 0.7392355885776767 
0.772154684036859 0.6612761325330405 
0.4628232151451627 0.9009661681415027 
0.46402742569669897 0.8994440163190286 
0.5059180452744958 0.8099276470908492 
0.7439319828385912 0.7392355885776767 
0.940951156342735 0.16001588904418346 
0.7569912502614324 0.7206796733892235 
0.089074865853629 1.0087011925720604 
0.774298631145114 0.5752290735983296 
0.49616494598608996 0.8293170607480757 
0.47803770130510853 0.8660883840167936 
0.1572556101490527 0.9461436834629786 
0.7651849736595044 0.7007207360039919 
0.772135916735534 0.6670363219049055 
0.11196368093869759 0.9852078658600735 
0.47803770130510853 0.8660883840167936 
0.4865754948259853 0.8458938894095354 
0.8416718430875846 0.48848402522988627 
0.7732321317169016 0.5948806964731485 
1.0190605142546225 0.07689735691383333 
0.9290621585409791 0.20009556113364396 
0.5697285315093341 0.7748532991138036 
0.7013916278561789 0.7650929705226008 
0.7823771693139362 0.539284951664358 
0.99093528153572 0.10357948958450203 
0.7651849736595044 0.7007207360039919 
0.8416718430875846 0.48848402522988627 
0.7762782131334959 0.5606701348786737 
0.9310624595280135 0.18357902335324705 
0.8126231162171892 0.5064791839352291 
0.5886403573435506 0.7743458725643863 
0.7729397735343373 0.640069667921322 
0.7740730506036335 0.5848532608891351 
0.7762782131334959 0.5606701348786737 
0.7692685044556404 0.6835626969014182 
0.644054456542503 0.7728165974049324 
0.5886403573435506 0.7743458725643863 
0.7692685044556404 0.6835626969014182 
0.1572556101490527 0.9461436834629786 
0.5059180452744958 0.8099276470908492 
0.6622968888358826 0.7719583774838912 
1.0204730724319833 0.06979857294765135 
