0.042361701888812 1.0381220676859195 
1.03813933148375 0.042291482050195575 
0.042361701888812 1.0381220676859195 
1.03813933148375 0.042291482050195575 
0.45152580600407666 0.9223962276628616 
0.9291523535417647 0.19603596848050914 
0.9280719828181658 0.44836873421596385 
0.19251258604382304 0.9293876160162329 
0.7153975843867305 0.7612768332022544 
0.7707963274551101 0.6733159333295731 
0.7439120949705328 0.73949612099365 
0.7572728299263023 0.7240726394093805 
0.7315183867905489 0.7503402989403938 
0.5393341815041152 0.783069246321 
1.031645087799323 0.05925838341287237 
0.780986059408641 0.5442680972830112 
0.790583145311988 0.5253333841799284 
0.7983222717318725 0.5160853460303662 
0.1321619782694819 0.9636761575216449 
0.8925879939926166 0.4713755279961619 
0.6589490841016441 0.7721201882451744 
0.4869447148283547 0.8461903398212439 
0.7730029542494855 0.6381645933258987 
0.9318651164966224 0.17940549510217624 
0.5222209811143086 0.7945687996653662 
0.6905336643596497 0.7679817076380708 
0.057026740428079724 1.0348352618062142 
0.5090781551372405 0.8058605093534125 
0.7731427778682128 0.600683856251281 
0.1688543221164542 0.9357358254345691 
0.7775555606972293 0.5587399247508583 
0.1321619782694819 0.9636761575216449 
0.7730029542494855 0.6381645933258987 
0.4692836122048936 0.8891861804731694 
0.5754111273259503 0.774188118387514 
0.910258125527606 0.45903599578575827 
0.4714303024329976 0.8832057580253148 
0.15754319206264444 0.9419331607963467 
0.9857067658903234 0.10764863787646779 
0.09089366868122543 1.0020471476717179 
0.8666671067953137 0.477803372553115 
0.5855741995805508 0.7735827020868891 
0.15754319206264444 0.9419331607963467 
0.47856256161823035 0.8649645793024044 
0.9375180494551709 0.16541727449717525 
0.895212714505609 0.46558211294495705 
0.18551103954164566 0.9326308041888227 
0.6730454613422802 0.7712692028804048 
0.8633301151396381 0.48422175564643016 
0.6342025484425551 0.773025605634079 
0.9192217675530968 0.45576278167072937 
0.814229293874839 0.5071426317143297 
0.6065846152266674 0.7730986072246481 
0.8142358371995976 0.5038545419204374 
0.7743076849010979 0.5745089847902327 
0.7732075100826239 0.5991214459728454 
0.4816636815490828 0.8630095139808132 
0.5549666721846774 0.7773828953127343 
0.06583534091282692 1.023887664549826 
0.9610358431939102 0.13297371864998148 
0.09089366868122543 1.0020471476717179 
0.8296588880043902 0.49448310701958315 
1.0004250646962867 0.09263578849166185 
0.762778709704459 0.7076833696371901 
0.972348822635208 0.12157604865512572 
0.845642918650907 0.4867391460057298 
0.6342025484425551 0.773025605634079 
0.972348822635208 0.12157604865512572 
0.4573193446212808 0.9197657642138055 
1.0195313756417834 0.07093817691157386 
0.07889557263712252 1.0178916363075408 
0.49968839296703615 0.8195924820267128 
0.8296588880043902 0.49448310701958315 
1.0110032078082307 0.08318313011148444 
0.10744188063588686 0.9886461617419847 
0.7683681212637162 0.6879074928096129 
0.762778709704459 0.7076833696371901 
0.46031487460535836 0.9067962580581971 
0.9610358431939102 0.13297371864998148 
0.5215053867082637 0.8037787328154035 
0.6065846152266674 0.7730986072246481 
0.49968839296703615 0.8195924820267128 
0.11702955220937997 0.9794668086027045 
0.686789739392511 0.7710273035474026 
0.46031487460535836 0.9067962580581971 
0.9465332037337859 0.15715647935514093 
1.0195313756417834 0.07093817691157386 
0.8465787231172354 0.4862560085304885 
0.7683681212637162 0.6879074928096129 
0.9911170674415558 0.10736474275854593 
0.49241046522147275 0.8334812911560817 
0.10744188063588686 0.9886461617419847 
0.9507774425236152 0.14753155303473955 
0.49241046522147275 0.8334812911560817 
0.07074544705859759 1.0225358977444774 
0.5549666721846774 0.7773828953127343 
0.9507774425236152 0.14753155303473955 
0.11631046259125272 0.9852401509153488 
1.0004250646962867 0.09263578849166185 
1.0110032078082307 0.08318313011148444 
