1.038354753823854 0.0420311390442667 
0.04396085935511345 1.0373811059840097 
0.04396085935511345 1.0373811059840097 
1.038354753823854 0.0420311390442667 
0.44772082839321065 0.9279449861854447 
0.19660547261497957 0.9291139963415905 
0.9290008394732366 0.4471054560412268 
0.9290796989209706 0.19753887983420537 
0.9676759221539353 0.12609322569869036 
0.09860662932488867 0.9949251601726316 
1.0320652348282464 0.05536515177588813 
0.856247250668237 0.4822281496536187 
0.9323695358448135 0.17824819696206273 
0.0733363497836807 1.018222747347422 
0.728016073883338 0.7527738067628432 
0.15354944275948507 0.9497470815580443 
0.6072041739276722 0.7731030590318161 
0.7741833820348494 0.5759708182632194 
0.6751959941006902 0.7707982930339959 
0.1748956502486045 0.9336446856509707 
0.784943451988153 0.5335702646724589 
0.8035949616442357 0.5108112325249075 
0.7730525498202048 0.630971179212919 
0.6916287011953087 0.767573817835342 
0.5340526928555063 0.7858500641703478 
0.7929885328386971 0.5220453607543576 
0.5491778962297202 0.7790964688029162 
0.8887888315346427 0.4687898382951842 
0.7668008844730732 0.6982274510569642 
1.010273113507023 0.08237242243325552 
0.772781696497567 0.6471179668802386 
0.9953334395425046 0.09821296561303774 
0.4897370948736722 0.8392932747697992 
0.16268234794224437 0.9388227384977127 
0.5215330968847032 0.7929727728212903 
0.7717061641461844 0.6683259021087681 
0.9537551126976367 0.141335719189537 
0.7696802137696616 0.6809899937342137 
0.483822931102184 0.8530885970806015 
0.7504442119924547 0.732792059628367 
0.0922302969492221 1.0081651749841016 
0.5090284544171387 0.8070716138969487 
0.984577029352345 0.11297967575938889 
1.0019391225057193 0.09206300605871415 
0.45855352937003335 0.9096911375952692 
0.7782376929081775 0.5656815642038587 
0.9407537595108704 0.16246367468835016 
0.11496824950345469 0.9819326421609251 
0.46775897146042617 0.8902634090219472 
0.08316140227827684 1.012547066675181 
0.7731465107297113 0.6048000535767114 
0.9407537595108704 0.16246367468835016 
0.49898289207105234 0.8207565410388425 
0.9062985675887285 0.4602285579116379 
0.7097671487022528 0.7630762458735599 
0.9537551126976367 0.141335719189537 
0.46775897146042617 0.8902634090219472 
0.13666279095866188 0.957837731815914 
0.9062985675887285 0.4602285579116379 
0.45855352937003335 0.9096911375952692 
0.4765039152394535 0.8702279247702871 
0.7731465107297113 0.6048000535767114 
0.5137228365200165 0.8026610877553142 
0.7611047007621459 0.7118883734850129 
0.633087281109877 0.7730299191377947 
0.877987330603814 0.4731426884267933 
0.4765039152394535 0.8702279247702871 
0.5824984306587951 0.7737260346029313 
0.5889721618117257 0.7737056799195265 
1.0199148816341286 0.0706644507154009 
0.12464827331612145 0.9690259172854487 
0.055181581380023007 1.031033468895295 
0.7611047007621459 0.7118883734850129 
0.055181581380023007 1.031033468895295 
0.984577029352345 0.11297967575938889 
1.0199148816341286 0.0706644507154009 
0.8296867474490912 0.4944497595638274 
0.7504442119924547 0.732792059628367 
0.49898289207105234 0.8207565410388425 
0.6527711593894708 0.7725568305265531 
0.19660547261497957 0.9291139963415905 
0.7097671487022528 0.7630762458735599 
0.11496824950345469 0.9819326421609251 
0.9291241306074802 0.19746338151565782 
0.8159325842899541 0.5022118261906542 
0.7375405517301323 0.7454508861424144 
0.778392431782889 0.5503789913857723 
0.8457442463654521 0.48791700974893004 
0.9256473519370104 0.44925180147193894 
0.6527711593894708 0.7725568305265531 
0.5649925351661523 0.7754605599374567 
0.12464827331612145 0.9690259172854487 
0.8296867474490912 0.4944497595638274 
0.7375405517301323 0.7454508861424144 
0.13666279095866188 0.957837731815914 
0.8159325842899541 0.5022118261906542 
0.877987330603814 0.4731426884267933 
0.633087281109877 0.7730299191377947 
0.4866452444546008 0.8460482135469023 
0.5649925351661523 0.7754605599374567 
