1.0382885702794287 0.042015319756163995 
0.04190633586104962 1.038399895626968 
1.0382885702794287 0.042015319756163995 
0.04190633586104962 1.038399895626968 
0.9220043803032162 0.45145865636835314 
0.9293876821262884 0.19240561251284868 
0.44886929941131876 0.9262377127964283 
0.19684851251107616 0.9291500324935922 
0.7731588103103196 0.599100137792323 
0.9034182812255659 0.46173081090551604 
0.15243999045056383 0.9452720528873116 
0.5184343052677697 0.7956934144931962 
0.9525690340406164 0.14658675120160558 
0.4568115892921803 0.912983669021188 
1.0025577369572765 0.09085825033060471 
0.5291355974087735 0.7881616461202553 
0.7729142243245234 0.6401347163271984 
0.5751264341355933 0.7763046733080448 
0.6000894009166022 0.773162337601062 
0.9968949764721831 0.1016257891997926 
0.7756036582841512 0.5649709368538923 
0.7840237571191725 0.535437269107129 
0.7658142016771949 0.7000131086761634 
0.7512040630763153 0.7303457335526661 
0.7702104865699709 0.6814991035061867 
0.7349837040744818 0.7478311661279257 
1.0268055333501669 0.06253598890937984 
0.7791799880211637 0.5486229037869877 
0.4838127614653298 0.8528360350763582 
0.47872137500851814 0.8683045319375274 
0.942256700474707 0.1570781456084597 
0.045619719480402554 1.0378463467787615 
0.7736315774804067 0.584063511041234 
0.5477496660039118 0.779250703727555 
0.12023746784818035 0.9749558312448997 
0.8564756138107946 0.4830787989261767 
0.8059677104653342 0.515554601044942 
0.17402484549719605 0.9340593576494718 
0.7406512467794021 0.7448163891442166 
1.020631921636328 0.07689333427336556 
0.98277428458639 0.11481241115750493 
1.0373470273770828 0.05502283758368561 
0.8650095816827799 0.47853085649455285 
0.8288972003754508 0.4948478218937635 
0.9781964446388908 0.11513797099986482 
0.06520722245518795 1.024846914658161 
0.6298385702938756 0.773055313463457 
0.6582863503029036 0.7721642341313106 
0.7163854547319596 0.7592594521684022 
0.7608032029529666 0.7126832955591973 
0.8132478108178188 0.5072758242297621 
0.9664069484296478 0.12955506417454138 
0.8836253454330634 0.4782645881255311 
0.6298385702938756 0.773055313463457 
0.6981680837217691 0.7672992272679431 
0.9664069484296478 0.12955506417454138 
0.5865189203670016 0.7735376537518888 
0.821034866632885 0.5012840389745182 
0.07833477918124299 1.0134120798374164 
0.07833477918124299 1.0134120798374164 
0.7603429966504844 0.7241150409381575 
0.772829414593065 0.64408527596623 
0.7163854547319596 0.7592594521684022 
0.17402484549719605 0.9340593576494718 
0.8851736173866539 0.4700667576351595 
0.9422069272659702 0.17320786337194571 
0.06520722245518795 1.024846914658161 
0.5027848593448538 0.814857166157502 
0.19684851251107616 0.9291500324935922 
0.4972356229822185 0.8269901655054884 
0.4740866587123093 0.8805990713616241 
0.4671110679816637 0.8931455345803692 
0.5027848593448538 0.814857166157502 
0.7715746840380268 0.6655842646610325 
0.14005664490997338 0.9550733406097085 
0.677923260552068 0.7700788755670284 
0.677923260552068 0.7700788755670284 
0.7954333160000995 0.5239101574752917 
0.9338385415110881 0.1856780600035549 
0.5477496660039118 0.779250703727555 
0.09439395562352838 0.9992653187234071 
0.8425385211238331 0.49087803782895084 
0.14005664490997338 0.9550733406097085 
0.12873041731609888 0.9652722670958018 
0.6981680837217691 0.7672992272679431 
0.9338419257775493 0.1749374772059314 
0.11064054916978687 0.9826724616018111 
0.6582863503029036 0.7721642341313106 
1.020631921636328 0.07689333427336556 
0.4894196893608386 0.8412762450953759 
0.09439395562352838 0.9992653187234071 
0.7954333160000995 0.5239101574752917 
0.47065747155426996 0.8840237077984647 
0.4671110679816637 0.8931455345803692 
0.4894196893608386 0.8412762450953759 
0.12873041731609888 0.9652722670958018 
0.11064054916978687 0.9826724616018111 
0.8425385211238331 0.49087803782895084 
0.49876044801802544 0.8252080870079734 
0.9220043803032162 0.45145865636835314 
