1.0383851365271064 0.04183341003862552 
0.04240729332294795 1.0383650889050413 
1.0383851365271064 0.04183341003862552 
0.04240729332294795 1.0383650889050413 
0.9291933175579234 0.1957068996778834 
0.4496745224533849 0.9263477152699646 
0.9269250459734185 0.4486097991318975 
0.194502120733566 0.9292307019456088 
0.7730101248966903 0.6422293085401816 
0.5943606776329998 0.7732655104882259 
0.65168389237581 0.7725228708167516 
0.49039898089477935 0.8388106458117651 
0.7314442092175788 0.7515047988565595 
0.7478432257662164 0.7388058171800067 
1.019076009058462 0.07840895317039495 
0.7731642183461346 0.5987563782372816 
0.7663655788560892 0.703025765509962 
0.47714025948692973 0.8841462490483657 
0.16245724003113438 0.939233532686338 
0.7721486452214018 0.6589086186310359 
0.17937287719671677 0.9318488003572448 
0.774536550041264 0.5727214356904218 
0.9230499312947232 0.46203141248187174 
0.4654066064244142 0.8965864132605841 
0.5276210819617861 0.7886194496949037 
0.48229726304354625 0.8600888739205215 
0.716612121534735 0.7615980666831754 
0.932822615743731 0.1770798980814438 
0.8674805324087959 0.47746059844136063 
0.8318745781525163 0.498614776367977 
0.5050493122024033 0.8144180325622591 
0.7543347061417072 0.7253790267235195 
0.7885420767096099 0.5277414974928444 
0.7051135843392295 0.7637107617619594 
0.850304875880669 0.4846481330286512 
0.12175308313935097 0.9720146989592875 
0.07602638902187951 1.0153291985399977 
0.1133521226887182 0.9801503302523323 
0.7610146840734657 0.7157554186933546 
0.08505366762388336 1.0090268158284412 
0.5470596864585234 0.7795205576601016 
0.937935943467061 0.1661692719721949 
0.9007080796029521 0.4633075535725142 
1.0292426105094834 0.06162893403241032 
0.5730000532361078 0.7746567084933538 
0.8448617586240217 0.4898800520512428 
0.06700265975731454 1.0256877982069332 
0.801492629793298 0.5129945259668519 
0.1435684902900625 0.9540172589588304 
0.5633958751636529 0.7763301713749002 
0.8143870864068395 0.5071592885607955 
0.9828355621355284 0.11528511485765558 
0.4780787266351139 0.8662064557140825 
0.540071758312289 0.7868343182142734 
0.7963007922571455 0.5201758662246052 
0.5138872120627674 0.8006912359304215 
0.879563332922655 0.4771002582375482 
0.8185782905915061 0.5003453117247332 
0.7731652857384735 0.5986505908178911 
0.7695993430938424 0.6812771570659495 
0.8858520818093147 0.46978342672735474 
0.7820117811211758 0.5418975434709752 
0.4598675985668703 0.9074017262611588 
0.7695993430938424 0.6812771570659495 
0.10725599136969645 0.9922017550699659 
0.1310005775276046 0.9629682167890069 
0.6881473274178805 0.7682787946760051 
0.5934700843107842 0.7732721352286545 
1.0063378316813383 0.0870368200226264 
0.9606592180736468 0.13463083238905296 
0.9722538552057174 0.12332270613358914 
0.1356195380631868 0.9616755046756009 
0.9606592180736468 0.13463083238905296 
0.998392441785055 0.096577837619644 
0.8962533956251003 0.4686872139131287 
0.4598675985668703 0.9074017262611588 
0.5138872120627674 0.8006912359304215 
0.6685139287798764 0.7712744810181252 
0.09506309495059581 1.0004922059323464 
0.7762294668114089 0.5602728567444011 
0.6881473274178805 0.7682787946760051 
0.9504770880360739 0.14527271149410914 
0.7820117811211758 0.5418975434709752 
0.5003944154837427 0.823549402913859 
0.6685139287798764 0.7712744810181252 
0.9722538552057174 0.12332270613358914 
0.9865290360530121 0.10787545108424107 
0.998392441785055 0.096577837619644 
0.5003944154837427 0.823549402913859 
0.05758899593230227 1.029258067474661 
0.05758899593230227 1.029258067474661 
0.09506309495059581 1.0004922059323464 
0.7762294668114089 0.5602728567444011 
0.194502120733566 0.9292307019456088 
0.65168389237581 0.7725228708167516 
0.15195970455357294 0.9470799710275347 
1.0311717557778295 0.05732685395518243 
0.944376521640893 0.15503750208513886 
0.9504770880360739 0.14527271149410914 
1.0063378316813383 0.0870368200226264 
