0.043136477748055624 1.0378071807917113 
1.038443540601651 0.042985655106518604 
1.038443540601651 0.042985655106518604 
0.043136477748055624 1.0378071807917113 
0.44755798363125476 0.9288309219364577 
0.9290847654262404 0.19766595586195634 
0.19476955688808262 0.9292494107538951 
0.9289459964440389 0.4472747418213898 
0.7450415405941887 0.7386788351001203 
0.6751767142800995 0.7706128880285503 
0.8840271465139667 0.47057182923478935 
0.047117141228385936 1.0371358262001786 
0.6450803864229293 0.772840305881988 
0.573724895188668 0.7743861322617457 
0.4654246322541639 0.8972424803951118 
0.7136206551843238 0.760680123291634 
0.7730776388573345 0.6248765146062347 
0.8158381322790986 0.5028198347417588 
0.5084764778215083 0.8068057440737094 
0.4879487832116394 0.8432799820882788 
0.9243492686071968 0.4537905189788878 
0.11429529419429688 0.9795135198558556 
0.5044401376408136 0.8224005617698211 
0.16761528823240135 0.9363759879790681 
0.13958926832274623 0.9556234192896862 
0.7773068682988242 0.554690207776251 
0.77282154360341 0.6442820900889934 
0.5411610455549555 0.7847720388252832 
0.9706408405374919 0.12384692821771956 
0.6290121833785148 0.7730667740072689 
0.4950125733352841 0.8330251860159372 
0.9933455417809283 0.10214660843228546 
0.8048883177566721 0.5102431318839301 
0.9316240684442028 0.18015593624728704 
0.10055613795328885 0.9927415176327717 
0.12974635179513197 0.9651657084127099 
0.9429600845176238 0.158746950361353 
1.0250067170450814 0.06378520172472593 
0.5990153560651837 0.7734435306937856 
0.7718708554104446 0.6619930754600465 
0.7605217640449888 0.7153160489018591 
0.7867033677832247 0.5304292750916968 
0.09884862385559848 0.9998861421489766 
0.17558310117447612 0.9333526528041077 
0.07276219068542177 1.0182735877749223 
1.0123947547933982 0.08122502879169702 
0.7817360003983872 0.543941280027205 
0.8683822899301847 0.47744619417803835 
0.7280110927414915 0.753108954755403 
0.9361521955418962 0.16866036356548492 
0.529101465461751 0.7891351964828095 
0.9612633778658389 0.13316823258960717 
1.0308094185825967 0.058233197429138794 
0.7389539308892171 0.7525015855757815 
0.60777147699555 0.7730983200056969 
0.9496715292761315 0.14648862795493173 
0.9027022060789365 0.46192768969954706 
1.0153559769077523 0.07835134154390744 
0.12381424810914188 0.9756293556158405 
0.7605217640449888 0.7153160489018591 
0.07276219068542177 1.0182735877749223 
0.458976386849392 0.9143869878745224 
0.7731707235616053 0.598389257507857 
0.4722797416670156 0.8803771012999436 
0.4811150116117933 0.8601014888368991 
0.9027022060789365 0.46192768969954706 
0.15280578448980303 0.9497839474152177 
0.7742947121310633 0.5748466592717305 
0.6951607887729574 0.7668346511482215 
0.5554832598518828 0.7772492582469083 
0.4722797416670156 0.8803771012999436 
0.4811150116117933 0.8601014888368991 
0.9591070742605107 0.1445426345906026 
0.7734479892442814 0.5980718814270702 
0.7665242891484618 0.6956406391230023 
0.08291805338347252 1.00969509054837 
0.7665242891484618 0.6956406391230023 
0.9798402825308004 0.11404409549279493 
1.0373178322854446 0.04403871539551968 
0.8426394367850831 0.4897009213480956 
0.6951607887729574 0.7668346511482215 
0.7956355166422442 0.5187729722462795 
0.5189453124183829 0.795260247792093 
0.9798402825308004 0.11404409549279493 
0.7742947121310633 0.5748466592717305 
0.9992032766861493 0.09627762266149181 
0.458976386849392 0.9143869878745224 
0.8603718356705974 0.4804659787985734 
0.15280578448980303 0.9497839474152177 
0.8426394367850831 0.4897009213480956 
0.7943331576178445 0.5214862294683262 
0.7703640348732549 0.6771259597271673 
0.8312835599769813 0.4942635352369096 
0.08291805338347252 1.00969509054837 
0.8312835599769813 0.4942635352369096 
0.19476955688808262 0.9292494107538951 
0.9992032766861493 0.09627762266149181 
0.7703640348732549 0.6771259597271673 
0.8603718356705974 0.4804659787985734 
0.5554832598518828 0.7772492582469083 
