1.0382802026571871 0.04203066197718326 
0.04400080791392876 1.0372865860502583 
1.0382802026571871 0.04203066197718326 
0.04400080791392876 1.0372865860502583 
0.9271221967730903 0.4483622742939668 
0.44937839564072124 0.9257823385582175 
0.1944847124630946 0.9292316425261672 
0.929403563215577 0.19378330919560832 
0.9331126879073446 0.1761160422332866 
0.8407354833106522 0.48892370705684984 
0.697217820519925 0.7662268267030028 
0.7731454523386062 0.6001901897821659 
0.7727735431442969 0.6453877815108138 
0.06022913680747324 1.0283542349690367 
0.6092237692870386 0.7730888119126708 
0.798668776939471 0.5152966051486255 
0.7870010883075114 0.534494891789661 
0.6655947945638733 0.771628046858052 
0.14787676646636042 0.9484577656190821 
0.7283819348934868 0.7524518157900046 
0.12048915080898737 0.9760006580579531 
0.5002889855823061 0.8195432016573067 
0.9566052606052956 0.14098560139456912 
0.08485553496942622 1.0079091609809787 
0.11221510840994732 0.9840002310762235 
0.7771481576719799 0.5575915479299347 
0.898832014664249 0.46471956692213057 
1.0103271234124742 0.08194275744883797 
0.7691069528899163 0.6870081841458736 
0.48878512427566073 0.8427643063210903 
1.0012178860476173 0.09367747094648399 
0.7444732580012774 0.738915885742655 
0.5969280341256664 0.775152491074901 
1.0193106514809447 0.07177411177114149 
0.46241239987302335 0.901723516663777 
0.49439724653782596 0.835994183874761 
0.17839060540115587 0.9333180471557792 
0.09868702677319313 0.9945568011173163 
0.878403991214472 0.47303245534112537 
0.9781766062758315 0.1178785602675132 
1.0345095327679077 0.07046036887060192 
0.7810693370816965 0.5421525001393608 
0.540651490928124 0.7832707645368474 
0.7207970056077653 0.7573930376111861 
0.7064109804265251 0.7632476582402145 
1.035626604751262 0.05474973009687078 
0.7542980532935574 0.7256011127865029 
0.6401969481545958 0.7729122569107263 
0.17839060540115587 0.9333180471557792 
0.14787676646636042 0.9484577656190821 
0.9689250375777693 0.12518916304270575 
0.9896577032041539 0.11194014941312308 
0.9455284514945975 0.15681435262577334 
0.7602085325539737 0.7155341481892354 
0.13189626299014967 0.9620987876180821 
0.9924352291427525 0.10148780291917738 
0.9455284514945975 0.15681435262577334 
0.9687393249908184 0.13925060689602772 
0.8082825887412501 0.5071076102567058 
0.7744774923420001 0.575716128306818 
0.8776688486998145 0.477700193073447 
0.6587138386772687 0.7721365153211133 
0.859467271703061 0.4808309535484958 
0.5168429198590296 0.7970878568607674 
0.9059026535261177 0.46045712303791914 
0.5561926078705544 0.779496809679889 
0.13189626299014967 0.9620987876180821 
0.7714789657659801 0.6680067724175793 
0.7731454523386062 0.6001901897821659 
0.8231559229875318 0.4976969181610985 
0.07230346567979958 1.019370251242245 
0.7500702480917776 0.7372694523944666 
0.5594523177496975 0.7766911528255731 
0.7727735431442969 0.6453877815108138 
0.09783517621685216 1.004182089254404 
0.859467271703061 0.4808309535484958 
0.5757379513016393 0.776027035566059 
0.07230346567979958 1.019370251242245 
0.48143479534834005 0.8615169636987495 
0.46841533828284293 0.8908686480782495 
0.5072746278887497 0.8080831893825979 
0.46841533828284293 0.8908686480782495 
0.48143479534834005 0.8615169636987495 
0.7714789657659801 0.6680067724175793 
0.929403563215577 0.19378330919560832 
0.1944847124630946 0.9292316425261672 
0.7744774923420001 0.575716128306818 
0.7642249425094254 0.7053292118876208 
0.9059026535261177 0.46045712303791914 
0.5314957246394388 0.7876374181181649 
0.5168429198590296 0.7970878568607674 
0.45606267667628997 0.9140438281323751 
0.6401969481545958 0.7729122569107263 
0.5314957246394388 0.7876374181181649 
0.45606267667628997 0.9140438281323751 
0.5072746278887497 0.8080831893825979 
0.8074403058451805 0.5100610890747931 
0.8235454630503554 0.49765418259437433 
0.5757379513016393 0.776027035566059 
0.4786538459797792 0.8751764871489297 
