1.0377123827045276 0.04314103203308718 
0.042032074117985985 1.0383699897114282 
0.042032074117985985 1.0383699897114282 
1.0377123827045276 0.04314103203308718 
0.9271129497631502 0.44856419988699514 
0.45016518437103914 0.9242279954991456 
0.9290681759331373 0.19809209591804589 
0.19893009416126947 0.929065508711415 
0.5950904503375285 0.7732673314607916 
0.15706542151096742 0.9451550257233946 
1.0046491411402991 0.08951667902930957 
0.5291041861778466 0.7877610705575131 
0.12370581628602778 0.9699379930942085 
0.5119224714981623 0.8022693101155586 
0.4853841702537526 0.8500937510252915 
0.6439469316879654 0.7728298462427933 
0.7731167173865203 0.6095866998925457 
0.7472983957099849 0.7412568358292513 
0.7796317699929942 0.5464765175252905 
0.7969763387843972 0.5171973438684653 
0.9433536092436103 0.1553159635514486 
1.0289236521338165 0.05834627951114371 
0.49300715297040454 0.8319924477786126 
1.0191327041363545 0.07726507566231418 
0.9731785431628919 0.12098849608732948 
0.7629030594087998 0.7118921472245034 
0.7727565677192776 0.6703964234767592 
0.9345045518468487 0.17619015037125052 
0.8166080721300464 0.5018992767757224 
0.5034249954007337 0.8141403209857865 
0.8121924055515504 0.5109586185510911 
0.9212773102506293 0.4595513258561131 
0.17846175945366674 0.932346388201725 
0.7141969812749845 0.7623623379572148 
0.5773637061176942 0.7746108016260702 
0.5666786732075095 0.7774507595402133 
0.14058059073646498 0.9550867148194409 
0.13929209517421312 0.9594682533246851 
0.047640546087638166 1.0364307004064 
0.7729217325514094 0.6397694218278525 
0.7680183626854951 0.691120034633461 
0.09379545658694233 0.9997947723566181 
0.7729217325514094 0.6397694218278525 
0.10715505003497594 0.9861727680275181 
0.7126388387524463 0.7625141105437173 
0.8374729661704008 0.494853558321891 
0.468588435065962 0.8886354117065743 
0.9404202240550199 0.17349680171326143 
0.10715505003497594 0.9861727680275181 
0.5486726318565714 0.7793668576084274 
0.6897301699222271 0.7680445329805188 
0.6661701797210106 0.7715053329537445 
0.4772881696962629 0.8679059387309048 
1.0222670802370295 0.06804679127766178 
0.09379545658694233 0.9997947723566181 
0.4986674234995206 0.8241309589533455 
0.899688986516504 0.4691181267715482 
0.468588435065962 0.8886354117065743 
0.8325657599625286 0.49546249217364546 
0.7326216162346525 0.749472855916285 
0.07158895521465308 1.019934824025422 
0.7735509136464486 0.5870411181022066 
0.8525671719812571 0.4840280461084156 
0.7326216162346525 0.749472855916285 
0.9877622183110782 0.10554480600806085 
0.4772881696962629 0.8679059387309048 
0.6897301699222271 0.7680445329805188 
0.8514736926124461 0.48433825617441434 
0.7660803852238752 0.699383011352362 
0.4556716844394666 0.9190652743347902 
0.786559506538896 0.5313661409386594 
0.771029349116695 0.6738273215912864 
0.7571596091876966 0.7274942331318089 
0.19893009416126947 0.929065508711415 
0.8707830948637657 0.4766670328557121 
0.17846175945366674 0.932346388201725 
0.7755345305587943 0.5666692835889763 
0.9290681759331373 0.19809209591804589 
0.90557852483048 0.4611540795378132 
0.6651069804288438 0.7723465232837158 
0.9613747967324153 0.13277704410855865 
0.7733163938181735 0.5914441329428771 
0.459391867475714 0.9078588077764523 
0.8707830948637657 0.4766670328557121 
0.9877622183110782 0.10554480600806085 
0.7755345305587943 0.5666692835889763 
0.07692158364036078 1.0147101691202463 
0.6439469316879654 0.7728298462427933 
0.786559506538896 0.5313661409386594 
0.9529349305752506 0.144251476722976 
0.06160229831924201 1.0265131897865885 
0.8861619377835391 0.46967928473686327 
0.459391867475714 0.9078588077764523 
0.07692158364036078 1.0147101691202463 
0.9613747967324153 0.13277704410855865 
0.5492107771527172 0.7787505725408135 
0.06160229831924201 1.0265131897865885 
0.7571596091876966 0.7274942331318089 
0.9529349305752506 0.144251476722976 
0.9815029144763052 0.11518911066218143 
