0.04195349574557989 1.0383341735530485 
1.0381533735398503 0.04309834596136797 
0.04195349574557989 1.0383341735530485 
1.0381533735398503 0.04309834596136797 
0.9259199043556299 0.44958620299357416 
0.9291419546910392 0.19674892437748168 
0.44998968792901806 0.9244121600105195 
0.19263605099628103 0.9293706172663591 
0.7426042619671256 0.7418041797694164 
0.941929739870886 0.16617675452953415 
0.46346819660241184 0.900809194159393 
0.9478453076849277 0.148808652166943 
0.5313572360637426 0.7868934578397441 
0.49534075691495805 0.8274563603283225 
0.5064529887857986 0.8104121936981593 
0.7733470953150454 0.5908354761021897 
0.829981726418481 0.49402772959558766 
0.0950802700965095 0.9995152210431502 
0.6653556760853883 0.7716145738612437 
0.7083905980751634 0.7657372911182982 
0.8226992216230686 0.5004027296932265 
0.7665561615138593 0.7049064300902523 
1.019324759520778 0.07113366520542388 
0.05352237242626939 1.0334925919584 
0.068395066436609 1.0264178896244807 
0.6426854240065187 0.7728536189488113 
0.5553812881231989 0.7815324020288441 
0.6057963064323263 0.7731017367366058 
0.7891508892126474 0.5267357710098298 
0.4525756137158942 0.9216926634481549 
0.7752519336558789 0.5665429940297796 
0.7711687343899487 0.6746987022136985 
0.8602606145182108 0.4817361898737025 
0.7597474240907041 0.7192503880548442 
0.8042289208513864 0.5102271323623713 
0.7696176365849755 0.689097538514968 
0.07484884110557191 1.0164874177066263 
0.17903996488892848 0.9346283009587347 
0.4881782447016253 0.8441811491931288 
0.7724229543006415 0.6537975908853554 
0.7730819524547576 0.6225745193912571 
0.47099541107465465 0.8857189304723986 
0.5209776641182261 0.7951463700553584 
0.7730819524547576 0.6225745193912571 
0.988111250177501 0.10740439442494779 
0.5588249407499872 0.7766607776900606 
0.47985161754297445 0.863080101353123 
0.11962603784321157 0.9744949333191862 
0.5208631065986873 0.8085782630332145 
0.13710105816057494 0.9591565660807738 
0.11962603784321157 0.9744949333191862 
0.16241989015720248 0.9419807138760113 
0.682169205423213 0.7694003242026417 
0.7806200303598267 0.549215394140567 
0.47985161754297445 0.863080101353123 
0.579797472254531 0.7738670499360433 
1.0129139671072338 0.08633836657922798 
0.9614542237491615 0.1325167831112393 
0.13710105816057494 0.9591565660807738 
0.9882006736720518 0.10686563984873174 
0.9100681295990655 0.45823464751295584 
0.6057963064323263 0.7731017367366058 
0.7740894784404866 0.5794118764510329 
0.9721848196947006 0.12230835688324318 
1.0005153561779565 0.09318327620408759 
0.7157700433667397 0.7605271038847232 
0.7806200303598267 0.549215394140567 
1.0308360547146933 0.05742259909272479 
0.10624064087602175 0.9871268710671014 
0.9721848196947006 0.12230835688324318 
0.8922019717925844 0.46699777145493615 
0.7891508892126474 0.5267357710098298 
0.14872454601033733 0.9478365732950883 
0.8922019717925844 0.46699777145493615 
0.8042289208513864 0.5102271323623713 
0.9100681295990655 0.45823464751295584 
0.8758323152877509 0.4740765857953668 
0.16642790995587786 0.9369670987647277 
0.8509614195396361 0.4847090132897675 
0.4898485540785754 0.8394780641376702 
0.9614542237491615 0.1325167831112393 
0.10624064087602175 0.9871268710671014 
0.5791270424311079 0.7740509840483341 
0.7244465004736504 0.7557163012105081 
0.6426854240065187 0.7728536189488113 
0.9304042328736603 0.18550832053942493 
0.8758323152877509 0.4740765857953668 
0.4708098341939688 0.8862606353387721 
0.7244465004736504 0.7557163012105081 
0.7724176721697406 0.6552394589274122 
1.0136634843826224 0.0791462375325328 
1.0308360547146933 0.05742259909272479 
0.9304042328736603 0.18550832053942493 
0.753754805139959 0.7272951061115296 
0.682169205423213 0.7694003242026417 
0.753754805139959 0.7272951061115296 
1.0005153561779565 0.09318327620408759 
0.08426403158363352 1.0083204859494732 
0.8509614195396361 0.4847090132897675 
0.19263605099628103 0.9293706172663591 
