0.046895383436593274 1.0357698546827796 
1.0378921041889968 0.04298381116882914 
0.046895383436593274 1.0357698546827796 
1.0378921041889968 0.04298381116882914 
0.9295356812703205 0.19105952821036767 
0.44951273156192645 0.925098779227794 
0.9271516253758727 0.44844008800338336 
0.19805190849176824 0.9292147160895744 
0.602527651115135 0.7731256495749789 
0.6720603983549098 0.7710047874656872 
0.7730969914170709 0.606694004510989 
0.47884422389714976 0.8644963441425129 
0.8846957998842111 0.4704595774828081 
0.8453362622960198 0.48763651659440527 
0.8054596497178172 0.512185332516296 
0.6978844046005689 0.7668202751070327 
0.9424327834041576 0.15886329581995812 
0.6457877492734164 0.7728388739666077 
0.9362012985599615 0.16868181370223032 
0.9067176454448215 0.4602581944360457 
0.7462792844584063 0.7369877080525321 
0.8180863857744822 0.500940071798368 
0.9819256544503309 0.111676592153936 
0.7727754241272128 0.6456823736328764 
0.47360272330330067 0.8876598867268428 
0.48723434834283774 0.8443790036854854 
0.8314669487950485 0.49369877330037604 
0.7714598520587902 0.668600199776526 
1.0258918492971785 0.06684332587306718 
0.5229353373044104 0.793631904346692 
0.7413801540011684 0.7452006300444027 
0.7597765940148867 0.71876721194604 
0.5025428473749267 0.8172444630591184 
1.0331183654101495 0.05168686199609036 
0.07306137059626688 1.0231833156672434 
0.07624756975735823 1.0152229389720333 
0.5107702535605048 0.8042352314940346 
0.09109484419106505 1.0054896892809433 
0.18298784899595216 0.9313055129760688 
0.7753882187878337 0.5651013273063866 
0.16975337367006374 0.9353108838090973 
0.4678258766687784 0.8951488801581365 
0.9163459222283523 0.4571989089368487 
0.5812550526469964 0.7737643519809736 
0.1620521907557838 0.9435065265638122 
0.777912344134614 0.5576678094211361 
1.0067667131637201 0.08604393274268744 
0.4962301793356563 0.8256812913710039 
0.7680820316422251 0.7041730141693399 
0.9630043142272956 0.1358378110200664 
0.7930842624601246 0.5239179914433179 
0.7816535626926322 0.5406826863511406 
0.872793031723918 0.47853283490742426 
0.1381926329724638 0.9563810093636034 
0.11086593947375911 0.9825669023124386 
0.7696565554353879 0.6839815324810867 
0.4955371116104658 0.8399934669881528 
0.9938809636740747 0.10005450545842348 
1.0029081707871588 0.08995120467449275 
0.5741495787956097 0.7764592685262487 
0.6457877492734164 0.7728388739666077 
0.5411988782562911 0.7834865890639897 
0.9542892585688056 0.14109100118857487 
0.46004434974319175 0.906742718432088 
0.7269117991865623 0.7541233551049714 
0.7734919315124668 0.5875671219484113 
0.12555336550885898 0.9684251984439805 
0.11086593947375911 0.9825669023124386 
0.5411988782562911 0.7834865890639897 
0.13684220829260618 0.9621777781752697 
0.7726836755539934 0.6480630723523574 
0.9681373449507532 0.12561964447283375 
0.9927547036076667 0.10670467599188094 
0.5576299427689193 0.7767088111327312 
0.7930842624601246 0.5239179914433179 
0.7602869124280704 0.7145844271306777 
0.5219964853185186 0.801775457371904 
0.7269117991865623 0.7541233551049714 
0.46004434974319175 0.906742718432088 
0.7098902739956041 0.7619922387514823 
0.7691858725392396 0.6940622216387103 
0.05618776832787025 1.030910143879521 
0.14996928470622858 0.9470059154115388 
1.0171603068634545 0.07381593334508514 
0.12555336550885898 0.9684251984439805 
0.7816535626926322 0.5406826863511406 
0.8648170050785436 0.47894640189971543 
0.7098902739956041 0.7619922387514823 
0.7734830322125608 0.5890472725723458 
0.19805190849176824 0.9292147160895744 
0.9681373449507532 0.12561964447283375 
0.09983990746775473 0.9959311239898839 
0.09462913509886858 0.9989379512633891 
1.0171603068634545 0.07381593334508514 
0.9542892585688056 0.14109100118857487 
0.05618776832787025 1.030910143879521 
0.5576299427689193 0.7767088111327312 
0.8648170050785436 0.47894640189971543 
0.14996928470622858 0.9470059154115388 
0.09983990746775473 0.9959311239898839 
