1.0369536869904135 0.0447144326676042 
0.04224052641221962 1.0381719346600282 
0.04224052641221962 1.0381719346600282 
1.0369536869904135 0.0447144326676042 
0.9258599847852844 0.44914529093020406 
0.9296071043142309 0.1904516761370685 
0.447459335598437 0.9286360355979949 
0.19074272564070993 0.9296556362531163 
0.47941986685605137 0.8671202829409375 
0.10687154437736784 0.9870987460473775 
0.8422825470757872 0.4882764404517444 
0.7731062901265846 0.6046891143225742 
0.9701261433895394 0.12329665149036012 
0.988098481753668 0.10960626084105703 
0.47085311394169016 0.8833363658250317 
0.9062219286037931 0.46129341198964346 
0.8223269077309776 0.4983042321578731 
0.5452167226314494 0.7800972087876754 
0.9637800988811766 0.13460073650960303 
0.7956725246903127 0.5183724578897494 
0.12877767080844743 0.9717513926392696 
0.7731055721324513 0.6212169797484994 
0.4650759734270729 0.8962142046313694 
0.8980309353974396 0.4643815215458689 
0.934397790118706 0.1743235554856524 
0.07433520252513602 1.0168963723096878 
0.7858224010203556 0.5320357261244204 
0.11742539049078649 0.9769732834143099 
0.9548620186881535 0.14967180012761125 
0.16683272455321568 0.9379954596615332 
0.7529045366551894 0.7278038610857801 
0.7744379133768867 0.5729078224937675 
0.7034727042958013 0.7642162338810501 
0.7725944027151838 0.6514629852626782 
0.8053857781171103 0.5111257015611443 
0.7449836524919939 0.7394514795157805 
0.5337961179683459 0.7849138453694424 
0.9393804300953851 0.1622685314093971 
0.17931353729394056 0.932078868620754 
0.7685542596719201 0.6950740406913862 
0.6995504634845273 0.7684647413018463 
0.8793277336219768 0.4726176882566616 
0.7815919729767328 0.5415483728781088 
0.773052067134251 0.6446025654134213 
0.14763861891132385 0.9492145757305865 
0.46122789251489593 0.9122534997778425 
0.15941686181915302 0.948115041569818 
0.45588316578786525 0.9174546316165926 
0.5105673476601555 0.8041279940213969 
0.06206956999893759 1.0269242689239082 
0.8205243609762795 0.5094920444852602 
0.7720607908059974 0.6775740127375415 
0.7217841579121876 0.7566507099033618 
0.08706342857421595 1.0139524947351108 
0.8564156698104877 0.4823041542589283 
0.4876676767510343 0.8445844223911886 
0.8793277336219768 0.4726176882566616 
0.9452628576395857 0.1525359060715201 
1.00874571937673 0.08877750521337519 
0.566744945195049 0.7751623696473031 
1.0246276716616358 0.06420883744929365 
0.6566939701747372 0.7723302080123098 
0.5895718467110325 0.7736416483322889 
0.09083457210191265 1.0039409183674044 
0.6311317710871683 0.7730513105341115 
0.678100863742934 0.7707309341495749 
0.7620150623952763 0.7211507556908248 
0.5009513326948439 0.820964839641001 
0.7641101683072348 0.7047714352270498 
0.8564156698104877 0.4823041542589283 
0.06206956999893759 1.0269242689239082 
0.7217841579121876 0.7566507099033618 
0.566744945195049 0.7751623696473031 
0.6765297361130862 0.7708979529926735 
0.5236605685996009 0.791314912349369 
0.9950651743871859 0.10056408754800422 
1.0246276716616358 0.06420883744929365 
0.5917595851285014 0.7733077410199716 
0.5105673476601555 0.8041279940213969 
0.7376538528145193 0.7454585756780174 
1.0171108386425396 0.07454158151565402 
0.777390689414976 0.5559523466380288 
0.6116698972993029 0.7731450046654007 
0.7701356515118157 0.6785764820719191 
0.13954100235651812 0.9588494073771894 
0.5009513326948439 0.820964839641001 
0.09083457210191265 1.0039409183674044 
0.4876676767510343 0.8445844223911886 
0.6566939701747372 0.7723302080123098 
0.13954100235651812 0.9588494073771894 
1.00874571937673 0.08877750521337519 
0.49363342881591094 0.8322150751687878 
0.6130347251391849 0.7731424170211176 
0.5236605685996009 0.791314912349369 
0.6311317710871683 0.7730513105341115 
0.9950651743871859 0.10056408754800422 
1.0171108386425396 0.07454158151565402 
0.7783189974071273 0.5553585925675864 
0.7376538528145193 0.7454585756780174 
0.7622069199574308 0.7126068194276235 
