0.04363751042783634 1.0376760354908223 
1.0377016429655952 0.04317146569023509 
0.04363751042783634 1.0376760354908223 
1.0377016429655952 0.04317146569023509 
0.9241687463292313 0.4503305988396859 
0.19806561629381816 0.9291042920132124 
0.4530266992162425 0.9194753696164082 
0.9295456160811156 0.1915480028022737 
0.0968693086785842 0.9976248224142095 
0.07374415432809203 1.0204378649577615 
0.9760265656848655 0.11811587018127889 
0.7714816575524561 0.6668642705743392 
0.6597509484172804 0.7720470729536981 
0.9091247448544704 0.45940810526238673 
0.49742305223833594 0.8234796748011705 
0.640839791371169 0.7729045176004521 
0.5976216156042918 0.7731801847926386 
0.11233992841135412 0.9814975982312758 
0.9624248310592162 0.13506735722215407 
0.7756493427770258 0.5676658217702727 
0.12818273360651594 0.9676969780125833 
0.9960332990617351 0.09732091082990808 
0.9403919456741102 0.16284636284301557 
0.9858191201630997 0.1080556008874975 
0.5063916679792269 0.812743620766009 
0.8932368419579666 0.46679072639858105 
0.9480845020654545 0.1489599162735723 
0.5797468204811498 0.7738774161102774 
0.5144292786921967 0.799740540520226 
0.766271978319033 0.7017907534579418 
0.7659631511256619 0.7184783450549432 
0.7538992733724948 0.7323139167783758 
0.46235796932625534 0.9037119568757586 
0.540214761199199 0.7821498336122359 
0.7216417999008844 0.7567913691064376 
0.7360174478766751 0.7515041833345013 
0.7878674240812781 0.5294736289855285 
0.48698960752384163 0.8453564292190957 
1.0280906246013028 0.061580943920372666 
0.8529315724124807 0.484314478959387 
0.5496138980976777 0.7788677380866508 
0.18531760412332912 0.9319308077392947 
0.7729596271786036 0.6404678286106118 
0.7731845061903607 0.6105770705989848 
1.009611731732413 0.08951099637735485 
0.8073731374826618 0.5077517332026624 
0.11942421663222791 0.976715989614965 
0.8677464607938823 0.4788879616864209 
0.4708789485655966 0.8832924134891447 
0.8177447155854953 0.5007529961531382 
0.7795213994849308 0.5470710767191853 
0.4704365954845531 0.9036367494505434 
0.5272177244577414 0.7896167422852323 
0.6946765942675629 0.7672808892115204 
0.4798334506793516 0.8618936577345949 
1.0230998796142556 0.07791166608499549 
0.9613267422361502 0.14680387084987667 
1.0321839385100038 0.05624726156637827 
0.14023755786089545 0.9551676367289663 
0.772490176666546 0.6593901169550614 
0.15569141934758732 0.9460692412529068 
0.8398121441113264 0.489346985764613 
0.7733287023395017 0.5912320612542628 
0.6844040608068283 0.7690288907726499 
0.15569141934758732 0.9460692412529068 
0.7548646506059988 0.7245806543615618 
0.7740637126863179 0.5846123135119204 
0.4798334506793516 0.8618936577345949 
0.7216417999008844 0.7567913691064376 
0.08409660510930386 1.0085351106170224 
0.8398121441113264 0.489346985764613 
0.17269030414627862 0.9341714272146558 
0.9331157931128959 0.17540289870169312 
0.7878674240812781 0.5294736289855285 
0.5246338646069281 0.7954764185039415 
0.766271978319033 0.7017907534579418 
0.4708789485655966 0.8832924134891447 
0.7402419653116643 0.7433687353349498 
0.8177447155854953 0.5007529961531382 
0.9295456160811156 0.1915480028022737 
0.7795213994849308 0.5470710767191853 
0.08409660510930386 1.0085351106170224 
0.14023755786089545 0.9551676367289663 
0.6946765942675629 0.7672808892115204 
0.8018004793849796 0.5145769273105839 
0.8018004793849796 0.5145769273105839 
0.8645215408779083 0.48335293942640134 
0.4899874844181954 0.8405545857978153 
0.05428955384636418 1.0317278081386725 
0.7731845061903607 0.6105770705989848 
0.17269030414627862 0.9341714272146558 
0.640839791371169 0.7729045176004521 
0.7729596271786036 0.6404678286106118 
0.8821300998782596 0.4713926197632046 
0.4530266992162425 0.9194753696164082 
0.8821300998782596 0.4713926197632046 
1.011131430818962 0.08255581605063028 
0.5976216156042918 0.7731801847926386 
0.5650445504591687 0.7765313351962804 
0.5650445504591687 0.7765313351962804 
