1.0375871199762228 0.04347307148553546 
0.04256123388623479 1.038730687774927 
1.0375871199762228 0.04347307148553546 
0.04256123388623479 1.038730687774927 
0.4504322236978709 0.9241780151487452 
0.9201795830673829 0.4526345230557096 
0.9292221387735926 0.19769892819858753 
0.1950031259281963 0.9292121312742025 
0.4717325327772757 0.8851486442730176 
0.5669942772153738 0.7751585504690783 
0.7460530894751445 0.7376833981671018 
0.77308633062417 0.6108437327961727 
0.7692697215620656 0.6829189522172806 
0.5956365282143666 0.773215867717517 
0.7728319833851895 0.6434804259203549 
0.6420533599553623 0.772871411663385 
0.756845147695342 0.721057971985822 
0.7722951706359865 0.6577712400721999 
0.5241744202028276 0.7909996890247895 
0.7775355483833344 0.5582229357654191 
0.8155603528669682 0.5047559395099175 
0.17847158804768157 0.9323041100977981 
0.119273251370697 0.9793393306996883 
0.09441630382004718 1.0017072678452956 
0.4821329274998155 0.8593942619386054 
0.5500150733801558 0.7805971250883725 
0.7044393509582272 0.7658479144531783 
0.5381998666354874 0.782930721042071 
0.47959105058646656 0.8717658452892836 
0.06425504820434697 1.0286198653282572 
0.06937036136425237 1.0207268890237036 
0.9355384100520375 0.16943988866811752 
0.7734015518596645 0.5939196865148098 
0.929506440619823 0.19137774610314026 
0.14009928958090398 0.954862012014578 
0.6609575860819403 0.7719829678015657 
0.7331159946605984 0.7493589959086217 
0.08128687764097448 1.0107927268250638 
0.9078138037310364 0.4639222840000977 
0.8538189528674709 0.4835962615059333 
0.791357012976859 0.5234881081908396 
0.0482710753040315 1.0356515634102523 
0.4608277944744197 0.9065598687062805 
0.12790849462465811 0.9704492966259193 
0.8373013182337347 0.49057824770022185 
0.6744793769822782 0.7711622438847754 
0.968202157526621 0.12649028703831786 
1.0271691069899274 0.06146043028197665 
0.7628128295953825 0.7102605481093035 
0.5031897020276772 0.8144003062150095 
0.5956365282143666 0.773215867717517 
0.968202157526621 0.12649028703831786 
0.8848205084575135 0.47047118467884946 
0.4608277944744197 0.9065598687062805 
1.0150923312399418 0.07696160263734264 
0.9483922449778164 0.14799865332365333 
0.13955849272541904 0.9684886115785554 
0.10646707324075834 0.9869871893042584 
0.7873315708216836 0.5345557645154435 
0.9355384100520375 0.16943988866811752 
0.7324389633518564 0.7573969107012821 
1.0150923312399418 0.07696160263734264 
0.8035274545302544 0.5110499945153166 
1.0271691069899274 0.06146043028197665 
0.9854260648853016 0.11066303497334408 
0.5031897020276772 0.8144003062150095 
0.514439855822249 0.7994789271278937 
0.8027115665325596 0.5178552250348303 
0.9854260648853016 0.11066303497334408 
1.0021717791106437 0.09094924481638547 
0.9091123540227687 0.4620925080649475 
0.8520830430577851 0.4893690808387626 
0.4926374424132707 0.8328277090432715 
0.8712358336130344 0.47612810225205426 
0.15197284418942486 0.9464987908232381 
0.716584849090469 0.7593206239282737 
0.08786473470663611 1.0062102070275831 
1.0021717791106437 0.09094924481638547 
0.1950031259281963 0.9292121312742025 
0.48787650991671583 0.8429744371482821 
0.8712358336130344 0.47612810225205426 
0.7805587765357777 0.5438232817352963 
0.955265172108842 0.13998742860866825 
0.9483922449778164 0.14799865332365333 
0.4926374424132707 0.8328277090432715 
0.16600078684590538 0.9388742859404217 
0.955265172108842 0.13998742860866825 
0.7740711162704298 0.5770745819390188 
0.8848205084575135 0.47047118467884946 
0.16600078684590538 0.9388742859404217 
0.9939509831240373 0.102298998377594 
0.514439855822249 0.7994789271278937 
0.10646707324075834 0.9869871893042584 
0.765381164442055 0.6998827032467034 
0.7740711162704298 0.5770745819390188 
0.15197284418942486 0.9464987908232381 
0.8271075935160457 0.4955149087337861 
0.6420533599553623 0.772871411663385 
0.6744793769822782 0.7711622438847754 
0.7044393509582272 0.7658479144531783 
