0.04291473534500209 1.0378561614720787 
1.0385481809578283 0.04284915222097674 
1.0385481809578283 0.04284915222097674 
0.04291473534500209 1.0378561614720787 
0.44954665632364343 0.9256388111511823 
0.9295936088188468 0.19142015091406367 
0.19449321338427178 0.9292270115707213 
0.9285078557136066 0.4473207331886083 
0.5461649228386719 0.7802092548831364 
0.7728304475640034 0.6435146330811283 
0.7731785022691532 0.5984379524859361 
0.5304206688701796 0.7870759678686009 
0.7642927389752358 0.7061860855925488 
1.0109593936066665 0.08575987128784768 
0.9426421954834966 0.1573783070025805 
0.7723502734155453 0.6549713128955665 
0.12696748115469259 0.9699928851185706 
0.6837777747898763 0.7691298226150844 
0.48653885509700573 0.8477515298540461 
0.5214191949676537 0.8045334258208905 
0.5037847588436963 0.8130507470191055 
0.7396977161565244 0.7436620672600568 
0.9966384798140714 0.09683935336412695 
0.1806473506971274 0.9317041130081607 
0.4761534981294362 0.8723595883055617 
0.5759284633100965 0.7747077529769826 
0.15075511584938783 0.9467114401468504 
1.0221162921717275 0.07613230138898103 
0.9041022477623925 0.4627932302282039 
0.8651988245250561 0.4810977880657933 
0.7908632487211631 0.5242656980984223 
0.7693835608042934 0.685617836265739 
0.7792963561296894 0.5503796029549411 
0.48220966794141784 0.8623612614541833 
0.8195318112263362 0.49972981357664903 
0.75763622512621 0.7223274956368765 
0.8549018053332026 0.4851000625793848 
0.8868666141920714 0.47198660969505224 
0.07331208045109122 1.017612235831423 
0.604960047762944 0.7731057868176686 
1.034109776077654 0.05870953267150603 
0.06014876601429281 1.0278936231695295 
0.6362910867432515 0.7730006050735312 
0.801911546749268 0.5122638004975282 
0.8799189735989578 0.4728667609049417 
0.815801699338856 0.5090717024310979 
0.14388315877006397 0.955620325181679 
0.838012456800119 0.49645704051003897 
0.6637541348804538 0.7717538136602361 
0.9691246937834164 0.1250911941657788 
1.0255713267331399 0.06290784121419911 
0.9217536179733921 0.4536970544316793 
0.657313037233942 0.7726892958906164 
0.5788613223320003 0.7741093169802495 
0.469867503711466 0.8891272784011933 
0.8394403965175421 0.489601800938151 
0.7738247734480449 0.5939503720101775 
0.11354454245764323 0.984062300276258 
0.056717123837088324 1.0352673022675527 
0.6036525407399768 0.7737731767647958 
0.45961647620911955 0.9096444932908982 
0.9150419772735287 0.46276577942644614 
0.7751784423788649 0.5709743841185407 
0.49321699765507504 0.8320279524061859 
0.5090149176159637 0.806863419686276 
0.09018813765850697 1.0028313319669286 
0.49321699765507504 0.8320279524061859 
0.9329688789886504 0.17585017077342982 
0.4597861181270246 0.908933008790985 
0.9496038449884424 0.1466077977264767 
0.7382205089268253 0.7548657116263966 
0.09018813765850697 1.0028313319669286 
0.7746207154495967 0.5722481499048905 
0.7693835608042934 0.685617836265739 
0.0728991272270681 1.0189696387052862 
0.9496038449884424 0.1466077977264767 
0.11354454245764323 0.984062300276258 
0.7999191798931601 0.5240924906171079 
0.1655522388042289 0.9397752884988236 
0.1001340273060075 0.9938152888859098 
0.1655522388042289 0.9397752884988236 
0.7243995812504377 0.7549657751921981 
0.9329688789886504 0.17585017077342982 
0.9639348138963939 0.13019085799516922 
0.7535543010752773 0.7297636280023403 
0.6362910867432515 0.7730006050735312 
0.9785585459074477 0.11510561548563665 
0.9785585459074477 0.11510561548563665 
0.4670811235605615 0.8918919343743847 
0.7069553520100322 0.7630387582438218 
0.7812648972632313 0.5420483963697191 
0.1001340273060075 0.9938152888859098 
0.9639348138963939 0.13019085799516922 
0.13468748419942436 0.9607610293692259 
0.9891078743697026 0.104228141730066 
0.699785437189212 0.7654310607931499 
0.7535543010752773 0.7297636280023403 
0.9891078743697026 0.104228141730066 
0.7812648972632313 0.5420483963697191 
0.7243995812504377 0.7549657751921981 
