0.04273152839349942 1.0379376692754343 
1.0383157146199098 0.042417046701322916 
1.0383157146199098 0.042417046701322916 
0.04273152839349942 1.0379376692754343 
0.447655325652746 0.9280828979417743 
0.9289180615890873 0.4482960770785146 
0.9291614853806749 0.19548628108256505 
0.19428894828883275 0.9292415301480386 
0.6072750824583284 0.7730945940332049 
0.9380577585308963 0.1641923397217287 
0.983732139621855 0.11098796886785367 
0.17160481540303435 0.9369289136888296 
0.8534413569692866 0.4844919756354686 
0.6503925295754087 0.7726177704694224 
0.7761541904154545 0.5603071829149967 
1.0033470965316635 0.08975629547725653 
0.09262805674977387 1.0004940497676345 
0.49995036383319036 0.8190821903793934 
0.719740412220432 0.7574755017022461 
0.4701103835825109 0.8875836383091317 
0.9962028580938809 0.11065738617167734 
0.49079688569550145 0.8370362917767141 
0.9316706445030678 0.18341427403063928 
0.7355966209370979 0.7471863331186849 
0.9210888535776393 0.4555718372332895 
0.9038484596627849 0.46215812751721713 
0.5065582689129258 0.8111121399888525 
0.7628292743525225 0.7081890745304398 
0.15691936631870196 0.9441579356925255 
0.5907952250410637 0.7733359684865738 
0.9634514822801654 0.13043072460112598 
0.7007624090461582 0.765133221639935 
0.8189866221695233 0.5002823440975432 
0.047203837429100615 1.035831899039675 
0.5167732599377145 0.7982029070750069 
0.779649645629868 0.546323662863597 
0.7718373076307715 0.6625411156401471 
0.6804803729668256 0.7698129955219529 
0.08880028140632681 1.004272587319659 
0.5467000660303394 0.779645911010785 
0.9634514822801654 0.13043072460112598 
0.46212385360218566 0.9062022656808835 
0.7729918537465945 0.6358590974220779 
0.77311623247703 0.6042475630437274 
0.7355966209370979 0.7471863331186849 
0.7714772247060402 0.6691868999394336 
0.9498009838019978 0.1468428286824357 
0.7850012465611682 0.5341693730135955 
0.11179483566911824 0.9846175570534099 
0.6503925295754087 0.7726177704694224 
0.798369665057971 0.5186951383337992 
0.46212385360218566 0.9062022656808835 
0.8967579172197256 0.4690307023772908 
0.8189866221695233 0.5002823440975432 
0.7923359137990598 0.5280930207075748 
0.9498009838019978 0.1468428286824357 
0.5296043037088637 0.7873760698201767 
0.13288626942574328 0.9611829205031299 
0.7729918537465945 0.6358590974220779 
0.7565396164332163 0.722973875491328 
0.8358137363929373 0.4912701560682847 
0.71206897965797 0.7650871168326266 
0.06491449010575606 1.024956291800138 
0.5718373092231285 0.7746147810220306 
0.7565396164332163 0.722973875491328 
0.7679722788199297 0.689688251886376 
0.11179483566911824 0.9846175570534099 
0.4737804480581973 0.8765386037836901 
0.4870638876543686 0.8467032079648835 
0.5451605011343125 0.7870800463185125 
0.798369665057971 0.5186951383337992 
1.010452962383421 0.08207184603896063 
0.48410202707064864 0.8552568755320633 
0.19428894828883275 0.9292415301480386 
0.5248825407662381 0.7944357588103151 
0.8358137363929373 0.4912701560682847 
0.7737004879350039 0.5834811698796681 
1.0357872533115857 0.05603724955930792 
0.6804803729668256 0.7698129955219529 
1.0242440182510162 0.06486678715318195 
0.7737004879350039 0.5834811698796681 
0.1215432242425083 0.9730880367338052 
0.07518526310205319 1.0164372522401135 
0.07518526310205319 1.0164372522401135 
0.13288626942574328 0.9611829205031299 
0.7679722788199297 0.689688251886376 
0.1215432242425083 0.9730880367338052 
0.8717766045144741 0.4757217718161799 
1.010452962383421 0.08207184603896063 
0.14804625430505033 0.9504680009468611 
0.8717766045144741 0.4757217718161799 
0.4737804480581973 0.8765386037836901 
0.7733328651224564 0.6039256289044804 
0.06491449010575606 1.024956291800138 
0.7591017252202514 0.7180540906466649 
1.0242440182510162 0.06486678715318195 
0.5666113605323729 0.7751725512927718 
1.0301111057264687 0.05772151327088761 
0.14804625430505033 0.9504680009468611 
0.48410202707064864 0.8552568755320633 
