0.04189020464644805 1.0383743942658754 
1.0372528247212685 0.044212003564209984 
0.04189020464644805 1.0383743942658754 
0.924546026009438 0.4499766601424707 
0.4525014988257762 0.9235225924677358 
0.9295444236008867 0.19088682845001156 
0.1937071315136743 0.9293411519751312 
0.7201443805201708 0.7574077848838512 
0.7731024762187626 0.6055957195556149 
0.6958263738268993 0.7664684543681071 
0.5437831426225204 0.7808731005426656 
0.6778217392844292 0.770109020926718 
0.7723736771637577 0.6548040076353292 
0.9348944595333892 0.17158257124669793 
0.1778947857144219 0.9332009170880434 
0.13636421285883316 0.9605103450937057 
0.995846248570582 0.09845851872989339 
0.5243357404151682 0.79132417841449 
0.8667578416965862 0.47779054779109825 
0.07792199099143832 1.0166859201952947 
0.8836506159410196 0.4710740481495542 
1.0295392202092204 0.06524222310340909 
0.7833604488507606 0.5377765011334112 
0.06221507040096522 1.0279860617808825 
0.6499223836424515 0.772646238406601 
0.47250411724818536 0.880855201750944 
0.6418007080823499 0.7728767694400809 
0.46545597447051623 0.9061569490153495 
0.7646396670582868 0.705642907376723 
0.7959293985438666 0.5181048821685761 
0.10511174202530543 0.9923923187064132 
0.8484859814259444 0.4868006958588741 
0.09188940012143784 1.0012824419244344 
0.9018155059489018 0.46805512580594844 
0.1566895560687385 0.9425470946458705 
0.562260090888597 0.7769542503384765 
0.4673771648752633 0.8914253921849564 
0.7950607073573245 0.5213352792982464 
0.7774956805227318 0.5542677779237348 
0.10936188091154853 0.984172366827349 
0.11973177593511958 0.9741177021613191 
0.9573373353203899 0.13712576768502976 
0.570257126750001 0.7748289007003254 
0.9439400406975079 0.15451284471724766 
0.4555332329242762 0.9158231473878852 
0.8285815367271139 0.4947376287376908 
0.7455643286102097 0.7399401551367573 
0.08759683610577701 1.008329469786035 
0.5990989719933029 0.773237632828109 
0.98923769918062 0.11140428584273097 
0.7744567883909521 0.5769264914120393 
0.6134209113853304 0.773084053027215 
0.8134878498029522 0.5050213986411962 
0.9573373353203899 0.13712576768502976 
0.9062000855269438 0.4602516285698638 
0.7590459039086102 0.7176197486114716 
0.8134878498029522 0.5050213986411962 
0.851619280632464 0.48412449904515475 
0.7731588294578924 0.5996830301826759 
0.9439400406975079 0.15451284471724766 
1.0081642154626183 0.08450750368884824 
1.0081642154626183 0.08450750368884824 
0.9811339927754797 0.11246213007983163 
0.7420752279124737 0.7427350986454966 
0.9295444236008867 0.19088682845001156 
0.5086901915126365 0.8067858892815101 
0.7738927007821332 0.5792564193244122 
0.4908192837617461 0.837059189385439 
1.0196456911124465 0.07098128448104883 
0.49908361620916386 0.8232382948785619 
0.8285815367271139 0.4947376287376908 
0.7824771173675252 0.5527302666307766 
0.49751209952244246 0.83702863327288 
0.48318736710624066 0.8542618964092649 
0.1464580563302499 0.954269064989757 
0.1937071315136743 0.9293411519751312 
0.11893216816243082 0.9745742233048422 
0.47840559158824913 0.8652644923232112 
0.7723659476593274 0.6567588221094235 
0.7677568411134311 0.6907604736894812 
0.7707193788905324 0.6735161164295871 
0.1566895560687385 0.9425470946458705 
0.7707193788905324 0.6735161164295871 
0.48318736710624066 0.8542618964092649 
0.7420752279124737 0.7427350986454966 
0.49908361620916386 0.8232382948785619 
0.7677568411134311 0.6907604736894812 
0.05387331376835913 1.0338551994224816 
0.917842881326192 0.45596435716316885 
0.5086901915126365 0.8067858892815101 
1.0196456911124465 0.07098128448104883 
0.9710558355638761 0.1223725871967849 
0.47840559158824913 0.8652644923232112 
0.7543283048877266 0.7255059042321081 
0.1464580563302499 0.954269064989757 
0.5990989719933029 0.773237632828109 
0.5165150066915415 0.7988813818324579 
0.9710558355638761 0.1223725871967849 
0.5165150066915415 0.7988813818324579 
0.6134209113853304 0.773084053027215 
