1.0383778904419654 0.0420341857525954 
0.04257867265924706 1.0380948754065218 
1.0383778904419654 0.0420341857525954 
0.9125877950744483 0.4568577448562996 
0.1929962221183035 0.9293873170907512 
0.4487295251630039 0.9267203443678053 
0.9291336183912621 0.19848544147888478 
0.8298644569750866 0.49458005544781813 
1.0161791289575073 0.07765690860214933 
0.7602367057674871 0.7150454996386215 
0.47939607160077047 0.864880555149122 
0.4635306102654241 0.899838030109594 
0.1605387518115754 0.9400908052509007 
0.6684746896778052 0.7712996308836014 
0.784261527959389 0.535708816702929 
0.8794477138007792 0.47342919532151084 
0.5239764709948297 0.7911772069226298 
0.845823674661454 0.48673711436002964 
0.7509657215742912 0.730555886113542 
0.45402798205500955 0.9196983030213741 
0.9291336183912621 0.19848544147888478 
0.7726494458145415 0.6489792660209237 
0.7730899644245133 0.6110777965384133 
0.9917106895142604 0.10220106182978683 
0.6403663956178582 0.7729761949686982 
0.9886199841639769 0.11434381727674883 
0.7504586026823702 0.7470936901178941 
0.7152068155172269 0.7597001245964916 
0.93322054523408 0.1752184850178552 
0.5053961120481891 0.8108026821461476 
0.8608598760152377 0.4837056672324994 
0.12386294515129115 0.9805165260595583 
0.7678686673312637 0.6901700744546628 
0.059128840199496976 1.0304249330949977 
0.5523378374467123 0.7780326096722346 
0.691722811718665 0.7677683254408099 
1.0288272668655303 0.06022833036556799 
0.7736770506150509 0.5828110583178603 
0.09072887993106216 1.0095402761585555 
0.7760311468897059 0.5609381523039694 
0.6514598506270775 0.7725957990708289 
0.10723306553910827 0.9860862316332304 
0.8051198526167576 0.5135956050745167 
0.7901076252916147 0.5306723670428627 
0.614896319296328 0.7730847538319956 
0.8688721681954518 0.47721620242696566 
0.13969723532212466 0.9642487843598906 
0.9737120781686652 0.12037000665318115 
0.7730899644245133 0.6110777965384133 
0.1502621159866543 0.9479978708487745 
0.8051198526167576 0.5135956050745167 
0.4938910897053106 0.8308433937198239 
0.9599307486458993 0.13416586368477051 
0.1057817125432904 0.9921630356299166 
0.7760311468897059 0.5609381523039694 
0.7335028657536643 0.7491355342309374 
0.691722811718665 0.7677683254408099 
1.0288272668655303 0.06022833036556799 
0.4938910897053106 0.8308433937198239 
0.14394452019349943 0.9518457850992271 
0.07731637286471238 1.014325996794241 
0.47163700675731823 0.8892014227195647 
0.7152068155172269 0.7597001245964916 
0.9428462374515424 0.15628348652567536 
0.899343726689624 0.4640405600267623 
0.5693171748255105 0.7748709515867166 
1.0023140369311416 0.09091810559906854 
0.5053961120481891 0.8108026821461476 
0.4870117439501433 0.8472336652714093 
0.4870117439501433 0.8472336652714093 
1.0023140369311416 0.09091810559906854 
0.9599307486458993 0.13416586368477051 
0.611521630350704 0.7730895179705158 
0.5920890939596749 0.7737666481570485 
0.7712610870410175 0.6689310157105908 
0.93322054523408 0.1752184850178552 
0.544030465202279 0.7809531749885638 
0.7712610870410175 0.6689310157105908 
0.7736770506150509 0.5828110583178603 
0.899343726689624 0.4640405600267623 
0.18005154036143495 0.9319228157909883 
0.09341458634437255 0.9998644833482384 
0.1323265074483907 0.9690645016220093 
0.7960781767993527 0.5182204424569046 
0.06207639335416044 1.0262127942619914 
0.9501153821267331 0.14813745502025738 
0.18005154036143495 0.9319228157909883 
0.7665395367092839 0.6958140167105282 
0.5920890939596749 0.7737666481570485 
0.9123737263613615 0.45789708527063105 
0.7726494458145415 0.6489792660209237 
0.7335028657536643 0.7491355342309374 
0.12427734542208944 0.9706820851684124 
0.9737120781686652 0.12037000665318115 
0.5181393092666469 0.797714137492853 
0.5181393092666469 0.797714137492853 
0.07433555431628487 1.0242150568397164 
0.544030465202279 0.7809531749885638 
0.5693171748255105 0.7748709515867166 
0.9501153821267331 0.14813745502025738 
