1.038548668355626 0.04193537724806145 
1.038548668355626 0.04193537724806145 
0.04243460000904738 1.0385853934590021 
0.44821943633648575 0.9271498371591282 
0.1935369165064364 0.9293281894861916 
0.9217959981992782 0.4516632852388172 
0.9294418630772227 0.19230104211352578 
0.7721634748809523 0.6580120204728059 
0.7733089007303676 0.5980888195447276 
1.0282936122578132 0.059779560287407815 
0.5445022160684055 0.7802937111715392 
1.0129795361571161 0.07975613954696036 
0.7210264008531164 0.758499895347833 
0.15282746035487144 0.9452757317838629 
1.004346142621823 0.08845774616537669 
0.7436578436893414 0.7433083135867147 
0.9441011973839778 0.15482990000582023 
0.45854732044152846 0.9110149949781748 
0.12925811799309542 0.9647316675242819 
0.7784876717400776 0.5503015726580249 
0.7941876835574385 0.5203401338961977 
0.8077054024176 0.5076419422574108 
0.8229579552341948 0.4977413180102719 
0.1697651392305327 0.9364259485899307 
0.7301181755227352 0.7513076744188378 
0.056594041108930904 1.0343489890828341 
0.5120157766221208 0.8026762274966858 
0.5057707960051114 0.8131045065978181 
0.8583446312959989 0.48158001235240705 
0.9515735371229258 0.14538525814265116 
0.4985462979041848 0.8364739726575993 
0.08864741011820013 1.004353321537486 
0.5757245811588412 0.7742200808063611 
0.08864741011820013 1.004353321537486 
0.6983538797891818 0.7658918326649324 
0.10797326501174068 0.9859013536251298 
0.17859661619185646 0.9324392029610689 
0.7642417409670458 0.7036485909117237 
0.5005013659771862 0.8281956676416407 
0.9351511748877748 0.17081914861611516 
0.5233545599860077 0.7935566565833806 
0.10797326501174068 0.9859013536251298 
0.773527780372277 0.5910283914442396 
0.06637661348582874 1.024733522252001 
0.4854205983317767 0.8487882618333931 
0.9294418630772227 0.19230104211352578 
0.6724154518047046 0.7708950283709376 
0.7703483022510127 0.6773917851349339 
0.6139365271108912 0.7730838001627545 
0.6724154518047046 0.7708950283709376 
0.6983538797891818 0.7658918326649324 
0.8896109198492732 0.46823018830603447 
0.9924144263790621 0.10241426868073862 
0.9095271848542678 0.45846891774824783 
0.8896109198492732 0.46823018830603447 
0.8026343958086062 0.5162505526624893 
0.8363389844440079 0.4974546112667395 
0.47528275672611603 0.8806576316547006 
0.95983647530464 0.13431364925474773 
0.7703483022510127 0.6773917851349339 
0.47087348474997787 0.8836932593971277 
0.6485545688711308 0.7726968759079239 
0.12276267248396955 0.9750264102410721 
0.7852878481616657 0.5384445304033914 
0.9924144263790621 0.10241426868073862 
0.7748379035130326 0.5697483404918516 
0.5233545599860077 0.7935566565833806 
0.4682226225751511 0.8988658317606876 
0.6485545688711308 0.7726968759079239 
0.6251503134120941 0.7730770496542279 
0.7751130624716535 0.5679737881567882 
0.8729327694468808 0.4752121618833939 
0.14233997830547396 0.9548889482503726 
0.5946276718372424 0.7732369605388595 
0.8408253022429739 0.4894926441830006 
0.9795620866074455 0.1152171974488457 
0.4785964760070015 0.8653073639695845 
0.9095271848542678 0.45846891774824783 
0.9795620866074455 0.1152171974488457 
0.4633680679102906 0.9007730007314041 
0.9351511748877748 0.17081914861611516 
0.8729327694468808 0.4752121618833939 
0.07199304988698108 1.0199691240132434 
0.07199304988698108 1.0199691240132434 
0.7852878481616657 0.5384445304033914 
0.7515688025632943 0.72968296860134 
0.7596883060742516 0.7177162515310026 
0.14233997830547396 0.9548889482503726 
0.9635500473049095 0.1313068916115897 
0.7642417409670458 0.7036485909117237 
0.7584546406483585 0.7182787652078633 
0.4785964760070015 0.8653073639695845 
0.5972801970680452 0.7732359443795707 
0.562259425595447 0.7758739668555554 
0.7515688025632943 0.72968296860134 
0.4854205983317767 0.8487882618333931 
0.562259425595447 0.7758739668555554 
0.12276267248396955 0.9750264102410721 
0.970353160995321 0.12453821658254399 
0.970353160995321 0.12453821658254399 
