1.0379791225053838 0.042839152692797 
0.04239217734356543 1.0381322289203379 
0.04239217734356543 1.0381322289203379 
1.0379791225053838 0.042839152692797 
0.1866637093027706 0.9306243486278427 
0.44939276089286073 0.9257180879021032 
0.928551545034373 0.44735262825459954 
0.9292333887739812 0.19546085552870435 
0.6108562621950705 0.7731131945432753 
0.7730927764751947 0.6109699872924755 
0.7728310385070125 0.6553267727995693 
0.7693846152155656 0.6828746391460502 
0.9446762233262532 0.1557693635336555 
0.7445351194885884 0.7390992247636872 
0.5824847790896529 0.7747094351100104 
0.9154073539717115 0.45567065875291113 
0.7747214648311247 0.5700551221949377 
0.6492409022261526 0.7726309429024585 
0.06109603212716713 1.034472604067023 
0.8539012153641974 0.48360417687155227 
0.7833702325688019 0.5373082583896539 
0.5142984910174446 0.8007851118422552 
0.7643920113340811 0.7029179629753941 
0.9344231159443599 0.17534623705210284 
1.0259095015546982 0.06280154316012053 
0.6987745419463378 0.7657176496328917 
0.7554450926106482 0.7302636356680109 
0.9872601270434871 0.1068226294008818 
0.7118892939930931 0.7642069067659751 
0.7597522202359126 0.7154842507675347 
0.07026305321843604 1.0201016071398503 
0.8329967414967628 0.49250495419867707 
0.5440055377967755 0.7808618523809041 
0.95833535837125 0.13594016572562717 
1.0123837647767047 0.07967897898208745 
0.467714968998378 0.8903599372122835 
0.5293945090042329 0.7881483128762878 
0.6562749721190606 0.7723248094997786 
0.4559004750661132 0.9154295611839783 
0.7719483960330179 0.6616669547048067 
1.016843824471946 0.07593884886796134 
0.16835656455070008 0.9370347444849291 
0.7249451531555877 0.7546462581011261 
0.9432367910674002 0.1685303582721237 
0.8376780890287161 0.490793036876331 
0.467714968998378 0.8903599372122835 
0.9845655206142723 0.11594668466593418 
0.8143860538618783 0.5030284887054318 
1.0013397976709106 0.09424570921667869 
0.95833535837125 0.13594016572562717 
0.7732245618200934 0.5981300346559059 
0.08425661326766047 1.0082015490863152 
0.9723455355977715 0.12103174988586404 
0.5601018216912799 0.7792167264552394 
0.16681026456711248 0.9409087722266687 
0.5655768311523607 0.7753514313129077 
0.1458462501755628 0.9555146849809133 
0.6783253306438212 0.7700749891225938 
0.08233346496493779 1.020074216970326 
0.8986893718759764 0.46441799581440746 
0.8008784889675301 0.5131327765408713 
0.48810020288088096 0.8432682185413025 
0.10023122570608073 0.9930752855775062 
0.5003167949792507 0.8252937653731216 
0.10023122570608073 0.9930752855775062 
0.10962578201830932 0.9844178192265796 
0.8986893718759764 0.46441799581440746 
0.8143860538618783 0.5030284887054318 
0.5043471272572877 0.8123079088475057 
1.0013397976709106 0.09424570921667869 
0.12420887356278601 0.9694470916935636 
0.10962578201830932 0.9844178192265796 
0.48810020288088096 0.8432682185413025 
0.7902101410151445 0.525197663496893 
0.4806225360551306 0.86094345753851 
0.6783253306438212 0.7700749891225938 
0.47557594324833163 0.8727471888772219 
0.15227162737766403 0.9479258596205574 
0.4559004750661132 0.9154295611839783 
1.0356118268855736 0.0552323627708638 
0.8817607359683086 0.4719085984307728 
0.5317844076565038 0.7860081519935374 
0.7776117259005011 0.5560876265032422 
0.13612632728530646 0.9583594368690483 
0.5105967598730425 0.8118485472390852 
0.9292333887739812 0.19546085552870435 
0.8008784889675301 0.5131327765408713 
0.7312263723949649 0.753557322730052 
0.4952109457458864 0.8277839187062351 
0.8817607359683086 0.4719085984307728 
0.12420887356278601 0.9694470916935636 
0.8688432302065848 0.47690827633893135 
0.7776117259005011 0.5560876265032422 
0.47557594324833163 0.8727471888772219 
0.8688432302065848 0.47690827633893135 
0.4806225360551306 0.86094345753851 
0.9723455355977715 0.12103174988586404 
0.7902101410151445 0.525197663496893 
0.08425661326766047 1.0082015490863152 
0.7312263723949649 0.753557322730052 
