1.0383826538240357 0.041805420858462866 
0.042513841821706394 1.0380649432192772 
1.0383826538240357 0.041805420858462866 
0.042513841821706394 1.0380649432192772 
0.9273300049235836 0.448073571129304 
0.45052047992722843 0.9250028350253932 
0.19619122356159624 0.9291242302888381 
0.929467351745457 0.20127275420157656 
0.9891450134341457 0.10580192727571243 
0.47252980697374103 0.8794503735367986 
0.6833633037788254 0.7696633980393743 
0.5315488837726854 0.7860434483845209 
0.059143129552547934 1.0322958304459353 
0.1716328505626653 0.9346758575563829 
0.7669218889756676 0.6949407171883836 
0.8026513199581861 0.5118849914933236 
0.8226665432239582 0.5000269539425837 
0.7605931557265295 0.7131743358674635 
0.9633146407443374 0.1305303228400422 
0.4611390617703316 0.9047164517251717 
0.7731376157276805 0.6009033915598493 
0.9334265599395051 0.17459527261429558 
0.5852377621463835 0.7735623627752628 
0.8805935736148403 0.4720884224933466 
0.938713233990379 0.1632467204051773 
0.5010475029132812 0.8174544504522376 
0.9988892848211239 0.0942581087133609 
0.0908630575849631 1.0140299396605919 
0.7560513533169005 0.7258257387673922 
0.4666977823498689 0.8936089885704811 
0.09553813933939537 0.9981549512984954 
0.6954507390267826 0.7665721393530589 
0.1406681846671009 0.9559074680809642 
0.5196595152256008 0.7945190451399122 
0.10608022258754052 0.9935216106149646 
1.01279970643768 0.07974114110938614 
0.7964108377212695 0.5176167921747515 
0.6555918956812494 0.7723302449103996 
0.06994321758562008 1.0203068983963433 
0.779546899522386 0.5477124061203741 
0.8454842994205373 0.4896841156963518 
0.45360994475007144 0.9220678967973925 
1.0229176234837438 0.06665371201524037 
0.8281545926759545 0.4955211149976536 
0.9296362308010266 0.19489993008695644 
0.5010475029132812 0.8174544504522376 
0.11261515438632838 0.9807759883021532 
0.7730491006827962 0.6306444195166142 
0.1809273766632792 0.9330404050492663 
0.7313028141232709 0.7596302280312238 
0.13020877756015725 0.9674180800071523 
0.771736682361567 0.6771489409275435 
0.9114494436869592 0.4577018226225774 
1.0095285415256554 0.08770333651898538 
0.7774615729328923 0.5540139886946757 
0.6062353699744624 0.7731024181195272 
0.6335430979921127 0.7730685832179852 
0.48161676036585455 0.8621208935196518 
0.8639374169789158 0.4789928455718112 
0.07641786827463626 1.016305552573564 
0.7738932769977235 0.5902257384829028 
0.5196595152256008 0.7945190451399122 
1.0229176234837438 0.06665371201524037 
0.7867151329772373 0.5303836930291547 
0.15017394097126965 0.9469171747174101 
0.5493980507899675 0.7787483286946545 
0.9743747383380162 0.11941491583149835 
0.4935309058330529 0.8376676201283394 
0.7725140145365974 0.6519329324974386 
0.9114494436869592 0.4577018226225774 
0.8639374169789158 0.4789928455718112 
0.9743747383380162 0.11941491583149835 
0.7470434035422587 0.7364914455849503 
0.7470434035422587 0.7364914455849503 
0.7749170848758744 0.5714891516896442 
0.4878688947897212 0.8437760378448355 
0.13020877756015725 0.9674180800071523 
0.8924576225459697 0.46730040044212273 
0.48161676036585455 0.8621208935196518 
0.7132989351722142 0.7639111664300351 
0.8441172035240709 0.49075038564093887 
0.6531081804577865 0.7728531654032138 
0.7701921866971958 0.6786004993038426 
0.713449110233601 0.761110526029456 
1.0369064797627177 0.045880411573412494 
0.9480369387848941 0.14907694738959118 
0.7725140145365974 0.6519329324974386 
0.7332470955524812 0.7515873009048277 
0.8924576225459697 0.46730040044212273 
0.7730491006827962 0.6306444195166142 
0.5493980507899675 0.7787483286946545 
0.6062353699744624 0.7731024181195272 
0.5680319598763939 0.7755001408170241 
0.5680319598763939 0.7755001408170241 
0.9559855882666709 0.14272667576814047 
0.7867151329772373 0.5303836930291547 
0.11261515438632838 0.9807759883021532 
0.6335430979921127 0.7730685832179852 
0.19619122356159624 0.9291242302888381 
0.14960044746363438 0.9518924393397659 
