0.0429213332962814 1.0378533600786637 
1.0384920243984694 0.0424709980760492 
1.0384920243984694 0.0424709980760492 
0.0429213332962814 1.0378533600786637 
0.4480946204926032 0.927310622183872 
0.9249069125825172 0.4496727880723149 
0.19090091107177437 0.9296072363691066 
0.9290802347635807 0.1978682046493136 
0.7730362533953826 0.6322419670775659 
0.058821795514349795 1.028767769392485 
0.7677059236783706 0.6980182334889916 
0.7344380242996604 0.7519522568033036 
0.5781051200781042 0.7744323042445571 
1.0083709571942132 0.08515539195385277 
0.9989945140479135 0.10563251780325922 
0.4623902644851752 0.9028425824472701 
0.47674687816521005 0.8695095127973735 
0.7799850688790377 0.5452101661396755 
0.6402664438836358 0.7729720920103729 
0.16489229188369198 0.9431325200740396 
0.7886504307991984 0.5317581619435009 
0.48620975813505585 0.8552015650614554 
0.901573799433418 0.46632579516690337 
0.8816873423930353 0.47163265573751345 
0.5615114510573405 0.7759291572001958 
0.9483342228418709 0.14805438959172346 
0.7506860601278392 0.7321079670664636 
0.10769976891048298 0.9868210736848759 
0.8714001577763099 0.47689205999681306 
0.529653903333623 0.7882415315096541 
1.0292398165241512 0.057610076577648224 
0.963671030108785 0.1300825461332588 
0.775268258929527 0.5658636071963901 
0.8292407801729144 0.49460309250069834 
0.6043233154509597 0.7731087746678346 
0.773181081404231 0.5976175732571842 
0.6463934988974516 0.7727627839542099 
0.8466596980742254 0.48724017812943643 
0.7437973637557463 0.7400234183020319 
0.8539808382484219 0.4831170141686191 
0.9856984997994421 0.10798234672610604 
0.5085579280897072 0.8071078971161345 
0.8131433320168346 0.5042564748080544 
0.9602006901953196 0.13854861339697344 
0.9112373632275939 0.45977441501063443 
1.0259500712191776 0.07050561714972281 
0.5196045278170733 0.7951248473977973 
0.6751727343360724 0.7711701753890119 
0.8013473733081958 0.5132388109618515 
1.0156086510849098 0.07664760699553899 
0.773181081404231 0.5976175732571842 
0.14657053870279696 0.949730665864168 
0.798691018088019 0.5222436921479126 
0.6957160129707441 0.7674824597557242 
0.9330425360337913 0.17557673677020075 
0.08481198478584936 1.008873671095784 
0.7724417061542993 0.6546805950897862 
0.700208420144229 0.7655106148788435 
0.4978615263599997 0.8227888078095673 
0.08481198478584936 1.008873671095784 
0.9290802347635807 0.1978682046493136 
0.7594216998547552 0.7157362421434711 
0.6043233154509597 0.7731087746678346 
0.4927670577619667 0.8403388217844808 
0.7701902581808205 0.6784121767172261 
0.8260320196098209 0.504194358234289 
0.12193888198967065 0.9728363427095511 
0.7761208812089448 0.5629136273234521 
0.47063795578048584 0.8838772464614852 
0.13364663404788968 0.9628266265596817 
0.7594216998547552 0.7157362421434711 
0.7161204366786675 0.7592762439262123 
1.0382597610965922 0.04498176021813176 
0.12193888198967065 0.9728363427095511 
0.9245950003618333 0.4563427705941977 
0.940889259684626 0.15925357319767297 
0.7161204366786675 0.7592762439262123 
0.10166404020439673 0.9918628564801664 
0.7725777699021436 0.650912235540994 
0.5134355684882005 0.8045490494874372 
0.07193085669203289 1.0186913317869148 
0.13364663404788968 0.9628266265596817 
0.07193085669203289 1.0186913317869148 
0.5449113402368104 0.7819587417877035 
0.18723112229558225 0.9332029070699983 
0.47063795578048584 0.8838772464614852 
0.9763976240515923 0.11695158043711212 
0.17338586035547282 0.9348037798912244 
0.6751727343360724 0.7711701753890119 
0.10166404020439673 0.9918628564801664 
0.7701902581808205 0.6784121767172261 
0.9763976240515923 0.11695158043711212 
0.4892263506617985 0.8403884940543774 
0.5449113402368104 0.7819587417877035 
0.4978615263599997 0.8227888078095673 
0.9330425360337913 0.17557673677020075 
0.45616619056524965 0.9139493640376162 
0.14657053870279696 0.949730665864168 
0.45616619056524965 0.9139493640376162 
0.940889259684626 0.15925357319767297 
