0.04376921473861459 1.0375226048691484 
1.0384125991912116 0.04193978816793586 
0.04376921473861459 1.0375226048691484 
1.0384125991912116 0.04193978816793586 
0.9251692558192839 0.4495541205869951 
0.45101385710205544 0.9227427938145258 
0.9292338673994581 0.19426646423224 
0.20758290199070073 0.929812778624031 
0.6502558974879078 0.7725950164780443 
0.6051205624039431 0.7731112497577104 
0.9093789280997676 0.45855856718574234 
0.17010433353987883 0.9353775797132154 
0.49643989623609 0.8301577637515235 
0.7729891614215674 0.639107142998636 
0.5731869303815038 0.7744156696280298 
0.4674706873916752 0.8918965046183724 
0.8121494834880005 0.5055580080152204 
0.8950419210389267 0.46992407982793655 
0.7473656281140646 0.7353079401229257 
0.7867790299925271 0.5303664966074716 
0.18659519834933178 0.9308363058569973 
0.5019013588841259 0.8169548868743505 
0.5567462663939642 0.7783375414859917 
0.9579898562839466 0.13646739526102186 
0.09936586297470436 0.9941755913574185 
1.0083260390106528 0.08469502750372793 
0.9579898562839466 0.13646739526102186 
0.539146388491747 0.7823455739477959 
0.9795938322290687 0.11372273357037042 
0.8692909756674861 0.47980628272866943 
0.9795938322290687 0.11372273357037042 
0.8793301699717408 0.4726246294869516 
1.0317324062094544 0.055127988960421245 
0.7731027965600173 0.6053296985244061 
0.8475472254563853 0.4859437100887084 
0.7655953987639537 0.7087470653846457 
0.48633655124665276 0.849183445442159 
0.7325288246934217 0.7495827096307109 
0.7978819239552144 0.5236450036272569 
1.0254088907913217 0.06448711356304838 
0.5971751934187883 0.7731892532327455 
0.8021489013543475 0.5121978757578606 
0.4761164659965539 0.8728211248954205 
0.10903012119700646 0.9842944320081044 
0.9331535241521913 0.17594919204686954 
0.9362871488009207 0.1683749551075992 
0.5143141349411383 0.8057164087363866 
0.1296207943034485 0.9671596163175895 
0.09083338083156134 1.0064405158471068 
0.4582556354731793 0.9108803764432662 
1.0032495267923418 0.09741274350586182 
0.4761164659965539 0.8728211248954205 
0.48633655124665276 0.849183445442159 
0.7467367589777375 0.7495374521445106 
0.8296225799621835 0.49452611275388153 
0.46592307258764626 0.9080777936540774 
0.20758290199070073 0.929812778624031 
0.85442919794574 0.48412394069898435 
0.5293306691119264 0.7878753170192433 
0.9434036550802223 0.15545485442389098 
0.15207043604982845 0.9457248654669891 
0.70527191411587 0.7636837972957046 
0.11937322012566891 0.9830997972817734 
0.08399744641689394 1.008482533790272 
0.07433743812346338 1.0167538474368731 
0.5143141349411383 0.8057164087363866 
0.12263661151174218 0.9707701011435008 
0.9434036550802223 0.15545485442389098 
0.8296225799621835 0.49452611275388153 
0.7751490792563166 0.5668152113316202 
0.056049529971222964 1.0304576623111732 
0.7032954452924212 0.7670709788943706 
0.056049529971222964 1.0304576623111732 
0.7586807543184856 0.7173750373433202 
0.7723731219710918 0.6564652662171255 
0.14900762192672296 0.9550208954970467 
0.9937475242625767 0.09952220049343301 
0.07433743812346338 1.0167538474368731 
0.7206818824462546 0.7571665844821708 
0.7732785718567396 0.6039227404254081 
0.7780180772387713 0.5614214647183373 
0.7736598000919519 0.5830981553030533 
0.9306154826517805 0.19364807573951953 
0.13833416956228417 0.9562996927378037 
0.7790479343497401 0.5481510655073195 
0.770630373275993 0.674288317802385 
0.5293306691119264 0.7878753170192433 
0.7586807543184856 0.7173750373433202 
0.6853475864590338 0.7694661541022614 
0.6853475864590338 0.7694661541022614 
0.7674674891528254 0.6922321171727439 
0.770630373275993 0.674288317802385 
0.7674674891528254 0.6922321171727439 
0.6678880283607868 0.7713478296356361 
1.0171657174241955 0.07392752961483895 
0.7790479343497401 0.5481510655073195 
0.6678880283607868 0.7713478296356361 
0.7206818824462546 0.7571665844821708 
1.0171657174241955 0.07392752961483895 
0.7726661500209436 0.6519564332074996 
