1.038293716270573 0.042061344662303185 
0.04223641862563649 1.0383890228263666 
1.038293716270573 0.042061344662303185 
0.04223641862563649 1.0383890228263666 
0.19565098741751455 0.9299848450982876 
0.9291404769600291 0.19734174524176623 
0.9279018350041806 0.44794120586051567 
0.44741106824088556 0.928803426523583 
0.09984655239436434 0.9940822202934686 
0.6044581973908695 0.7731088656311309 
0.9453909894417751 0.15225203543812665 
0.5286648124052666 0.7881681054321263 
0.48168972208617267 0.8624647723676644 
0.7734313385219821 0.5884591108572564 
0.6698369532938943 0.7711479986289819 
0.6813762792762479 0.7704623102941909 
0.7726461776037744 0.6506469509978824 
0.5411155251999057 0.781673078712098 
0.8227108266778729 0.5056798528806501 
0.7730998269129897 0.6109573480933641 
0.9075250509011605 0.46019295831587137 
0.9570163016581089 0.13878686087708855 
0.6383059859800863 0.7730539238374382 
0.8721331399302829 0.47586361584055337 
0.9635661409887861 0.13050553918975233 
0.5773948504439972 0.7740284819004442 
0.5581328208715688 0.7765740464469889 
0.7345482336865731 0.7540495645438317 
0.4653860773973863 0.9002674137632661 
0.07190974300284127 1.0187126871270007 
0.9357455311274674 0.17242461864635478 
0.7793614313331013 0.5514516875852592 
0.7582210669846944 0.7292425129050187 
0.8285123459826433 0.49535887551622854 
0.9758813738645996 0.12078854125504582 
0.5005943177281956 0.818618104703028 
0.8032691626455823 0.5111518670155699 
0.6417984164811797 0.7728890935823005 
1.0138534756276036 0.0790228498673837 
0.490724198063321 0.8389177278702344 
0.7467019878366223 0.7444652713499096 
0.8411504841651356 0.4898597755967667 
0.07967698091607955 1.017839722577371 
0.864786194488602 0.48254448964939967 
0.9946111247696443 0.10713875276154308 
0.8498635518613261 0.48491615160082047 
0.4770765281903854 0.8688177999592279 
1.0316124285556953 0.05399892796251057 
0.7670338911604797 0.7103619353161434 
0.7052030261903 0.7646696577731453 
0.7948374636086024 0.5320847369135033 
0.5162419215424815 0.8014057154802985 
0.7998784203995734 0.5168387299821572 
0.4567919381073028 0.9131579439625803 
0.5162419215424815 0.8014057154802985 
0.490724198063321 0.8389177278702344 
0.1369339094378669 0.9579683706808275 
0.9069271722987042 0.46805236556581203 
0.1250212697966627 0.9689509989263012 
0.7612579803075541 0.7141401748140009 
1.0020028883625829 0.09146249064193035 
0.9357455311274674 0.17242461864635478 
0.7484149317233618 0.7356190998237372 
0.9291404769600291 0.19734174524176623 
0.1250212697966627 0.9689509989263012 
0.7054512245982798 0.7646351698607212 
0.1098987568545689 0.984884361866617 
0.057072021446883954 1.029821074050922 
0.8880406324736929 0.46886216185883545 
0.7849504601428171 0.546225765066001 
0.15426408666222802 0.9471170828183616 
0.45291066544267616 0.9284271813385236 
1.0205982354448802 0.07713922831307787 
0.15426408666222802 0.9471170828183616 
0.1098987568545689 0.984884361866617 
0.9812677534559187 0.11397024339668746 
0.7857715861478324 0.5323728098478815 
0.7726140835724046 0.6515526341315641 
0.47316503287673717 0.8846551509510103 
0.057072021446883954 1.029821074050922 
0.16785297033441618 0.9392159818112881 
0.7710187443719442 0.6727996018673152 
0.7679063230683378 0.6903243658981998 
0.7730998269129897 0.6109573480933641 
0.1369339094378669 0.9579683706808275 
1.0243563728508147 0.0645417864858197 
0.5704492405445383 0.7753050071075485 
0.7753595969099123 0.571156037404259 
0.46225313170496823 0.9085328826122921 
0.7753595969099123 0.571156037404259 
0.07967698091607955 1.017839722577371 
0.7709519130257558 0.6730508814645031 
0.16785297033441618 0.9392159818112881 
0.49998097443219064 0.8191559570270852 
0.9930984441117291 0.11373649505328048 
0.9271797883982285 0.4483775716731905 
0.7230087432744591 0.7564233438546903 
1.0020028883625829 0.09146249064193035 
0.7230087432744591 0.7564233438546903 
0.47316503287673717 0.8846551509510103 
