1.0385990643966854 0.04235558059579107 
0.04220154783266028 1.038285550334612 
1.0385990643966854 0.04235558059579107 
0.04220154783266028 1.038285550334612 
0.9225544871735315 0.4512618644584841 
0.44937465961356277 0.9256511414027078 
0.18942804966238322 0.9297331479832851 
0.9292829413260624 0.20309973171725232 
0.07832166102923795 1.0142462023767504 
0.7557711203959953 0.726629430419095 
0.763887489136259 0.7046247319830128 
1.0153213207628784 0.0761567125373832 
0.47484350741694215 0.8742786694462449 
0.5023665604231107 0.8295839154982696 
0.9050414476954824 0.4616462667194364 
1.0020622003606123 0.09259925477252379 
0.7728424478827348 0.6432039542639945 
0.5046372234664017 0.8129054471345857 
0.16630982813666184 0.9371927302123204 
0.48089400276572714 0.8593966555550373 
0.6047951665743257 0.773121128944713 
0.5415068021081619 0.7823228886759198 
0.8367990362663528 0.4906848629480205 
0.11986370906052486 0.9745130185816532 
0.9581212452995214 0.1408005816867747 
0.5785930220514042 0.7739416180422636 
0.7731063763699964 0.6047031254343141 
0.6396253212436319 0.7729250629868258 
0.8695392595559466 0.48142411124103907 
0.9465148017057363 0.15114941337873772 
0.7925967501316795 0.5223133293551349 
0.7754609953251248 0.5657787845718778 
0.8820682568057278 0.47251597655798455 
0.7448578125894955 0.7383405682224434 
1.0330194111194433 0.05159654603034123 
0.6929142628176814 0.7675113610882787 
0.9341020590892479 0.17699819961491203 
0.10675673037176521 0.9866367604176352 
0.9398197500234051 0.16082017808876192 
0.1382636862661095 0.9564037366710855 
0.8916342558219998 0.4672237963526301 
0.9292829413260624 0.20309973171725232 
0.9868975242334798 0.10765992970887925 
0.7381761725552887 0.7449461646375287 
0.053934843728808884 1.0330815340329638 
0.994003981447104 0.1010556060428229 
0.48729982630368224 0.8442432649568545 
0.6643929720333677 0.7717054323987851 
0.45632807943999687 0.9227554992134885 
0.8074120762151809 0.5080074211158274 
0.09055458670101887 1.0026723968797882 
0.09055458670101887 1.0026723968797882 
0.4661363238394416 0.8958027795897867 
0.7725975055123642 0.6503457189058515 
0.18942804966238322 0.9297331479832851 
0.5979399543539673 0.7732645301696756 
0.13227377752416014 0.9683502666928432 
0.7781187423072741 0.5516338774233633 
0.5606590589809587 0.7780197179687823 
0.6435378699214185 0.7728464492028121 
0.7120164331831647 0.761235535224417 
0.10814681487050265 0.9856580551351403 
0.7781187423072741 0.5516338774233633 
0.6643929720333677 0.7717054323987851 
0.8520593296680246 0.48704666628213567 
0.5172837154037971 0.8007860894166664 
0.7905862026102763 0.5291744023537309 
0.5287310175581827 0.7888232057498057 
0.8219604259656406 0.4987176059173851 
0.8074120762151809 0.5080074211158274 
0.9648139765911323 0.12884056063488733 
1.0259412654167817 0.06480378506542904 
0.5172837154037971 0.8007860894166664 
0.15515639652638608 0.9487675753554238 
0.6929142628176814 0.7675113610882787 
0.8540838588973886 0.4831726006130422 
0.06137027666993326 1.0270008471475687 
0.7685366702998314 0.6875883790911785 
0.7737527167044081 0.5836003389623045 
0.15839517981604656 0.9421222107993396 
0.8219604259656406 0.4987176059173851 
0.9767679717412984 0.11661524367623377 
0.45997769881062395 0.9069032365355844 
0.5620474573188653 0.7768524990962701 
0.9376517077064866 0.1768456232476014 
0.7713530565568704 0.6692287409333294 
0.7120164331831647 0.761235535224417 
0.7731063763699964 0.6047031254343141 
0.48729982630368224 0.8442432649568545 
0.9767679717412984 0.11661524367623377 
0.06137027666993326 1.0270008471475687 
0.7685366702998314 0.6875883790911785 
0.4661363238394416 0.8958027795897867 
0.7713530565568704 0.6692287409333294 
0.7905862026102763 0.5291744023537309 
0.5288803411773002 0.788246176022965 
0.9648139765911323 0.12884056063488733 
0.7737527167044081 0.5836003389623045 
1.0259412654167817 0.06480378506542904 
0.13471546867491263 0.9627123515843519 
