1.038729158228156 0.0425124325960457 
0.0428338093606942 1.0378891321394697 
0.0428338093606942 1.0378891321394697 
1.038729158228156 0.0425124325960457 
0.9274671160407388 0.4480027691443321 
0.9291748210716977 0.19520494915959502 
0.4507469736456814 0.9232042539200737 
0.19830481548844467 0.9290609453563164 
0.7732212441462936 0.5960389317879643 
0.6308263553701371 0.7730545190348622 
0.11067671867363105 0.9857014723998012 
0.7710211780002922 0.6709749145403112 
0.7729974119125154 0.6393732034176363 
0.5214094996231331 0.7938919442869938 
0.7507179617262444 0.7309715902542847 
0.7653430046175136 0.7004150346693743 
0.18305582132788728 0.9308911964523124 
0.7412886527109134 0.7442105539454826 
0.588855531842482 0.7734429176966835 
0.45390479276878126 0.9185908510125725 
0.8097486867061682 0.5060167584860555 
0.7118168872889316 0.7614185545787285 
0.8413544732529955 0.4885668220038736 
0.7001716540219501 0.7652923505117031 
0.9395092331173821 0.161454902590509 
0.7819916989620678 0.5401276282552971 
0.774444291240635 0.5768360421560512 
1.0075084226380917 0.0852791577757061 
0.8836197081608675 0.47168576477173174 
0.7884687653858051 0.5276828598129548 
0.9845931720401464 0.10985865424564017 
0.8675859499878876 0.47755453164294415 
0.7725674651172219 0.6509876321926812 
0.8339559558876423 0.49784882931290647 
0.4651511150854604 0.8961925521594118 
0.9606491298514753 0.13396252427607105 
0.8201130316724309 0.5002496633519101 
0.4651511150854604 0.8961925521594118 
0.9769765967482532 0.1207521030358148 
1.0257173376539102 0.06401954517565614 
0.5662182175063317 0.7754753308600293 
0.9577249408044544 0.1470354791788368 
0.668715704848907 0.7717852542006489 
1.0159876824722067 0.0755407136854599 
0.12415402147048005 0.969642226624138 
0.5462735345133414 0.7800093760337933 
0.16358420469652407 0.9387995455744489 
0.9683783204425227 0.12516584364414302 
0.09504985750322154 0.998649843891995 
0.08007908693251037 1.0124380719323594 
0.9023233297775801 0.4625487573151241 
0.09504985750322154 0.998649843891995 
0.5077039803057624 0.8081621605314966 
0.8981376400771219 0.4702089961778224 
0.4748966363812753 0.8747790236893845 
0.9326592824139857 0.17724516096450585 
0.08007908693251037 1.0124380719323594 
0.7777290227119417 0.5568744257586605 
0.4980492569004113 0.8223488870533079 
0.7283279454464808 0.7528010552875206 
0.14716004187759707 0.9490201817910282 
0.1245952467681094 0.9688958295838735 
1.0257173376539102 0.06401954517565614 
0.5605388221382951 0.776105780140952 
0.16358420469652407 0.9387995455744489 
0.5077039803057624 0.8081621605314966 
0.9930313566853319 0.10057859081944037 
0.9930313566853319 0.10057859081944037 
0.05425046328275124 1.0342930962916177 
0.7762305067435152 0.5603912387869566 
0.7966053016601807 0.5176710289935957 
0.7611272747011938 0.7121655851469415 
0.588855531842482 0.7734429176966835 
0.4980492569004113 0.8223488870533079 
0.7611272747011938 0.7121655851469415 
0.4900597055594101 0.8382818846666251 
0.4900597055594101 0.8382818846666251 
0.680086407931568 0.7701083557323183 
0.6516938250867461 0.7725721172720206 
0.7283279454464808 0.7528010552875206 
0.0646161060489899 1.0243671307482343 
0.9325819559428645 0.18159296940882086 
0.13710703861807516 0.957636594541422 
0.13710703861807516 0.957636594541422 
0.19830481548844467 0.9290609453563164 
0.8580515884481931 0.481411125925084 
0.05874228213068876 1.030387823600022 
0.4748966363812753 0.8747790236893845 
0.14716004187759707 0.9490201817910282 
0.9133885518997786 0.4565621202857661 
0.7966053016601807 0.5176710289935957 
0.5375111063224147 0.7830167562145489 
0.9133885518997786 0.4565621202857661 
0.9479374844776383 0.15212985341814259 
0.5375111063224147 0.7830167562145489 
0.48113149679494965 0.8642427936038943 
1.0159722063941492 0.0850320778853459 
0.48387577970348356 0.8522597886115791 
0.0646161060489899 1.0243671307482343 
0.6516938250867461 0.7725721172720206 
