1.0374452497207973 0.04368436765941443 
0.043270946355711645 1.0378162373647948 
0.043270946355711645 1.0378162373647948 
1.0374452497207973 0.04368436765941443 
0.4500094781819971 0.9244103267878659 
0.9294060436879394 0.19318584996267107 
0.9243219942527512 0.4509058610675905 
0.19240057623292323 0.9294409597914081 
0.7731185708793737 0.6038511426474489 
0.7718891693062393 0.6618815721013255 
0.6358155196904377 0.7729920903509543 
0.7187646019292367 0.7583902085525699 
0.9836929228652969 0.11364956145580146 
0.5709154954007383 0.7746659899718333 
0.09918464299083264 0.9968778163356893 
0.4603859316003226 0.9078228458477201 
0.6718025934444577 0.7708990270515866 
0.11906316905769092 0.97427379503202 
0.8597522916586222 0.48329306898165025 
0.5272469597825051 0.7909918902946943 
0.47926881044850095 0.8635792677314436 
0.10551076918480079 0.9878828619971716 
0.7790798580287926 0.5496382468540864 
0.6912490368648934 0.7678067777936108 
0.8152897303357299 0.5146737887332276 
0.5963009201156122 0.773204819675825 
0.9322111577746292 0.1783599335540617 
0.8211436285054009 0.4988622199013782 
0.5398241037491247 0.7820736297593871 
0.5530031499304657 0.7777290135837113 
0.6501624523864972 0.7726223413140106 
0.7739228859765824 0.5788300473843779 
0.06336433423573401 1.0257979586830368 
0.8418609651957522 0.48835879456476583 
0.7999000154173943 0.5188226953043081 
0.4904138152704829 0.8424020997677705 
0.17367711225779714 0.9345962120768089 
0.7856130686410201 0.53236660329772 
0.7415947382974616 0.7469654999373916 
1.015758636135372 0.075495853189806 
0.5066312478292668 0.810218544926235 
0.7784733149852783 0.5676665792432929 
0.8808620780058087 0.47431087063358707 
0.1302526487701168 0.9679538874973278 
0.07615758701467817 1.0206442506535602 
0.7662563552904298 0.7052905483685213 
0.48629203150826256 0.8474581505839119 
0.0520236750197797 1.03304392398986 
0.4982160056051958 0.8235806363172293 
0.9414027563726947 0.16454652621907445 
0.8360417629729946 0.4958811360159126 
0.8741052600084444 0.4759572264528588 
1.0184654151080867 0.07308731181689455 
0.139038323154707 0.9610083858909718 
0.9158416723341664 0.4640182769587564 
0.8967432511996748 0.4648063767014338 
0.768797407089747 0.6860479359705216 
0.1576486361292822 0.9421580558169845 
0.7901224120230445 0.5256222503485499 
0.9497348592318954 0.14652030319960985 
0.08149738912519805 1.010754272352171 
0.770802132601021 0.6816004197214072 
0.9953736234536282 0.10302470878027686 
0.7732408478414874 0.5998499195325669 
0.5963009201156122 0.773204819675825 
1.0286122781498355 0.05853435691705685 
0.15022711315578874 0.9505077683210322 
0.4746774623414257 0.8790724309580421 
0.19240057623292323 0.9294409597914081 
0.16743220501774508 0.939599825668927 
1.0286122781498355 0.05853435691705685 
0.7614204451490609 0.7112021467507197 
0.5145696961992722 0.800357522872617 
0.7478781264530386 0.7348281448189 
0.5003513253292665 0.8206275634064639 
0.4661600007329114 0.8945907679519123 
1.0017676621352392 0.09119070504427648 
0.14334166175834245 0.9522308245688318 
0.9474708172070703 0.1621399783287143 
0.9163585193174371 0.45564994364166833 
0.9685841045559901 0.12600934359331917 
1.0017676621352392 0.09119070504427648 
0.4661600007329114 0.8945907679519123 
0.7478781264530386 0.7348281448189 
0.7718891693062393 0.6618815721013255 
0.9618645427468112 0.13238632572910747 
0.4746774623414257 0.8790724309580421 
0.7063893715950831 0.7632805541204262 
0.08149738912519805 1.010754272352171 
0.9685841045559901 0.12600934359331917 
0.7576383111543081 0.7200295557804482 
0.7576383111543081 0.7200295557804482 
0.9618645427468112 0.13238632572910747 
0.7415947382974616 0.7469654999373916 
0.5145696961992722 0.800357522872617 
0.7063893715950831 0.7632805541204262 
0.8967432511996748 0.4648063767014338 
0.9497348592318954 0.14652030319960985 
0.9957343894769239 0.09861641561817319 
0.9243219942527512 0.4509058610675905 
