1.0380790249108567 0.04246803602038601 
0.042578754300404587 1.0380866630724288 
0.042578754300404587 1.0380866630724288 
1.0380790249108567 0.04246803602038601 
0.44787663486598206 0.9278470388113399 
0.19798396751403785 0.9292515561283008 
0.9267596067524277 0.449651052224981 
0.9291317534596313 0.19610865978177994 
0.662387702860497 0.772975813615094 
0.6183100173566279 0.7731398602663248 
0.4899259040403915 0.8414570350689264 
0.5288828677558357 0.7876264282727856 
0.9340415948331144 0.17341408734588326 
0.09867443526507422 0.997140288063592 
0.5484032972625236 0.7790553572226689 
0.7703709378502859 0.6759403040940906 
1.0193996280489905 0.07180008901652715 
0.7728464766239161 0.6435392583341181 
0.1685234493328236 0.9360007130179305 
0.5129150689197535 0.8012963812423062 
0.8287726037377698 0.4947120058090656 
0.9446593207389744 0.15807492257887418 
0.773111310119228 0.6042976018405137 
0.06043436423358974 1.0274391312697144 
0.9824439376522945 0.11185263620736494 
0.7320367935245671 0.7504561501923585 
0.4556637240326872 0.9158674828525787 
0.6787150526144083 0.7709691803583056 
0.7278696536223562 0.7589770297736074 
0.18810008519584032 0.934255116949802 
0.7737476947782621 0.5816416772987466 
1.0157047268545114 0.09075850809649272 
0.9066417153586009 0.46059952998614223 
0.9595181278908184 0.13486672414108522 
0.7728203435064726 0.6500502980886155 
0.9725329288606555 0.12414889667663392 
0.482519283781307 0.863796066634786 
0.7105375091123735 0.7652631527826954 
0.8287356714465629 0.5043247377507977 
0.7790951004985449 0.5480241624499563 
0.4793834132428156 0.8649071545330216 
0.8079344485975835 0.5074988664256186 
0.7458605337443807 0.7370672522485037 
0.9240499314031799 0.4513807547722896 
0.09005282022084346 1.0116536547999397 
0.5915474323783478 0.7733508905041893 
0.7964356597704128 0.5180403337587884 
0.7667540396799641 0.7014239295978135 
0.7672464557727942 0.6927200532370164 
0.4707710006026843 0.8841988333661315 
0.05396788951273715 1.0366825253664202 
0.8521042716310144 0.48394426049909467 
0.9044911096824413 0.4671634559958201 
0.5710283867035406 0.7746644245609186 
0.8521042716310144 0.48394426049909467 
0.8862727040042078 0.47216786143047607 
0.93131933023042 0.19531101460295663 
0.6965373479146364 0.7706183594504645 
0.567090642778596 0.7768567563393015 
0.600326998379349 0.7731486303695204 
0.5066348339646249 0.8102944070226666 
0.4617499267146084 0.9049985924318391 
0.11123641200038153 0.9824289349975263 
1.0293916758922506 0.058028006217552115 
0.777343786473736 0.5621446936088786 
1.0032876977460625 0.09113134686960164 
0.7458605337443807 0.7370672522485037 
0.784768849221272 0.5372888530214839 
0.15331780009581303 0.9448523933904225 
0.8690515609218281 0.4788845585032767 
0.7734517872222941 0.603361470938919 
0.8879062165856442 0.4700405663871788 
0.7765954411223732 0.5709898584570674 
0.11123641200038153 0.9824289349975263 
0.9586415050613557 0.14525232357879983 
1.0293916758922506 0.058028006217552115 
0.784768849221272 0.5372888530214839 
0.8690515609218281 0.4788845585032767 
0.7964356597704128 0.5180403337587884 
0.9792779242613735 0.11996271267420602 
0.9964343075487266 0.09685890687654858 
0.47049048119334125 0.8846201397150321 
0.14227217869225647 0.9536700027132746 
0.08339327341012281 1.0127180551088433 
0.13078001414498913 0.9632785908168021 
0.14227217869225647 0.9536700027132746 
0.5039564406028886 0.8237636438910708 
0.12235631237574474 0.9721797806017359 
0.15331780009581303 0.9448523933904225 
0.9964343075487266 0.09685890687654858 
0.4617499267146084 0.9049985924318391 
0.07469195187466487 1.0167711545530895 
0.7012441715196969 0.7662421993917075 
0.7577575571261058 0.7196663606467975 
0.9497578204406856 0.14785347878076469 
0.12235631237574474 0.9721797806017359 
0.07469195187466487 1.0167711545530895 
0.13078001414498913 0.9632785908168021 
0.5039564406028886 0.8237636438910708 
0.7596176223538127 0.7156658822044697 
