0.04223702977059852 1.0387914466382768 
1.0384946492571308 0.04203416797424381 
0.04223702977059852 1.0387914466382768 
0.4484167151497496 0.9268104408709285 
0.9261746580995538 0.4488857213051869 
0.19422124107738004 0.9292914317752967 
0.9293008668302409 0.19412064215172875 
0.7730499284641512 0.6547380438157815 
0.7730956164053882 0.6109336799704103 
0.9695310909298063 0.12982227685014835 
0.651344002113163 0.7725404409717297 
0.5507432324424972 0.7783366276625501 
0.5999402011250644 0.7731567308174019 
1.0195162527729473 0.0712871813338 
0.15477596654563996 0.9435858092895928 
0.7771163960773085 0.567859616141153 
0.10661622581835968 0.9867138859033047 
1.0295517173675848 0.0579117024193285 
0.12781662520966486 0.9828941510436959 
0.7709672868969565 0.6726980681946582 
0.1302458382097499 0.9638781309115647 
0.6971750897986686 0.7663927780724482 
0.5289398621554315 0.7887884548849882 
0.5139387209465001 0.8012801999913117 
0.7187166810045273 0.7581405332106679 
0.4976258330964289 0.8232436968189419 
0.08939919438765989 1.0038356889978446 
0.7511625467335303 0.7304851493771378 
0.7819281598845129 0.5407401110252488 
0.09710096575490111 1.0011527544537504 
0.5827378690003346 0.7742961375429347 
0.7962050361357704 0.5187462557564312 
0.9476114043786578 0.14942284872076703 
0.7590670195332818 0.7167816033254006 
0.1708879764698964 0.9350554317400134 
1.0064180260492728 0.08635826135453838 
0.8153545836122426 0.5023824111362251 
0.4904547994225231 0.838209029255464 
1.0064180260492728 0.08635826135453838 
0.8589980631549928 0.48326566312862307 
0.7630620097255354 0.7091781258795844 
0.8413254877759915 0.490536969668637 
0.9094776022814881 0.4601348007421921 
0.7103633176212775 0.765220992221872 
0.7734377212230426 0.5982536823757836 
0.07635493591055771 1.0157953300174563 
0.9906371048795141 0.10487671449049141 
0.9082353218920967 0.4612378731863743 
0.9848182471896918 0.11775132909859065 
0.05310124835483443 1.038418652748106 
0.5239215155342961 0.79109364192695 
0.9398235633309745 0.16106723872156925 
0.05950418434445221 1.0283338343745991 
0.4602807192366214 0.9095300658786767 
0.8894326097108249 0.46838043980828437 
0.6755163441806339 0.7704347860682624 
0.6529989217182341 0.7724879519922813 
0.19422124107738004 0.9292914317752967 
0.07635493591055771 1.0157953300174563 
0.8894326097108249 0.46838043980828437 
0.8711673043459903 0.47630160772017616 
0.7353519564830359 0.7516551874222914 
0.766929859909265 0.6940074541396454 
0.8492935833486936 0.4851054373911846 
0.8284982188015153 0.4948148469789234 
0.9906371048795141 0.10487671449049141 
0.9535600370993884 0.14157271386950737 
0.6755163441806339 0.7704347860682624 
0.14132611335823494 0.9557151056248234 
0.7343953516915745 0.7519442126734446 
0.4828372473345692 0.8563494950792083 
0.4602807192366214 0.9095300658786767 
0.49434669927560065 0.8369140209263818 
0.1708879764698964 0.9350554317400134 
0.9319411359334242 0.18030630245156487 
0.465850006623492 0.89446303292399 
0.9319411359334242 0.18030630245156487 
0.14132611335823494 0.9557151056248234 
0.5052165783002088 0.8109864577170662 
0.827544950143755 0.5012385536379198 
0.8711673043459903 0.47630160772017616 
0.7892472120718664 0.5277446909149698 
0.4828372473345692 0.8563494950792083 
0.7454597374123547 0.7377943423280544 
0.9398235633309745 0.16106723872156925 
0.465850006623492 0.89446303292399 
0.766929859909265 0.6940074541396454 
0.47260917745722947 0.8807137485053093 
0.47260917745722947 0.8807137485053093 
0.7737932309251442 0.5826088296055756 
0.05950418434445221 1.0283338343745991 
0.5678178375770517 0.7750291262079015 
0.8059309926670933 0.5108087523289099 
0.9848182471896918 0.11775132909859065 
0.5999402011250644 0.7731567308174019 
0.5678178375770517 0.7750291262079015 
0.7819281598845129 0.5407401110252488 
0.9535600370993884 0.14157271386950737 
0.7454597374123547 0.7377943423280544 
0.8059309926670933 0.5108087523289099 
