0.04317315067429218 1.0377256813937046 
1.0375958517600596 0.04357870674199016 
0.04317315067429218 1.0377256813937046 
0.9288232380127204 0.4472030670086794 
0.4469111636298354 0.9291016840625327 
0.19196050421632538 0.9294446442298253 
0.9292889028298147 0.19553526128093862 
0.8768199046451441 0.4742924447216481 
0.7725101117013926 0.6523446065553772 
0.7733359909473275 0.591078299551694 
0.9341092437357926 0.17519766558019656 
0.4723293416779343 0.8797811732642813 
0.1152866319605274 0.9800128925081502 
0.7680022992971498 0.690807734333334 
0.9623056977576961 0.13157423421681444 
0.9512971890820588 0.1442819710727864 
0.9084885271298629 0.45929764588786476 
0.06753276252683901 1.0265957415889568 
0.6571846963412947 0.7723934224633127 
0.7804130881818222 0.5443220471664946 
0.5483579261704411 0.7790356698942399 
0.08132824378690502 1.0107638282471993 
0.5093705936530459 0.8075596982386263 
0.7696068841013062 0.6809629228948633 
0.5353390093167754 0.7852383373181808 
0.8550300892047271 0.48317034113331436 
0.9084885271298629 0.45929764588786476 
0.4886193384623348 0.842613103816937 
0.49784277221026063 0.8264794384537412 
0.7856847216198549 0.5325031480443446 
0.7927394032444299 0.5217314241299078 
0.7586942891215068 0.7180545221233169 
0.4551053782323993 0.9158738947231005 
0.7518129980055414 0.7366563404068353 
0.7760287283087316 0.5618100794584343 
0.8398733724930779 0.4904996775136488 
0.683409677601855 0.7692246000346491 
0.8091704004546001 0.5064273783492593 
0.993069487562084 0.10029742400521385 
1.025520882789774 0.06929435675484502 
0.9740524028790126 0.1212482706679894 
0.09622631900886539 0.9971068133961934 
0.7336797549784165 0.7497299955385354 
0.48595491735536367 0.849847325833778 
0.7723921687858414 0.6567769650342041 
0.8212148493874987 0.5011877448330221 
0.993069487562084 0.10029742400521385 
0.502420522258841 0.8211720902615186 
0.5262861138697167 0.7952316666859816 
1.0189252499826202 0.08053612157884835 
0.6368258309660253 0.7729772005464745 
0.6076358590261489 0.7730938792046058 
0.6750137547436459 0.7717606871489927 
0.8289500459176495 0.49477451067921263 
0.5182204176544777 0.7985122499410141 
0.08634124647883504 1.006754351629227 
0.7019383564146322 0.765972067156155 
0.7586942891215068 0.7180545221233169 
0.9422748892946701 0.15689938614747997 
0.7060177485120366 0.7635250928820086 
0.16207532380807732 0.9395805464524474 
0.5671635012971937 0.7751817080794693 
0.12804683734594158 0.9659793773800535 
0.4623763908729682 0.9109709439349855 
0.17307545413766348 0.9345475497619669 
1.0106447771822904 0.08426710364354612 
0.1861170909128962 0.9303440139364497 
0.12804683734594158 0.9659793773800535 
0.7402641588688436 0.7455421850667752 
0.8049821519690938 0.5176570763196847 
1.025520882789774 0.06929435675484502 
0.565005015282361 0.7760762920424915 
0.7205751914693933 0.7578131307938408 
0.8522668334799254 0.485236415761337 
0.4791411327034525 0.864870404912101 
0.4791411327034525 0.864870404912101 
0.1399732852982656 0.9551575809185141 
0.5883943612149881 0.7734197729533797 
1.0106447771822904 0.08426710364354612 
0.46361324776209945 0.899791622819187 
0.5883943612149881 0.7734197729533797 
0.9781209516306968 0.11524481073467911 
0.7745553690345477 0.5716075787876647 
0.9292889028298147 0.19553526128093862 
0.9422748892946701 0.15689938614747997 
0.1399732852982656 0.9551575809185141 
0.6368258309660253 0.7729772005464745 
0.7505138951634418 0.7430645571863667 
0.7733359909473275 0.591078299551694 
0.15085295543497343 0.9463344529405733 
0.46361324776209945 0.899791622819187 
0.6076358590261489 0.7730938792046058 
0.06007396309027454 1.0290289806574744 
0.9781209516306968 0.11524481073467911 
0.10338218951741299 0.9917393016019795 
0.7205751914693933 0.7578131307938408 
0.15085295543497343 0.9463344529405733 
0.10338218951741299 0.9917393016019795 
0.06007396309027454 1.0290289806574744 
0.16867812224981044 0.9374700628000122 
