5698.2061221271415 694.727449977498 
5698.2061221271415 694.727449977498 
2771.945981011318 1299.900972615183 
2782.8233203875548 1244.9067938354756 
3862.445876212852 696.0280426757244 
3752.517455796196 696.1769075467896 
3590.6488082922187 696.4274011861983 
4301.410559600335 695.5443028332642 
2911.8640533688445 827.147264634284 
4577.508627734348 695.318971520495 
2889.6720355137873 874.7205078571612 
2841.460699508434 1010.9690875756087 
3683.249968442885 696.286315006677 
5075.099227923662 694.9853337148464 
2813.5567605855545 1108.7603353090506 
4670.180850204045 695.250483372903 
2846.3988415597414 993.7228085457931 
3509.8620239738 696.567515142145 
2861.229650431749 948.6711047851107 
4073.410751347552 695.7742836352751 
5150.427850076445 694.9439488609692 
2966.7442205774987 727.8412744000213 
2823.587418317003 1070.967749049535 
2836.534611868441 1026.9364475075918 
2954.8337094527337 748.8061914160893 
5225.278438463358 694.9037369931242 
2809.017114822017 1126.934396440392 
4499.836681220041 695.3732636897561 
4257.989925054135 695.5926031193761 
3988.2128131615164 695.8826989328438 
2790.3454254759476 1208.7203641177632 
5372.283376740374 694.8309853778098 
2919.713097262228 817.2552274817943 
2851.7798510220314 981.235099396669 
2901.1963858803965 853.5372211442389 
4430.920019911149 695.4397598468489 
3116.817382533736 697.4451578595742 
2793.386879838928 1194.2830797890506 
2818.9919044863523 1087.6917111247635 
5499.537821864691 694.8005705579301 
5435.3938215283315 694.8020668276251 
2795.948084274489 1182.7496330269967 
2925.6775657584385 801.9421786691646 
3934.7628719918516 695.9363714713037 
4768.5305492155685 695.1778643361675 
2798.9524054697345 1169.1062361757351 
4159.636408416134 695.6860705833907 
2782.230116619219 1268.3433453343062 
2786.7532248868174 1226.1277510939499 
2930.030008736912 793.1323014017163 
2904.6053651352177 849.9439548787212 
3260.9103969581165 697.1224031038208 
2937.1902875327987 779.9819166056911 
2833.77812793154 1039.8189655888116 
2827.0463063471534 1058.7129521303675 
3041.073669908745 697.6608150425208 
2816.7993187071997 1096.127672915653 
2982.3450568569815 702.4966074943256 
2865.7154427055693 936.6610020544721 
5563.55490017214 694.7843879992529 
2976.770290781004 721.6767417244151 
4731.285893070522 695.2064931480116 
2872.866677266313 917.8084196260069 
4900.789584186736 695.0905144264154 
2829.7943910324243 1048.96825532346 
2801.496129008806 1158.683519656132 
3372.903974387278 696.8302289854576 
2855.415317190681 966.584367956066 
4952.778844053855 695.060681732867 
3197.742500042722 697.3162748578474 
2946.8812335223142 765.0088551759297 
2787.4553562007327 1221.491206364619 
2803.5687412174275 1150.2172977272382 
4138.414286181781 695.715524087326 
4854.752612323462 695.1178468541372 
4992.145454037771 695.0341495458996 
2942.4706804437974 771.9514802140785 
3171.263005921469 697.3923553043365 
2879.2394151219078 902.4982477858201 
2874.251330224326 913.4523936978215 
5298.558015493183 694.8670504530024 
2775.472557243007 1281.6972211102209 
2854.8234063438103 967.4482361026777 
2772.8415500538986 1295.1998864216473 
5295.216302741309 694.8689281723947 
2806.5379822840614 1137.18488201988 
3438.1553960742604 696.7029917986799 
2778.056764571068 1268.359298906128 
4434.971236700724 695.4299927431931 
2805.4429446433905 1141.3538284563099 
2882.2024243888272 892.6323055218141 
3310.9400464439013 696.961951507087 
2865.461938211255 937.3518096566634 
5651.979827600213 694.7482725667707 
2774.938818296234 1285.2642186931012 
2884.761759709036 885.4556155272966 
2949.9482580798244 754.8132731267183 
5638.812228050218 694.7526708028474 
2881.554594787105 898.3525487626788 
3310.9400464439013 696.961951507087 
