2771.9905590669937 1299.7351110212737 
5773.296022418587 694.7074649716094 
2961.2404051530184 736.2178373060599 
2938.9008539717634 776.0004544023213 
2804.9205543228327 1147.8595363729085 
5362.912237900289 694.838066282719 
2779.618779727131 1259.838810525257 
5206.948025217383 694.9158077169582 
2985.547258244721 698.0447014677676 
2808.028106188316 1130.8516395084675 
2812.0038807105884 1114.7571229752223 
3421.22139353742 696.7328518793151 
2927.1384999852908 806.3730359842475 
5008.258955817116 695.037235286439 
2788.747516960864 1215.4699678239663 
2798.6455988608413 1170.5395737628946 
4587.196343787621 695.3078062705707 
3861.336411221822 696.0723941230492 
2795.0912633151347 1198.4169919196436 
2907.7183821218546 839.5087314011697 
4234.073965179895 695.6139852317599 
4646.873666764484 695.2654150852508 
3636.4706866412444 696.3563475206807 
3810.5564133017497 696.0996386960913 
3112.2373368559984 697.5624389122144 
3052.5150063463175 697.6414603285798 
2837.2167948521287 1022.9630853832448 
2863.160559834662 953.1619936482491 
5739.711372700529 694.7208619197338 
2774.9064171409323 1284.2056670089112 
5543.7352867734 694.782523746668 
3180.623609410203 697.3997690375843 
3235.2314158157733 697.1419388249966 
4724.266569541983 695.2352555277241 
5647.125207678384 694.7588022027397 
4171.707127651427 695.6753909474743 
4468.744611661358 695.4339446762064 
4941.180630672682 695.067282683913 
2817.585495150841 1098.6874851573996 
4496.023080184298 695.3812304691717 
2928.218319125467 796.9723197166885 
2857.927591086182 972.2011979416156 
2888.4044269860083 876.9887237804983 
2822.1772007921954 1075.8243243333263 
2916.0937883439374 826.2995926570633 
5432.959587412698 694.8036675031835 
3496.462733353523 696.689019891328 
5098.293820390057 694.9736432921533 
2875.923605445245 909.4888296071363 
3732.567279766089 696.217774174716 
2795.266007290246 1187.7788418651062 
2970.9196140971785 720.2852843135785 
3569.5369434513696 696.5039140853648 
2972.700120643838 716.9360209920934 
2894.4310936749685 863.9315279731838 
2841.061886797842 1010.0758160491507 
2879.109801455666 900.7378871958188 
3960.267013065282 695.945473245882 
4793.795241124218 695.1587205141697 
2785.239582182608 1232.1991704458815 
2901.2823389015825 852.1260640241434 
4309.139605289988 695.5389355167226 
3702.894028093288 696.2916450998163 
3303.141056113438 696.986892537896 
4375.701337180105 695.4778950266798 
2832.8320701540765 1045.1628847256397 
3330.674481126339 696.9313792037758 
2865.200054314062 948.0540408180591 
5618.950239565021 694.771037783148 
2782.3032948111118 1246.9354772430424 
5185.65861727111 694.9277606726624 
2797.477051152329 1177.0112732639195 
2871.5108155978014 921.3261116696733 
5118.193117832957 694.9728487594499 
2786.1696641617273 1227.558975351277 
2816.072371912178 1098.6875834396556 
2884.7207469094737 890.0906306781847 
2825.191540674428 1064.6781198520653 
2829.8600150524544 1052.0656450216618 
2844.1682413795215 1000.3218145372161 
2852.4187656936965 974.396525533318 
4869.44981347623 695.1102974046884 
2870.334826354303 926.0238441446701 
5558.108074028463 694.7722192996813 
3530.634743112991 696.5365619179361 
2914.927879683426 826.3031401073031 
2848.16172095393 987.5591633408138 
2772.454662528454 1297.5103310240122 
4887.832357052605 695.1098850093655 
2934.0216695805216 783.9109115853988 
4769.934594976113 695.234986620352 
4113.808262900569 695.7309062143067 
2851.9257079500285 987.0738026036852 
2884.9251564570354 885.4045382775479 
4056.395246815606 695.8096466994086 
2774.67895611929 1285.867183659265 
2865.8628869782224 935.3987708173643 
2826.980517667663 1060.3511814080277 
4332.417369689225 695.5199355248792 
2781.6880725907577 1249.4410183517657 
