5725.875862822583 694.7212973753217 
2771.938441250703 1299.9445032800827 
2771.938441250703 1299.9445032800827 
3488.017694042021 696.6120026385701 
3614.6489445182046 696.3887977260229 
2863.287931661635 942.5386725682769 
3286.3484088057576 697.0201443902621 
4075.928515614954 695.7723708162441 
3075.929554741708 697.5811212600363 
2782.5290666926435 1245.6017221562424 
3777.1343602039237 696.1468411128321 
2802.6440560352303 1153.0526799467002 
3851.6409245802693 696.0449000494227 
2797.424259681308 1175.867355652802 
2836.278258306989 1032.6235094981282 
5580.926060947599 694.783537300559 
5257.0604017913 694.8919673458389 
4169.948483781782 695.6762213389659 
2827.4857161636633 1070.3444039841065 
5644.437750109248 694.7548614239604 
3938.2402536544623 695.9311791060223 
2814.874635750198 1103.6400339479271 
2830.6087404834057 1046.5777436023895 
2776.332350147774 1287.1491112871913 
3991.831789189289 695.8708105493934 
2809.0756246597703 1126.4832809710745 
2805.089342210843 1142.7968685816866 
2779.148700107487 1263.458920942404 
2839.1429418539064 1016.9713653293733 
2786.6377960129685 1226.419813518219 
3367.115880946614 696.8412386806799 
3182.9665807325614 697.277979433579 
4842.062029676902 695.1274901261874 
5331.852782019119 694.8512378267262 
2904.2328683598403 841.946034451567 
2964.8451529320173 731.0824871327093 
2795.4612235020104 1184.5920720456797 
3416.3886880825257 696.7601715299039 
2954.4442803120546 749.1799245253876 
4940.212169965664 695.0898879081865 
2828.507305727378 1059.7960562991761 
2813.0184052310406 1116.1751688114857 
2985.9528615307854 697.8350706151396 
4435.800165149043 695.4309832058789 
2792.001458823214 1200.1391842722708 
4550.419693503701 695.336499619949 
2896.4981897194716 869.2472056193823 
4225.310324026344 695.6166294479832 
5107.59677543006 694.9757087118339 
3156.7635349876246 697.3344245636475 
2890.2859668766787 880.6742846951466 
2870.8961086575687 921.3205567644278 
2921.272144405626 810.1620462081263 
2885.40072605396 889.1524439173133 
5492.472773669431 694.7882612501871 
2790.6157462897613 1206.9492943664113 
2787.792308669748 1219.7058306444003 
2913.392004509206 828.3036654701963 
5018.940316309522 695.0282970489778 
4708.263144327618 695.2162415384761 
3683.558479823611 696.2828771180066 
2920.2178495180206 825.0252997414522 
2851.7717968007273 985.7401673865097 
4760.611238341728 695.1868203054294 
2819.199879480123 1088.5947725420951 
2973.3390999223175 716.3798233059917 
2779.5978649472117 1260.166944737232 
2902.452501943408 852.1483667870573 
2899.2018746716826 859.3701162193228 
2853.9239565003213 969.9040642213043 
5059.273564374029 694.9946718802867 
5180.889943191121 694.9317558847127 
2952.3418072381637 753.4755158140974 
4301.651995712325 695.5455272923439 
2819.199879480123 1088.5947725420951 
5724.894958970572 694.7216813106837 
2967.4005860465677 725.8260261589093 
5384.235126445656 694.8256755558019 
2882.5871429576 900.7327698193441 
4961.034486872793 695.0543912816019 
2979.1309708763815 709.1286855294912 
2843.2687262135664 1003.2199226836839 
2860.2385399515474 957.829227567524 
4279.994381136495 695.5676455358405 
2848.223431118955 988.298939929158 
4623.933843644707 695.2783607907425 
5476.588653939831 694.795485685346 
5169.2911737628 694.933335677389 
4369.8298899801275 695.4853227269783 
2842.2242955589613 1006.5906202982546 
2875.1296382879655 909.959648056732 
2942.3021952966524 768.3253707100938 
3680.073243712116 696.2882802253 
2929.4375196130263 795.524939738529 
4363.5427761089895 695.5246163360124 
2773.6337440747993 1290.8738250010804 
2934.075773576521 786.3220163185653 
2854.540999819727 968.080810070253 
2946.7789152496157 764.7887752347285 
2870.8961086575687 921.3205567644278 
