2771.9339072366856 1299.994331541689 
2771.9339072366856 1299.994331541689 
5768.0307071405705 694.7090885963023 
2917.3721776783636 821.2909057027754 
2902.5235561587374 846.9007727163674 
5355.168093653396 694.8386318562997 
2936.0456696881984 778.5438148357301 
3323.391706704841 696.9347763707666 
5097.090164743656 694.974698849533 
2791.367029750786 1204.3877999772985 
2794.9604643936377 1186.9774156271296 
2779.8818295039428 1258.722794323895 
4393.991760459932 695.4668818670294 
5244.7991953855 694.8937871047204 
5496.529434958914 694.7858300177551 
4185.423723035919 695.658801605109 
2807.6992419359603 1131.9761835195477 
2924.8631462213916 807.4796794771103 
2825.4605987306486 1064.5161570487933 
2861.6714485588877 947.102522195689 
5450.790726226777 694.8067380204167 
4490.340158732539 695.3813079289026 
3079.4937448569185 697.5472007673839 
3960.258124371692 695.9220850222481 
2803.93664977897 1147.8088914554403 
3562.5368159771606 696.4769958214267 
2957.890074697668 743.9507090943082 
2843.226288004769 1003.2621882215849 
2872.422532330279 917.4645221667635 
2882.6642349782587 890.4592330934616 
3257.2894824460404 697.0849992605416 
2849.1400439172294 984.6080851200812 
2837.850160034589 1021.0041132659949 
2949.504091128402 757.6569377033957 
3513.56188015073 696.5588033406003 
2853.681872841013 970.7992499372929 
3723.4777051887168 696.23137195483 
3181.839270689554 697.2778246186705 
2889.9868488890347 875.3931578030546 
5606.920766365344 694.7738376825379 
2966.306502576466 731.3676586520335 
4035.2696370311864 695.8335248344558 
4720.359184168166 695.2235511396866 
3435.4214279897365 696.7043178975377 
4110.378046234993 695.7365551346464 
2835.799660708759 1027.858963892934 
3773.308064265501 696.146829848935 
2984.9125483667676 698.8818234719764 
2775.6903871688783 1280.0317976816373 
2797.965648958388 1173.1941734497493 
4834.956910401221 695.1312457150564 
2835.591029739122 1043.0988511586218 
3894.7495193121467 695.9845792324707 
2775.2256661642255 1282.7029407068874 
5187.462008374073 694.9661650478469 
4332.246486752462 695.527928269267 
3042.511370501621 697.6775038030744 
2816.8159251692523 1095.8076673188104 
2787.925969120196 1219.57764191679 
2845.7040346588046 995.3677458236116 
5018.752724392081 695.0298346941793 
2782.1756291430993 1248.9110776767025 
2802.9357294261213 1158.7674826058194 
4926.306932967332 695.0729758460747 
2818.6453999828573 1089.441371663359 
4999.183353654106 695.0305011124684 
4903.997641203699 695.08679647894 
2969.816902570304 723.120372976301 
2979.193960135297 707.3782057687372 
2771.9349026168898 1299.9943256828694 
2830.334474149221 1047.5591270851646 
5681.304099518134 694.7453046618494 
3648.917182027892 696.3377382668556 
2976.1779183290737 715.1750085867424 
5699.844879695555 694.7357168331345 
4680.336441960284 695.2401616375823 
3834.484650793657 696.1468276162586 
4534.84377026434 695.3611877475144 
2784.807311117308 1235.9122489363067 
2787.331663517336 1223.4357237957097 
2897.741487586437 859.5045530526877 
2886.7543447917406 880.6141962582241 
2931.7044077420887 793.5667532626276 
4793.456074746212 695.1591280386424 
2867.5595571590325 930.729133960367 
3435.4214279897365 696.7043178975377 
4263.614651739714 695.5823722034078 
2866.78702951156 933.3443769566578 
3194.550241239675 697.2560289216192 
2801.042622785069 1166.7954354246142 
2951.9480362404947 755.8115826370631 
2930.0590585799455 793.8472207122185 
4074.4027566932095 695.7888729239498 
2877.4838715196715 905.6394534003163 
3649.136060023215 696.333848622715 
5611.599600384793 694.7718992816804 
2821.9832742567764 1078.080485070487 
2822.2356192711004 1075.4174978404799 
2897.741487586437 859.5045530526877 
2857.2109192442767 960.2737603148117 
