2771.954476371464 1299.8131155188366 
5492.147557927202 694.78454353493 
2771.954476371464 1299.8131155188366 
3926.3833020662332 695.9474708922717 
2934.7979085535135 784.4711913473674 
2815.4900681736212 1100.8724677058817 
4191.8249854187125 695.6501083948027 
2820.4449353943637 1082.050541343079 
5091.4166835321275 694.9759381408704 
2776.0174723719856 1279.2928652611713 
2976.394428227884 711.6469241915116 
2851.156213525583 979.3260095614963 
2907.686415158935 839.0710432071699 
2965.8063351145024 729.0730917283827 
2825.957026849351 1065.7945822361714 
3789.0294478920923 696.1689086907068 
3344.6347301089086 696.9250277127618 
3420.31343571965 696.7640701759926 
3485.20734025188 696.6350042032002 
2828.9392183485024 1051.3288328357116 
2787.8405383687536 1220.1427496687336 
5327.296695781348 694.8665210821015 
4295.552490755382 695.611158572665 
2802.76736121621 1155.0990727345684 
2878.902119022066 900.7823723825941 
3594.4531380634708 696.4252505490541 
2898.765033395693 858.8505578943464 
2944.955959603668 762.7742417194244 
2840.2498401245384 1012.6790235857044 
4777.948433244171 695.1700174724067 
2780.8609708890167 1253.6885673935558 
2778.5887202515632 1266.6354787338907 
2811.1495132180435 1117.9854805436191 
3210.5310485536424 697.1973088558279 
5233.744411402323 694.9089750030139 
2984.6329752429097 698.8611026893001 
5016.671474369695 695.0189658739582 
2947.0151928662203 759.0747378895541 
2917.1147255824603 820.3912980881432 
3559.902533268647 696.5249345417631 
4577.356525504659 695.3432327462288 
4489.937583944418 695.3811581611662 
4368.204028777464 695.4857575429444 
4031.668410608508 695.8205537441817 
5427.909908515281 694.8220302146503 
4710.556464531811 695.2150905073872 
2922.721962621788 805.6957779680616 
4645.136750514722 695.2902414351021 
2785.182566503291 1233.3749079342272 
3750.2518434546614 696.1985401610036 
2783.4129803337996 1240.9247936760876 
2845.323795491405 996.7536265738901 
4031.668410608508 695.8205537441817 
4125.728887677277 695.7220364509353 
5295.058824955096 694.8757823266055 
2913.016328724052 828.8114248745708 
2795.798884982849 1182.9052219762273 
3685.9757236014175 696.2745336260124 
2958.1738037439454 740.2781135086904 
3090.484003147085 697.57925756251 
4910.988987076244 695.0861742410563 
2806.2560717359734 1140.419410171131 
4536.352727599924 695.3466716763078 
5178.2169516224285 694.9285182942823 
2861.6864669621964 947.3570579555225 
2866.580697701439 933.5747178493708 
2809.3279597414976 1125.883391291893 
2860.3957389591433 951.4909766775017 
2872.4618711470825 917.0723956063109 
2868.025600985733 929.5578118943033 
2874.285050371489 912.2864829375994 
2922.721962621788 805.6957779680616 
2844.536526378205 998.9257984122423 
2790.936864403699 1205.032405199338 
4322.4106766635605 695.5269995779763 
3159.7606773380317 697.3267050734826 
2884.4225908568255 886.0382314434306 
2798.7626420406323 1169.9775531545615 
2801.575640112672 1168.3993703302071 
3139.398748963956 697.4149220795081 
2855.5658083461503 964.8823380492263 
2833.1379478386098 1037.218220318834 
2806.7550699136245 1136.0809279659625 
2898.0281045660545 865.1899775503242 
2890.2095951262045 874.6609677785988 
3277.5924096998806 697.03815530429 
3277.038012993025 697.0381613179039 
4125.7289325500415 695.7220364065769 
4977.057819412655 695.0419158672704 
4676.165140440279 695.2395211126266 
2855.5662890047197 964.8823362591575 
3685.9769349405115 696.274299575015 
5431.461358786032 694.8163297115981 
4428.376938119391 695.4322498047317 
2958.1738037439454 740.2781135086904 
4428.372473148446 695.4322534154852 
2835.664460795547 1028.0801292593922 
3048.8091870266244 697.6459615199603 
2884.423663081945 886.0382271765244 
2836.84079529243 1024.5413118881527 
