5777.219673709278 694.7067102779947 
2771.921592125726 1299.9914549788152 
2868.4672649518293 930.0235243219196 
5527.763387444644 694.778598922289 
5626.981846108037 694.7506081531769 
4744.300774381059 695.1933712528108 
3131.8594694841395 697.4175023727635 
2821.656850601038 1085.8393679836115 
5434.441641312999 694.8026471731434 
2908.9791926169614 842.1279306714928 
2856.826614552986 961.2609255546605 
5356.402009969059 694.8386530007112 
3719.0674415116296 696.2246412881677 
2816.7771405897092 1099.7192165533181 
3809.8555140430403 696.0976596410736 
4853.868226277017 695.1196378355753 
3248.3877407925274 697.175083009376 
4337.3513097179975 695.5125404451026 
2956.017019176076 746.2019400612467 
2887.920211111896 878.1523717092081 
2966.480221343505 729.2620214415557 
5713.167086375731 694.7394637866347 
2797.274835894466 1176.6094137637288 
2806.909646332957 1135.1296114861725 
2920.755430459627 807.476918748701 
2794.947442608731 1186.63225421184 
2801.2669002300345 1158.9277276144214 
5104.419619919057 694.9736425106232 
2912.87282266219 824.0992423504953 
2938.605876628121 775.8816899481664 
2833.0615415242873 1037.0885210307106 
4671.797441533608 695.2421839790956 
3546.079162707868 696.5012480032102 
2803.2530694149136 1150.4192961236872 
4943.4024447164575 695.0632645414711 
2898.0071656627706 855.5389953228542 
4433.026216263058 695.4288097152754 
4223.928064910028 695.6269908046755 
3874.1473598814086 696.0123024698465 
4123.1274034053795 695.7227256784297 
2949.0624209651205 756.3190485252106 
2872.0714018953104 918.4543887576989 
2944.434305580565 765.8193091934342 
4027.2156643969493 695.8275634176003 
3613.3953078076547 696.3995730159668 
3651.829342175647 696.3279165529407 
2880.450823018235 896.163258702433 
3921.981586082397 695.9524815848531 
5273.573736370458 694.8871969858038 
4520.005755655133 695.365054189796 
2972.302943617264 719.8651195009837 
2791.454801101417 1203.346590753403 
4212.53451227689 695.637753058633 
2829.9275402922694 1048.063984812982 
2929.3687452638587 790.9570671575149 
2782.8772233706977 1245.485920885806 
2852.914162634395 972.8669184122147 
2847.358583337544 990.2589469742557 
2784.6666057089756 1235.562059755171 
2825.5917959390003 1066.6998921285854 
2788.1261363013145 1220.4098627772992 
4595.162006530285 695.2996520619901 
2809.9236432416274 1122.8702903842182 
5021.635813284284 695.0168149492434 
3325.0797908230074 696.9336526422594 
2827.560374716045 1056.3668414629155 
3396.166786929465 696.7872149407822 
4102.067300524363 695.7445943246397 
3475.908896975343 696.6280868907672 
2837.113592707201 1023.6135343659934 
2774.593865700872 1292.4675573300613 
2849.038792654472 986.254641372628 
2916.144542163771 816.8646775208364 
4899.626510043596 695.0903629009883 
2812.8609469853263 1115.9669293394193 
4492.628724063113 695.4021349563624 
2930.5146927844207 789.3709084186019 
2842.729413373345 1004.9728394157457 
5040.693191280918 695.0069420153993 
2778.599493144201 1264.9262706490397 
5250.430841735425 694.8938047020807 
3073.0616038026155 697.5706718981482 
3285.214536507058 697.0233935273902 
2898.0083569872277 855.5389912790548 
5173.244764385525 694.9317719891451 
4617.914193633563 695.2842711552898 
2979.795251101941 706.8500440456562 
2875.359907994619 909.4924911191899 
4028.294720040375 695.8263184939025 
2788.8779093467638 1216.5637789632287 
2775.4193153929737 1281.8061355664192 
2979.628314577102 711.3472670636802 
3381.4287916513754 696.8172930268458 
2877.281772394061 904.3277045612124 
3489.292453067415 696.602553659706 
3054.5264635692147 697.6763657898571 
2885.1143396237007 884.5339008567744 
2781.608877480992 1259.0913960148166 
5173.244764385525 694.9317719891451 
2790.9469359105624 1206.3697517838864 
