5718.964114428459 694.7215826849828 
2771.9393787798695 1299.9482642762014 
2771.9393787798695 1299.9482642762014 
3550.922442318305 696.5749699362281 
3427.8867068900436 696.7723103049939 
4276.576216321838 695.5736040495688 
2868.6443855077505 933.0538343058364 
4160.975746152483 695.6820955132647 
2780.973618817477 1253.5376589995521 
3654.540467150268 696.3236317664029 
2855.7083283146508 964.7329130673589 
2786.011695147627 1232.8276311465952 
2850.8142663874128 979.3514746957693 
5623.798959167346 694.762481730784 
2875.484686196959 909.2937406263371 
3963.5787913177924 695.9462271113483 
2918.3590330515026 812.768318026456 
2928.8159017734733 799.7555394702754 
2788.8249792687166 1219.175192446384 
3727.0321635372707 696.2135533314362 
5427.996912467267 694.8037367080227 
2907.4209646960385 836.0332644438009 
2899.8449754607104 852.5249582817858 
2934.069065598809 786.4567851646146 
4350.262320773814 695.5016863406494 
5250.624282450913 694.8925467699555 
2775.3055974254426 1287.6748901855044 
4055.5038188014532 695.8501681249089 
2882.8225258964826 902.3766792186356 
3071.5931474119548 697.653361407201 
2912.1957322381572 826.8851122795642 
2941.9113997600816 775.2025003435863 
3118.016752395125 697.4449721440197 
3331.9696009199724 696.9318465559829 
2795.8798089357074 1184.3406021702901 
3795.933355004937 696.1153608475785 
2949.934208146921 759.1332326163489 
2885.008871132274 885.4995241353929 
3894.9939149586917 695.9940644739821 
2806.568627348642 1138.2871670667937 
4588.161585292524 695.3083451586178 
4702.389800681385 695.2209376932199 
4811.47185049298 695.147074286745 
2809.6793110151557 1128.5892402252396 
2777.7724074857115 1269.6938312929958 
4406.345212673806 695.4530038907667 
4088.6341646053274 695.7620922567452 
5109.06563876448 694.9660288306395 
3266.5201894970983 697.0643952749217 
2838.086737857451 1020.8035443489777 
4769.497657934756 695.1870448945174 
2862.6968991101876 945.587018567033 
5525.260909253658 694.7801654425614 
3846.65133236012 696.0704074349237 
2958.853172258819 741.4570589762906 
2819.5656194091007 1085.8368314532684 
2976.247293397733 712.7504874323072 
2970.4931897052766 722.1115229174109 
5523.925153220728 694.7811966166036 
5211.999879294329 694.9106049663463 
2815.7898809224066 1101.18344558182 
2845.9287310653967 996.633560899134 
2791.048427573127 1204.4542270161487 
2811.4879019762943 1117.2633337281097 
2776.7473397323515 1274.6348452121947 
5340.157399391371 694.84607663566 
2799.797592662433 1166.721299344342 
2837.557155352203 1027.9801772220487 
2995.2938323141307 697.8352436386306 
2945.9224173948023 763.435456136865 
3192.534040785952 697.24172554134 
2827.623087517568 1055.9042479738412 
2823.4096351509916 1072.566904241794 
2795.0123007305274 1190.7498951222751 
5024.98151993792 695.0143968696271 
5689.791595286749 694.7339898450156 
2982.169933105516 704.407856778526 
4538.390612471385 695.3468309082689 
2799.797592662433 1166.721299344342 
2894.3861117757956 872.7679760237918 
2828.7298841329994 1053.3479637227579 
2803.355571057931 1151.1996762907481 
3203.0131989430215 697.2208768771006 
4882.035480037566 695.1423814681808 
4508.4377212433565 695.3662332111408 
2889.442175224266 879.4886948339749 
2792.258240624737 1200.8885432608645 
2842.65441085161 1008.1005753114056 
4883.518432904105 695.1003897534523 
2823.4096351509916 1072.566904241794 
4951.622873973246 695.0577687039794 
4711.470000183278 695.2148302476553 
2862.7026139320064 945.5870078931497 
2833.1025045556753 1037.7567738950438 
2803.355571057931 1151.1996762907481 
3306.625507480645 697.0323118180904 
2832.7993165169037 1040.675912421986 
2895.946429181454 861.582790076593 
4456.244269090366 695.4152877346457 
5154.606765746107 694.9446956488027 
