2771.9288060684203 1299.9539898575567 
5737.664933430344 694.7172956886255 
4537.196590912035 695.3447302387029 
4701.336087420966 695.2223783473901 
2789.1636742600144 1214.2576529012658 
2853.7755738030746 972.705722171641 
2919.1703180951663 814.2505440420798 
2800.0321723225034 1164.7105957691906 
3705.1757394044853 696.2542966811282 
2793.6660960571226 1195.1514094851746 
5623.53549065948 694.7472898601218 
2805.5260556779413 1146.6769443310302 
5256.482865279272 694.8875670176534 
2816.436429646211 1099.4437187746162 
2807.807317740803 1131.8739943442147 
2799.084718194235 1181.23940097436 
3794.8374362728887 696.1198133150415 
4364.681387948379 695.505388184139 
2930.502407370561 793.9973786387139 
2956.089557773299 747.4433558072317 
4192.071468378721 695.6513829640259 
2977.535487451978 714.4581552512336 
2906.4596452922037 842.4135824030845 
2886.2725346801976 885.858605708306 
5148.127985629459 694.9444492582173 
2858.62728092923 955.8582044859332 
2899.565208713242 852.063747579127 
3096.2622927923653 697.6026546472822 
2773.7643471767387 1291.099733753457 
2880.5256450302145 895.9838624907394 
2836.9971273418328 1023.8303243092301 
5049.689514398659 695.0066756529567 
4968.092336675311 695.0549618959365 
2784.84432906118 1234.9973458871762 
3365.9557333565976 696.8484484085526 
2812.4394053499236 1115.2542964644172 
4286.124727878425 695.5610461158974 
2943.005584817286 772.7677771477051 
5709.138167434755 694.7289982769109 
2821.916108437014 1077.7026677210401 
4082.857990198784 695.7647712705303 
2965.5023533863814 729.9042908600172 
3446.939787272524 696.7244330675055 
2851.0704894824567 992.9054002940119 
5461.771092857681 694.8026907473574 
3948.1938682908185 695.9206091216222 
3033.1087518555864 697.7037814453878 
3545.866215658191 696.5045727693018 
4876.476469771247 695.1063458776342 
5312.310306714627 694.8607459199449 
3859.2528273916355 696.0319373160102 
3514.410469155525 696.5848709136578 
2781.178773214605 1252.7706502184337 
4462.46014724977 695.4065980740211 
5120.269060955458 694.9745054888158 
2841.105843346649 1010.047932239445 
4867.188891101844 695.1135089452914 
4780.281230082015 695.1683853317481 
2832.228561685568 1040.3004358227715 
2784.274569498938 1237.70032291326 
3623.9436205996108 696.3740239842319 
2779.2874983888582 1262.1292562045076 
5356.78767528657 694.8460621495549 
3894.536710808276 696.0173194373263 
2844.564422146946 1005.6696334481097 
2967.6807579004417 727.3387504985348 
5539.930494935836 694.7845424127489 
2834.3140857436565 1033.8222084645033 
2948.826159637162 758.8938208136152 
2867.6884608493283 930.2934812977927 
2912.023281442245 826.6433091238769 
4030.479399736814 695.8397713946956 
3999.9992567467484 695.858569791456 
2826.3008670728773 1066.754340282176 
3218.732467634784 697.1957365515672 
2776.848240490176 1274.9876680058305 
2891.627739360051 870.3050105863063 
3407.349580731899 696.7643065151385 
2813.945691661413 1109.1728820070118 
2899.2298933789393 867.3191741283437 
4771.330347279677 695.1735636569608 
3288.924578463359 697.0151864206795 
3616.031391780916 696.4738581389043 
5537.739241312756 694.7855271059731 
2983.7627117536504 701.4166827271517 
4463.070163435627 695.4040636732599 
2931.9971186582534 786.3506273155697 
5401.821244444464 694.8239075632213 
2826.522514473106 1061.7765092625607 
2875.6871832821425 909.0598724627312 
3159.681087521038 697.3482148793257 
3288.048173722009 697.0152748871561 
2872.3269318789644 918.8206969303454 
2846.69921524585 993.1326524265352 
2913.0118298662114 826.6397773255559 
2776.8485194175405 1274.9876665284783 
2950.1523646748446 756.8764597421251 
2830.3287830841336 1052.309212582616 
2870.3403541776333 925.7607211880426 
2861.7435798557963 946.8405977124296 
