5766.078677653316 694.709314953404 
2771.9326250363238 1299.9481976326542 
3432.1728001073593 696.7110094284578 
2901.0929409072683 848.3428401411487 
2917.704474027505 814.0770600010513 
2861.1313627577374 948.6798392696052 
3548.364168569686 696.5204818378205 
3295.161754169926 697.08587271573 
2842.9408361281194 1004.0508279476583 
2869.245039216944 926.6924029631922 
4788.638752955707 695.1611279571722 
4180.587725759055 695.6647977208721 
3639.9989674014914 696.346696707897 
2851.2561601353605 981.1841864211989 
4876.803521640986 695.1045922565397 
2792.1699096964753 1200.141405524694 
2812.0781705852737 1114.4729435113597 
5025.164993006701 695.0138802868935 
4948.2607038287615 695.0744747790168 
2880.663641456365 899.3974954561337 
2874.168861280408 913.5342937258976 
3718.0549166291944 696.2305954545715 
2807.9534437772345 1132.2759330968959 
2935.432638220688 783.0013946406051 
4446.7317096723655 695.4200072482109 
2886.1027447507645 886.0633977133788 
2788.4293308818374 1217.4259974358336 
3997.1166790207494 695.8666172248388 
5250.6693968795435 694.8933330468747 
2897.7367117808562 861.7035742880402 
5576.664349188956 694.779918992923 
5371.436365690826 694.837681309341 
2890.1260334997055 873.0308027743755 
2798.310488261398 1172.6114493738773 
2805.1966115905943 1142.2573784722265 
2926.5075839572914 803.9797099747096 
5641.0537644928345 694.7589498269408 
5326.512108986641 694.8616677052545 
2787.6909503579263 1227.187605040587 
3225.9860540572654 697.17605790061 
3783.4100450950164 696.137311147372 
4352.140729930452 695.5082596699107 
5508.326249911313 694.7890939409979 
5188.633738953797 694.9409852133031 
4076.5656423492787 695.7745839040502 
3176.5214763783297 697.2983636158592 
3112.7412456782686 697.4592692082592 
3927.4985188119413 695.9491607607818 
2931.7978529811394 790.7177618072901 
2828.9267048698407 1051.3985750215877 
2816.418178221556 1097.8682713245216 
2775.3596519376506 1287.2427126805371 
2962.0950369549296 746.8514119710582 
4676.967797507011 695.2549896088731 
2945.1960994447945 764.7214650311736 
3835.9526172598808 696.0614520391645 
2827.5780119749375 1056.0832762123737 
2821.1305707275933 1082.2764734403813 
4692.580415330593 695.2433706064894 
2780.236736814528 1257.0022989868635 
2855.263456354117 966.9953812503802 
2964.666610420181 731.2646316447643 
4532.620089560613 695.3616604651727 
2837.906549666498 1020.4654569227946 
3883.7628489414838 696.0047789268503 
2783.425383712203 1240.7626605010653 
2982.2321180402055 702.6422943836603 
4588.822589144854 695.3035641057896 
2801.681217334415 1157.3098272687487 
5133.571428624881 694.9602872187438 
2833.71566144583 1034.6173852587513 
5458.588711049077 694.8343177449013 
2953.561386193845 750.153202153313 
2814.9526470376654 1102.982971634067 
2839.0512270621716 1016.9423372628531 
4492.349252937398 695.394999448527 
2978.007936999272 714.525493995611 
4064.95871867 695.7843688021181 
2777.7161402763227 1271.00041228073 
2801.154820534785 1159.362380424811 
2794.6881757312976 1187.7483896968247 
2946.9932700749923 761.3677537709538 
2795.352904960939 1184.806780763739 
2971.194608786751 729.207931755956 
4284.914090396152 695.5905867268677 
2825.9711556022567 1070.7720510566637 
5099.0441558550265 694.9923898830568 
2776.3724755195476 1277.1681017711028 
2833.8809064193197 1034.6172736688914 
2853.3308537711573 972.3233062471229 
5698.943126188968 694.7405932241439 
4249.447427419202 695.5942510982377 
4328.577003646622 695.519519873043 
2772.318264233926 1297.9349449557847 
2781.3538860343506 1251.881271132135 
2975.194797103068 717.6886091345617 
2782.6413707875927 1244.629206005999 
4587.54867806992 695.3095707507955 
3013.9428445992935 697.7538369420639 
5731.249658541087 694.7229899234841 
