2771.9804509020123 1299.7172316417716 
5705.0059210818235 694.7255400878752 
2798.796433230126 1169.682323041593 
5104.687325674669 694.9690703087247 
2856.674026820413 962.884272039359 
4653.631244102978 695.2719952375286 
3273.329654411781 697.0462374524726 
4552.585594828213 695.342297957242 
4109.27983357527 695.7362413640565 
4031.8547340686046 695.8258044322105 
4735.688889570639 695.1979755977104 
2863.4415587529948 942.5621929816689 
4988.9176310605535 695.043588321034 
5362.169404751876 694.8349027817566 
2809.437025081866 1125.0501695371618 
3502.262824757806 696.57952702346 
2921.4764798548167 816.4465480045801 
2785.2569527050196 1232.9795522987326 
2803.15070093731 1151.8920839355162 
3431.5466617265542 696.7116186774033 
4191.643358941377 695.660707047936 
2819.9098698524235 1087.7625227887006 
2948.232627052141 764.4665767031566 
2805.376618186433 1141.5841889567018 
4872.250226289056 695.1160111473113 
2953.69036325639 749.408035073314 
3145.4308482672427 697.3960022048124 
2823.6190219504947 1073.0780870208114 
5574.244468156052 694.7614326310812 
5178.620004947975 694.9282097825904 
5645.439427878387 694.749279353295 
3196.1851303782328 697.2412280091546 
4491.47393562527 695.381057004898 
4247.569582561325 695.595020114391 
2829.41013332462 1049.782073022727 
2794.304488704637 1190.6053750146034 
2842.6412126681435 1006.331461578878 
2856.0841090527506 980.1910404765468 
2882.778352305876 890.2240338664195 
4947.503788530517 695.0689745447477 
2867.061190079121 932.3986457848172 
2879.164593068107 901.6784680491173 
3950.105828171203 695.9157672084491 
2780.5343539617124 1255.5082921792102 
2815.8949840511045 1100.0487257636937 
3849.624131692683 696.0541057319463 
2790.7445713330408 1206.3752317301878 
2848.8545682400736 985.4373143053784 
2982.361464725519 702.8561128461979 
2940.6581577946486 775.079295935287 
2844.0392272043255 1000.6099566679015 
4330.721241803271 695.5206791111852 
2904.1094202598947 853.5772233154421 
2788.7852440338966 1215.53289757285 
3917.3052965824118 695.9713768297901 
3704.701732255207 696.2546487319846 
3805.119885043371 696.1154210178876 
2898.170255737388 864.4422499750376 
4423.300448959296 695.4403916226511 
3364.4930631355596 696.8464554450557 
2891.016309880789 879.9719492403614 
3065.2804342521645 697.5919705520246 
2837.2666351019916 1023.4142138935906 
2786.3581143005736 1226.9732637417892 
5286.122554273082 694.8803854956831 
2926.517362716481 799.7235370946505 
2936.4642358353517 784.4545630276424 
2906.8296058186615 844.6566806294677 
2926.5205752223087 799.7234809326538 
4316.52666607796 695.5306410471673 
2774.583610204865 1285.8419752686902 
2832.8785504530438 1037.9836479462153 
2910.008412105838 837.4731664899925 
2793.609046219368 1193.5004928796607 
2778.6267305575434 1269.990489311819 
2812.839171326377 1112.8071688501554 
4811.615255542416 695.1550297852123 
2969.0651241137843 724.1179767386003 
2834.916298105621 1034.191482105782 
5513.54324234818 694.786732374057 
3574.9575849937246 696.4676462005727 
2960.024767822537 739.3678712757982 
5433.821295818146 694.8028453344112 
2780.1986953970027 1269.9868053446266 
2919.5824933440877 828.0521805512382 
2780.458273894764 1255.657924620959 
2774.5498080590205 1286.071428597036 
2974.256014233764 715.3604797344565 
4424.317548739614 695.4395347493106 
3364.4930631355596 696.8464554450557 
3754.4106513932643 696.1780062447207 
3627.269832945765 696.3721348062855 
5499.732553361207 694.794825735093 
5433.821295819288 694.8028453326538 
2966.4296578193025 729.2856993744792 
2813.4034014504437 1109.8643160592096 
3640.6703284716664 696.3507248261515 
2871.32989694543 920.1323129311355 
2826.47463948484 1061.83973795676 
2997.7353893926315 697.8194051939522 
