5752.765088601722 694.7133097593003 
5752.765088601722 694.7133097593003 
2771.9573583773545 1299.8195145662746 
3976.4282020383234 695.907242821192 
4911.665208809302 695.085198554423 
3865.5882747943365 696.0250563120592 
2803.5535754044477 1149.8044236687529 
5018.329902809726 695.0179236782902 
4625.86794305345 695.2762021879028 
2808.3402867707846 1129.2793480022247 
2785.010443605055 1239.6320910084164 
2899.8893951455943 853.163943385006 
4822.428868703775 695.1393369475476 
2942.8424281550447 766.9767992784894 
3781.8351932261453 696.1350985723598 
2815.3458134830935 1101.7032054869467 
2890.90029384904 875.1628608819279 
3124.0249847113873 697.4221753248028 
2811.180762139473 1118.2555683972778 
2878.959508057043 900.0340359528353 
2861.1641500667083 949.9581548261032 
3469.361441810355 696.6520607087448 
2937.085645711038 782.2505062928351 
2796.025825457024 1182.220706530974 
3540.4869665059055 696.5201682592827 
3718.927565675804 696.2252302178078 
2909.5578192874323 831.672394315659 
2823.3639019423495 1071.645286377149 
2970.2127083208306 721.5454135445402 
2914.533559182377 820.7223332350572 
4739.440686072538 695.1966601897508 
5130.293255733915 694.9544836165602 
4567.520550910682 695.3248131379224 
2845.134044898477 996.9724017344192 
2964.9353570006756 735.2470137794502 
2826.6591249088688 1059.9930321440172 
2929.0568929284673 791.6430300013959 
2830.1241076980587 1047.2346115002636 
4391.3995061550495 695.4669502326055 
2773.982559224739 1289.5963129701795 
3073.4084256052997 697.6832680743967 
2840.414756527755 1012.7126748266543 
4242.015805185899 695.6095523937922 
4163.365789564021 695.6819307759047 
3648.0277900149413 696.3431220496375 
5335.141930334158 694.852923321392 
4074.639263835746 695.7762136910522 
2904.932865074527 846.0845801256351 
2779.953901870458 1258.156478927068 
5616.722056331489 694.7706592352101 
3287.351465102043 697.0210895322577 
5085.221868213137 694.992294572391 
2858.16896651141 957.2141978521657 
2867.4734511994016 930.79242978785 
3603.014949314509 696.4072602224952 
5509.7082417803285 694.7822749477214 
4284.871693127595 695.5604357112418 
3405.5909981903073 696.7723926834846 
2792.4815125430137 1201.322632625012 
2955.8832557214664 744.4306934546021 
2838.2235830546456 1019.8468276696233 
3214.493605170042 697.2215102403277 
2819.698927446834 1085.5678687606598 
2799.088563787248 1175.2597490840963 
5428.117084835808 694.8172690464293 
2779.4203055516946 1261.6312686316971 
5698.991151178342 694.7344116740798 
2852.895733474994 973.3587704074429 
4496.434703319869 695.3791032481768 
5311.7328337840745 694.8696141126284 
2883.123291823207 889.6578157531898 
5214.8233024711135 694.9101201896887 
5245.792966516046 694.8990323092739 
4478.503630068746 695.4489485453672 
2872.808435720743 916.257391958973 
2853.557961487738 970.8996332590077 
2922.0747331652674 804.9671257553867 
2818.273301385877 1090.3379508400926 
4755.708810586923 695.1855194706548 
5431.036407100166 694.804128465099 
2789.6624295453985 1211.0976375192176 
2786.3982450855347 1226.9816111513578 
5509.7082417803285 694.7822749477214 
2833.478615541405 1035.947364362441 
2848.0063672957604 988.0407295781459 
2868.011012934342 929.3053256089582 
5662.3320771470635 694.7426052936161 
2977.3883198063336 710.7953567856778 
2776.456475976369 1276.1033544547352 
2951.5012928735414 753.7357920027347 
3220.92256846465 697.1721785700273 
3364.06251773048 696.866066197894 
3004.567925832991 697.775226419577 
2978.6368793613765 707.8915663654499 
2921.014514669694 807.1624797961708 
4123.205615851946 695.7294297250804 
2987.231285097138 697.9092619296828 
2800.228388563996 1163.4487005907051 
4409.946196567022 695.4523331640374 
2872.8073321091897 916.2573961645253 
