5724.640694873278 694.7236191669765 
2771.9363000862804 1299.9115113600005 
2771.9363000862804 1299.9115113600005 
2830.70459078889 1044.9727264752407 
2841.641229655055 1008.3621152008466 
4116.709293460162 695.7310105459278 
2822.114276055013 1078.1980305568547 
3820.7508077228304 696.1591353710313 
3191.3104102037246 697.2540857096266 
4013.7302277621725 695.8430831356278 
4610.97246476421 695.2880718929052 
3509.263679289421 696.5683249870544 
3646.5273900259244 696.4158926699233 
2774.8997180915835 1284.3985020088003 
3391.74317203862 696.8819473855536 
4819.077380175456 695.159232285598 
4914.709451327082 695.0813041960465 
5578.494895746464 694.7638070198632 
2786.1746478805658 1227.7042266371272 
3545.878589944717 696.5039400255421 
4183.739274265064 695.665189852158 
3897.1234157187614 695.9858321844536 
2847.412882216415 991.0340679321107 
3361.8084553643303 696.8885119451137 
2857.9429065256845 957.8402035491988 
2784.006540417045 1238.0780341194854 
2896.939110776548 868.4433455390629 
2917.641782214315 815.7002179535395 
2883.8478615066497 887.7544864365494 
2816.5412809358354 1099.7171562194326 
2980.1722557636076 706.381156808547 
4674.645035348352 695.2738102123242 
4252.924975965307 695.5915741789821 
5115.665840224486 694.9637145354784 
2869.252223517342 926.0709101950409 
5293.0585509797 694.8705237227775 
2777.74379366439 1269.7804156175919 
2796.3077335156104 1184.508812557106 
2798.7842667689033 1169.8089117709842 
5360.001064393416 694.8398623693388 
2878.8861359153543 901.137971115919 
3953.879620050098 695.9139184258195 
2864.8821040405473 939.9223394685371 
2780.954720113197 1253.466900777557 
4360.410109346721 695.4920489753928 
2819.8139990578698 1085.9581717019046 
2888.694483667612 877.0063284703492 
2813.9709900926914 1110.8422393497149 
2899.5843544061645 852.4254127098336 
2954.342118791426 753.8327686988315 
3098.5564147414175 697.6209018327028 
2967.187965728751 734.3531570346981 
5645.993465346849 694.7484336457472 
3260.732533354996 697.0763236662583 
2811.653801910527 1120.6048370071467 
4511.877176184475 695.3718394543484 
2911.7698986361306 825.7024235333836 
2853.9551073147923 973.0484717593833 
2943.266267066868 769.9421380200189 
5237.461091720251 694.9020649779845 
4737.62602901666 695.2060402625212 
2862.2409127718456 947.7867009100618 
2934.760979363461 785.8502539908335 
2972.1114729850674 720.5446878228237 
2907.9090020362546 833.9982573055229 
3728.4533383885027 696.2212114388021 
5426.879884128122 694.8061402143293 
2944.5180926837056 768.3489169313608 
4424.38415619042 695.438459761496 
2789.924805219961 1210.083289813089 
2873.0341231223865 916.0567497190041 
2805.22068053085 1143.8616528295586 
2793.0960695110307 1195.785949384394 
2958.3885120317786 742.1566615295211 
3699.2569947196284 696.2594319227659 
2779.5203738784458 1260.2921310129957 
2932.1324728300942 802.0838070833549 
4768.852274878877 695.1847133763971 
5034.422524185826 695.0099126413522 
2875.2341674764875 910.0675210717159 
5502.955671784898 694.8022113913725 
5502.967942920593 694.8022060448301 
2849.794129570903 982.5496373355718 
2924.1737013442516 802.0989548721199 
2789.924805219961 1210.083289813089 
2903.8281024805106 843.1510893571076 
2934.4357220753195 787.3238809869848 
2970.3060155907724 723.5124040657754 
3260.7181109218086 697.0763550389862 
4965.268497606458 695.0506836754945 
5034.358396940948 695.010027838935 
2802.236286647958 1154.7259541774922 
2800.9366477948724 1160.6938800177816 
5198.400461323102 694.9184255851143 
4452.679690294903 695.4184464966784 
4310.294351958274 695.5745354478703 
2808.5779008815266 1130.5432173533122 
2955.4756627464603 748.9731208162784 
4511.877176184475 695.3718394543484 
3088.9298344936255 697.6306799549219 
