2771.9238106117123 1299.9786695278192 
2771.9238106117123 1299.9786695278192 
5765.34641713262 694.7092926529383 
2861.677303813448 947.055223645164 
2953.156472005154 750.0801000788587 
4183.218029685787 695.6815495353011 
2870.265771265649 923.3983248081684 
4801.584681785961 695.1646720723517 
4460.468922566285 695.4083381115666 
2853.8072280951337 970.9004402435455 
2916.0668947229296 818.6561286974924 
2819.233309304756 1086.5967129660344 
2806.431104505466 1144.970009607168 
2906.8803742153136 836.7470899596328 
5371.621063804354 694.8848146949463 
2813.463042643677 1108.7675852614036 
2930.78861072489 790.5573262642163 
2847.5429742238384 989.3534596881999 
2777.39247609134 1271.2886916185375 
4982.92189901845 695.0430521564581 
2985.9416728725605 697.8379198361553 
5043.403679366426 695.0048648335409 
5131.686438571696 694.9547133824191 
2874.286896143647 912.8010630593618 
2785.553814646796 1230.8089514583196 
2968.383028781399 724.409975009411 
4384.516473390566 695.4738242043082 
2807.466810106567 1132.9711519704872 
2798.1894633895017 1182.2827064892415 
5430.959522320581 694.8037674095851 
4286.629592288863 695.5621262439687 
3265.4614844312246 697.0955146776365 
2788.459968068649 1218.3833134587248 
2880.3673072483357 896.2844366538658 
3824.917549426505 696.0969701110673 
2791.0205770196408 1204.6006694066828 
2968.456174833305 724.4097288970718 
4700.922493132202 695.2244283828359 
2901.8603228517095 848.6513404140679 
2941.3166075758277 773.8197656501045 
2780.588089435741 1254.8914611397402 
2843.6200714826414 1008.4135687431675 
3462.1847748964756 696.6807576384238 
3423.4061223613544 696.7331377617924 
2811.3279314110614 1117.432814168475 
2783.8754064115124 1246.426626133881 
3739.1345598371304 696.2064776419468 
4015.0753655600706 695.847092931766 
3870.4918323352535 696.0237710944316 
3097.5072287435546 697.6473714769246 
2897.021235074725 861.0635456478028 
2793.577885631319 1192.7672699302939 
2833.9186758399164 1034.0324497098372 
5508.473119116208 694.7827924858478 
2885.5388139084853 888.0758766406552 
2801.8918562848917 1165.0363007165258 
3002.275055033718 697.7863634027792 
5269.672388358971 694.88622252012 
3701.7300970273054 696.2553087071934 
4102.339331345696 695.7488766641278 
4627.056030082925 695.3134698931199 
4889.859948479186 695.102054280129 
3120.6437499314948 697.489458529783 
5676.9240955818805 694.7456532580717 
4557.237291740487 695.3282341313633 
4319.234898873726 695.5306443965553 
2853.144587779424 978.9255453183825 
2890.9951228450727 875.3842644236667 
3335.990288908396 696.9094171649034 
2799.6925753735172 1166.0403976864675 
3549.9359981200046 696.5023498669482 
4878.004781691037 695.1356966845622 
5664.501761685969 694.7506563959402 
2925.0170950346946 802.1993817777724 
2829.709039808611 1048.4387286426736 
3630.007220620711 696.3656562417722 
5589.384023851448 694.7606510779865 
3197.574371343155 697.3525418384774 
2773.101454732151 1299.5020206454885 
2827.419370242659 1056.538311067621 
2892.793166935936 871.0283825329541 
5544.909756698042 694.7804437742037 
3944.9793881914256 695.925778711507 
3621.4336389768223 696.381532007631 
4671.6504484160405 695.2454771083158 
2774.7581747772424 1284.8773456223587 
3556.283874723122 696.4871006810932 
2827.231298279799 1070.9694563126798 
3332.926756351938 696.947010673789 
2951.355317200374 763.3656546198911 
3946.1609711396454 695.9257070101836 
2774.7584435173744 1284.8773441953222 
2921.9867117908893 806.230236477192 
5204.813801056403 694.9179989326556 
3199.62677618123 697.3525270539001 
4564.819251102531 695.3281567811945 
5261.454254987639 694.8909765059057 
2946.1732733912518 767.3898064945662 
5192.06878971868 694.9242499792801 
4068.880211144613 695.8096411912131 
