5701.0940074165555 694.7280729726662 
2771.9905828168976 1299.9648331317414 
3944.3041300900904 695.9333549196035 
2853.1399728494553 976.8313111805352 
2819.5026034404796 1085.746518116484 
3393.8188947542585 696.8001436526683 
2837.1821110036476 1025.6501895910699 
5326.497088504665 694.8548184895827 
2909.581463856173 831.684835537037 
2845.5963351067453 996.1387195857131 
4494.547204157774 695.3792394643226 
2938.283343534432 788.2998888903127 
2809.8464178224494 1123.579789801 
3286.0018856118404 697.0563710225998 
2858.6930668710843 955.6816085041761 
2869.5232231840782 925.7596332101249 
2804.4787161608324 1145.896677885003 
2825.7109443759714 1062.9395105989367 
5428.677481867698 694.8031869345075 
3594.5712264954295 696.424135827321 
5613.241064881909 694.7617621211124 
4265.35781569308 695.5954540755699 
3837.929007253416 696.0717992140941 
2795.5586652485877 1185.7549508229467 
2901.4412576588666 850.1376872955427 
5216.102811216929 694.9170219203507 
2914.994743552064 819.6288731866396 
2959.8599754510783 737.7414016985734 
2940.4406992922673 773.8235626754677 
2969.311963278491 722.7565638386818 
4327.170807937749 695.5347472423505 
4633.4847954390925 695.2717185847721 
2799.6966883652885 1173.0624545109729 
4191.802532543804 695.6883933593035 
5131.636908478219 694.9675580987677 
4799.924022535276 695.161302801495 
3181.7669772286704 697.2804866051588 
5071.597842743736 694.9891834516877 
5519.782390125132 694.803185573813 
2945.6477608347946 763.159685425835 
2816.21540712624 1100.7597622640192 
4052.8377442476094 695.7980077930206 
2776.9332669928153 1273.673305454093 
4974.358246053615 695.0541556070777 
2790.77730024541 1205.7050354411379 
2880.4584560207777 899.4956651726872 
3539.719373025773 696.5211415940705 
2779.603115762603 1264.1231693642349 
2784.9531575306346 1233.9865028481354 
2829.1293476241144 1058.2803132720765 
2926.2428721113515 803.6554022350113 
2864.517815371288 939.726003089119 
2801.1016057950324 1160.6999148946995 
2892.455035025055 869.4586852115685 
4707.234566411844 695.2366976066376 
2898.570283696425 856.8126243303251 
5378.012511253553 694.827987227802 
4413.453178465019 695.4495692583989 
3041.643115243583 697.67282467148 
2792.3467587464916 1199.1687697360271 
4141.971485319355 695.7029047112158 
4897.208923920916 695.0968435053395 
2889.0735729731255 876.5172993279831 
5010.35860310981 695.042062518119 
2831.9811545995462 1041.989142196193 
3464.054537666174 696.6819915366557 
5549.7381316781675 694.7874094733427 
2841.889884850694 1007.7192057626942 
3677.3974847425234 696.2882840143664 
2788.963352688419 1221.001766433439 
2953.3047258151314 751.6306729296498 
2923.2391367039318 807.3757436635417 
5687.4885381015265 694.7441672773234 
4392.638293586616 695.4675512038796 
4571.981482299594 695.3206714364776 
5194.636357563202 694.9278661721343 
2833.044833524278 1039.5472883544398 
4091.748552541741 695.7636318201254 
3118.827835892349 697.4488344877432 
3754.4096634474563 696.1790534702287 
3099.9777169494632 697.6022515271242 
3683.5701224056284 696.2874593373203 
4899.1290920866395 695.09610217737 
2874.5144482049136 911.764520821361 
3487.536605608959 696.6455727992517 
3810.1131402764513 696.0969315110739 
2803.6533528641758 1151.8727531316413 
2813.6610073531556 1108.9847445599853 
2811.8671993616035 1115.2756237757158 
2955.9771026098992 746.8720983871827 
2976.365902745139 711.6213793422278 
2774.470347998957 1286.7636036842896 
2787.0358153551415 1223.382493758849 
2874.8061643917645 910.9726909567581 
2983.4146936926654 700.9670883879976 
4774.931879754272 695.175556168966 
2885.9912241360776 888.3178660782494 
4579.948699479307 695.3112668339419 
2974.9753648057067 714.399876556428 
2999.374596030974 697.8441999743811 
