2771.9613595154133 1299.818814888418 
5754.057852589738 694.7135298553893 
2876.2016814480344 908.0378243549676 
2868.478926844056 933.3994384764288 
2898.745369090596 859.8641116154614 
4303.387453658176 695.5427190949445 
2800.5323605740878 1164.5154320972515 
2920.2712143115473 811.6242398522131 
2928.6868344201484 792.8386938580359 
2795.38221512398 1187.0348011354208 
3297.5249052502513 697.0001869434911 
3072.60074143725 697.5674343514622 
3351.711783782101 696.8738549536939 
2862.734203107739 944.6449817183477 
2790.3353473664597 1210.1608642630708 
5422.838052211508 694.8060916415295 
2779.114495690543 1262.6130134491077 
4030.8359248712686 695.8224773595437 
4147.785422857515 695.7017444041937 
2825.293729843731 1065.6826836199657 
2914.0526420161104 825.8811652397048 
2783.3083045752583 1241.9060318815787 
3738.502330810833 696.1967161636743 
2812.0040298866734 1114.9677736457184 
3517.83435916644 696.6290869460357 
3810.077983346062 696.0959399779142 
4425.918689702044 695.5065465027742 
2937.3403428629263 781.0086388149977 
3192.574556282477 697.2979850455364 
2941.8499618244346 769.123328580899 
2857.2785073287378 962.3054796995901 
2964.363206088254 730.1886353619507 
3931.146327109698 695.9446887794668 
3169.643882334682 697.3301700701835 
4580.388244074793 695.3109081146553 
2911.084983944011 838.2700716769427 
4071.422331114064 695.7796083621089 
2844.9652984608106 1001.5377368040237 
5518.56083279889 694.8060913126131 
2806.852963054772 1135.836869626549 
2882.9663289239306 896.7505122601988 
2815.7524643142583 1100.495935598488 
2775.53058795893 1282.195133791149 
2885.063978721204 886.4120999043058 
3581.4422663742334 696.4416315340018 
5643.594066156556 694.7601923070517 
4800.716943869358 695.1544773618831 
2834.0281001196777 1037.1515291760002 
2809.2001071215864 1126.039360652503 
5027.915663782313 695.0144810020148 
2780.849052175693 1254.1400357988045 
5568.003297151859 694.7729149508872 
5206.434095171923 694.9200675122867 
2836.835536857793 1025.4583983009754 
3869.2149675164346 696.0233061283135 
3449.817079400363 696.6806041672734 
2829.5887769812343 1050.2717704693416 
3676.7339127599503 696.2888007542967 
2852.762089259058 974.5173614429177 
4235.053716218599 695.6073868430453 
4708.9690026338085 695.2157167085657 
5066.259622577934 694.9925145330909 
2786.904741791182 1227.6402179169907 
5118.011607992789 694.9610344137378 
2774.760442365356 1285.068303945183 
2982.4071402975746 702.7205577233075 
4211.628851165275 695.6302445445973 
4819.795734831906 695.1417182577555 
4959.100006031193 695.0541577450078 
5290.3792913716425 694.8944266783561 
2979.2473435433444 713.5469769647779 
4514.254619421445 695.3623878383852 
2890.2380944895476 873.1936626262096 
2842.014925352021 1010.9897324039312 
2803.2347751828224 1150.787148539533 
2818.317166714641 1092.861440598604 
2821.7705756238747 1077.2686324376264 
2847.8923840967536 988.4108750728672 
2804.298947317675 1148.5044931631824 
5344.324288131797 694.8518430728435 
2838.94060743365 1017.154985856057 
2772.8372004713337 1299.8140823483793 
2955.72370616603 745.1185373057168 
2786.6272727656255 1227.72209137739 
5712.787513892967 694.7306062623207 
2849.3721519473647 986.2850976962885 
4433.736956231193 695.4280386371602 
4886.385297883229 695.1015359875903 
2792.6321406104635 1198.0837682217173 
2889.5453791030263 874.8842770218671 
5680.784329983136 694.7442079232832 
2970.282535462206 722.8790575952565 
4943.035414454574 695.0950933351527 
5155.837516249238 694.9414781552533 
3450.3099765247825 696.680473018198 
2854.75115702595 968.3892669629246 
2948.5937594383468 757.4395305608866 
2911.112101356649 838.2699665133842 
3630.3298553750747 696.3631333065938 
4496.675826133009 695.3765027393393 
