5591.753023712279 694.7561220528229 
5591.753023712279 694.7561220528229 
2771.9632839684596 1299.9292816941738 
2776.939135006644 1282.5306682264663 
2780.939702689988 1253.166711205317 
5225.438605093276 694.9056380629926 
3294.096139371331 697.0065719467221 
2876.9823820226075 905.2119430053185 
2888.1656922275606 878.2148428076248 
2896.382409967696 858.7889170016659 
5540.069322414996 694.7789806142761 
2931.0400001105695 793.8626824736408 
2868.546676747912 927.991456340234 
3822.889285315361 696.0789166877651 
2807.8543899219244 1131.44900279697 
3218.4227302352665 697.1767567338136 
2858.2831394933887 957.1424036969531 
2843.88022521358 1001.3257577799305 
4817.856672862923 695.1420193033406 
3396.220209348111 696.787756954543 
2813.020840185569 1110.663666258224 
2881.843795282588 892.7545769656266 
5430.838135675795 694.8025469364072 
2786.458519107652 1241.077174303439 
2839.154605903392 1016.4920859485972 
5119.018281710018 694.9609831322927 
4641.632891019293 695.2772775869646 
4136.3024360602885 695.7083195749782 
5003.293012275539 695.0548908216905 
5299.946922778482 694.8935992553947 
2916.483721433593 822.7626006279306 
2964.6587946737277 730.2549355036894 
4512.924640838525 695.3627222346859 
4397.566082568066 695.4587937055265 
2836.093294630555 1027.463678767907 
2906.357658094651 843.6833767987162 
4189.598776923581 695.6522284267941 
2981.3986640918515 703.9569621098436 
3143.1374387343244 697.4025181753477 
2797.0465663003656 1177.6087666405326 
2957.306694063798 742.9165510319933 
5347.922342198811 694.8666892649472 
4062.5413358170713 695.7960696249154 
2832.4121902548977 1039.665740484453 
4768.755725479147 695.2032042876608 
3747.9243049800198 696.2279547573823 
2863.2985199931886 942.4939814936663 
2804.5575488024374 1145.5184727662745 
2943.0162511310027 769.8808244578879 
2793.8863246435535 1192.036675567854 
2950.605949647461 755.9950692049625 
4910.688380726709 695.0900072828853 
2820.9351783150155 1080.4917475166446 
4912.005361233922 695.0894012065686 
3433.888159929699 696.7082370877794 
3607.7496122907605 696.3979279714861 
2787.3395767952193 1222.621319425381 
4248.809784585796 695.5942101014665 
2975.227050363502 716.3992175768593 
2940.2003390342225 775.5654641760998 
2800.3130122725192 1163.4772509009413 
4345.465154578689 695.5139408335623 
2818.434148085929 1090.2915185554796 
2917.1974972344547 820.4673853744158 
3719.5014797133454 696.2698610329592 
5096.297490097403 694.9737953639594 
2825.156297107044 1065.1199655735927 
2848.7870466059567 987.5055396637916 
3904.342112409959 695.9722522612416 
2790.3512280824166 1207.7678311593781 
2905.7506502725855 844.9130147755782 
3952.178497590565 695.9273070735019 
3558.3689659811716 696.4806483438507 
2829.273238303684 1050.3595049516252 
2790.806962971563 1205.9448343845831 
3983.556066155361 695.8861875421211 
2850.054968250382 985.0892027363008 
2824.6365143099133 1066.9290510873723 
2972.541790849569 721.0272436970508 
2922.3392798240393 805.8697259896 
2865.866953319232 936.8014026689423 
2853.234938991824 972.0414448199043 
4513.750643329469 695.3626943882421 
4713.72830918454 695.2127220812906 
3486.89796206507 696.607804597704 
4585.510019998385 695.3062627198598 
2795.663831145912 1185.7654744749545 
3058.2173546558633 697.6284570412507 
2800.2622463627727 1163.477363714368 
2787.065138580524 1226.4228531423878 
2805.213456684488 1142.6177696048119 
2954.3643224846023 751.2117169727971 
2853.234938991824 972.0414448199043 
2922.3900456681504 805.8696427181709 
3110.7494909159086 697.4901959321759 
3664.836250289676 696.3112648046717 
2772.7064513515206 1295.9446306431114 
2816.905769378468 1103.3640934044868 
5036.735543487403 695.0333657476195 
5407.467434123461 694.8193865222303 
