5581.994231494283 694.765470394144 
2771.944825479884 1299.9625886222457 
3970.314861279721 695.8915362040549 
3155.410720249977 697.3401344223224 
3243.8844329576045 697.1273119023717 
2870.256341300702 923.3267202720398 
4071.5383207274035 695.7758142619113 
2953.4237711687356 753.740504341514 
3640.2908268104293 696.3457508045669 
2785.916415568306 1230.799266049385 
3063.121994804942 697.5962545533483 
4928.905054418804 695.0714316064095 
2877.993659001827 902.6751243349186 
4124.016278828985 695.7193514185606 
2849.6679681715855 985.7641137179819 
2963.771138847079 738.9180818151485 
4212.597188487531 695.6290742802753 
4987.380043628898 695.036799292376 
2882.316080884931 895.3145792621448 
2889.3689585147845 874.6392772084812 
2782.084890261743 1249.533342800532 
2801.8142104465824 1156.8890312298693 
2903.8806972655484 850.4247947926768 
2937.8505104400197 776.5610250107445 
3545.407932447094 696.50315639063 
5187.233478673278 694.9244150964151 
2844.927886434612 1003.0489102239691 
3689.8330573446788 696.2691949441859 
4517.41763148815 695.3984533078832 
3012.364701758889 697.750220499089 
2823.1758827375193 1072.2203767875856 
2967.256223850983 726.3119514000708 
2944.336014685128 766.8127346867898 
2980.05821412997 706.2148936843789 
5438.805170363374 694.8021349029633 
2818.7851312302273 1088.6436633590292 
2788.0946404534066 1219.5893709155566 
2813.323627658782 1109.6975011681434 
4450.993355790382 695.4139565969824 
2793.8694740275023 1191.6299797074942 
2808.2229233619782 1130.081456534577 
3869.682820172287 696.0176788043076 
2974.6381437115033 714.9107235536428 
4356.712941477668 695.5081177205022 
2841.233987856826 1010.7751809186115 
2918.433922753437 824.2860869850367 
2817.0912449042794 1095.0995146002513 
2888.9428372409575 875.6469373025196 
3798.2597409178793 696.1183855007706 
2799.3074172665224 1167.626000414955 
5239.059707953793 694.8962681605003 
2811.2249443000883 1117.9126282347281 
4573.82393458404 695.3158260607628 
2867.0644803481705 935.5766189933452 
2778.1533738531843 1267.5408348801798 
4300.790887317683 695.5449898580051 
4406.154927402098 695.4513908658464 
2790.4669441124825 1207.6424045831368 
2830.7665615538217 1045.184705038915 
5315.164176918852 694.8605683853809 
2934.0778562288083 791.7083913142282 
2826.7534780123956 1060.611905091923 
3515.697661147715 696.5601712858113 
2852.7018531829913 974.2350183963938 
2855.2157007880655 967.6888619873203 
4261.734065385576 695.5816279331452 
2926.941539435242 807.3349901278358 
2775.650510689605 1281.1892237874576 
2833.5138044494843 1035.612858916569 
2858.740509574941 956.4559975778459 
4699.99683411106 695.2223288178789 
5114.713784802612 694.9626805040074 
4617.613975860945 695.2821982517249 
4844.6800430323765 695.1253965611021 
4768.83046189159 695.1744064506721 
2805.5106324831268 1141.2158678623998 
3320.430388822955 696.9404936224488 
2929.549660650622 794.8074621117128 
5065.455002937875 694.9904010790216 
4844.6800430323765 695.1253965611021 
2863.746208663462 942.4776681518337 
3763.1395887109743 696.1625630703406 
3396.4707839436164 696.7809308527703 
5548.906890847493 694.7798014023363 
3380.133743344048 696.8169675637416 
3864.2171826468802 696.0627188379231 
5497.433892794403 694.8017431537829 
2861.5431851266494 950.3963231942074 
2773.948334541066 1294.3901731018589 
2797.0023380490516 1177.536599931891 
2912.578006928375 826.5841171729523 
2904.637389131582 842.4964659158317 
5381.823076155986 694.8265617303175 
4760.5241038211225 695.1803319743489 
2837.5801439988413 1024.0065986168363 
3456.1237748548892 696.669588486693 
2774.7038473059515 1285.5775149388319 
2928.0474819486876 807.3340023684879 
4702.769774396773 695.220458694452 
3324.8620072978883 696.9308258191996 
