2771.955605244768 1299.8023661099928 
5483.18884126247 694.7895583190358 
2771.955605244768 1299.8023661099928 
2896.783946762101 864.7460444249458 
3264.376196014682 697.0764012763734 
3892.658935738048 695.9873403881483 
4013.9139044312155 695.8469131320832 
2834.383829417717 1032.731153124485 
4803.690636695736 695.1568077572562 
3367.146176947955 696.8693710873032 
4997.9532307460395 695.031367113663 
2889.889076902713 882.4718446582973 
2870.73091490124 922.0127515056232 
2854.188917167072 980.9406547964071 
5091.53381170917 694.9793771662361 
3436.950265899874 696.7162284517926 
4700.637425755549 695.2220701241005 
2824.3717906877228 1068.4983715401734 
2972.632702063979 718.8303072880944 
4226.910523733219 695.6202866286837 
2931.04694069477 790.9955516878425 
2887.2845395295917 895.8439290333932 
2795.1998316197846 1185.7091494533256 
2829.1614317094054 1050.6767024673354 
2843.143654222402 1005.4276937636048 
2776.9884526958685 1273.651501465912 
4494.934275990599 695.3771867026502 
2783.0344085529114 1243.1935722914375 
5129.653057044765 694.9582202178606 
2906.796523204583 840.9998016942179 
2805.646842826376 1146.8197953522963 
4377.816468913562 695.4780554731243 
2858.988210763609 961.983135638244 
2774.7127265832187 1285.6562829648035 
3497.6622247946607 696.6034294223906 
2814.4704650611284 1107.1290632623266 
3102.15007181658 697.4853878395451 
2865.1386200707016 938.0322026954435 
2800.758447197344 1174.9202811570483 
2983.968772981885 711.0946010300389 
2847.396364003854 989.8675051457868 
4077.17467222143 695.7712691783778 
5422.741814857853 694.806745008125 
2793.312757044412 1201.0480209567925 
2810.2539642456277 1124.8767408725735 
4627.647472368368 695.2757750986303 
5378.289650162779 694.8276051975357 
4938.993916508131 695.0648611175112 
5211.000514989738 694.9111264521781 
2961.613532970174 734.5405057993578 
3181.7835347309283 697.2735137948162 
2787.9413860682666 1219.515156247774 
2912.525658241261 824.6467393795383 
2819.866858741796 1098.2010085624202 
2820.771763211499 1080.8284089701854 
3671.6934868432536 696.2961774168242 
4311.298564583999 695.5367403678102 
3056.599055387996 697.6768857154088 
2959.453336035359 737.9211450082744 
2990.3854764410817 697.8233496581767 
2790.644870345949 1207.9180815559025 
2862.385424037127 945.304586300436 
2917.54187540923 822.1360398650228 
3758.1160563474878 696.1751697076883 
2921.11455743538 807.1870331768944 
2831.4443366878086 1042.6485003208616 
2779.793289852016 1259.4105801017886 
4286.567348667682 695.563754892528 
4874.519333118128 695.1060590302584 
2810.26479289179 1124.8767043767323 
2926.7017126952755 805.008840800114 
4160.574312434825 695.682430265536 
3168.389735334671 697.305638093824 
5251.276830615396 694.9017757523284 
2908.822806925375 840.9978413961758 
4560.851116062344 695.3257825906674 
2780.8553578264364 1255.5610056517348 
2951.6336203847422 752.3285745363954 
2951.2142206299773 753.0155270841834 
4673.294561397224 695.2417582703754 
2803.88637905676 1149.7365218910127 
2785.7673524978986 1229.8400586263976 
3828.8565399020003 696.1243371430294 
2875.4745468668943 909.0940172542378 
2876.2261002917267 907.3533302674128 
2945.585247310403 767.4008538046363 
5309.200594863927 694.883887424334 
4120.034251382337 695.7394750105137 
5321.395888132474 694.8553206075871 
3598.515204985561 696.4286812326965 
3666.779976864608 696.3180408245676 
4571.469654390068 695.3181347074533 
3012.64655780425 697.7512138024429 
4438.93818179204 695.4240144000896 
2772.291271023782 1298.3530206606138 
2846.1432226902257 1003.1889753859964 
3821.5712398666396 696.1342401166517 
3765.1925588557033 696.1721415444853 
2939.1052304989066 779.4153019167786 
4428.434389576054 695.4390104711952 
