2771.9370516603917 1299.947945717005 
5733.116021344538 694.7175793320072 
2771.9370516603917 1299.947945717005 
5733.116021344538 694.7175793320072 
3263.2177825906815 697.0779166407037 
2781.7148067840108 1254.8396550493949 
3374.1614019152657 696.8301459605899 
4148.777500465337 695.6934533549555 
2931.9119788497956 786.7412692374687 
4267.415681111379 695.5881238854557 
3891.535740366054 695.9884675799585 
2945.892135916814 770.9713516676596 
2824.4325614177483 1070.8786514451551 
3010.889645190023 697.7575149459354 
5521.211085655591 694.7896425865483 
5196.421190452478 694.9203055389648 
3966.730261903269 695.8998107732498 
2846.8293446492985 991.5747481676405 
3107.4068779516047 697.5084537695279 
5308.630985300022 694.8618932059866 
2836.1971184899717 1026.2685529748755 
2873.253282110831 914.9514589567897 
2794.8990438183678 1186.9419332721961 
2970.8024969756257 725.9696917886106 
2789.1566801469307 1213.2334455656319 
2905.638829802747 840.6571388345011 
2948.297081219938 758.6054339407816 
3434.1862266387134 696.7144509251809 
4032.6155736363853 695.8250924287075 
2976.156560126485 711.9835758230442 
2841.4960226351163 1008.9984165799142 
4721.553875322106 695.2071537133158 
2862.8338367479123 943.7269455369169 
2799.0661921537458 1172.5605281021562 
4530.272082039627 695.35849736956 
3803.036436221699 696.1102558302275 
2899.072399032664 863.0709265944413 
2785.512749343517 1230.6129237041096 
2801.3145572984 1162.7976002346538 
2886.0676290777246 883.3120462491819 
2913.5761571128937 823.8164156413366 
2810.463308547755 1121.8410069018403 
4634.921695954929 695.2714939493508 
5575.964956557508 694.7665444347817 
2955.7295237625153 745.892953085141 
3687.1471965375995 696.272390668534 
2902.5950006535218 849.1644789004873 
3183.7315867948505 697.2640962814453 
2961.7472590995653 737.1526521817225 
5277.275321897655 694.8784654858908 
2813.3128282279145 1109.6353726406614 
4972.712739586064 695.0455865432367 
3511.3568843220887 696.5762300640712 
5415.95588794462 694.8132545920336 
4776.396322626644 695.1695403554281 
2878.802912001143 901.5624692731961 
5429.332173098965 694.8032350813244 
2925.4399766627416 801.064327428769 
2982.4608054084383 702.3248336404234 
3609.6401331389834 696.3947658872419 
5640.213670529032 694.7552356807963 
2774.1105299641963 1288.9296452156646 
2881.2396788759706 894.9937284728635 
2915.9103253629683 818.0805306279561 
4308.955183169967 695.5505389380979 
5677.594429601112 694.7428417388054 
2922.6462132528045 806.2302368091136 
2775.6508950393954 1280.214142933132 
2852.444453870078 974.3089717181376 
4360.958408011207 695.5020027630052 
3808.8473744008347 696.0975658730166 
2785.5313730449266 1230.6129236731342 
5132.067390430448 694.9579469317968 
4450.829894727054 695.4205028478248 
2830.8172605591712 1046.2286068014132 
5097.568861858499 694.9771785339092 
2868.539398707551 927.8018545011536 
2859.9985639753195 951.9165790508412 
2778.579613714758 1265.61553672979 
4831.637445214994 695.1365606249456 
4910.446219061538 695.0827369602256 
2859.542667552304 968.4656308178106 
4512.302744381957 695.3643914500611 
3612.402404787807 696.3900224760337 
2819.554069578747 1085.797373107251 
3501.6810728939854 696.5805124960139 
3149.046594279538 697.3935144691918 
2804.007241336726 1148.7985057433596 
2816.5585109164226 1100.4537763784888 
2805.6212725292153 1147.049872789005 
3687.1471879040582 696.2723906807804 
2817.333637511837 1094.7589381999176 
2777.5163874131003 1270.9941647152555 
5024.385712041882 695.0161484822152 
2827.416915044123 1056.5786460886736 
4650.45567522272 695.2584206424881 
2807.513136783138 1132.899285726987 
2833.4000132535457 1035.6834281508147 
2791.135911257628 1204.1132471625265 
2868.5394046874285 927.8018544797384 
