5775.148144120515 694.7067338856847 
2771.9315590238557 1299.9675116983897 
2884.179367639709 887.2411237619875 
3968.5826794488435 695.9054565839269 
3220.0302700007433 697.1730592320681 
5221.479763830592 694.9055896885992 
2900.2775864315076 859.5719553695722 
4681.321823961297 695.238628043035 
2869.279829737783 932.1183489825514 
2795.753387752203 1183.8579351611484 
4479.393875313382 695.3897314219939 
2907.320204751623 836.298816426211 
4770.627153247086 695.1779699959129 
4078.155849729801 695.7687696867504 
4292.255689714816 695.5573737201004 
2891.1508278416886 871.3394079292833 
5668.7917573781 694.7393164266317 
2784.3527856958344 1237.5248595029807 
2806.6046230125175 1137.6141429169231 
5145.690064288239 694.9460521015221 
3312.458570235079 697.0064298002899 
2932.641222848305 785.5790435942098 
4974.303666080223 695.0438282594833 
2803.9658633940126 1148.5999412028425 
3688.2155383321697 696.2815125481185 
3649.3951815664027 696.341742060804 
2875.5342937435526 908.8800541352485 
4584.501708297833 695.3144758022942 
2811.0424373223573 1119.1020521056912 
2874.9127919834464 910.6337991142931 
2778.3903962271743 1267.0836211906137 
5609.398777950016 694.7648785044436 
2847.7839787695852 992.9613087075921 
2926.0184882459207 803.136925545119 
2959.792909989792 739.5316619575827 
5335.364614768375 694.8511388008736 
2817.972265275373 1097.3280255214115 
4928.255247637129 695.0789619662959 
2855.0333093909876 971.9452235541851 
2833.5801902168114 1040.5274673976226 
5542.673702740479 694.7858374356109 
3777.519345138105 696.2197823260383 
2851.0393849410384 980.4506379171511 
4122.1850959059775 695.7214826411438 
3019.495453065774 697.7376972714662 
2863.166839018977 943.4187796884663 
4187.85320702298 695.6543606571373 
2843.9890022513773 1002.8268429881291 
3799.185772379502 696.1115173377874 
5438.413767575606 694.8002704039095 
4557.341343910625 695.3346532023398 
2799.721198420076 1168.2664387659618 
2841.4041692902174 1013.5901193756298 
3122.9570960041046 697.4254178957582 
4230.867228516762 695.6198067448418 
2968.317774820797 725.6864906848351 
2787.5768049701005 1221.3678832272465 
2857.787476703728 958.9769318654907 
5337.178973861238 694.8511384135005 
5437.106437566113 694.8008513045984 
3122.957830955953 697.4254160208349 
2792.053049492221 1201.0537383352494 
2937.2429438378426 777.7203156929377 
4384.486080742506 695.4771850106315 
2810.4975223403176 1120.6371930518735 
4388.359916946504 695.4739904004837 
2784.2981103831694 1250.0608161409127 
2776.088957507364 1279.2348557763773 
2825.1736286569785 1065.0151012854853 
2956.615446440848 755.9485924286204 
5760.859269304275 694.7107346748768 
3561.6219541170035 696.4746366714904 
4846.032567690814 695.1564769436065 
2780.4035910275616 1255.8159989649516 
5061.066578211614 695.0438114619554 
2824.0257966217055 1069.4756573368313 
3884.6962259244274 696.0004776034134 
3882.1162383818496 696.0004776152263 
2829.750066738726 1048.9607945994708 
4861.160537497206 695.1136864154486 
2860.078682698777 952.2837802390325 
2836.046532778179 1027.2396313106196 
5077.050988491203 694.9840721133033 
2942.3972294771834 767.8864905865677 
2820.751505308351 1083.908646862063 
2976.2924667058223 712.0159578602721 
2800.443024736772 1162.5979569495153 
3558.7625152059422 696.4795280729885 
2962.2539469127764 733.4729492187187 
2916.2390021141146 817.9777537016389 
2789.932466848712 1210.8599023770148 
2774.80406412844 1293.834349403559 
2974.8220930790003 715.087582436592 
3484.716813322575 696.6111095011847 
2774.8483197679334 1285.2395211044466 
2983.962467190661 701.0768086055143 
5550.529770400863 694.7832985492784 
3359.7644899777147 696.8880192810504 
3424.860674997301 696.7257917827575 
2945.2729607438814 762.9943209734943 
