5699.9529013534175 694.732914620954 
2771.946605669936 1299.893312605335 
5616.151821751732 694.7584751992398 
2821.208951626269 1087.16519046177 
4639.762516558245 695.2764901693139 
5492.062828226656 694.7869575306138 
2955.5224396540793 755.8973052979957 
2944.4520598120466 766.5185682453991 
2964.6746367129076 734.5410339028866 
2805.181370866083 1142.4318772748697 
2826.829282191289 1060.6824480689065 
3395.9894589507994 696.7908523432199 
2792.975111594043 1196.8811223185737 
2788.8547926279466 1214.9737234164675 
2934.621344278072 786.7969832659575 
2800.797110391039 1163.2945512148603 
2847.1406146166805 990.7582009185629 
2909.3496053379336 832.7968651878489 
4432.709455412298 695.4291636250563 
4870.750574803079 695.1080731142852 
3331.7612924394366 696.9930652682258 
3071.5942350012197 697.58773442503 
3906.300110009308 696.0168557858111 
4372.919998704117 695.4852393217832 
4046.2984799342503 695.8129968280365 
3495.6563311947625 696.5907655039949 
5328.98568227786 694.851772279745 
2851.266722298447 977.970117839016 
2814.1502264733963 1106.2809180411336 
4517.947184013118 695.3591900135877 
2926.8728531140355 796.1279464639731 
2809.6652697954173 1124.0908415995925 
2796.0404060931155 1182.6634659669269 
2918.172725605021 812.9496442170215 
2830.6551670388844 1054.7372526936479 
4925.3724982747935 695.0833475373552 
2773.998687623058 1289.5757628384458 
4780.987417246425 695.1719357756338 
2842.08511420698 1006.8644069569231 
3214.995272358471 697.2395975967088 
2855.1180981188995 966.422535320051 
2973.486647410753 719.3859154264111 
5397.800996164036 694.818510315082 
2898.998134656156 870.692732838854 
2871.8203145931875 920.8533220035456 
2981.2849695805426 704.4707636589021 
4295.538050585331 695.5535636492733 
2782.6237871221047 1244.7348394145934 
2815.799931164906 1099.7655664733506 
2899.0436861264043 856.2442928485298 
2798.1102084099066 1172.873728773391 
2779.427143602563 1261.015005416474 
5124.869440122432 694.9581604866067 
5432.918886751917 694.80231197686 
2808.181941800624 1130.154472300511 
2875.3368552299603 911.2379636172707 
2862.489052603341 947.8786504524966 
2867.0881259471957 934.6588604867123 
3594.433021626831 696.4436022010526 
4115.8640692136305 695.7288066915435 
3741.386984529335 696.2388600025961 
4192.314923099445 695.6631106046851 
5269.325625945364 694.8899254966028 
3827.3271558427396 696.0754184956753 
4517.947184013118 695.3591900135877 
2832.8625889045875 1037.6690812660815 
5697.519555981316 694.7347367808375 
3258.4194201214673 697.1153692627896 
2970.8271733617416 723.9626379414259 
2886.0569071161117 882.6424233110615 
2781.74568484471 1249.3874824511104 
3981.898366683761 695.8985695094667 
5194.422497376944 694.9210932738531 
2786.5284157054434 1229.4516532709895 
3528.252887202177 696.5728217696352 
3740.622062211844 696.2388919884678 
5065.191476085582 694.9947510813812 
3827.3361141939313 696.0754072430005 
2835.4801150026874 1028.7931033032642 
3662.5860773873665 696.3752674708733 
3143.3764617702177 697.373784169795 
3000.487895011359 697.8128584410096 
4755.60104295737 695.1855533757158 
4987.70956788555 695.0407959090195 
4133.746572368298 695.7176163498682 
2880.787333784856 897.2917561177929 
3965.7554302058056 695.9732406417613 
2923.221626234039 809.6214056868579 
2880.489314319432 897.2923715639 
2786.6052462174835 1229.0644879509043 
2840.5824058615035 1011.6739075792028 
5161.828340717628 694.944012866251 
3662.5860773873665 696.3752674708733 
2867.0285651241666 938.4929504708003 
3574.6429697357157 696.4925431181807 
3137.6483371813924 697.4325360850194 
2894.1051036531676 876.6189070004086 
4703.368912022829 695.230792824384 
2776.353281305633 1276.8604129276384 
4987.70956788555 695.0407959090195 
