2771.9685412970975 1299.7424688550136 
5764.96647696639 694.709278948328 
2820.1646679968726 1083.635653889526 
2812.619110179202 1113.4870519130025 
3130.1993609961955 697.5362827722396 
2791.453394138881 1202.6461558161445 
2841.586073114621 1011.6548976958069 
2848.310230934112 988.3847254945264 
2837.962383333403 1026.4540749331602 
5087.292583608569 694.9782715294556 
2787.0076722618874 1223.7000686613308 
4287.04959766755 695.5583148747401 
5514.943013692061 694.7782915559466 
4213.306594999512 695.6662317853837 
2929.922557244287 791.439853942515 
2968.0013242325613 727.3314317149993 
2986.942521659126 697.8323271951778 
2857.8152530723005 958.3545797785774 
5327.069961836951 694.8539146836378 
2939.955144064652 776.2260805654981 
3764.3523811196924 696.1650066044174 
2956.3651990455746 746.11669222612 
2775.7624059323753 1283.5960296318826 
4559.155605315695 695.3272218641446 
2830.260120504711 1046.875686555751 
5449.606222621607 694.8071534634917 
2806.074659213961 1139.0297401900484 
2809.9448258563143 1124.1615387921938 
2977.2895368472196 718.9228671787145 
3542.542491103995 696.6135808218767 
3310.97596781918 696.9645613076846 
5208.611611180684 694.9125864651571 
2886.8719075365048 881.6285562957149 
2872.473038776278 922.6652418343242 
5378.969368679868 694.8271291802386 
2891.1201468638187 871.20560373228 
2781.9322631772493 1248.994286742593 
4009.3980022727906 695.8671924932323 
2795.7250758879272 1183.2377699527842 
5230.007179936251 694.9030177926827 
2800.2317847800477 1164.1035781774383 
4994.795637632068 695.0936336258184 
2865.1469386057092 937.20982265352 
2778.138728767084 1267.6863975440856 
4130.4893664465935 695.7137960648448 
3704.186829816039 696.2711178132815 
2877.9619261801195 902.7653931278033 
2913.087730437341 823.939213891138 
4887.3848367821865 695.0977318099151 
3604.258641982908 696.4655156481691 
4378.021505427147 695.489606296462 
4909.747179534055 695.0974849791289 
2984.6436378746466 703.9240137325772 
2881.301919607194 894.1040557539035 
4697.658870061621 695.224331198125 
4798.597522200206 695.1547599688473 
3650.3256119704524 696.345458309769 
4494.29110511328 695.383091499754 
2952.5468416786885 753.2962400021852 
2798.1151630324634 1180.0808727480457 
3849.9530566779868 696.0477388816505 
3254.882038325593 697.0968583239649 
2909.9675211985477 830.6931553074045 
2925.0497349074035 804.9664991916234 
2825.51417085329 1065.554259216362 
2823.580375676163 1070.7439418827428 
5607.442625318874 694.7761989608649 
2851.8638632255447 976.1408736237739 
2896.9160182879364 857.4960486664631 
4798.597522209595 695.1547599543991 
4079.539022609873 695.7678749729888 
3385.2898173617928 696.8060640253783 
3193.376629710272 697.2753356995175 
2773.331570301288 1295.5779078706798 
2905.0882366471005 842.0467447713146 
5678.386490572089 694.7437413675383 
2922.558959635845 810.4610953320454 
2871.6835882552664 926.3703701564423 
3471.535969272589 696.6519669640327 
3862.6997380842067 696.0420595709933 
5752.6503410455525 694.7141095201126 
3396.7009226121654 696.7831971060915 
3958.232881150031 695.9286866362147 
5690.02308993325 694.7386435142723 
2896.3745272195374 858.769464134707 
4632.404110993981 695.324998432948 
3926.511266541806 695.9867802399775 
2801.70920779837 1157.2126896348686 
4459.4639845616075 695.4088968992261 
3473.071876070194 696.6389848177616 
2784.6550554236564 1235.3013393177298 
5608.941173277438 694.7734308087657 
2828.8364373697286 1052.575035826531 
2851.8638632255447 976.1408736237739 
2944.8631743060255 764.6955984520976 
4423.241737321036 695.4427355901146 
4663.017271534936 695.3138888732833 
2905.0882366471005 842.0467447713146 
2947.5488800966773 764.5585193504584 
3214.6256679956377 697.224492722483 
