2771.9361286519274 1299.9057696187015 
2771.9361286519274 1299.9057696187015 
5644.122319372692 694.7465485789654 
2943.9593448089704 767.2474529815295 
3731.2259970786536 696.2121249561966 
2956.3456046670854 745.6798912204107 
5154.98780332229 694.9428570636879 
3623.7545389039296 696.3717230385028 
3846.320525516799 696.0474107258892 
2824.26180245726 1068.7400806469884 
2786.7160662268016 1226.1626364761628 
2830.4401518021323 1047.491801735035 
4385.726692593199 695.4686377015896 
4295.680860580072 695.549901959713 
2978.24434030524 718.3155389483342 
2810.377311428211 1121.9544158906983 
5051.044398322566 694.9985422589998 
4224.36814939364 695.6181632460468 
4923.759436312539 695.0742840650034 
5327.64421012566 694.8520332014051 
2782.8571102114042 1243.6791962359155 
3085.3351866752946 697.5398615556129 
2796.9401919969673 1178.1204294380495 
2794.1540730902925 1190.2492698700219 
4510.387521473424 695.368326170133 
2932.528951253777 788.9213049497159 
2912.851692358527 828.6451246409893 
4849.351148478064 695.1212644481641 
2899.2385703961613 853.7207639508225 
4998.731699459515 695.0290846578541 
4691.967461689073 695.2276040788961 
2916.716299109278 816.5308755923286 
4458.711207661336 695.4104426913519 
3142.7164913160746 697.3777555641868 
2883.3894686896037 888.9239026368931 
2889.149113126946 877.4250714473408 
2804.1535833037933 1146.6534908180633 
3907.817340028476 695.981855000292 
2982.3162298913417 702.7288625825612 
2780.693099838406 1255.9131096003441 
5380.203407698003 694.8470290371542 
2871.262083713359 921.3763185316278 
2776.917159828045 1279.483889662739 
2814.905088102513 1104.7180353693 
4790.737978157669 695.159741304945 
2791.345812095365 1209.4646015042497 
2774.037632283838 1288.800870473774 
4141.699017156101 695.7011549140375 
3459.9892642629607 696.6574006177675 
5476.040400225577 694.8144065525546 
2875.8561371481533 913.4214422760643 
4058.9082916968996 695.7898837423688 
2848.5528032047614 986.2866914126562 
5439.398539193857 694.8144076671147 
5231.9908853346615 694.9214632651258 
3367.199044637881 696.8416651810226 
2791.6338134475536 1205.6243162070941 
3384.5025995919987 696.8061855964161 
2842.801270699735 1005.2562109579678 
2820.2352493940134 1083.2909108031733 
3004.9641844174485 697.7805424963901 
3484.801557823468 696.6107903154806 
2871.140697315391 936.0100125620061 
5539.026002639078 694.7920953983765 
2815.8310874092194 1100.363024550217 
2806.599562710756 1136.4730015405519 
2964.3847913278687 732.9805849971973 
2833.529546467976 1035.378198584431 
4123.272959677053 695.7204608143046 
4593.437335690723 695.3040032500276 
2930.037585087079 792.137374983288 
3290.797827196509 697.0145800861003 
2800.3920119567288 1162.6858745109791 
2853.3667485491924 971.5164424554141 
3960.9063367390854 695.908733962232 
3205.8189010361234 697.2132754382918 
5231.988948806884 694.9214648866505 
2800.3920119567288 1162.6858745109791 
3551.895678737179 696.4916133703964 
4025.6089851674883 695.8278154620273 
2860.8840395451825 956.9571697746665 
2820.6685013535316 1082.0454046528173 
2856.267993031593 962.8359819343208 
4663.524230439634 695.2481878941473 
4620.193402222403 695.2821960728368 
3238.1925416816903 697.1709366296986 
2964.381820417954 732.9805853039724 
3549.2265116147582 696.4960328954955 
2878.838658238401 900.2986908187795 
2904.8884959649754 841.4573368615556 
2838.727841111635 1017.7857836438246 
2904.8884959649754 841.4573368615556 
2834.8777850397437 1030.8707046027653 
2862.2763905473275 948.6210740645697 
2878.2393171953568 901.9168718565978 
3984.858168229656 695.8782629110888 
2923.334207468813 804.3183472490748 
2923.334207468813 804.3183472490748 
2897.075592086813 866.7231658553648 
2838.727841111635 1017.7857836438246 
