2771.931803603269 1299.9233252129545 
5618.859596399682 694.748872660194 
2771.931803603269 1299.9233252129545 
5265.524727411623 694.8961287736689 
2854.2874744621645 968.6763387884605 
2932.7147740172786 787.5382680973831 
4337.863904706065 695.5187038971292 
5078.506691289454 694.9848102299816 
3647.524486375199 696.36701919404 
5378.158253228903 694.8272871779773 
2789.9417891989015 1211.0286491307008 
4760.45095326552 695.1903433826712 
2797.9996179222503 1173.062640898712 
4170.8772103950405 695.6769125275554 
2869.9107571837317 925.3958522541938 
2813.0976488511214 1114.168356373727 
2828.495250096889 1052.7437327485347 
2941.678020460151 771.0063264754145 
2823.174185913761 1072.2150586640632 
3739.0708951037705 696.1972764226127 
2801.4432350887323 1158.1206072288342 
3234.2055100020643 697.1393752505502 
3426.2989696169166 696.7220012384703 
4858.337183277055 695.1157948852891 
2923.2127217616344 803.2214277639309 
3299.0652743426836 696.9895666299586 
3157.019896160904 697.3337535157435 
4897.125324241342 695.0911985659524 
2804.535931113652 1145.0213752366299 
5518.457959581727 694.7908321761471 
2831.282938040582 1042.9860294601644 
4540.20765750431 695.3417548971229 
3806.5522700565048 696.1002949011363 
3580.3825169434695 696.4744864841007 
2846.7653902886254 992.5867960317366 
2795.5716167151245 1189.749977928816 
2820.8965681483332 1081.628369821319 
2898.82859221027 853.7856571896003 
2780.5210181562347 1255.7728012796824 
2910.84250174137 834.1830847272417 
2774.693473803765 1285.570716946256 
5425.0339053495145 694.8049522783408 
2970.0883734879153 721.0480742164468 
3915.4940549421417 695.9591762941884 
4441.547971467041 695.4217182730536 
4243.104780865222 695.600951721258 
2914.4620571209125 820.5046989831827 
3949.149844505178 695.9170894524941 
2792.384199077581 1198.2362169816774 
2905.1264675938573 843.2729669098196 
2886.553080476093 881.7049991321823 
4703.246603638512 695.232974579809 
5151.945379051359 694.9424510187984 
2836.067315151376 1027.1393218312169 
4657.827809829223 695.2682969810646 
4445.636478686024 695.4179819186161 
4277.454873969796 695.5673576739614 
4990.996492341033 695.0338365377092 
2786.083038787279 1230.6934907689692 
5490.270314225983 694.8029797622289 
2782.3451443825797 1246.2497372884134 
2873.9141428034527 914.1173068195326 
2816.5799004192218 1096.9037250467484 
2919.421859464966 813.3937611935157 
3500.0236390527853 696.6431413702926 
2863.330538242325 943.1812871560114 
2881.451923213615 893.5023545226014 
4991.088608625856 695.0337346476132 
2808.35417261612 1129.3509593914666 
5193.7351818181 694.9226856907114 
4603.154972869744 695.2967510365221 
2841.4146362899783 1010.4232545066421 
2846.1103344683975 993.8589055944666 
2816.1118308051496 1099.8714886595767 
2961.020389998693 739.2957177515368 
2837.621666427496 1022.9747948811205 
3523.818980545883 696.603634207916 
2977.457378046308 710.444129242843 
2893.592190782672 866.2714216825848 
4092.7825009403373 695.7528887046798 
2807.8231652956038 1131.572844113591 
4021.1403600438657 695.8804999740505 
2876.198507048869 907.2024651369771 
2784.7512782845306 1237.0116669111223 
2776.3730134720977 1276.3945958900028 
3435.074587307111 696.7056981528493 
3038.5053867240226 697.6717856870118 
2858.418418214109 957.0075677946011 
2863.330538242325 943.1812871560114 
2778.766147221516 1270.2491241131167 
2771.932625943601 1299.9233227987654 
3102.1581256412023 697.4823412892287 
2880.441700474705 899.1045158902083 
2946.8946437545787 759.1901282559488 
3789.6606490265763 696.1263982832488 
4040.2169303173887 695.8107070377047 
3293.449723700662 697.0015557657573 
2890.023272583503 873.1694615145748 
2954.4958276914717 747.0979173913094 
4572.849140184091 695.3159683333901 
