5618.043315278333 694.7624470247267 
2771.953621379437 1299.8363058392083 
2771.953621379437 1299.8363058392083 
4394.923307695574 695.4744207613228 
3105.9217144518707 697.4754123698701 
2939.9979139845586 771.4884628282576 
4696.185865857619 695.2265795223041 
2794.577525181297 1188.469183863492 
4279.288620899146 695.5656175056241 
2961.520237686177 736.6530170813218 
2800.934512073856 1160.9469687246026 
2806.9187045527406 1135.1272666891525 
5236.6499429758815 694.897698099777 
2812.050695992037 1114.4888797965916 
5136.715484257072 694.9517815048345 
3682.0350237559837 696.28132529858 
4639.533441592577 695.308847696021 
3769.853661548309 696.1526039252091 
5425.261262020037 694.8076277080339 
2783.185965224368 1242.1709671907083 
2855.4455542500455 965.3129150102757 
5360.634450121613 694.8363125170109 
2842.5169130112236 1005.7633902744847 
2900.287145656929 854.587439562505 
2860.7810125644123 949.6290937110963 
2774.771702975741 1286.2584589203723 
4472.200991725561 695.4015518938596 
2839.2730685456295 1016.3085479228832 
5015.119342554603 695.0193504282021 
5290.911919454028 694.8814084384958 
4802.746241529284 695.1528620637009 
2793.5579533434834 1194.1492825096268 
5084.9331554093815 694.9829779506264 
2847.749687268238 989.67444141898 
5506.863573975593 694.7951012834784 
2778.986772993776 1265.1157090426777 
2889.0474670607064 875.4639002711284 
2932.1647656358973 786.9459304344922 
3005.177878329576 697.7791483403754 
2835.39758463125 1030.8654944832701 
2864.677751196097 938.9207716729143 
2977.4168237551353 710.5472016923536 
2953.8018495981637 751.5846899019915 
2789.1853454363436 1213.2632940840258 
3171.391418270374 697.3267100074514 
2895.572026001766 862.2971016061279 
3214.721829832089 697.324230489146 
5545.6109989820625 694.7792399233784 
2784.5655537282632 1235.750066328843 
3619.8216743383905 696.3782166343372 
4233.240199979099 695.6217112237931 
2804.3090795406806 1146.432879739932 
2906.87135201161 836.2680960993303 
3828.5826384625884 696.1130481192362 
2885.107632220404 885.2187238042975 
2922.842888545925 805.6514731300085 
3443.7341821907403 696.7151751835196 
2777.2119040620914 1273.8574140218423 
2817.7527488309843 1092.2696345570653 
4897.578150697776 695.1106049719702 
2815.580074434509 1104.6042708984728 
2826.1608230011516 1061.4024607754898 
2787.7224182036643 1220.5438008989242 
2822.2026154455593 1075.780073055146 
4546.981081137021 695.3376031502825 
2880.988394923253 895.0233336744471 
3277.9331472594404 697.0383567854698 
3366.9204068677077 696.8424312925766 
3304.521596344472 696.9773463104995 
2868.8778397150622 927.2111214631364 
4070.6373548218517 695.7769960388158 
2971.501016089047 720.2188710952358 
2832.427786474927 1039.2412717822167 
2918.3315700339604 815.1658133915611 
2852.305954895282 976.8830782068474 
3952.4901789575783 695.9130270302445 
4826.866167671327 695.1366273602358 
2958.5697817756586 751.5676245326703 
4175.369432853777 695.6841328811621 
2831.1581130454424 1048.0423594632418 
4519.669894124861 695.359262295614 
2984.782058585049 699.0667452849518 
5613.761399491183 694.764516322939 
2802.029129639558 1156.254551573026 
2822.902665172911 1073.6046107148193 
2873.727935578831 913.9522805738721 
3507.550783849194 696.5695921038703 
4019.0720987143036 695.8397060580119 
3937.2692135033585 695.9313707296335 
2829.175135758597 1054.7418333736648 
2871.024801949472 921.5679280647471 
3870.6651396800785 696.0202663891846 
2850.1887769828204 981.7015166143681 
3493.3374170403104 696.6051609635603 
2912.5353557854314 827.5077410428953 
2914.093594168668 822.1028939027183 
2877.7200771161324 903.1640955427141 
4922.76435981192 695.074968138663 
2817.1192520317727 1095.1575947718488 
4960.756287210108 695.0524675437696 
