5766.285618297684 694.7089131327522 
5766.285618297684 694.7089131327522 
2771.953904217723 1299.8763494357354 
3798.2864588973703 696.1403153379937 
2794.186439438287 1190.3977043057669 
4656.1592389454745 695.2542029349952 
4768.186200140327 695.1752621446609 
2971.4524055177417 730.473796141989 
2832.0799975588334 1040.3744610102322 
3928.312575407445 695.943417704925 
2956.6566469527847 746.359205044634 
3077.7398274439975 697.584034351933 
5187.038609366315 694.924439020315 
2788.666813676382 1215.6206318900179 
4080.180657095613 695.8194167751857 
2870.7789193670383 922.0525730432723 
3970.7618297672575 695.9197692408173 
2858.67937206046 955.90025503215 
2816.3929403107145 1098.1402572377358 
4584.005276992722 695.3141570323991 
2799.4104439262073 1169.6351237989932 
5283.064939057395 694.8868167781156 
3183.4023880546465 697.3246777582864 
2879.1023799299173 907.7035898970863 
5533.462116837074 694.8004390302767 
2906.181832227403 842.124159178426 
2932.3459218410903 787.4649254108781 
5614.209086057146 694.7664180775962 
2774.399873025291 1286.989854381793 
4512.253752436901 695.3651239517126 
2910.2255992904525 833.0995476572531 
2881.228544627311 895.7914134326523 
2843.557662138638 1002.5249097217883 
5119.643526015296 694.9612534857569 
3382.2673336472503 696.9109925133969 
2845.192209588969 997.2525156094789 
3548.3382502396 696.5486520201821 
2804.0636867233916 1151.8852818157684 
2865.763488861779 936.3639787320911 
4255.25894108402 695.6135099455682 
2855.5858669718546 973.6215697316904 
3493.9852958336583 696.6030308032763 
3737.3940266313166 696.2280430955763 
2937.9806698282623 776.3907035796416 
2787.3710800064755 1221.6927547093221 
4909.622184665071 695.0844407978358 
3431.148393168777 696.7493159654772 
2780.298820772761 1257.0083906240181 
3616.607560461971 696.4700546422443 
5058.786897799544 695.0006099469682 
2804.3393354190507 1145.8454183265405 
4192.031716927997 695.6552384160073 
2819.334905283511 1086.2230035049927 
5439.2687412345185 694.8029832559275 
2842.0929426873345 1022.6451512726469 
2886.0166120936806 882.9482737673513 
2863.203930203834 945.2956886169571 
4451.034371576432 695.4150914224953 
2784.297426974499 1238.0141571109566 
3219.2445146636383 697.1756944259773 
2917.3274443332957 818.213355274283 
2851.0194625050885 978.8925100140929 
3306.4946093110348 696.9813766821607 
2783.2367192393335 1241.7221530607799 
2837.682564061029 1022.6459655334004 
2899.513607106626 859.1985045450863 
2946.6867788028076 766.8763494862043 
2823.816778570332 1069.8311961982101 
5694.27045675484 694.7362445476565 
2827.9940097777803 1056.4810855675305 
5010.814713236181 695.0224263393764 
2892.946372855201 867.4846638283334 
2974.8771170334894 714.1198685682882 
3283.7836646972246 697.027728955597 
3021.3517027579915 697.7337009190181 
4834.369541032073 695.1692625601897 
2812.0312238946335 1114.4679900345377 
2812.03116339489 1114.4679902993785 
2808.0128960733905 1130.682106015685 
2889.066953890849 876.1755275204736 
2779.079316991919 1263.1571564486621 
2918.6232769568396 814.5928541971069 
5330.412082859297 694.8825239746717 
2926.5161598667332 802.0638315469131 
3682.6729399996325 696.3076263526053 
5671.240117383616 694.7454512273719 
2808.0128960733905 1130.682106015685 
4409.247109924456 695.4504214024801 
2949.3084513281005 760.0131873253499 
5365.374881641055 694.8380597711207 
5763.009749406016 694.7102074568629 
2777.02332896394 1273.092394924066 
2827.081922888365 1057.912989943642 
4131.437573065273 695.7650686289431 
3656.839951793588 696.3567357617254 
2924.430016050044 802.9509587553694 
2984.086353986266 713.9152466794742 
2771.9539110754886 1299.8763493986835 
2986.0957549843993 702.2424940139229 
5474.143638365922 694.8004548295987 
