2771.9867362558953 1299.9512998044188 
5740.76392017008 694.7165562523579 
2961.8272603854134 734.5576351150532 
2976.4766052593986 711.9338396645568 
4743.401657222562 695.1941363576651 
3230.50578506879 697.2032539841961 
4857.380907468333 695.1348763411862 
3092.3276013737177 697.5661720383544 
5315.616294842025 694.8606652472827 
3544.0886172564183 696.5121414269533 
2811.851122713704 1115.652589780603 
2845.9095182183146 997.7221193681619 
4227.559359826285 695.6217104102957 
2934.598470853668 784.4035939042549 
4327.131376687178 695.5233545839315 
2798.9491416497194 1176.076484226922 
2820.4821946183356 1082.1392011639098 
2810.0809129278614 1129.4603214840863 
2853.746117674116 980.1420012526296 
4009.4846189683417 695.8819997451515 
2794.4733422725676 1196.708588126897 
5648.293288620044 694.7415364401353 
2904.9178823549546 840.8506310787357 
2775.0898047259857 1284.5620403857208 
2869.521335065958 925.3653095532142 
3933.8122795269537 695.9437269587503 
3345.0855458508277 696.8928686416308 
5480.35208846961 694.8237176672552 
2865.3820415002856 938.8527374435932 
2989.4650135363086 697.826669129491 
2804.880630644411 1144.0109289962775 
2832.3329869596546 1039.6085673366808 
4643.979293440758 695.2628883792476 
2777.231480753464 1273.0234118031085 
4964.545976971404 695.0662000267276 
2841.6792110719616 1009.9231765124154 
2860.746656314241 950.0227506311236 
2890.092392531799 876.9848532098357 
2802.50359969168 1154.1544284403235 
3775.451823994103 696.2081603432832 
2816.2038202721938 1098.4406611879751 
2910.0047035701505 831.6285014407682 
2929.6032019828776 795.1128932510097 
4170.75932352157 695.6784855716068 
2915.8164209649008 819.0171371219591 
4375.579226641933 695.4876361887787 
3437.8275534914737 696.704479592554 
2883.2713981746283 894.9373614494395 
2800.8221796459848 1168.0147703394855 
2781.3033146320045 1260.2940116729847 
4911.4355980906685 695.123658880857 
2785.1984142886786 1232.8406152807872 
5543.670648068662 694.7868894940591 
2788.78797888729 1217.4464586142522 
2951.5728623143505 753.5856574302496 
3713.7719365376342 696.2390328031948 
2858.4532081431958 962.5615669997139 
3833.8850428384503 696.0917902429961 
5244.46499396894 694.908384461755 
4078.286477214497 695.802597430635 
4543.4841513014335 695.338994804618 
3877.1570304049333 696.0366844203095 
5159.941580580816 694.9385972178886 
4668.519396160017 695.2485591416898 
4518.382909881988 695.3878117240977 
5408.451303138051 694.8459600214678 
2875.1961267868583 910.08729324976 
2837.6579815969553 1026.9742628151382 
2883.4104904156793 888.994760066649 
2943.844821906605 766.9610703339434 
2829.150504645061 1050.9934405047152 
5034.826450523437 695.0133915714994 
4111.336099207698 695.7604129274984 
2825.384575503487 1064.325803546175 
5685.042379736964 694.7339366481601 
2854.7726977115512 969.8923217688957 
2782.6552657743337 1245.7256790810018 
2901.4688448926117 858.3987347720094 
2837.728873901502 1021.2932972514637 
3431.4658369705776 696.7233276146897 
5213.356667834459 694.912625934055 
2817.724547576339 1092.6084031879313 
2921.9405511194855 805.7727955701204 
2874.0669658830175 912.9326633715924 
2788.266924436073 1225.3424826543558 
3036.1311418748833 697.7568040091887 
4446.038072228233 695.4188261089199 
3664.261271665225 696.313834533686 
2951.222290527649 754.1058422024403 
5413.249859094079 694.8437866769626 
2919.759892269665 810.2176266450059 
2791.045052606656 1204.725217598388 
4440.587941719546 695.4257835630746 
2943.8787654629377 766.9610035442643 
3271.2432541788758 697.0570653884957 
3598.288441150461 696.4132485565079 
5058.741191892238 694.998434230033 
5543.489955018178 694.7869698956285 
5113.310154374925 694.9780587225255 
3066.8244671611774 697.6131487990622 
