2771.952724687906 1299.9893337050582 
5762.698754964175 694.7104771940817 
2871.5003378616348 919.7367512395066 
2778.9373294471516 1264.9516305993184 
2812.378804147941 1127.8530478957218 
4932.724149145338 695.0687993261107 
2814.6344471949014 1104.3465546812615 
2919.6366046864937 810.1099152834239 
2861.4351279005955 947.8857033061098 
4325.920383524213 695.5223890914159 
5551.300339905729 694.7961049931255 
2910.1832519664654 839.0820662184748 
4823.636760706441 695.1388487249807 
3240.5630477192503 697.1366462144904 
2913.719355572531 829.6335308867923 
2833.2008436976953 1036.5040217480887 
3960.9932652746897 695.9045939730655 
5245.388388444171 694.8976318974615 
2790.9805176385753 1205.6359781092028 
5375.752231109221 694.8320433144987 
2900.365415510421 859.7803822386678 
4156.933873291542 695.7256823443422 
4510.596516733853 695.3645297247018 
5009.112448402044 695.0230994967626 
4678.562336574205 695.2456918221715 
2786.522249907941 1226.259909595434 
2934.8577583583956 781.5096171061124 
3824.666890270091 696.0777793643379 
3344.3168494654346 696.8900312493274 
4578.345466909292 695.3154390220077 
4065.0567420836865 695.7848325178936 
5449.257350075902 694.7972246103653 
2824.549663814052 1067.4715227181437 
2965.535241225397 728.9486428984803 
4418.395497012176 695.4404788115559 
2979.739686562029 710.4199360659991 
2876.9842533078095 906.0739664095215 
2797.2503404062795 1178.0987084758078 
2801.163319129151 1159.704996192522 
2860.2710298359007 951.4476787514515 
2774.764468927345 1285.4388604121257 
5611.858787763176 694.7579513233713 
5181.308482942213 694.9279573091733 
2970.5573064494884 721.3816159446524 
2838.2977944451463 1020.616169145355 
5708.643968515678 694.7318872932319 
2785.4497480012997 1231.3847485846845 
2942.3228400484695 768.9707150012649 
2947.890358132354 763.6008705154361 
2882.1037928789506 892.0249575760889 
2956.832394922446 742.6437320787351 
2843.655455092372 1001.8091116972995 
2854.382321514547 982.3054941863116 
5070.005332515462 694.9960441625169 
4229.458579014204 695.6139694998834 
5657.686150943911 694.7544178314981 
3766.502263270939 696.1559911640958 
2927.050800487489 798.0147677618961 
3101.707578828064 697.5740784119065 
2829.998866956323 1049.7827830669362 
2782.3451162484935 1246.3524614924947 
2897.01965826107 865.0100842308238 
4392.580897501785 695.4627357726281 
2828.5147310517705 1054.9023558204965 
2817.7932831774283 1092.226825612457 
2802.1544484064634 1157.1197665473965 
2855.7278016718437 968.5438078988736 
2953.44255241853 750.8133665007337 
2931.1051972507807 792.8621269660748 
3475.986924204322 696.6364544723074 
3552.960646650748 696.4946616197803 
2888.2060386136955 879.183386349673 
4775.589528389764 695.1979374406125 
2848.30304270923 987.1001271795243 
3066.2310130888395 697.7090600623504 
3594.8541328016595 696.4399915095076 
3891.7458110841394 695.9900938997126 
3164.9482656168484 697.4105917189179 
2989.1025529683184 697.8313298282462 
2888.6529623469614 876.3142769756495 
2805.336880521144 1141.8603447132755 
3508.875930031487 696.5749019577609 
2782.3451162484935 1246.3524614924947 
2845.410829189273 997.223447027507 
2821.672503558173 1077.6853682622414 
2841.6382321487363 1016.2838377884468 
2805.3372940442932 1141.860344052332 
4088.980206132821 695.758673191821 
2774.7377348176947 1285.8557230793901 
2879.8207728338944 897.7690196068532 
4229.392446286201 695.6139703721484 
2771.952828663783 1299.9893331549395 
2794.9563850908803 1187.0429350596435 
2854.420761009023 968.5438140062257 
4556.483421357958 695.3317669918501 
3728.4749721885864 696.2106768542699 
3699.179130323626 696.2615636441021 
3633.9571757562726 696.367430247147 
5225.649328081196 694.9141949400906 
4740.465519520151 695.205489356053 
