5651.3596285188605 694.7398651543513 
2771.949459115979 1299.8591017672272 
4292.2201336239195 695.5540223814337 
5571.354018414443 694.7866472046119 
5456.516154175198 694.796872141366 
2922.7126796210146 804.7148885118961 
2946.2782471697938 764.3120424315624 
3130.047534624412 697.4199652737531 
2805.0115241964886 1143.0083748541074 
2800.1257455717755 1164.1095324481653 
2843.878725035084 1001.0372334244537 
2957.011358401385 744.4867656307492 
2931.65779573101 786.8319017003582 
4390.495648936412 695.465935713336 
4926.638141683862 695.0883130305675 
3329.646354273252 696.9236463957473 
4534.410487255422 695.3463637332734 
2818.884522501944 1087.9321058841404 
4445.324295267662 695.4185876328957 
2838.147571112956 1020.2740039019615 
3790.344973277634 696.1243175050244 
4754.483175165691 695.1843503075771 
2786.8936900033273 1224.0817756034908 
2908.7374015475707 834.8406881572225 
2791.011705510495 1205.2926358817551 
5127.439481615515 694.9871953949834 
2983.9652194127157 701.538198225209 
4190.710683332787 695.6832080824728 
2827.5886856675734 1059.6756612895638 
3937.4069824532858 695.9914731311723 
2870.312365918193 924.1170502939103 
4876.209130748811 695.1043632997321 
2779.0964853914224 1263.9036567342844 
4592.757274867333 695.3010726958325 
2815.155091632532 1102.2795736892542 
4802.238291712537 695.1521766676146 
2939.8409018879506 775.8975048008649 
2812.66622729481 1112.4514833066605 
2898.3548921837046 858.2814759326459 
2880.008073103557 897.4060716854657 
2974.26538418004 715.7887751570801 
3243.7154210467615 697.2029506660953 
4050.1466946477904 695.8500993680739 
2861.4862227067965 947.5520492623108 
2784.922113330911 1233.876541756429 
2891.4400617968968 870.9594137357826 
5173.739274442062 694.9308406607242 
5026.478327695596 695.0202324587863 
3499.6804410953664 696.5848055450477 
2859.589686759804 960.5877271850387 
2837.483669258924 1029.896696380761 
5330.976769300052 694.8542601001005 
2972.122538440751 723.2984221751434 
2852.5024469707664 980.5404009897829 
3715.9647396520404 696.2316721527741 
2854.418916023116 968.7735248947652 
2822.8074074461124 1073.3245752426258 
2793.412194406855 1193.5728249198248 
3411.8740157352277 696.7771367665262 
5388.366460588199 694.8264679572453 
4659.718602896091 695.2516419878837 
2809.120513940823 1126.3623551568999 
2797.115469380909 1177.1154222406537 
2775.521047792245 1281.76436956074 
2883.4241410381705 888.637335282269 
2887.4630339565324 879.5142599183079 
2831.6280892386767 1042.290200906626 
5041.49160999648 695.0047020132613 
2774.3206637346907 1290.8198518815364 
2777.2402857611464 1271.9342329465067 
3567.898774262582 696.4651572364003 
3243.790151321215 697.1173616530224 
2782.282471617985 1246.8711498147102 
2807.8481226534877 1131.5357205543771 
3687.6007553335935 696.2738268664053 
5238.221441222063 694.8974525341364 
2916.558984142983 819.1079570982607 
5646.057222586775 694.7421288892448 
3868.6926144853132 696.0292989167397 
3858.5409345966646 696.0403772413592 
4124.604967053123 695.7279508346132 
2916.558984142983 819.1079570982607 
5254.91778916181 694.8883656810706 
3079.4976964865095 697.5508531574567 
3995.944635526498 695.8692859246994 
2861.4862227067965 947.5520492623108 
2824.3450106720616 1067.699470335142 
3520.7646643457174 696.5483130309253 
2874.784398042681 911.1146946598722 
2902.84362161197 848.9378383394607 
4657.856962699782 695.2527235900608 
2871.8370306934858 923.293201645642 
3391.475142738928 696.7937853955113 
2961.901705175034 735.0422989195059 
3608.3293339234697 696.4096816435268 
2797.806048355596 1174.7521581737049 
2836.050182455954 1042.2844179346844 
2782.3131877633346 1246.8711497978215 
4163.718447941991 695.6885618035219 
2874.784398042681 911.1146946598722 
