0.9692727810367033
0.9688896318997132
0.9690830110122074
0.9692789922378445
0.9692587515737853
0.9693149266793636
0.9691885482838333
0.9689767998119577
0.9692439139949695
0.9691669636566735
0.9691100211957496
0.9692039503549547
0.9694141801182786
0.9692605691132679
0.9690489064874517
0.969113352473988
0.9691549649471409
0.9692060836180996
0.9692057473428969
0.9690381882013259
0.9692358243812671
0.9691307687051605
0.9691482990479611
0.9692857423382131
0.9693137008650031
0.9691522835222737
0.9691371851848709
0.9690469684310171
0.96928983461308
0.9691773135596775
0.9692324970458851
0.9692550661871077
0.9692162298994093
0.9690590608791891
0.9690824053681223
0.9692448382827907
0.9692611688988819
0.9690603186307222
0.9691642680229519
0.969287581050849
0.9690968812375712
0.9690328222985046
0.9691813145344407
0.9692889190076056
0.969051086086488
0.9692567913448833
0.9692779977551141
0.9691378118812551
0.9689137073930659
0.9690923332912434
0.969137084884914
0.9691777402743308
0.9692766505128378
0.9690308788033744
0.9691808185962701
0.9691605967406126
0.9692900776965292
0.969245850331075
0.9693545423705617
0.9692280977467785
0.9690664490412052
0.9690755743382112
0.9692488774098676
0.9690897203549306
0.9692301345996309
0.9693151466136214
0.9692276506956222
0.968963059798563
0.9690401941922441
0.9691493869121798
0.9692192369259058
0.969270228379136
0.9692305802522158
0.9690182005097259
0.9689282567573027
0.9691776980679517
0.9691206799391432
0.9691499537362136
0.9692155775474369
0.9694263877432884
0.9691096366439116
0.9690919743783045
0.9690383647054317
0.9693543393378427
0.9690970519653377
0.9692830586239802
0.9689383949241734
0.9689601415410215
0.9692829200394036
0.9687878961380024
0.96922595817308
0.9691994611757018
0.9691539661195347
0.9691251757841824
0.9692653234514406
0.9691764505365824
0.9692107540068171
0.9691559512151061
0.9692170067609234
0.969218292584965
