3.5879250683731 0.7170420503478504 27.986278287952043 7.750055994518712 7.4873848042611675 3.899999999999984 5.000002104566136 
3.500016700878963 0.7000000737724444 17.00000168834093 7.300012654015248 7.40018960545953 3.1688031607377947 5.000003337266473 
3.500016700878963 0.7000000737724444 17.00000168834093 7.300012654015248 7.40018960545953 3.1688031607377947 5.000003337266473 
3.5038496163814923 0.7000005264964051 19.697594441969017 7.750058067972683 7.499194903220727 3.89999999999916 5.000005469789855 
3.500495203781546 0.700000066221069 20.342325184231914 7.750009614610286 7.475522763540347 3.8999999999948702 5.00000073757691 
3.500113823631151 0.7000000019850691 17.000011531721714 7.300068014247503 7.4003536474592275 3.527257397760606 5.0000006808953374 
3.500020307041529 0.7000000272419536 18.66121722324886 7.750001726086239 7.482311392922623 3.899999999999581 5.000089839672841 
3.5001056798062677 0.7000005330856206 22.515244174033803 7.750172761475494 7.457798794311669 3.899999999994948 5.000000845936891 
3.50017614194238 0.7000165248023691 17.51252798218291 7.768669530805673 7.428057456298833 3.899999999989142 5.000002822081471 
3.5000731762668815 0.7000000063285968 17.00001104721986 7.300845258705076 7.402518976119312 3.2142328401903777 5.00000761694995 
3.5041823002794064 0.7000000485324601 21.118911394798815 7.750340456398475 7.4755444463154435 3.899999999999371 5.000000546109458 
3.500022543062764 0.7000000089566881 17.000009108970218 7.300664786361351 7.400487167640277 3.2980252324627575 5.000006393622451 
3.503189036680442 0.700004190098311 21.47851537160749 7.752266108338744 7.423732868795343 3.8999999999999186 5.000009229438378 
3.500022543062764 0.7000000048175488 17.000013861550563 7.3015559633191565 7.402518976119312 3.276557506311266 5.000006471708839 
3.5000038562865825 0.7000000337085793 17.000057818618167 7.302570298013316 7.5001936175572 3.421554620922249 5.0000020942905214 
3.5879250683731 0.7170420503478504 27.485652846527234 7.750055994518712 7.4873848042611675 3.899999999999984 5.000002104566136 
3.5000253215580686 0.7000003043972006 27.331559912715573 7.752353176036772 7.516951591617148 3.89999999998893 5.009151354347717 
3.503762257010442 0.700000534766675 22.920618264452703 7.750103266949528 7.483319475040713 3.8999999999999275 5.00000558218466 
3.5000192772923815 0.7000000000117503 17.000009175443072 7.708539732970985 7.4004778833489215 3.3816652624190864 5.000000379792867 
3.5879015888495336 0.7162645171280841 27.743032151857552 7.750055994518712 7.405867761106233 3.8999999999999897 5.0002550373026935 
3.500539309084802 0.7000005088950815 21.891678792382564 7.75078148978372 7.401335423502328 3.8999999999992414 5.000000430608968 
3.5001170238764807 0.7000000755527543 17.00000283102137 7.300571536289964 7.402496658271566 3.346528437310666 5.000005502810507 
3.500072681628469 0.700000000498076 17.00166963435787 7.300801458329656 7.402506216799709 3.4062750963748725 5.000004383047237 
3.5000203059623654 0.7000000332555464 17.000015586490274 7.314958922786368 7.492185334055347 3.179295291439792 5.000116031149175 
3.5033814237634617 0.700000136297783 22.12145370878634 7.750159334394036 7.484842999082186 3.899999999999777 5.0000003548927925 
3.500014854134542 0.700000010553638 17.00013359522097 7.30158258585289 7.400707792409452 3.3237548418554037 5.000000198963948 
3.5000171886138896 0.7000000073436621 17.00000379161574 7.300290126408857 7.40122934883374 3.307861010759021 5.00000719907683 
3.5001103270867633 0.7000002166210575 17.000000332199726 7.322037658290094 7.401714728537038 3.1990559143887403 5.000000717913106 
3.5000196918955835 0.7000011439599069 17.00011780505164 7.305602417855949 7.405856172422163 3.4390247176793753 5.000004272482937 
3.5000168805674887 0.7000000737724444 17.000015586490274 7.323544901095098 7.402827895540694 3.2309446520639606 5.000000187124327 
3.500175618993139 0.7000002881549265 19.095212150602364 7.75010335570652 7.402675947990894 3.899999999994921 5.000000481797332 
3.504147800022838 0.700000534766675 18.085118390483167 7.750103266949528 7.556611325232401 3.8999999999969788 5.000002031019421 
3.5025689518795957 0.7000000589553108 25.74569339443468 7.750364683811198 7.4004697856527555 3.899999999999806 5.000000344083427 
3.5000415182669395 0.700000049524606 27.634070576015986 7.752024936693403 7.4780381345633185 3.8999999999993498 5.000005361410022 
3.500105828964218 0.7000000089559818 17.000017972516705 7.412058972001137 7.402956286119271 3.662712032408899 5.000000632051114 
3.5001910598551866 0.700000006219559 17.003039311889562 7.710019350469656 7.400496279297626 3.8398686077472837 5.000004418823182 
3.500022543062764 0.7000000130930437 17.00001786202569 7.3015559633191565 7.402420548813938 3.268493543848344 5.000005443788487 
3.5036358143998676 0.7000005171359853 19.30753353750074 7.752353176036772 7.478838439837856 3.899999999989035 5.008976850189228 
3.500175618993139 0.700000060850182 17.000356950735412 7.7493468306399365 7.400613278377098 3.808788204602559 5.000003056849423 
3.5442338140883067 0.700000535971687 25.979537007475333 7.750375304791043 7.401115327238417 3.8999999999992507 5.000000851485811 
3.5000038562865825 0.7000000337085793 17.000057818618167 7.302570298013316 7.5001936175572 3.3920588661135236 5.0000020942905214 
3.5000168805674887 0.7000000737724444 17.000000364941183 7.300955376401678 7.472207539157436 3.333954302035964 5.0000002990748085 
3.500111205811984 0.7000005088950815 17.003461995106424 7.75078148978372 7.401335423502328 3.8999999999999226 5.000000635734335 
3.503996685321812 0.700000534766675 24.062999869187212 7.750103266949528 7.555495175130536 3.8999999999969788 5.000002186442492 
3.500013767176366 0.7000000446926485 17.00007197686196 7.301741630509713 7.40038016261041 3.2543186326542757 5.000000179112784 
3.503149471227723 0.7001285391025097 24.546433897021227 7.750106460990932 7.487694229074911 3.899999999999963 5.000257473949105 
3.5000126404233485 0.7000000702774889 17.001374731048298 7.751760869575601 7.404966433036479 3.6246682741980525 5.000005812692342 
3.500022046216499 0.7000000271014122 23.183254090455915 7.750103266949528 7.4041011226727065 3.8999999999969788 5.000000307690897 
3.5001239153449855 0.700000003037034 26.787272343151194 7.7668230264421725 7.449232057751347 3.8999999999995705 5.000000394007667 
3.5003468255469983 0.700001701882228 17.965753316016457 7.750054876370202 7.414014352606459 3.8999999999996238 5.00002304428871 
3.50001608123587 0.7000000702774889 17.00026823896269 7.631087919083181 7.404966433036479 3.608668486467716 5.000005812692342 
3.5000170183489434 0.7000000690411459 17.000015566787447 7.300180832059955 7.400199558358439 3.55413007951506 5.00000753401185 
3.500044878024106 0.7000005099373111 17.000006953559108 7.63076046753482 7.400169076029664 3.710462726131537 5.000007939073889 
3.5000818420068773 0.7000000320629451 17.00002276991069 7.498526727624494 7.403403146853276 3.5968871996787968 5.000005771666791 
3.520954944687235 0.7030964433763401 27.99327141268836 7.750082446403535 7.479703002282844 3.8999999999589274 5.008837059337754 
3.5000036364212637 0.7000000042350534 17.000132809504244 7.309859011774612 7.400858417976998 3.2482010071592824 5.000000296467949 
3.500019310247327 0.7000000042350534 17.000001662107856 7.300001126165211 7.400475244630607 3.2368196156344786 5.000000217245798 
3.500122366460763 0.7000000006460932 17.00764669725077 7.56464534645418 7.402000758604673 3.683025152265411 5.00000027742543 
3.503252149447342 0.7000033898300395 26.43253178301808 7.7668230264421725 7.450649324696641 3.8999999999995705 5.000260176754999 
3.5000738754217493 0.7000000583198448 25.21723862599032 7.750171352799324 7.403059516690166 3.8999999999967834 5.00000437552003 
3.503145292400875 0.7001322789879382 20.667330856042025 7.750001915019506 7.473202445891322 3.8999999999988226 5.000253599831181 
3.5000322859831976 0.7000003058457236 17.00295407841615 7.520237290403642 7.4859429911537845 3.6878072806918007 5.008835909205542 
3.5000322859831976 0.7000003058457236 17.002965602915683 7.374621657902529 7.4859429911537845 3.475099304563939 5.000221005106584 
3.5049024647621962 0.7000002823426819 25.39040168889959 7.75072269959589 7.667123332167763 3.899999999998983 5.000002912778442 
3.5001170238764807 0.7000000755527543 17.00000283102137 7.348678329076593 7.400150988732355 3.3619656481046825 5.000007533474723 
3.5000036364212637 0.7000000042350534 17.000132809504244 7.7275453331576625 7.400858417976998 3.866003046906468 5.000000296467949 
3.5000090851068073 0.7000000689367557 17.000135120384165 7.301146441193633 7.401527583806286 3.201801713561206 5.000000052834468 
3.5001020001873058 0.7000000023816502 17.00000382234257 7.656497085149281 7.401230097583374 3.6485487255950435 5.000007199606921 
3.500064407334573 0.7000001732328838 17.000458984743922 7.631087919083181 7.404940758057529 3.638245390169584 5.000005734268722 
3.5000250093473384 0.7000000048175488 17.00001376625939 7.300459476160821 7.401598073151528 3.49376787567051 5.00001360613274 
3.500046791582433 0.7000004975738198 26.600094799000953 7.750026397967207 7.4755051266681525 3.899999999989244 5.000116467836136 
3.505970339591389 0.7000589155200039 27.034174576950974 7.75008483899928 7.563362538390477 3.8999999999594093 5.000081600792732 
3.5001154403598895 0.7000000748251656 17.000005342699332 7.714481208963259 7.4415184650099295 3.8014586131840824 5.000002942067174 
3.5002659162948238 0.7000002933509629 23.51469965985388 7.752083642456623 7.402356544347774 3.8999999999998773 5.0000043282582105 
3.5001170238764807 0.7000000755527543 17.00000283102137 7.348678329076593 7.400150988732355 3.3619656481046825 5.000007533474723 
3.5879250683731 0.7169607449290383 27.986278287952043 7.750055721570918 7.4873848042611675 3.8999999999999964 5.0000021450051095 
3.5000143065018103 0.7000000000259691 17.00013180981065 7.710019350469656 7.400872025588387 3.849118797819394 5.000000379792867 
3.50028650203887 0.7000044514729495 27.826589867196127 7.750054255550495 7.476322489334862 3.899999045493812 5.000559061895076 
3.5000828138376594 0.7000000106013212 17.017298166873204 7.301615605668554 7.446552002553788 3.5809929906091944 5.0000021674584785 
3.5031054382254014 0.7000001728584163 26.20757908198541 7.750777295352738 7.466270963891508 3.899999999999653 5.000079569762228 
3.5000741888453173 0.700000078199157 17.000002719013466 7.754148646952554 7.442419457643399 3.8791965950224507 5.000241755015126 
3.50012604367648 0.7000000063685913 17.000026473671436 7.300167512571094 7.40281221802094 3.454656347060546 5.000004203618457 
3.5000250093473384 0.7000014973900631 17.00000812250619 7.452360768871394 7.436730201127899 3.5086880541823318 5.00001360613274 
3.5038496163814923 0.7000005264964051 23.40598436416915 7.750103266949528 7.439589246428351 3.8999999999999275 5.000005469789855 
3.50011545544666 0.7000000390378526 17.000015110694616 7.325217196708938 7.402797020086735 3.4720038724775297 5.000007260031202 
3.5000852552361317 0.7000005077022996 24.87248401323461 7.752038469331935 7.405040066671827 3.8999999999991317 5.000120762628845 
3.520954944687235 0.7030835823606847 27.93650581075939 7.750082446403535 7.4741626970305735 3.8999999999589274 5.008837059337754 
3.5005017392948385 0.7000002973353888 27.02572879021584 7.750229660421808 7.402082189699667 3.899999999998769 5.000033780166153 
3.503996685321812 0.7000005393010089 23.795208818122767 7.750103266949528 7.404183939659513 3.8999999999969788 5.000004321162693 
3.50012604367648 0.7000000063285968 17.00002631409184 7.300167512571094 7.40281221802094 3.4507959151825998 5.000004279666421 
3.500017358680627 0.7000000131786588 17.00001769312626 7.300064556045441 7.40018960545953 3.568859900703141 5.0000002990748085 
3.5010041202909266 0.7000000178737102 17.000071576354006 7.579286431245291 7.405529378975663 3.776510285313555 5.000008236028062 
3.503145292400875 0.7001262406330184 20.650369593872096 7.750010505262645 7.475545909238587 3.899999999990817 5.000253599831181 
3.5000035079400442 0.7000000796320643 17.000132803630112 7.717392085559284 7.400580631917263 3.7332703749941283 5.000003021406333 
3.5000721481570896 0.7000001283078698 23.772873225453605 7.804544588810222 7.474057639496442 3.8999999999993267 5.000000666167013 
3.5000168805674887 0.7000000131778229 17.00001769312626 7.300171625509924 7.40018960545953 3.176208268373335 5.0000002990748085 
3.5000035079400442 0.7000000796320643 17.000132803630112 7.717392085559284 7.400580631917263 3.7477783543669294 5.000003021406333 
3.500102322069643 0.7000000023790595 17.000004676215728 7.300993336831951 7.400603466383714 3.4959609005752976 5.000004099056315 
3.5010041202909266 0.7000000261603831 17.000071576354006 7.795573754129649 7.405529378975663 3.782802160201683 5.000004106025102 
3.5000170183489434 0.7000000690411459 17.000015566787447 7.300180832059955 7.400199558358439 3.55413007951506 5.00000753401185 
