3.599961214588734 0.7199242861165015 27.999942436296447 7.750006060774818 7.4314111092922195 3.8999999997997135 5.000000012200061 
3.500006045495118 0.7000000052582951 17.000000035590478 7.300001919659098 7.400289190923379 3.1687854597201794 5.0000000193042275 
3.599961214588734 0.7199242861165015 27.999942436296447 7.750006060774818 7.4314111092922195 3.8999999997997135 5.000000012200061 
3.501557687397058 0.7000001054450875 23.92942447556224 7.750814736896361 7.400174258172099 3.8999999999908392 5.000074414194844 
3.5001204714774703 0.7000001933904169 23.376305814471603 7.750735239504594 7.400216553251313 3.8999999997253316 5.000000005574966 
3.5000961256173313 0.7000001863909449 17.0000005247628 7.559732089361081 7.400291656969627 3.7068103991909447 5.000000051796585 
3.50151837621068 0.700000126904291 17.00819615462764 7.62547473881102 7.400454016489834 3.6710255255122792 5.000000011497968 
3.5000993720967126 0.7000000036091204 17.00000713920228 7.371550142308222 7.400262425335392 3.6354909086068647 5.00000016650017 
3.500092476079656 0.7000000049251803 17.000057706514013 7.301991848920878 7.400445127082019 3.2526024669790674 5.000000000162915 
3.507271727517338 0.7000129602676446 25.6072285061876 7.750127216414175 7.4313230249508795 3.8999999997252175 5.000000002037475 
3.5001674364546003 0.7000000123972471 17.00000634586201 7.30140113438883 7.400215933254546 3.228084008589399 5.000020451858364 
3.5003300156578216 0.7000000129088574 17.00000212496521 7.322487990035708 7.401865718906317 3.2039877282718194 5.000000130049132 
3.500068178684459 0.7000000094106624 17.000004995493082 7.664435671844012 7.400178494632629 3.820583393868413 5.000000038672605 
3.5000083201705174 0.7000000019630326 17.000047871879957 7.369865064791617 7.401888309418798 3.6080192756814524 5.000000032083066 
3.5000139806435824 0.7000000686293077 17.0000324079708 7.684113090814496 7.40044476608145 3.7905860992045457 5.000000983248077 
3.514550515353879 0.7008186159930021 27.999980465955378 7.750125465844172 7.437840447273432 3.8999999999972546 5.000000040617713 
3.5000853285834452 0.7000000056344141 17.00000000329122 7.61330542191741 7.400178494632629 3.769038799897154 5.000000038706623 
3.500149710110889 0.7000013210448338 17.013792749433826 7.300312635329699 7.413922018499167 3.183091143841734 5.000000024867853 
3.500759394757119 0.7000003505366195 17.00000713920228 7.303448720690568 7.400394712052756 3.58040669833977 5.000000208665971 
3.5071002266867075 0.7000090554024113 19.464783511740624 7.7601368745362835 7.411634423170065 3.899999999967958 5.000000231360997 
3.515175971850113 0.7000074244893346 25.039684313861667 7.750056461337264 7.431415962345305 3.899999999800479 5.000000051350802 
3.5030572303469008 0.7000000136381395 17.00000053406427 7.322402537079607 7.400565790447308 3.5040657588883444 5.000000025966274 
3.5003312679351994 0.7000000130766217 17.00000598726803 7.300840723115797 7.400215964116489 3.222728073879092 5.000021498738743 
3.5001661479372164 0.7000000059772712 17.00000598726803 7.3016457262501575 7.400214998010673 3.5530995550618645 5.0000000231110935 
3.5000934585766466 0.7000000124976404 17.000044656654183 7.300137754044463 7.409744480233042 3.268365457292273 5.000000016959153 
3.5000161340277227 0.7000001884073292 17.000001593509246 7.630474503911152 7.407091820082498 3.6560470734907677 5.000000000460628 
3.5019524976581717 0.7000000786545189 17.00012136441383 7.300006175973453 7.400170532218193 3.452024369842461 5.000000020938972 
3.5680048436865404 0.7071610173645339 27.8756408532411 7.7502032161821806 7.43827050114222 3.899999999894365 5.000000036157213 
3.500004739723492 0.7000000131395717 17.000005858161213 7.300845214488584 7.437516045946826 3.343517828757176 5.0000000189135845 
3.500007801474039 0.7000000940630919 17.00002043852067 7.31559004133882 7.41341976848064 3.366960374183865 5.000000331288469 
3.500689832121728 0.700000158204356 27.20935013205162 7.750133695831618 7.420528803246878 3.899999999995413 5.000000085820277 
3.500007866560442 0.7000000841325955 17.000000308993933 7.305323633073019 7.416312404789885 3.4390010641421336 5.0000000169259184 
3.500099389870215 0.7000000034916072 17.00000713920228 7.371229308089559 7.400251601910169 3.1942192762177934 5.0000000465125005 
3.5000846660596276 0.7000000057610116 17.00000000399201 7.665710817149538 7.40257122287757 3.7239447450007974 5.000000038706623 
3.500982775633966 0.7000002938892451 18.683237860789003 7.750767624550289 7.40875292895632 3.899999999994959 5.00000448470187 
3.502950137876384 0.7000021085847703 17.000001052076545 7.666384933055892 7.400211928442315 3.8432990842165364 5.000000039371924 
3.59944741811029 0.7098937440528474 27.999942436296447 7.750124242345313 7.4313230249508795 3.8999999997252175 5.000000002037475 
3.5000121201076575 0.7000001862880191 17.00000730487118 7.741589207218295 7.400292029884498 3.8815132690523626 5.0000000528526245 
3.5000061391246216 0.7000000122540142 17.000000873008446 7.3000268917553255 7.400292413472229 3.3584459850775503 5.000001110576189 
3.5072466256175803 0.7000089327047317 18.93692701364897 7.751964459869761 7.4052769098134155 3.8999943819797367 5.0000012672202265 
3.501558295597838 0.7000001286153359 24.64384576666491 7.7508066919461065 7.407780570867143 3.899999999990931 5.000000641259538 
3.50077494621131 0.7000185642287402 17.000000558151637 7.308490338716751 7.4003456022556104 3.518395245019256 5.0000000005533884 
3.5026670344353983 0.7000000033915722 17.000245256664634 7.757775315641553 7.40604197018688 3.859332653450576 5.000000000126195 
3.5005017018300717 0.7000105756712385 17.000007077136708 7.308823700146172 7.400345531968272 3.5317989980023166 5.000000213616624 
3.52222080419059 0.7001535011016127 21.908604377651713 7.750160545682222 7.400302610029615 3.899999998823065 5.000005943534588 
3.50202409592737 0.7000000038337469 17.000056127892424 7.3041688803477385 7.410660666581221 3.2839474188975353 5.0000000310761665 
3.5000083201705174 0.7000000019630326 17.000047871879957 7.369371477595836 7.401888309418798 3.5917927641562803 5.000000032083066 
3.5001848977480345 0.7000000125045653 17.000000095598992 7.32223078400995 7.400211928442315 3.3289602052456595 5.000001110936333 
3.5356209401475587 0.7000001286153359 21.031474138557407 7.750038939581146 7.513565248871901 3.899999999988158 5.000000155127007 
3.509846751409446 0.7000002058508233 26.866593752757144 7.750067228989256 7.431975998560198 3.899999998971452 5.000028980517637 
3.5356209401475587 0.7000000425016186 21.083893049424844 7.750038939581146 7.558053669202046 3.899999999990172 5.000000155127007 
3.500007866560442 0.7000000841325955 17.00021975123908 7.300062093466013 7.485206001434696 3.3120168001318846 5.0000000169259184 
3.500007801474039 0.7000000078911465 17.000000078905757 7.300002530028742 7.400291387787107 3.3993314704269504 5.000000036749539 
3.5010403769910816 0.7000006823612996 20.264780575349434 7.75007493589749 7.4119488782714305 3.8999999987619898 5.000000085142477 
3.502571708482834 0.7000003086008171 22.63272483695635 7.75007603638989 7.400235588435658 3.899999996390436 5.000000013931051 
3.5728295165126416 0.707201592933213 27.978016336399488 7.750063034045498 7.439351894288145 3.8999999998006483 5.000000087319882 
3.5034926816875753 0.7000006823612996 21.636211664994814 7.750077871381222 7.4639833887266285 3.899999998813727 5.000000087950945 
3.5013158108823283 0.7000142203511578 24.220356766657144 7.750737191682657 7.411560793968591 3.8999999999706083 5.0000001314339455 
3.500007801474039 0.7000000079603258 17.00002132859074 7.314680520711902 7.400291391483146 3.406404364756066 5.00000002897365 
3.509846751409446 0.7000024283697164 22.84656319975166 7.750010406402538 7.431975998560198 3.899999998971452 5.000028980517637 
3.5015788604222577 0.7000001286153359 20.65975654131845 7.7743896794440115 7.553688902837432 3.8999999999977892 5.00000015437489 
3.500755113222431 0.700000158204356 22.411002983692782 7.750133695831618 7.410651623054528 3.899999999995413 5.000000086237495 
3.52222080419059 0.7000005471556541 22.14224026479669 7.775173925480312 7.400302610029615 3.8999999999943484 5.000005943534588 
3.5005804716886777 0.7000001701279224 26.790695799484244 7.75006565164889 7.465353343463419 3.8999999999975863 5.000001074042216 
3.509846751409446 0.7000024283697164 18.174250263790498 7.750010406402538 7.496883468755722 3.899999998971452 5.000018316546922 
3.503510379062159 0.7000006823612996 20.153015466047627 7.750081280665488 7.4119488782714305 3.8999999988124863 5.000000087950945 
3.500343857245559 0.7000000078064782 17.000023727049026 7.301991260330402 7.403145494772208 3.420388621204362 5.0000000221463345 
3.5001098191493267 0.7000021319515707 17.00000697110197 7.334172551669222 7.400401085382852 3.2592007779342422 5.000006284894827 
3.5000061148644575 0.700000000115601 17.00000000398854 7.300045432904965 7.400289190923379 3.484984704604621 5.0000000193042275 
3.500343857245559 0.7000000078064782 17.000023727049026 7.301806938101308 7.403145494772208 3.4251378699099924 5.0000000221463345 
3.500007801474039 0.7000000079603258 17.00002132859074 7.300002635944179 7.400291391483146 3.3845164846356472 5.000000036749539 
3.5077658174972903 0.700014364133108 26.086906063878896 7.750007275520749 7.411365733012891 3.899999999728327 5.000000005564808 
3.5000961256173313 0.700000182165855 17.000000081881282 7.533691684912976 7.400287869449498 3.7424942985652714 5.000000063623817 
3.500755113222431 0.700000158204356 27.83315923703461 7.750133695831618 7.410651623054528 3.899999999995413 5.000000086237495 
3.5015788604222577 0.7000001286153359 20.65790845352061 7.7743896794440115 7.553688902837432 3.8999999999973793 5.000000153059068 
3.5077658174972903 0.7008192980200959 27.32607517704413 7.750006911856243 7.4198376323438 3.899999999728327 5.000000005683457 
3.5005101557263036 0.7000045547188564 17.835176857924015 7.7500570110694875 7.47336179418071 3.8999999996855546 5.0000000883360745 
3.501557687397058 0.7000000008528066 25.907901466816995 7.750814736896361 7.400282405314476 3.8999999999908392 5.000079357929612 
3.503299003087944 0.7000210096222823 26.453414330442957 7.750006911856243 7.419319663791271 3.899999999728327 5.000000004799562 
3.500015063466439 0.7000000810862951 17.000000526891604 7.300006175973453 7.400454668050742 3.4682114229675385 5.000000029554718 
3.500020578473883 0.7000000810862951 17.000000526891604 7.300006175973453 7.400344490247386 3.484253008420091 5.000000215949793 
3.5033333995104274 0.7000014117920536 24.93458872433203 7.750081280665488 7.411155448947004 3.8999999988124863 5.000001039399223 
3.500007801474039 0.7000000027560088 17.00007982893109 7.300000623770177 7.400291391483146 3.3845164846356472 5.000000023010111 
3.503081672955531 0.700000003489424 19.814789545151914 7.750065585247298 7.400161147528652 3.899999999881526 5.0000011027484454 
3.500014508164675 0.7000000052618316 17.00001332689408 7.300132559770526 7.4002171855374765 3.3007729560764822 5.000000053275582 
3.5092035307155007 0.700002103544271 21.653557965778475 7.750162780935327 7.400592625798358 3.8999999989946827 5.000001746913543 
3.501528858182083 0.7000001288085403 27.765291062694416 7.7743896794440115 7.553688902837432 3.8999999999973793 5.00000015437489 
3.5075940873310985 0.7004737936847701 17.708713769079033 7.750126977891743 7.4696314992213635 3.8999999988125484 5.000000019497471 
3.5075901534793936 0.7000043675078481 25.7676523490021 7.750069768666376 7.471174612301916 3.8999999988307343 5.000000047675992 
3.5000961256173313 0.700000182165855 17.000000081881282 7.533691684912976 7.400287869449498 3.7424942985652714 5.000000063623817 
3.5092251377611996 0.7000028469046738 24.176053224970566 7.750056794177238 7.404651439009982 3.8999999999731942 5.0000021277928495 
3.501771879221034 0.7000006823612996 27.563843031899847 7.750201040857794 7.437800688005421 3.8999999988124863 5.000000036394052 
3.59944741811029 0.7098937440528474 27.999942436296447 7.750124242345313 7.4313230249508795 3.8999999997252175 5.000000002037475 
3.500085333351219 0.7000002945399806 23.105084485075153 7.750780789806218 7.408785563352577 3.89999999970649 5.000004822239986 
3.5005101557263036 0.7000043741248548 17.36445567591046 7.750063042777837 7.47336179418071 3.8999999996855546 5.0000000883360745 
3.509846751409446 0.7000024283697164 18.173991639192497 7.750010406402538 7.431975998560198 3.899999998971452 5.000027725135745 
3.5000061148644575 0.700000018227166 17.00000000398854 7.300045432904965 7.400508480741709 3.468481315587707 5.000000034846688 
3.5000964014408726 0.7000021573631597 17.000006969135832 7.334172551669222 7.400399204485991 3.2954834450751265 5.000006284894827 
3.5077658174972903 0.7000210096222823 26.518487329662143 7.750006911856243 7.419628827975977 3.899999999728327 5.000000004799562 
3.5071002266867075 0.7000090554024113 19.71729517538401 7.756619810365316 7.411877960218837 3.899999999967958 5.000000231360997 
