3.5998117723031493 0.7198270516734193 27.999867396588204 7.750184955733183 7.419252519708452 3.8999999975881368 5.000016306332723 
3.5000251797177926 0.7000000079138523 17.000000004388166 7.300038277860953 7.400224643907535 3.1688714262972777 5.000000006446734 
3.5000583732307393 0.7000007099986559 17.000001009909152 7.315337505315555 7.404780727348802 3.3692211034085373 5.000010209608411 
3.5009091210344776 0.7000007060979098 17.0000004579979 7.332244945456705 7.416265246668946 3.55711179260703 5.00000007353192 
3.5000024134977767 0.7000002451641476 17.000011660333453 7.300508581117094 7.400309885299722 3.1932162784886917 5.000000296605303 
3.5145755911772025 0.7001233685677595 23.635111063760537 7.75141427140077 7.4293196077407195 3.899999999867274 5.000001520126104 
3.5000385056776215 0.7000007099986559 17.000011881452416 7.316112663516618 7.400356293850079 3.5857604976595097 5.000000126124989 
3.503503647797371 0.7002849849347788 24.109688630229268 7.751050325431011 7.457544749360675 3.899999999597976 5.000000026373049 
3.5009091210344776 0.70000070597817 17.002444551180766 7.712572504495303 7.41545970851062 3.8174893601142195 5.000000362606956 
3.5000152269765867 0.7000028648488857 17.00000870282778 7.587440766084196 7.404571258718722 3.7837451560909985 5.000000026170326 
3.501666479394447 0.7000037891148881 25.625188007965626 7.750558867324689 7.471873266300817 3.8999999036463824 5.020716992468278 
3.500025161003512 0.7000005954997501 17.000000345347804 7.30155981059383 7.400301153706534 3.2099303698735198 5.000000005466022 
3.501667984043034 0.7000002538840425 17.000011746012646 7.307997070698406 7.400218900124433 3.4170666439648265 5.000000017453569 
3.5027004125271937 0.7000095271498061 27.382988873385145 7.750151667364979 7.4094651809774845 3.899999999965254 5.000000452121943 
3.500209828652685 0.7000029333083011 17.000003669845142 7.3070709826633164 7.400429517165589 3.3272537414362877 5.000000025726178 
3.5002163476661825 0.700002940683909 17.00000360899861 7.386415932582498 7.400429517165589 3.2912763504911076 5.000000390502803 
3.5990682052084364 0.7182737959106723 27.898532789736212 7.755072386919359 7.419252519708452 3.8999999997656745 5.000048809122609 
3.5035581354866485 0.7000897106514062 17.00000877362895 7.310116581756047 7.405416554686215 3.3089601429827304 5.00001618399754 
3.501747495097615 0.7000012068114705 20.63831146340101 7.750718470121621 7.401026067904709 3.899999998868027 5.000000107395442 
3.5000155490443783 0.7000000178505473 17.000007870160392 7.550708804793516 7.404571258718722 3.740337206293767 5.0000000499498185 
3.5015673369110063 0.7000010514938625 27.629233311220656 7.753431289560999 7.4040929391988675 3.8999999990319294 5.000082757217303 
3.5000018133905746 0.7000002432705399 17.000000512733475 7.302239302799414 7.455456485294166 3.1783010191681207 5.0000001361949495 
3.5000583732307393 0.7000007099986559 17.000001009909152 7.315337505315555 7.404731893488679 3.394713291864678 5.0000004795575475 
3.5005812956098743 0.7000000016452933 17.00000070608685 7.303789070382167 7.40040321858686 3.429226260424344 5.000000020668442 
3.5009091210344776 0.7000001297570103 17.0000004579979 7.332244945456705 7.416265246668946 3.6025707202047004 5.000000073267792 
3.50365242944582 0.7005201757800917 25.369886537056487 7.750121304232894 7.4653521563120355 3.899999999071313 5.00000003936956 
3.5000927946000107 0.7000097251551846 26.515911376744704 7.75028433956291 7.409073476804341 3.899999999996976 5.000371959757906 
3.5000445503575834 0.7000002465917345 17.000015054198723 7.311370011896645 7.4453293372648846 3.4900711999734932 5.000004544284936 
3.503688321100275 0.7000061136226017 17.03684185529567 7.7505611839458535 7.407829212343893 3.8541787790780484 5.0000000407552445 
3.5073487777931334 0.7005776036301979 21.906879735374886 7.750552935650713 7.407580129217389 3.899999999992886 5.000735847050256 
3.507292319688291 0.7002019024333249 21.64170559964617 7.750557853525312 7.403746045720895 3.899999996453427 5.000000019782063 
3.500217701572877 0.7000029122145757 17.0016912797594 7.301003825170683 7.400304273106549 3.445739061458441 5.000078355320286 
3.5000342174277557 0.7000000087357636 17.00311702766088 7.440896968306263 7.400326645138641 3.6195373902382575 5.000000119914398 
3.5022933221376156 0.7000921667609319 18.627410814492585 7.75013042730987 7.400666796641643 3.8999999999998436 5.0000013094115845 
3.5017528144198358 0.7000000162549299 17.000194239058388 7.300641039214743 7.402597612180613 3.5120676779854185 5.000002437285341 
3.5009091210344776 0.70000070597817 17.002444551180766 7.751053177811366 7.41545970851062 3.8382860312370353 5.000000044173675 
3.5165223689198455 0.7002024785987809 24.788792845589043 7.750595198299009 7.405948470980372 3.899998912899796 5.000000734904545 
3.5000200068241325 0.7000007060979098 17.000011629635402 7.417828577813295 7.402570268793134 3.338272823772433 5.000000027731471 
3.5000188570892337 0.7000009212059631 17.00014286964449 7.766308507466498 7.439750794539941 3.8802631320764234 5.000000019693859 
3.5000313377185437 0.7000007328546876 17.000000272707805 7.3045760723893425 7.400393844174444 3.2462034802634903 5.000000006805983 
3.5018036913908883 0.7002809885059104 27.998860084505264 7.75003249728878 7.4716710990751745 3.89999999961722 5.000017142262469 
3.500222019112237 0.700002940683909 17.000011338316057 7.300334251035421 7.400429517165589 3.27359990799747 5.000000390502803 
3.5023645418779425 0.7000314776473071 19.865842606576173 7.796031994981623 7.407829212343893 3.8999999995354755 5.000001317531926 
3.5001176610477702 0.700000135986457 23.09436015526939 7.791086486159354 7.402388148526162 3.8999999996092503 5.000000021662465 
3.5024682683584087 0.7000031250421089 17.533208692365022 7.750598297168788 7.400842036002869 3.8999999998824277 5.000001310317368 
3.500015287033547 0.7000000449103071 19.011486358339855 7.750011342459186 7.410054923550614 3.899999983606545 5.000000064101674 
3.5145755911772025 0.702390922496323 22.653338666961794 7.7514503898113505 7.428510917834394 3.8999999998679993 5.000000042430701 
3.5000200068241325 0.7000007060979098 17.00000038649985 7.449521182962901 7.402570268793134 3.655549627884324 5.00000007353192 
3.5000116531428014 0.7000002697154618 17.000001804410314 7.300389762643414 7.403957732327744 3.396662174388146 5.000000017683303 
3.5160737361133876 0.7020915590842398 17.048307152891 7.791086486159354 7.402388148526162 3.8999999996092503 5.000000022057451 
3.5747824080340598 0.7075891269643338 27.99957601400863 7.750200063509253 7.457402783471716 3.8999999999754666 5.000000361866996 
3.501740675831677 0.7000134013095187 17.766564411738855 7.750727008430234 7.4010014935001704 3.899999998868027 5.00000039051794 
3.5000356877790835 0.7000003943439543 17.00000292349685 7.584974956622251 7.40014404371539 3.702010743735126 5.000001605071335 
3.5023075173794154 0.7000359821939633 17.0016912797594 7.309122347144255 7.400304273106549 3.4560734886747104 5.000001343753205 
3.5028220847968154 0.7000744775478859 27.89391807802004 7.750153604410538 7.400639087815492 3.899999999451404 5.000049527402438 
3.500024873265346 0.7000000996388626 17.0000012203194 7.301635234048937 7.401709301227396 3.5340608289182454 5.00000245108407 
3.5000515110671326 0.7000018505143799 17.0000069733081 7.300620100476051 7.405369954674481 3.2369324573946843 5.000000803562914 
3.500001592226096 0.7000002432705399 17.000000512733475 7.30187012708794 7.410564758100275 3.2229939405828967 5.000000136402686 
3.500222019112237 0.700002940683909 17.000011338316057 7.300334251035421 7.400429517165589 3.3006212356081273 5.000000390502803 
3.501740675831677 0.7002156207830795 21.0878831820822 7.750727008430234 7.401026067904709 3.899999998868027 5.00000170692087 
3.5747824080340598 0.7099293125278775 27.999544188809026 7.750200063509253 7.473489854548656 3.8999999999754666 5.000000361866996 
3.5002068594494378 0.7000001032712182 17.029658938807632 7.3017073447158545 7.402597612180613 3.53517220778488 5.000000192868724 
3.5024247352703357 0.7000002694574137 17.000010532202815 7.303380522511921 7.406766522771863 3.4751723214104873 5.000074580031796 
3.5016598782112003 0.7000111589416749 24.594415236969976 7.77376806983603 7.405948470980372 3.899998888681924 5.000000734904545 
3.522436942895267 0.7000031312361211 20.829021490722493 7.750598171188053 7.400845353774539 3.8999999972166783 5.000000053826317 
3.5036324319980143 0.7000033974378452 26.040483358047467 7.753444412390035 7.402797680705741 3.899999999025567 5.000000020128597 
3.500015287033547 0.7000000449103071 19.216630024572776 7.750011342459186 7.410054923550614 3.899999983606545 5.000000024825601 
3.50024781274166 0.7000058327515756 23.34014273499613 7.788944111946796 7.4817836824039565 3.8999999966076597 5.000000615478978 
3.5009200755161864 0.7000909882306499 17.001058806771233 7.437699787546114 7.543210983106547 3.6764066392424826 5.000000734904545 
3.5022933221376156 0.7001299460423852 27.035898810273654 7.750130374255245 7.437303091365369 3.899999998890267 5.00001716727706 
3.500056141294566 0.7000010019908226 17.000005545002427 7.564534755015141 7.441644003865082 3.7632653157474043 5.000000014608322 
3.500003431349568 0.7000002448034711 17.000011746012646 7.3001595995556 7.400218900124433 3.26084435819187 5.000000027065972 
3.5000158149209684 0.7000010054939116 17.00000806381062 7.578096715406014 7.404571258718722 3.6906906231873444 5.00000001852761 
3.501666479394447 0.7000110298452684 20.201528194380504 7.750552935650713 7.408510060040979 3.8999998843829076 5.000000020324004 
3.541942212898969 0.7064038439595796 27.893085274291632 7.750180277777924 7.400654050501742 3.8999999834774246 5.00000025786457 
3.5000018717419117 0.7000002492109437 17.00001154868098 7.303380522511921 7.405369954674481 3.4687278566197906 5.000000985448646 
3.50000201623674 0.7000002448909847 17.000011745132507 7.361421821870002 7.400352806936861 3.35330093187865 5.000000029686418 
3.573156745485788 0.7000184084221512 18.171871487529774 7.750114901145526 7.425410406407647 3.8999999998819166 5.000000640824703 
3.514568382104111 0.7000000087357636 17.000001392144174 7.747110820994861 7.4846606349836495 3.893440108954813 5.000001482781971 
3.5419398077170112 0.7066082742665286 27.89391807802004 7.750180277777924 7.400639087815492 3.8999999834774246 5.000050272038791 
3.5009202370451873 0.7000909882306499 17.001058806771233 7.444706882358169 7.573129859446098 3.6641708679649843 5.000000734904545 
3.500079483775403 0.7000002270955654 17.00008431138942 7.304094794217748 7.405123522959623 3.2200057632483716 5.000000017471782 
3.507662087477075 0.7000000087357636 17.000001392144174 7.3559857234551735 7.4846606349836495 3.6353495299141727 5.00000002041631 
3.5221400257610607 0.7000036804112205 26.71323775137141 7.771997912317144 7.404444716310494 3.8999999998623593 5.000001162390821 
3.503688321100275 0.7000061797922019 24.445804835626955 7.7505611839458535 7.407829212343893 3.899999999025639 5.0000000407552445 
3.572563509867394 0.7000184084221512 17.95031011174256 7.750598297168788 7.400842036002869 3.8999999998819166 5.000000640824703 
3.500056141294566 0.7000010018038318 17.00000790529895 7.561234250879921 7.400235207376762 3.720371103953753 5.000000014608322 
3.5022933221376156 0.7000037579583355 25.140135550009067 7.750128146554508 7.409203631589869 3.8999999989931795 5.000000856393485 
3.5000251797177926 0.7000000079138523 17.000000004388166 7.300141906500303 7.400343748288936 3.3507634956779175 5.0000000073448065 
3.50235232495831 0.7000285270261708 22.25607833729275 7.750011342459186 7.4063002717965745 3.899999998254003 5.000069589078793 
3.5075097818698637 0.7001959412079026 19.473610420015667 7.796031994981623 7.407607414640512 3.8999999996642303 5.0000000274070375 
3.502494772039167 0.700028555302487 22.25607833729275 7.750011342459186 7.406552888727171 3.89999999825069 5.003993715169403 
3.5000152269765867 0.7000010018038318 17.00000870282778 7.587440766084196 7.404571258718722 3.7671548037069913 5.000000008466287 
3.501740675831677 0.7002149105640152 21.35108994720452 7.750727008430234 7.4010014935001704 3.899999998868027 5.00000039051794 
3.501666479394447 0.7000110298452684 20.201528194380504 7.750552935650713 7.408510060040979 3.8999998843829076 5.000000020324004 
3.5729464512446083 0.7026639081797895 22.25607833729275 7.750011342459186 7.410030557968448 3.89999999825069 5.00000006801459 
3.500002434468239 0.7000002331833199 17.000011742143105 7.30015463137903 7.402584600044545 3.270714325875553 5.000000027065972 
3.5221400257610607 0.7002044305039836 26.723128542227496 7.771997912317144 7.405986523723761 3.8999999998623593 5.000001162390821 
3.5036843504754644 0.7000919463829772 17.000000668798993 7.307421399375578 7.405369954674481 3.5045965180825043 5.000016362988895 
3.5071192975448224 0.7000002805354425 17.00004340124549 7.407331227391006 7.400326645138641 3.6342928410766833 5.0000000254813814 
