3.560951492119473 0.7118448843010221 27.999999353225046 7.750027841635979 7.463443820201491 3.8999999999960697 5.004508353102002 
3.5000634820585446 0.700000001315534 17.000000256608242 7.300000024458369 7.400015332427821 3.168861526334007 5.000000000273706 
3.5000634820585446 0.700000001315534 17.000000256608242 7.300000024458369 7.400015332427821 3.168861526334007 5.000000000273706 
3.560951492119473 0.7118448843010221 27.999999353225046 7.750027841635979 7.463443820201491 3.8999999999960697 5.004508353102002 
3.500064744826573 0.7000000731045228 17.00000909450617 7.303750832325497 7.40083653093241 3.319192420789413 5.000000077193457 
3.5244597901991637 0.7000008862476118 22.347006534839004 7.750139890258656 7.400873097625744 3.8999999997373807 5.000000135243101 
3.5015362292444965 0.7000300165980924 24.87641102419974 7.7659679082768704 7.400683501575344 3.8999999984178935 5.000000005541554 
3.5000615551090455 0.7000007142370614 17.00071710883897 7.300000216878509 7.400898330450273 3.401066936998712 5.000000787402135 
3.50009348545462 0.7000012254612004 17.000711329318108 7.675983221531321 7.400161066484794 3.2271957712195545 5.000000071773028 
3.5076573864743703 0.7000020202823029 27.57962725966051 7.750693799417248 7.403116166583655 3.8999999999742303 5.00000190181229 
3.5005624297582405 0.7000007142370614 17.000000002981285 7.300000216878509 7.400898330450273 3.375455872104856 5.000002154633218 
3.5002410590048836 0.7000401981829759 17.0000535497769 7.301362948165375 7.400081839508087 3.2709784032332467 5.0000000428656834 
3.5076573864743703 0.7000020202823029 27.219687853441577 7.750671859551383 7.403245840481261 3.8999999998713393 5.000000092877775 
3.500197957473138 0.7000000576459013 17.0000000434889 7.303210164682247 7.400276387922255 3.5546738617727462 5.000000640028471 
3.547102725818554 0.7001829590352405 25.08573763712683 7.750123731881551 7.400700306642462 3.8999999999204995 5.0000000226342 
3.516787202072761 0.7022213773836804 24.39561343071464 7.750393198980312 7.40839421165509 3.899999999998285 5.007046389551909 
3.5244597901991637 0.7000009290501812 25.427967114305353 7.7501366270691046 7.400873097625744 3.8999999997373807 5.000000135243101 
3.5683994713540588 0.7134195060070085 27.650869144078857 7.756149460661269 7.4012951660631945 3.8999999999130344 5.0000001028661485 
3.5001971383258033 0.700000011467566 21.09753463153447 7.751997801583263 7.4009061097570985 3.8999999999043196 5.000010726385369 
3.5002410590048836 0.7000335688962527 17.0000535497769 7.312514321833776 7.400081839508087 3.215360323055158 5.0000000428656834 
3.5002051124256965 0.7000000087557241 17.000515902138822 7.302286077513561 7.400766939599144 3.2453178954975908 5.000000774200923 
3.500909491165864 0.7000452301733 19.367207772668646 7.760350913322189 7.409768124611739 3.89999999610997 5.000009734628082 
3.5000921209179396 0.7000000098677125 17.000005061883776 7.602837457855283 7.434674417650148 3.7651127475371418 5.0000007699244176 
3.5002441357027645 0.7000004072183372 17.039647034327707 7.667574001649831 7.401818928077049 3.7768936282573993 5.000000106635739 
3.500091810154734 0.7000000129610452 17.000720304212262 7.300275258008549 7.413826273808133 3.2531587224161687 5.000000004691219 
3.5004281908800348 0.7000012082933105 17.000000040849656 7.300001369706453 7.400066360403451 3.20142303617769 5.000001984357237 
3.5003953905117857 0.7000061508262461 27.00293585810275 7.75015084980546 7.422293530325565 3.8999999999834283 5.0000004239381 
3.500535943406502 0.7000109372812761 24.23795279044032 7.750692823115471 7.408443184056958 3.8999999999521564 5.000242954875526 
3.500098446279845 0.70000001299362 17.000008863797763 7.579128904192906 7.400174698996669 3.6939323708563663 5.000000065085579 
3.5016217285732485 0.7000104831418843 26.729809484102546 7.750153100770961 7.422293530325565 3.8999999999834283 5.000000049648472 
3.500502093178659 0.7000467101372896 17.00000237950085 7.617877923858903 7.401294450675036 3.7353698868037464 5.000000989946618 
3.500093351403889 0.700000096588169 25.87465114657109 7.750461552725627 7.404069544800366 3.899999996596903 5.000000066044622 
3.500093302435642 0.7000005548013902 26.02867448265785 7.750694125559865 7.403964789912959 3.8999999999412673 5.000000426485248 
3.500059309183763 0.7000000027613753 17.000515902138822 7.309797489545628 7.421587384762307 3.4376196858210086 5.000001236937855 
3.5000744752418673 0.7000000006582715 17.00000323607257 7.300000060088105 7.400052161912797 3.5073888649509035 5.000000000273706 
3.500192256148 0.7000007214592076 17.0000012339498 7.306073699902464 7.401778101210391 3.4116990261201914 5.000000007564259 
3.500093369868983 0.7000021333703011 26.51240911355964 7.750694125559865 7.403964789912959 3.8999999999412673 5.000000133238928 
3.5000634820585446 0.7000000486468944 17.000000069589152 7.300000742858437 7.400015332427821 3.3394523350817966 5.000000000923216 
3.5000634820585446 0.700000001315534 17.000000256608242 7.300000060088105 7.400015332427821 3.1822000184518795 5.000000000273706 
3.500059766364796 0.7000011803150948 17.000041742083955 7.316123624882616 7.40003546620171 3.428270472616818 5.000000063239465 
3.5001964378968444 0.700000011467566 23.48888708729317 7.751955843703101 7.40022056675142 3.8999999999969788 5.000000024682452 
3.5002051124256965 0.7000000053591267 17.009558748055625 7.301595752489691 7.421587384762307 3.5979500369785846 5.000000774740688 
3.500204289339056 0.7000029716561338 19.811805603525784 7.921865559784112 7.405250549679719 3.899999999957406 5.000000058636587 
3.500098679176799 0.7000002328690511 17.000008863797763 7.656857034960633 7.405035581613126 3.8342525031779826 5.000236512361916 
3.500372402078022 0.7000537955830928 18.166788897078465 7.750363027676804 7.401510596596963 3.8999999999991086 5.000000004753449 
3.500063310743221 0.7000004048183397 17.000003385979646 7.650818013580681 7.413765105637714 3.713658839955914 5.000000033438492 
3.500068137106717 0.7000000042719862 23.9959336671797 7.751955843703101 7.40022056675142 3.8999999999969788 5.000000024682452 
3.500065759621081 0.7000007081360357 17.00000000918525 7.308709099498759 7.400161937628757 3.36619837810765 5.000000049624491 
3.5000657517590437 0.7000001216990999 17.00005564145458 7.309726812980778 7.400659867844371 3.4750379559781965 5.000001249266726 
3.516876701295096 0.7030911132671089 27.99542484278775 7.7507136089365245 7.463303789369343 3.899999999991336 5.007154258842629 
3.5003953905117857 0.7000061508262461 21.935819939556996 7.75015084980546 7.461329620731632 3.8999999999834283 5.000001605007706 
3.5000645100748047 0.7000009624641045 17.00000078031885 7.302596361261783 7.400148907196494 3.5722951429150136 5.000000005510156 
3.500093120143839 0.7000009627951211 17.000029639553027 7.575006343291584 7.400174698996669 3.6762885912058545 5.000000065085579 
3.500064707164838 0.7000005007120453 17.000002606434354 7.752599408035915 7.4005964169469705 3.8683862888594884 5.000000002588108 
3.5001364321655717 0.7000000102627292 17.000008431171825 7.430950713389645 7.400058239115614 3.6396320640922 5.00000068208236 
3.5003953905117857 0.7000062504237335 17.315389441770254 7.75015084980546 7.461329620731632 3.8999999999834283 5.000001562880117 
3.500063456535 0.7000000090205591 17.000000085625285 7.300000060088105 7.414657926705327 3.343874289383455 5.000000007544382 
3.518348825130933 0.7000000176212209 22.706096452435265 7.751955843703101 7.40022056675142 3.8999999999969788 5.000000024682452 
3.516876701295096 0.7002093496786704 27.79943723848648 7.7507136089365245 7.40995902354012 3.899999999991336 5.000001256120034 
3.5167983071816242 0.7000883202896566 17.000176227791123 7.673324864957395 7.401206053936855 3.8455475081099126 5.000000053627842 
3.5001121130512884 0.7000009902321127 17.000073795994474 7.315518119073263 7.400007812723186 3.5310283129539997 5.000000008018148 
3.500091987992778 0.7000001470687568 21.64646677833514 7.755599811354087 7.4058404134527125 3.8999999999902224 5.002162889304735 
3.5000617980441966 0.7000000245929636 17.00000323607257 7.630850705838626 7.400052161912797 3.8095181567372474 5.000000000273706 
3.500112895457811 0.7000000616019822 17.000000088453834 7.300001369706453 7.400010378194417 3.3003089072926164 5.000000533012895 
3.50013559267112 0.7000000053109705 17.000022748892146 7.428154456672695 7.400058239115614 3.6233629005016246 5.0000006889371 
3.5179248499793787 0.7000425739147885 17.745214299172623 7.750881724363836 7.40995902354012 3.899999999991336 5.000001256120034 
3.5005485300510277 0.7000045562528101 18.39590886948065 7.750300881469359 7.400218841731478 3.8999999984178935 5.000000005562655 
3.500244148465453 0.700007443209731 17.00000557542554 7.300563778068401 7.418607373209704 3.5322962818827106 5.0000004925933625 
3.500066301666643 0.7000061868830739 22.880808733777915 7.750469506424092 7.4611692063520305 3.8999999961325256 5.0004361783774645 
3.500075313677226 0.7000004767167802 17.00000322964551 7.301662942380133 7.400083547212533 3.5004938590692594 5.000000000180288 
3.5019419638767797 0.7000106704058311 20.04770807789026 7.750201375893457 7.405417473143345 3.8999999996802326 5.000008825382281 
3.5000657517590437 0.7000001216990999 17.00005564145458 7.309726812980778 7.400659867844371 3.4566073907493395 5.000001249266726 
3.500196439100987 0.700000011467566 17.66371873827987 7.751955843703101 7.400036677474244 3.8999999999969788 5.000000071588056 
3.5001120592155637 0.7000000600520269 17.000229425400786 7.300121209993204 7.40001094590781 3.28890049812877 5.000000021941261 
3.500092488836065 0.7000000184728907 21.4696278575428 7.752014483741289 7.405915843021658 3.899999999701234 5.0021010235503915 
3.5002115550009774 0.7000001216990999 17.00005564145458 7.302215408554781 7.400659867844371 3.5818997072636156 5.000000787069558 
3.500061993152263 0.7000000248878188 17.000009904165648 7.638184705983219 7.409707712804001 3.811110653400717 5.000000024917999 
3.500065759621081 0.7000009624641045 17.00000078031885 7.308984669084104 7.400161937628757 3.460656064884764 5.000000005510156 
3.5001971221835677 0.700000011467566 20.37774426085214 7.751997801583263 7.4009061097570985 3.899999999855331 5.0000001387767465 
3.599053374919764 0.7000178040438269 18.414657115864337 7.750305558419696 7.400218841731478 3.8999999963931735 5.000000005562655 
3.5000644799000775 0.7000005007120453 17.000002606434354 7.301662942380133 7.4000836351428925 3.192157846294037 5.000000002588108 
3.500213184071019 0.7000009628586975 17.000009062051145 7.626517449946494 7.401327691189176 3.7266475656653526 5.000000158035914 
3.5095525625500974 0.7000915819475612 23.18126147382377 7.7506859272533175 7.404093741499015 3.899999999775208 5.000002376007686 
3.5005432586783427 0.7000042660327096 17.00322821268785 7.303136345577723 7.400217398765729 3.2830509031633204 5.000000021749169 
3.500094779433994 0.7000006457876679 17.000064630398487 7.584316530951046 7.4009314022121035 3.6520475175164027 5.000000825137533 
3.578725206503154 0.7047633116540074 20.400990634724696 7.750151828843527 7.414138437208157 3.89999999632055 5.000000000654612 
3.5264383691011933 0.7000452402487279 20.49882544470168 7.767815032919952 7.400873097625744 3.899999999756309 5.000009176946173 
3.5001896493657254 0.7000019838492229 23.1528091554934 7.751955843703101 7.40022056675142 3.8999999999975867 5.000000024682452 
3.518348825130933 0.7000000231793313 23.659321697066545 7.751955843703101 7.40022056675142 3.8999999999969788 5.000000024682452 
3.500536591213606 0.7000006914644143 23.76578805866482 7.750692823115471 7.408443184056958 3.8999999999521564 5.000245170204232 
3.5005365743978567 0.7000061752585548 21.935819939556996 7.75015084980546 7.41203732284832 3.899999999277421 5.000000001255981 
3.500112895457811 0.7000000616019822 17.000000088453834 7.300001369706453 7.400010378194417 3.3003089072926164 5.000000533012895 
3.500098679176799 0.7000012305474217 17.000738222611243 7.757094848598544 7.406274262783276 3.883253155144517 5.0000053035374 
3.500133192875045 0.7000009272522506 17.000008431171825 7.428154456672695 7.400058239115614 3.6233629005016246 5.000000682939131 
3.516876701295096 0.7002402365038054 27.99542484278775 7.7507136089365245 7.463303789369343 3.899999999991336 5.007154258842629 
3.500282173141848 0.700012856268298 17.000038517116845 7.31133705664535 7.400457164065327 3.4864246107842516 5.000000460101137 
3.5001115226042008 0.7000000211464046 17.00322821268785 7.301680449190422 7.400011206965533 3.1887144952786044 5.000000015482436 
3.5179248499793787 0.7000425739147885 27.921223112983746 7.750881724363836 7.4116281977153715 3.899999999995054 5.000001256120034 
3.500093369868983 0.7000130100209706 26.51240911355964 7.750694125559865 7.403964789912959 3.8999999999412673 5.000000464673487 
3.500091987992778 0.700000146333853 17.06775926177164 7.758056601525393 7.409701738992269 3.8999999999902224 5.002162889304735 
