3.5000064749474205 0.7000000008813168 17.000000239915767 7.3000015587189 7.400103815126396 3.168775382339656 5.00000004818999 
3.5000064749474205 0.7000000008813168 17.000000239915767 7.3000015587189 7.400103815126396 3.168775382339656 5.00000004818999 
3.5963691678720853 0.7192471458678439 27.999999826352106 7.750080772114921 7.439155851815768 3.899999999999844 5.000000001463201 
3.5000078528310485 0.7000000142472017 17.000062570054407 7.300057000829224 7.400646982903855 3.5216411764515145 5.0000000392331 
3.5001072387013816 0.7000000370547086 17.000000041213585 7.642003596140828 7.431623750051567 3.8070244797502633 5.0000000800277276 
3.5282211483320194 0.7000228620883473 22.901295597496574 7.7516120413663065 7.465985521262561 3.8999999999730957 5.000000198127706 
3.500006448335613 0.700000019670194 17.00000257415327 7.313007026067072 7.400717508267382 3.55148775067572 5.000000050437009 
3.5057242340851626 0.7005638965972231 25.51140590054302 7.753822602453239 7.637989527232762 3.899999999997203 5.0091167377644075 
3.5046747687565687 0.7001870213034624 24.170776737291707 7.75007921529699 7.400385097132802 3.8999999999971102 5.000000304486208 
3.500132332249222 0.7000018066618497 17.00000621310674 7.320129631755586 7.400254281556378 3.4926106377957162 5.000000056496547 
3.5005931565609614 0.7000001645548957 17.000342345889784 7.5013853288217005 7.40187313509798 3.6973088455309444 5.0000002361298455 
3.500007486292247 0.7000003378948131 17.000006464025827 7.300469266074429 7.400243732104725 3.3639343659787766 5.000000102506223 
3.504641500922331 0.7000000102471071 17.000044686266126 7.300226180504769 7.402265547450351 3.305766773295834 5.000000002108407 
3.5003113655289275 0.7000007577983205 17.000050216791713 7.406316517942481 7.4187077026864 3.6702702289673015 5.000000355527067 
3.526852327370536 0.700002189242667 27.675039941134195 7.83471964257758 7.402748121605579 3.8999999999306927 5.001242983082787 
3.50000653324713 0.7000000009287859 17.000000804609925 7.300001408653879 7.400104000276551 3.341360676112447 5.000000051486573 
3.500132332249222 0.7000096561248114 17.002429332937435 7.578765218127273 7.400214760914227 3.7407686775391693 5.000000056496547 
3.5000079418497316 0.7000000765542708 17.000001041364953 7.300057000829224 7.400630677520767 3.4707211189841356 5.0000000392331 
3.5000399584095385 0.7000020932593268 17.00002405613268 7.3002865095419756 7.400199748425125 3.1924359848831623 5.000000051361627 
3.503010488330539 0.7000164643718394 26.295391755862404 7.755128975649303 7.4315728947405795 3.8999999999805453 5.0000000671914595 
3.500008130000551 0.7000000418013275 17.00002303204311 7.751511898538917 7.432761948054337 3.8999999999987693 5.00000007687392 
3.503010488330539 0.700000272590198 26.53209948161088 7.7502277475269485 7.418733517026405 3.899999999926291 5.0000000671914595 
3.501838755932129 0.7000024541986802 26.874634006523056 7.750053238319901 7.4027534721800645 3.8999999999992245 5.001146121181281 
3.500024010280926 0.7000000755768013 17.000001041364953 7.300011703817439 7.411798662000695 3.565152848113053 5.000000039356627 
3.5000064749474205 0.7000000008813168 17.00000011489698 7.310510181212305 7.40010376770361 3.2270760092157422 5.000000001103165 
3.500041504019185 0.7000000195641719 17.000002301600283 7.722669341539481 7.400291037727941 3.8516540068962297 5.000000074710565 
3.5004529470884047 0.700002189242667 23.851102554734457 7.750112431190202 7.549986949282336 3.899999999995011 5.002667279015137 
3.5000084651000876 0.7000002043562251 17.00000216739324 7.300001368243542 7.401800590465098 3.3173954615351726 5.00000004479193 
3.5000064749474205 0.7000000008813168 17.011356619800804 7.3000015587189 7.416567721809645 3.270608585394397 5.000000001692297 
3.5016596383985945 0.7000108302700401 27.993438116747075 7.7500325312331135 7.491386411431322 3.8999999999992037 5.000000388878009 
3.5000008558370794 0.7000000529582383 23.43152956260475 7.750112431190202 7.549986949282336 3.899999999995011 5.002667279015137 
3.526852327370536 0.700002189242667 18.487250932855854 7.750089469882409 7.402748121605579 3.8999999999985455 5.001212644961379 
3.500330024856778 0.7000000228462453 17.000044560698896 7.3002865095419756 7.413215671947029 3.2379908293273587 5.000009199603454 
3.5000064744265047 0.7000000048124443 17.000000459264843 7.300279620330493 7.400103643271141 3.586919635090087 5.000000032054896 
3.505724536985991 0.7000021855539258 21.28926249886336 7.750065257966653 7.460558603940323 3.8999999999951815 5.019683729811446 
3.5000414613511137 0.7000004134270664 17.0000231712628 7.3000037979931935 7.400200654154194 3.2502928659197057 5.000000054343855 
3.500041504019185 0.7000000195641719 17.0004256648773 7.722669341539481 7.400291037727941 3.8516540068962297 5.000000074710565 
3.501361251411899 0.7000030392105727 25.1827440561395 7.754077105252466 7.400645891803425 3.8999999999922794 5.000000049989192 
3.500143286807745 0.7000042341741909 17.00000184692835 7.427929080912796 7.421379451246896 3.653072747743415 5.000000052448919 
3.5018370268676 0.7000000733747086 17.00010903779255 7.7190607245774325 7.402068304149996 3.7678580556164163 5.000000434684748 
3.5000067615876507 0.700000015646622 17.00002405613268 7.3000527966559385 7.400255270071525 3.2062802956679706 5.000000045474991 
3.505194514426052 0.7000000765542708 17.000000514197307 7.300057000829224 7.400630677520767 3.4487150890173637 5.0000000392331 
3.5267839681747506 0.700004141845466 19.510923400657923 7.750086859144733 7.403740704330027 3.899999999999232 5.001200515835596 
3.5046832556603644 0.700008775743257 19.37197977112738 7.750038973672728 7.430475211336074 3.8999999999602966 5.000003111146518 
3.500006448335613 0.7000000057727316 17.000000799287342 7.304589377959743 7.400717508267382 3.3327098237972965 5.000000051529336 
3.5000713369063736 0.7000000193452632 17.000008659427223 7.480382788144712 7.401770908887442 3.213849132415824 5.000000012184326 
3.504607168848252 0.7000023278158796 20.92173263885327 7.751182924087473 7.563914646904767 3.899999999980429 5.002145007527286 
3.502360935730781 0.7000029659077164 22.21392286652511 7.750010528690673 7.663699442464563 3.8999999999801855 5.000217635827396 
3.5054544467281024 0.7005607001169784 21.54160501243929 7.753881564339414 7.423627755913604 3.899999999984875 5.0000003684048195 
3.5273257536637272 0.700004141845466 17.570717464632647 7.750086859144733 7.403740704330027 3.8997807267821645 5.001200515835596 
3.500012984019693 0.7000000063104131 17.000003550867678 7.4033728533354335 7.463492970714332 3.635384304175209 5.000000032244278 
3.50000653324713 0.7000000009287859 17.000000804609925 7.300001408653879 7.400104000276551 3.261006213728488 5.000000008788175 
3.500007641346817 0.7000004277214505 17.000090330452178 7.300003660762139 7.401926179145081 3.4199949517776402 5.0000000529135145 
3.5283345999654934 0.7043306149328794 27.993438116747075 7.751661591988513 7.40129565892749 3.8999999999839456 5.000000395391106 
3.50007143037864 0.7000000192612722 17.000003950086295 7.475560056549194 7.401775038071494 3.5982928505454383 5.000000047432508 
3.5005931565609614 0.7000023174024148 17.000051624961287 7.5013853288217005 7.400729443153628 3.2870510014852994 5.000000175071372 
3.503010488330539 0.700000272590198 17.089313026607655 7.7502277475269485 7.417350050296569 3.899999999926291 5.0000000671914595 
3.510387541071697 0.7000141639159815 27.36544202661356 7.750143181939253 7.409865009199562 3.8999999999995363 5.000000031831961 
3.5000786761473597 0.7000029659077164 20.759601999768968 7.750076743092621 7.565951320431399 3.8999999999801935 5.000217635827396 
3.5023462171403517 0.7000066161037289 22.61168984679072 7.750009534681793 7.6256977063461875 3.899999999998169 5.000000320705458 
3.5533164747015915 0.7082499703201246 24.386920555077882 7.750079276871051 7.493250244990222 3.8999999999987773 5.000000006364991 
3.500038516733424 0.7000022112093844 25.918439655618325 7.754957449187573 7.485815732958208 3.899999999927858 5.00850810928628 
3.5273404530804413 0.7045031495352811 17.57836929703273 7.768237564431213 7.417633417073235 3.899999999996012 5.000000350165704 
3.5963691678720853 0.7155166810894664 27.846678918219 7.750140057570221 7.50724447018489 3.8999999999323176 5.000005361586852 
3.500051622493007 0.7000001673031726 24.59516049457777 7.750144218065973 7.435602044474938 3.8999999999987693 5.000000032920813 
3.500111439065041 0.700002189242667 23.578525311096286 7.750112431190202 7.549771199711945 3.8999999999958264 5.00006596937931 
3.5005931565609614 0.700002100943834 17.000342345889784 7.489559552321691 7.40187313509798 3.4833737307811274 5.000000344058303 
3.5001822456845852 0.7000007239226799 17.00000333773151 7.497330461326236 7.404222342986088 3.615644184407504 5.000000050002312 
3.5009895284381742 0.7000347311991932 18.925413250152683 7.750086859144733 7.402748121605579 3.8999999999992245 5.00121278537164 
3.500143286807745 0.7000042341741909 17.00000184692835 7.301674433229098 7.400570228711948 3.2857364538676026 5.000000052448919 
3.507012510065194 0.7000005292453234 20.00661009433105 7.750051083958316 7.43846005407069 3.8999999999327817 5.0000003919652105 
3.550351425010175 0.7000158527132425 25.710709762893774 7.755128975649303 7.43264966774235 3.8999999999321124 5.0000000671914595 
3.5963691678720853 0.7144767982606285 27.846678918219 7.750140057570221 7.50724447018489 3.8999999999323176 5.000005361586852 
3.500132332249222 0.7000096561248114 17.002429332937435 7.578765218127273 7.400214760914227 3.722584242114012 5.00000022706566 
3.500009413290749 0.7000000009287859 17.00000159949743 7.300112636286801 7.400117429921035 3.4042585686076454 5.000000047447053 
3.501880294785133 0.700003738619478 20.412892610265267 7.750065444391746 7.485937377298469 3.8999999999998125 5.000000049456469 
3.555374280856061 0.7085065020186206 27.99999989474995 7.750080772114921 7.403113493319938 3.8999999999993484 5.000000001463201 
3.5961326880008837 0.7144767982606285 17.56809096646897 7.751522075504907 7.408154374903527 3.899999999965341 5.000000162727212 
3.5000111013531296 0.7000000008813168 17.00001497685658 7.3000015587189 7.455350617028611 3.16916275252889 5.000000231539949 
3.5000065335467903 0.7000000009287859 17.000000804609925 7.300112636286801 7.400117157745821 3.395537057377622 5.000000051486573 
3.5001822456845852 0.7000007239226799 17.000003360342653 7.4980718518967775 7.404018691055833 3.6216627991316934 5.000000050002312 
3.5538309419023695 0.7085065020186206 27.841414975098065 7.750081405186044 7.501144897503215 3.8999999999346504 5.000005148086053 
3.5000614033808435 0.7000000047888643 21.923753323741973 7.754899019403576 7.404171195508447 3.8999999999768535 5.000000061824354 
3.5045900066479927 0.700008775743257 20.36819246362828 7.751553081377911 7.430701682953017 3.8999999999602966 5.000000049456469 
3.5051267980054717 0.7000029863698064 25.050484690962975 7.750248571249644 7.400373529939797 3.899999999931017 5.0000000035344545 
3.5000064744265047 0.7000000431029216 17.000000168134243 7.300279620330493 7.400103643271141 3.1811418916573393 5.000000031151035 
3.5024887084327485 0.7000641424188532 20.048923113614464 7.750051083958316 7.43762335528094 3.8999999999327817 5.000000400078441 
3.5047067574914355 0.7002046169971186 17.000030930841696 7.300093880812956 7.451455327187397 3.3802125146138446 5.0000000916865615 
3.5267839681747506 0.7011636866376726 18.80387605048082 7.750081537652589 7.501578257718979 3.899999999999232 5.0000380738493035 
3.5046420805957528 0.7000336740022204 17.016665840976476 7.749832153287564 7.40097937363107 3.7850311037969235 5.000000060421093 
3.501742567237467 0.7000086783725573 21.923753323741973 7.754899019403576 7.404171195508447 3.8999999999602966 5.0000000611445605 
3.5000064744265047 0.7000000479173185 17.000001597700653 7.300279620330493 7.400103643271141 3.1811418916573393 5.000000031151035 
3.5005931565609614 0.7000022821117922 17.000342345889784 7.5013853288217005 7.40187313509798 3.7162067634520684 5.0000002331853 
3.504218092829194 0.7000029514638493 27.14612873592073 7.752428757376977 7.400575471861779 3.8999991309225908 5.000000060690557 
3.5963691678720853 0.7144767982606285 17.56809096646897 7.751508774169885 7.50724447018489 3.8999999999323176 5.000005361586852 
3.5016355513057396 0.7000000266470785 24.620691182954435 7.7580570493831 7.435602044474938 3.8999999999987693 5.000000032920813 
3.510387541071697 0.7000141639159815 27.329993693017087 7.75000118495237 7.472514863759824 3.8999999999995363 5.000000066672078 
3.5045360094400255 0.7000024208130353 17.000000804609925 7.7551129677297865 7.400117157745821 3.778432837789955 5.000000060211446 
3.504218092829194 0.7000001373095501 27.097965218532 7.752387041358112 7.400575471861779 3.8999999999307913 5.000000060690557 
3.5001537832552105 0.7000094837923254 22.485998169799245 7.782837628251557 7.40494618956497 3.8999869334153625 5.0000000611445605 
