3.599323357243141 0.7196657674832795 27.999998375146493 7.7500448774785715 7.465995821383395 3.8999999999982227 5.0000044547739435 
3.5000539809201596 0.7000000267698586 17.000000005250005 7.3003097310361476 7.400114220742721 3.168798794952636 5.000000039496101 
3.5000539809201596 0.7000000267698586 17.000000005250005 7.3003097310361476 7.400114220742721 3.168798794952636 5.000000039496101 
3.5000326440932397 0.7000000296796514 17.000000263963642 7.309455879015312 7.400420178838597 3.4127472964119745 5.000003799198348 
3.500026839188372 0.7000002071170998 17.000002545084413 7.30295313868039 7.412126660706048 3.4463718439419875 5.0000001902178015 
3.5000648349212375 0.7000060773587861 23.07167469974331 7.750022551509525 7.400345010996632 3.8999999986320297 5.0000183756551655 
3.5292162738085264 0.7000001082596313 22.528127528690202 7.75003780838051 7.4118297334561065 3.8999999991678966 5.00000057320561 
3.5000317140649253 0.7000000425563144 17.000005954859 7.300270027815148 7.409673941075222 3.389779229006671 5.005769315999904 
3.5010254714433118 0.7000006441434736 26.112449634010716 7.75003780838051 7.400226886444244 3.8999999980303968 5.00000057320561 
3.500307679093385 0.7000104582536809 19.942474921633615 7.796992328910812 7.400872812053893 3.899999999517228 5.000000225810193 
3.5003096253760537 0.7000220231104972 24.179611742493712 7.796992328910812 7.400872812053893 3.8999999995167753 5.00001788639811 
3.505635725914326 0.7008750224581843 27.99999705025179 7.750020775220396 7.4250225390318 3.8999999998864365 5.000002722214366 
3.5000688744883646 0.7000000880719793 17.000454058077928 7.3149557476366205 7.4017669402264605 3.2219083686908183 5.00000107633876 
3.5010280667450364 0.7000004295493361 27.714413389765536 7.750581020273613 7.421264141154884 3.8999999980303968 5.000000538842463 
3.501242152724654 0.7000340931440056 21.08122393710594 7.750535803748971 7.40007376026188 3.899999996043059 5.000004042718753 
3.500651958982231 0.7000002895820441 17.129376631764792 7.761533024660474 7.402482086859671 3.8999999998947703 5.000000038403721 
3.5002430710090855 0.7000009039947909 23.5408018237652 7.750337998662483 7.5992800183420455 3.8999999998782426 5.000029783916976 
3.5005066396287536 0.7000140959436124 21.868540317305722 7.750592245356991 7.406223148468815 3.8999999980082656 5.000000071943995 
3.5000391824824804 0.7000001104732497 17.000005461041646 7.378953336886832 7.402698574904993 3.181745854114023 5.000000136293152 
3.500068815149476 0.7000000457559319 17.000454058077928 7.3149557476366205 7.4017669402264605 3.262423866511339 5.000039409285566 
3.501044271760406 0.7000008731888326 23.70615348143996 7.750583395395519 7.597886442772436 3.8999999980303968 5.000029639863459 
3.5475062304468707 0.7001419902935314 17.592433732996774 7.750044695361622 7.495742785796862 3.8999999999997224 5.000001348987203 
3.5010280667450364 0.7000001085117757 25.646996284673047 7.75003780838051 7.400226576097904 3.8999999980303968 5.000000138570477 
3.500170563018675 0.700000328912733 17.00000008528214 7.666326615491811 7.400387333933348 3.8423817715183377 5.000001356780044 
3.5895200555014197 0.7000388770933657 20.207697884509017 7.762585095861419 7.438447695855036 3.8999999994691597 5.000000771602744 
3.5000273849796435 0.7000000948026346 17.00000365029311 7.327678793246666 7.429018579731815 3.3395416975650836 5.000001938766294 
3.5000263046114806 0.7000021860293512 17.000009628667424 7.49633644498339 7.40717092337584 3.6695745725332274 5.000001045841136 
3.500083155814959 0.700000106217024 17.000000584949582 7.6716869151762905 7.401087326594796 3.797015652293712 5.000000418075105 
3.5005066396287536 0.7000133316758937 17.006727410824222 7.750046893389934 7.426866956182056 3.879481468023485 5.000029277133874 
3.5707097842127324 0.7000010423626488 18.922687994670312 7.750020538711845 7.407542009817209 3.899999999483339 5.000000018598878 
3.5004850216315355 0.7000002667863574 17.000005242139867 7.3002132509426065 7.4000346669904 3.539193339557299 5.000000443559578 
3.5004969539116444 0.7000132232064401 26.61132455626692 7.750050000038943 7.403178386278327 3.8999999998887294 5.000010639817186 
3.5475383045960753 0.7062294876031011 27.997617815271155 7.750044695361622 7.400474629465459 3.8999999999998054 5.0000037559974 
3.5067438945705405 0.7000010423626488 18.76368445975789 7.752053297081071 7.407736877308467 3.899999999483339 5.000000023119349 
3.501242152724654 0.7000362161796323 20.621503027366344 7.750535803748971 7.40007376026188 3.8999999983939624 5.000000579844772 
3.50003254084627 0.7000000020489427 17.00000692881076 7.379583253976454 7.400267552331148 3.62452129768456 5.000038105681457 
3.500045516512609 0.7000000095681598 18.30550341132695 7.752401184986198 7.400679392596073 3.899999999501908 5.000000001968955 
3.5004982875697817 0.7000087808005313 24.911977930957026 7.750592245356991 7.402825680844335 3.8999999993770342 5.0000041437176295 
3.500992178466431 0.7000065940618835 26.397819559250753 7.751637473955701 7.411843187007972 3.89999999991243 5.000000796833599 
3.5000331570512007 0.7000021113185901 17.000001092091832 7.49633644498339 7.400145318903024 3.6994613133136456 5.0000016515578105 
3.567395517522892 0.7133313124802941 27.9933364292588 7.750122577802692 7.40282838545441 3.8999999994156895 5.000107431475737 
3.5000274384537278 0.7000000948026346 17.00000365029311 7.328760378793601 7.426867901524108 3.4804123719973026 5.0000017465653706 
3.500026543115557 0.700000003653034 17.000004350575367 7.309062345864029 7.412300577139922 3.2413879579699545 5.000000182461242 
3.5067678787821666 0.7000060773587861 27.103612110879567 7.752070566749736 7.413209511634354 3.8999999998489305 5.00000029564647 
3.5001495005054095 0.7000024895551733 17.000071304306406 7.304931706832033 7.400520840099494 3.253734002458786 5.000001547829763 
3.5000327576866512 0.7000000297552809 17.000004084064642 7.300926738793929 7.400191290265842 3.331628179382575 5.000005603965523 
3.5002246387136573 0.7000000876118925 17.00003778963115 7.740298504101624 7.400070691896091 3.863914207292614 5.000017413365315 
3.5998339597702476 0.7192767407411008 27.999998375146493 7.7500448774785715 7.465995821383395 3.8999999999040402 5.0000044547739435 
3.5000317090923225 0.7000026187771301 22.17189619849397 7.75003780838051 7.461473846428032 3.899999998369486 5.000000466876671 
3.500152578532935 0.7000001094216601 17.000016173295506 7.300123052452291 7.409483664388712 3.2325813423652883 5.000000150489827 
3.500035135410529 0.7000025016277139 17.000016676984757 7.37296264836932 7.400597026293711 3.6486305692319396 5.000000594734397 
3.5000041872125407 0.7000000457397145 17.000006885667425 7.300482206811952 7.406411419956353 3.279948568739856 5.000000530426389 
3.5010254714433118 0.7000004884827524 21.405430003069764 7.75003780838051 7.400227253504645 3.899999998369486 5.000000465679563 
3.5003343305257153 0.7000009274591208 26.89521075490949 7.750015288423627 7.601556616932621 3.8999999998906065 5.000018091835925 
3.5000267342818208 0.7000000523163606 17.000003771202188 7.440121385860802 7.412126660706048 3.685671396697467 5.0000001902178015 
3.500293968119937 0.7000005346065359 24.437979381019247 7.753607595939049 7.413054432039059 3.8999999998493178 5.000016580226039 
3.5475383045960753 0.7094134692284505 27.728088426472937 7.750044695361622 7.400474629465459 3.8999999999998054 5.0000037559974 
3.599323357243141 0.7196623395084745 27.563569094023087 7.7500448774785715 7.466202316539535 3.8999999999982227 5.000000447842076 
3.5005066396287536 0.7000140238864284 17.51770211463008 7.750046893389934 7.426866956182056 3.8999999999636903 5.000029277133874 
3.5000331570512007 0.7000021604499375 17.000007094268078 7.49633644498339 7.40717092337584 3.720985822807258 5.000001149002962 
3.5010513182725997 0.7000056098396179 25.199262907600342 7.750047961395849 7.40034640665735 3.8999999980303968 5.000000138570477 
3.5004850216315355 0.7000002667863574 17.000063540115676 7.3002132509426065 7.4000346669904 3.5013487498246043 5.0000004581763005 
3.5000328480341865 0.7000000769267888 17.00006397822673 7.300430385371048 7.407610250115838 3.2823297267954907 5.000001733594676 
3.500479916451966 0.7000004496983568 17.000014257914362 7.628290133889315 7.419339862460491 3.7719208435141773 5.000000385509364 
3.5001663788326045 0.7000000901105541 17.000000436188888 7.300078350489638 7.4004936198104865 3.298184443750146 5.000001981520902 
3.505635725914326 0.7004537308025047 27.44642365008228 7.755339968918667 7.402134545761653 3.8999999999303503 5.000002722214366 
3.5000319223474294 0.7000000425563144 17.000003919067307 7.300270027815148 7.4002642264201945 3.3732237977118342 5.000040409501899 
3.5000556805574727 0.7000000090781463 17.000004065696963 7.300029470765078 7.400540806969698 3.358313594833845 5.000040372310073 
3.500053051594237 0.700002616675006 17.000000020796733 7.3003097310361476 7.400114220742721 3.206516258533244 5.000000039496101 
3.5001082641467733 0.7000000055530397 17.00002154338063 7.396557739082149 7.4120632461606855 3.6392913200885015 5.000001220468878 
3.5000328480341865 0.7000000941509753 17.000001944508746 7.300227267903061 7.407610250115838 3.3043124333037914 5.000000936652383 
3.500311681104471 0.7000105321557909 19.61688575191103 7.7500478041876875 7.4079043745779805 3.8999999999591166 5.0000005294911825 
3.5000325348944883 0.7000001921811564 17.000000468547984 7.300076940186806 7.429216891548348 3.552739579104313 5.000001976150321 
3.516429262485582 0.7000010709368718 18.373441579223538 7.752401184986198 7.402077662833857 3.8999999994886094 5.0000004272339185 
3.5003096253760537 0.7000087567266379 25.324619141045865 7.750021695391572 7.400872812053893 3.8999999995167753 5.000000003692484 
3.500053051594237 0.7000002981697723 17.000000020796733 7.3003097310361476 7.400114220742721 3.206516258533244 5.000000038476746 
3.500152578532935 0.7000001094216601 17.000016173295506 7.300123052452291 7.409483664388712 3.19294532540706 5.000000150489827 
3.5000233040100754 0.7000002775608388 17.000000498315124 7.3051490245407935 7.400360363401648 3.520188164089623 5.00000151603476 
3.500053051594237 0.700002616675006 17.000000020796733 7.3003097310361476 7.400114220742721 3.1691632089492665 5.000000039496101 
3.5000317430899557 0.700000094099146 17.000000298814363 7.300233709690292 7.400114325705597 3.5737282149288205 5.0000009088585236 
3.5034787996981236 0.7000006441434736 25.55071068320678 7.75003780838051 7.400226886444244 3.8999999980303968 5.00000057320561 
3.5004602646574647 0.7000002775608388 17.000000499030694 7.3002132509426065 7.419104113366035 3.520188164089623 5.000000443559578 
3.500035401644732 0.700000030918135 17.000014257914362 7.611152526583892 7.435115093454259 3.7674596338607205 5.0000292678954334 
3.5000632617708978 0.700002110137227 17.000022214765504 7.3001120062347065 7.4064492822918435 3.463288878681788 5.000001651821469 
3.500031772397327 0.700002110137227 17.00410849808125 7.3001120062347065 7.406432932008266 3.463288878681788 5.000001651821469 
3.5000357174634193 0.7000021621825899 17.000022517877305 7.320301615788928 7.401133821716556 3.6058194544400646 5.000000270905182 
3.5001658229997785 0.7000087152736135 17.00072617770437 7.300379340483596 7.400122261744377 3.3171940038850134 5.000000631400953 
3.500311681104471 0.7000105321557909 19.463065135960385 7.75003762074578 7.437212232566432 3.8999999999591166 5.000000264245478 
3.5004484033399965 0.7000000876118925 17.00003778963115 7.740298504101624 7.400028920444691 3.81236756715374 5.000017529505554 
3.500053051594237 0.700002616675006 17.000000020796733 7.330490525418155 7.400114220742721 3.4908983604426034 5.000000039496101 
3.5000331570512007 0.7000000286477496 17.000019178517267 7.49633644498339 7.400145318903024 3.7295641680379203 5.0000013464924224 
3.500003701300238 0.7000002706117886 17.00000692881076 7.300796119004343 7.400227846470979 3.59029556346225 5.000005458466161 
3.500152876922265 0.7000001089056843 17.000005596017235 7.300122957909009 7.409100375579971 3.19294532540706 5.000000074820766 
3.5001658229997785 0.7000021627220989 17.00000086875914 7.305035375341345 7.4004936198104865 3.3171940038850134 5.0000015149982735 
3.5010254714433118 0.7000004884827524 21.352379768007644 7.750065066950192 7.400227253504645 3.899999998369486 5.000000465679563 
3.5010280667450364 0.7000056098396179 24.67437825651912 7.75003780838051 7.400221266034656 3.8999999980303968 5.000000138570477 
3.5000331527983115 0.7000021664793871 17.000065369059485 7.525076152776565 7.407375503027379 3.748686061915545 5.000000649532606 
3.500651958982231 0.7000002895820441 22.097617937505976 7.750042520896651 7.402482086859671 3.8999999998947703 5.000000234080464 
3.500055692579742 0.7000002621392313 17.00000693874289 7.300796119004343 7.400227846470979 3.3612612463858156 5.000005458466161 
3.5000334760074305 0.7000002294602101 17.00000015460521 7.670683213597356 7.410730963734414 3.8199641697174407 5.000001356780044 
