3.500080248464444 0.700000002718627 17.00000033391956 7.300013812762508 7.400171469778222 3.1687667390718857 5.000000048364764 
3.597014383236808 0.7189938058107425 27.99998925998033 7.750065052920633 7.423237185585898 3.8999999904553193 5.000000063140526 
3.5000799259494917 0.7000000133177076 17.000009199998093 7.300236940794276 7.400181753518292 3.556169122340529 5.000000171020345 
3.500089032345592 0.700001518370699 17.000003688447528 7.300066337907705 7.415430301251221 3.197757817443345 5.000000013447852 
3.5001207989341667 0.7000010984862564 17.02101572545112 7.300179076151143 7.4007491503704435 3.322389542406394 5.000000050121676 
3.5000946108419693 0.7000015983586857 26.112634201912456 7.750132175539383 7.4059529715237975 3.8999999990070657 5.0000003479362904 
3.5000796046362894 0.7000000179190553 17.00000264913111 7.300271905605913 7.400572825362122 3.345814065094676 5.000000160627877 
3.50007869846291 0.700000040962455 17.000009609519605 7.485524815316126 7.400175914811447 3.7102315799407815 5.0000000374104 
3.500095060698207 0.7000000210752655 17.000068902909014 7.3000591149820675 7.401238809163494 3.5206123921846175 5.000000008570038 
3.5002381909189033 0.7000011649941518 23.617596265708237 7.750115813055725 7.425872978055349 3.8999999991703835 5.000000905361987 
3.597014383236808 0.7013785051832773 27.999580991132305 7.7500896359219045 7.420541931700213 3.8999999904667013 5.000000078965847 
3.5025458894479433 0.7000000112887395 17.000000073698608 7.747889754585463 7.400575629267268 3.667586698422773 5.000005916099283 
3.500266363426286 0.7000088116617788 25.675100839009335 7.7500984896929745 7.4682557139096275 3.8999999960691825 5.000002787339245 
3.5112192355184138 0.7009348091102575 18.369879263285508 7.750131149819554 7.4059529715237975 3.8999999990070657 5.0000003479362904 
3.5000592396101666 0.7000015564367003 17.000006551553824 7.7685413122647455 7.400188098702048 3.681502245408219 5.0000024512362575 
3.5000799259494917 0.7000000135635618 17.000009199998093 7.301349987687654 7.400802693859226 3.4172770707234443 5.000000171020345 
3.502368867350116 0.7000004100971456 21.990718884534477 7.750065580300046 7.402768496113064 3.899999999891161 5.000000905361987 
3.5066729020183374 0.7000061581851059 27.281930401022127 7.7500935731996226 7.505650375390219 3.899999999985437 5.000005343842604 
3.5000786474702577 0.7000000657854621 17.000000745864984 7.319877995057047 7.400197909056716 3.249398301898732 5.000000751293039 
3.506404762834027 0.7000152376937012 27.773197605010232 7.7500935731996226 7.453709581393753 3.899999999985437 5.000000887669478 
3.5024982847396626 0.7000089250860844 17.000000182473553 7.613637299283298 7.4360591297652965 3.6376299315040574 5.000005870717916 
3.5447008188897144 0.7000172152440663 22.738714249779463 7.760333886734364 7.400723527584988 3.8999999998134394 5.000015224750121 
3.5000946108419693 0.7000015983586857 24.403139523734335 7.750131149819554 7.4059529715237975 3.8999999990070657 5.0000003479362904 
3.50007243202383 0.7000083372760829 26.409675061967672 7.750068730127732 7.421985335491791 3.8999999999533825 5.000003061693393 
3.5134902553001224 0.7000026953049358 25.04854522364497 7.750020800237952 7.405240726596732 3.899999999983928 5.000014135840346 
3.5001211655842215 0.7000000026237068 17.00000218190368 7.307452855230668 7.400336199868505 3.2310560518916955 5.000000161353232 
3.500094798269081 0.7000087241167078 17.000116772058604 7.567913612734798 7.400767052046244 3.755127941836278 5.000000044631903 
3.502351571628773 0.7000004100971456 21.35629819493466 7.7500656680983395 7.402441999038771 3.899999999891161 5.000030359027687 
3.500236243626005 0.7000026867050303 18.973941366621762 7.75013259361059 7.419298618578383 3.899999999951134 5.00000000150287 
3.502328217378397 0.7000082816342822 24.66404077172271 7.750066716901353 7.526133708990322 3.8999997689941437 5.001260269782259 
3.5002261246263475 0.7000026030104031 22.463758469271323 7.750028708860354 7.477692857866664 3.8999999965150858 5.000129422039129 
3.5059516515165385 0.7011496160170663 27.999960488540523 7.750129624926781 7.426067890310727 3.8999999999914325 5.000003178889668 
3.5000963351545247 0.7000049772365438 17.00000073236821 7.300633188353835 7.4052505433096965 3.383905595233114 5.000000903380478 
3.500119162671473 0.7000003545025814 17.000000005943708 7.700300580379057 7.405637205697005 3.8435929179386474 5.000001743620261 
3.50007243202383 0.7000082178433229 24.015181373391215 7.750068063862141 7.401078703833727 3.8999999999195794 5.000003061693393 
3.506408068358814 0.7000149646895282 17.0000082322082 7.739535539283336 7.401040132346022 3.8768110654094188 5.000004319935221 
3.500101242206447 0.7000015514444861 17.000009862344005 7.326698471647971 7.403172249191106 3.5740074203763506 5.000001398978254 
3.5000966648302776 0.7000001837507495 17.00000001451859 7.300068346810357 7.418783413832291 3.274484859309086 5.00000002529793 
3.500085316828961 0.7000057598112751 17.000003112819428 7.3012221981333845 7.401628240554083 3.2917079941359355 5.000005526936457 
3.500104087281039 0.7000000026237068 17.000116772058604 7.307599617534782 7.400336199868505 3.516228223131994 5.000000161353232 
3.500238156684232 0.700001518370699 17.000002978341616 7.300339800912421 7.400750308096717 3.1806786982707576 5.000000066525904 
3.5684993769357236 0.710477192876814 27.943934555930092 7.750030307873502 7.421553471309131 3.8999999998930623 5.000000062426307 
3.5000570584785238 0.70000618597208 27.063031403823672 7.750027155176547 7.501102335932149 3.8999999999729495 5.001186828947953 
3.500094885447831 0.7000015815709135 17.00000015545545 7.746024808285301 7.401796055420887 3.857089315984168 5.0000000509076425 
3.5000802199038357 0.700000024307372 17.000001097284535 7.343078118802164 7.4002908808807195 3.4349981528722657 5.000000294627716 
3.5950763355451802 0.7182773627795168 27.854254062230865 7.750909205166568 7.400514765878099 3.8999999998186254 5.000000302038153 
3.5001207989341667 0.7000010934451026 17.000004617100032 7.302252898235801 7.401862402376856 3.226558047432364 5.0000003125703385 
3.5000592396101666 0.7000000446749098 17.00000002130783 7.645680370065313 7.403538429683415 3.7755991644135234 5.000000614247023 
3.500119162671473 0.7000031005684512 17.000000166949196 7.747075864805434 7.47553257395378 3.7846539806973674 5.000042668680861 
3.5001236846961183 0.7000000080823117 17.000003254754276 7.300316954238765 7.400942292584293 3.592619904765309 5.000011580417912 
3.5000592396101666 0.7000000446749098 17.00000002130783 7.645680370065313 7.403538429683415 3.8196975392447 5.000000614247023 
3.5000802199038357 0.7000002065814258 17.00000100511848 7.302269184819953 7.400292619961309 3.456281341900601 5.000000301945813 
3.500094651166995 0.70000106540883 17.000006092244632 7.751033165697898 7.400298885059814 3.479903069766009 5.00000066524107 
3.512981919097561 0.70000618597208 26.5906023604559 7.750027067378254 7.462811748244771 3.8999999998230215 5.001297307658259 
3.500241287076723 0.7000082403482821 23.194900893719847 7.750098442103219 7.468151897195553 3.899999999916226 5.000002557980795 
3.597014383236808 0.7189938058107425 27.641207040434992 7.750026661721474 7.42299231970624 3.8999999904553193 5.000000179247102 
3.500145349311471 0.7000075734881003 21.086905600807576 7.750033469375657 7.4000721955101 3.8999999904751714 5.000000077801431 
3.5000592396101666 0.7000015564367003 17.000000549845605 7.612988037685445 7.403538429683415 3.7291561788622847 5.000000614247023 
3.5515979579196584 0.7021627507932756 17.479120828357175 7.771588239835905 7.4247388233097675 3.8999999999002513 5.000006099726624 
3.5000990904492384 0.7000075779690715 17.000010272795503 7.301720291759995 7.429888110615731 3.4028079979620536 5.000001398978254 
3.5000592685980467 0.7000015604413842 17.000003033012025 7.302613809156318 7.400301978313226 3.213590493105608 5.0000002908312124 
3.5000232019181743 0.7000000120634431 17.000112097414455 7.659371890816549 7.403705271199583 3.6303810854262113 5.00000053304087 
3.5002454364263094 0.7000004100971456 23.905222058111857 7.750033025282876 7.400457754084024 3.8999999991703835 5.000000905361987 
3.5000990904492384 0.7000015514444861 17.000010272795503 7.300667945139598 7.429888110615731 3.397292444041425 5.000001398978254 
3.500081100875178 0.700000224770283 17.00000100511848 7.302269184819953 7.400259623038255 3.3581477470929397 5.000000035746886 
3.500085316828961 0.7000057598112751 17.000003112819428 7.3012221981333845 7.421544836916973 3.2941576084456776 5.000000034102192 
3.500237538474062 0.7000004458534477 17.000000135343726 7.300274044971531 7.465712614859628 3.495402341052176 5.000031346746095 
3.5000233664069738 0.7000013815528779 17.00000015545545 7.749688877633082 7.401961381389217 3.8060252146292246 5.000000858565965 
3.500094885447831 0.700000002230309 17.00000015545545 7.746036423563438 7.400134526101668 3.737508326145087 5.0000000509076425 
3.506119721960576 0.7000061795411295 19.630370467082663 7.750027067378254 7.462811748244771 3.8999999998230215 5.001213439663039 
3.500108142000398 0.7000054208541019 20.028765377850767 7.750079412913413 7.4059536428519435 3.8999999956392877 5.005311576480101 
3.500079960878623 0.7000067030279136 17.0000186700353 7.319766600526298 7.439708883862101 3.6100660318609203 5.0000002668394385 
3.500107221439823 0.7000051985933577 25.389332298334153 7.770393764163792 7.48718853846039 3.899999999971291 5.03989331955544 
3.500094651166995 0.70000106540883 17.000000126325226 7.300872044360249 7.400171400326555 3.473361635264469 5.00000066524107 
3.578577081020085 0.7000086840215956 17.279143035815135 7.772308197140338 7.411453090182256 3.8999999998658446 5.000030414412868 
3.5000799691199607 0.7000086752435529 20.244821148513196 7.771588239835905 7.467391715572749 3.8999999999002513 5.000036104510945 
3.502368867350116 0.7000004100971456 21.670567095095972 7.750065580300046 7.402768496113064 3.899999999891161 5.000000066563217 
3.5828028716091094 0.700084511109395 17.80636508464434 7.750027155176547 7.4636142271576835 3.89999999996601 5.000011547741128 
3.5046378028975 0.7000000479042953 17.011519193453445 7.7514221428894405 7.4002104836786735 3.8999999999011354 5.000000905361987 
3.500120509475838 0.7000029631241397 17.000003182281116 7.325200852886181 7.400296541998699 3.6140126758472393 5.000000615857767 
3.500080241425776 0.7000010772744569 17.0000082322082 7.300009216840932 7.401043900910168 3.308764561648891 5.000004319935221 
3.506404762834027 0.7000130731402066 19.800287647868828 7.7500935731996226 7.453709581393753 3.899999999985437 5.000000889538194 
3.5000592685980467 0.7000015604413842 17.000003033012025 7.302613809156318 7.400301978313226 3.213590493105608 5.0000002908312124 
3.50008007280335 0.7000002026516674 17.000000916570364 7.333987122475981 7.400484481705974 3.4616324200098676 5.000000625361623 
3.5000802520006498 0.7000002235151247 17.000000172149157 7.302269184819953 7.400881104028928 3.3731844056754974 5.000000992649833 
3.505941815237299 0.7000000230204616 17.000001097284535 7.312162539525035 7.400908593307245 3.4398127685219655 5.000000973704776 
3.5000810903003043 0.7000011104644772 17.0000082322082 7.300009216840932 7.401040132346022 3.308764561648891 5.000004319935221 
3.5002260304723025 0.7000001204269616 22.571315764120808 7.750028708860354 7.4791777228505865 3.8999999965150858 5.000129422039129 
3.500238156684232 0.700001518370699 17.000002978341616 7.306243594252616 7.400750308096717 3.1803454165821194 5.000005285370099 
3.5000782082588775 0.7000002065814258 17.000000736028333 7.300009216840932 7.400307042863407 3.58494084657584 5.000000292122575 
3.500241287076723 0.700008231452083 23.194900893719847 7.750099652116263 7.4640653107479356 3.899999999916226 5.000027556874627 
3.500080248464444 0.7000000100585325 17.000000744943705 7.300013812762508 7.400171469778222 3.1687667390718857 5.000000048003926 
3.500234608530475 0.7000015021057343 17.000002978341616 7.300231658738265 7.400743817532502 3.266240102110099 5.000000066525904 
3.500237538474062 0.700000084313031 17.000000135343726 7.300274044971531 7.400126800451839 3.495402341052176 5.000000234150287 
3.502328217378397 0.7000082642008607 24.576409354968952 7.750066716901353 7.526133708990322 3.8999997689941437 5.000007020801009 
3.5001509084793776 0.7000005101986252 20.904873615989512 7.750033469375657 7.4000721955101 3.8999999904751714 5.000000021343022 
3.5066729020183374 0.7000152376937012 20.739160968852854 7.7500935731996226 7.453709581393753 3.899999999985437 5.000000889538194 
3.5134902553001224 0.7000086120733309 20.40720066051756 7.750020800237952 7.404547007366176 3.8999999999002606 5.000014643270646 
3.5000592541003557 0.70000618597208 27.23023587538919 7.769607165921816 7.501102335932149 3.8999999999729495 5.001152654386198 
3.500107578350403 0.7000019395503628 25.345492249669796 7.770435485718691 7.401527298746826 3.899999999971291 5.000438580988184 
