3.5000104074802683 0.7000000527470834 17.00000076787736 7.300004334050214 7.401389098776127 3.1688698217980775 5.000000197057229 
3.5784900511896853 0.7133428304476157 27.998668402550297 7.75010708319398 7.429454738074595 3.8999999999191144 5.000000271567107 
3.500010074773007 0.7000000309519163 17.000085624493668 7.301101256697311 7.402181257273945 3.481370555395735 5.000000358045727 
3.5103112413898034 0.700748469687911 27.99873599440068 7.75012162006051 7.453752177365492 3.899999999788086 5.000014858863269 
3.5000102337036973 0.7000000376002132 24.695001328864752 7.759384219590838 7.401410676502015 3.899999999997625 5.0000001123593725 
3.500668490817753 0.7000001756632346 17.000005458822276 7.30061145862883 7.400983107499814 3.518720564457536 5.000000097865045 
3.502444091278682 0.7000003812538185 27.16326302965105 7.750939588232987 7.531029255818404 3.8999999997823642 5.000493973472556 
3.587153373236904 0.707348983951051 27.99402551056458 7.750133983664642 7.56493461145816 3.899999999748746 5.000014484642514 
3.50072803275205 0.7000003571772032 25.07307419090218 7.7546275064539385 7.462658527461088 3.8999999999890695 5.000003604461563 
3.5006954510086707 0.7000000060760065 17.00002709497939 7.301049060696166 7.4009760166165695 3.2062420162152208 5.00000020435241 
3.500091884388366 0.7000001673134116 17.000245880486027 7.445241632038506 7.401919226760148 3.6906151421533218 5.000000121621452 
3.5020265957445145 0.700000060724679 20.760289094337665 7.751388973641173 7.41470032168899 3.8999999998303783 5.000000085628949 
3.500892650916752 0.7000001616480241 17.00008752233228 7.370298808881917 7.401124709424156 3.4310977012769692 5.000000323331524 
3.501918978284199 0.7000006087037142 19.372038834136166 7.750129381452729 7.4014103400820375 3.899999999914936 5.000014668385416 
3.500515425275644 0.7000000366159267 22.125955180648393 7.75632220407774 7.4005441570027335 3.8999999813638877 5.0000041757637925 
3.500069198696252 0.7000001785891503 21.713469955243998 7.751251866396809 7.400711816612093 3.8999999998289705 5.00000114377635 
3.5000169537999843 0.7000000064878913 17.00000066819433 7.3970468017571624 7.401105436975095 3.6384060713228656 5.000000793965381 
3.5000102337036973 0.7000000376002132 22.718817719694076 7.84454083136214 7.401410405815595 3.899999999947298 5.0000001123593725 
3.5000258078358097 0.7000003424586917 17.00229569910992 7.730656139047022 7.4485511143166026 3.8691292103532087 5.000004070064103 
3.501940608634324 0.7000000243589041 21.200172672094443 7.751252725396571 7.414380502877375 3.899999999742417 5.0000139078717165 
3.500052875926913 0.7000000258562006 17.000028129417828 7.300892610982482 7.40110571101727 3.352662944648605 5.000000016653824 
3.5006595940704592 0.7000006087037142 17.050711447608066 7.750129381452729 7.401409374898178 3.899999999914936 5.000014668385416 
3.5000124676573465 0.7000005618016037 17.00000720917692 7.3008930046294385 7.400573680669368 3.327039772345751 5.000000229777464 
3.5000035023350464 0.7000002973608793 17.00000244442298 7.300821826107511 7.401387938328685 3.1904964875742086 5.000000097720893 
3.538190035664617 0.7044531237081654 22.77018415912178 7.759817169555421 7.40167903010682 3.8999999999929544 5.000000057154659 
3.5000090395545613 0.700000122931192 17.000006438653756 7.3016832867795305 7.426507077976925 3.460669473891548 5.0000001894125425 
3.5006031406368354 0.7000000242137616 17.00002792413805 7.302138642110805 7.40097654179808 3.3805355366697327 5.000006162927296 
3.503800240674002 0.7000005934506618 24.20981716428775 7.750918870896337 7.401404819945581 3.8999999999100092 5.000000093788907 
3.50066155957906 0.7000005758445709 17.000000787073876 7.310216432852835 7.448282475240618 3.254686906018144 5.000000188561821 
3.5000767546931315 0.7000001295344395 22.391370845212943 7.75012162006051 7.401127110959355 3.8999999998303063 5.0000088866580406 
3.5005894302872322 0.7000009196750814 25.682815376439763 7.7506639716693995 7.401228881669464 3.8999999998862322 5.000004310237529 
3.5000474405074358 0.70000000011943 17.000028129417828 7.306295253320221 7.401072354020804 3.3390250011743574 5.000000029188836 
3.5000235001067286 0.7000001676344498 17.000201996877568 7.760282066152344 7.401096400795133 3.7893989463122346 5.000000067481136 
3.500028901869951 0.7000000432792579 19.025079707947736 7.7510840713342155 7.421512701228785 3.899999997610929 5.000001666377009 
3.500003497957176 0.7000000266177403 17.000002382175545 7.300816737312501 7.401210367265369 3.600254824229622 5.000000096873111 
3.50001695863681 0.700000569312717 17.000001255556434 7.300011466849219 7.4351718200679215 3.2817375222953964 5.000000727671243 
3.5000229170109045 0.7000001712099893 17.000000114723054 7.35645067802805 7.401392772209857 3.5412847510083343 5.0000006047081005 
3.502126961485739 0.7000002717988604 17.00004668033165 7.306895152676797 7.401151517657062 3.3951523759277014 5.000000547964847 
3.500046805462347 0.7000071294360022 27.608829922408294 7.75012162006051 7.45471686678006 3.899999999788086 5.000000203294015 
3.500659438798838 0.7000001296738556 17.000001065729766 7.300131067660284 7.401115936635522 3.3122385198293736 5.000008732836295 
3.500016234858101 0.7000000260414682 17.00000390289463 7.735969791591661 7.415610420380505 3.853392732592204 5.000000201876721 
3.5003011023986486 0.7000000436244025 17.00000878917429 7.300326389440568 7.426507077976925 3.2471141293138572 5.0000001894125425 
3.5006524447089418 0.7000017838384365 17.000003251408287 7.632714860851605 7.4014087427429365 3.81711250941168 5.000000077310593 
3.5000273561096096 0.7000002722787377 17.00002819432372 7.535869631755484 7.467211429643027 3.7140335782462532 5.000004103748984 
3.5007329816101076 0.7000009532364648 21.43520789970708 7.750604546387207 7.456932988879936 3.899999980878208 5.000015227717715 
3.5409952299081873 0.7075394944647438 19.779618009796476 7.751431142406034 7.400699446711896 3.8999999964647256 5.000001141641303 
3.5000169537999843 0.7000000064878913 17.000086025277046 7.3970468017571624 7.401105436975095 3.661551585681615 5.000000725433791 
3.5019733231526797 0.7000003483689198 19.778781193797357 7.754783906136678 7.462658527461088 3.8999999999892 5.000003604461563 
3.5020801850669496 0.7000003812538185 26.76286850281886 7.7500701624223325 7.531029255818404 3.899999999788086 5.022126806663976 
3.5000319338601007 0.7000000433749252 18.730199395285464 7.750953864876571 7.400584230182999 3.899999997610929 5.000001645486008 
3.5000529860015086 0.7000001609659855 17.000000656475635 7.301182751115244 7.400982841107249 3.2179345554613117 5.000000226781303 
3.5002032310572617 0.700000952055997 27.902152693510487 7.75012162006051 7.455250078015994 3.8999999995169627 5.000005537847451 
3.5000123986237877 0.7000002977565689 17.00000247721319 7.300307395465982 7.401388321448099 3.304608929127596 5.000000097720893 
3.5006954510086707 0.7000000060760065 17.00002709497939 7.301049060696166 7.4009760166165695 3.222984751044619 5.00000020435241 
3.5001099450439814 0.7000001757242726 17.01225615570922 7.740935556019712 7.541974958900444 3.762220078923517 5.0000040548936635 
3.5000229170109045 0.7000000167300889 17.000026889089572 7.300286081568783 7.401385899898967 3.527712729013992 5.000000801076632 
3.519207396363735 0.7000001078624226 26.50281029627947 7.752781343862859 7.407212887033846 3.899999999844652 5.000001170126684 
3.5650414181316044 0.7047065573915691 17.743998534464684 7.751313339092377 7.400713957632387 3.8999999998314507 5.000001209309224 
3.500594559257343 0.7000005596779564 17.00065026878102 7.31832120804895 7.400925595670696 3.413003578158549 5.000000230153244 
3.5147417046507705 0.7007444208424015 23.76385562077031 7.750199682012119 7.456029592439104 3.8999999991314116 5.00000052054983 
3.5000105910161676 0.700000007801119 17.000062400441642 7.301678594033321 7.401496552446526 3.445876369471566 5.000000644498399 
3.5000094798459505 0.7000000374189086 24.143155081574683 7.750918870896337 7.401410676502015 3.8999999999100092 5.0000001123593725 
3.50083127781385 0.7000009829616752 17.27622439708294 7.750119652549559 7.456932988879936 3.899999980878208 5.000015227717715 
3.500687895542443 0.70000006144947 17.0000016847469 7.324409347581407 7.4019713300006424 3.2712201691498066 5.000001196064771 
3.5000117825287473 0.7000009134447774 17.000005458822276 7.300202047431343 7.400901696252205 3.5886623366760495 5.000000108190396 
3.5006954510086707 0.7000000060760065 17.00002709497939 7.366779741707314 7.401380296957766 3.1781502782707314 5.000000004159129 
3.500093132023167 0.7000003595564309 17.000000214468898 7.520846931071347 7.401096379174555 3.739035274193985 5.000001038504264 
3.500814657333961 0.7000000190073387 23.308246811350887 7.7512618814542 7.41689510234184 3.899999999770621 5.000001128381564 
3.5000235001067286 0.7000001676344498 17.000201996877568 7.760282066152344 7.401096400795133 3.8024779278133662 5.00000047347814 
3.5000169584472207 0.7000000064878913 17.000045737031407 7.3970468017571624 7.401105436975095 3.661551585681615 5.000000725433791 
3.500093680788435 0.7000003707118562 17.00000183074781 7.625702505149518 7.40113150468578 3.706593504485854 5.000000043867859 
3.500099035183033 0.7000000537560708 17.000176080501745 7.371346653761499 7.400025766950851 3.6209308839518375 5.000003961572717 
3.5383713555679677 0.7002131322946458 26.149912924748783 7.785606384810615 7.495895128857541 3.899993840368011 5.000000263703183 
3.5020801850669496 0.7000293825180314 17.590346461820765 7.750121591773657 7.4521856916008415 3.899999999747117 5.022126806663976 
3.5000235001067286 0.7000000344861652 17.000201996877568 7.7602913371944275 7.400613842587426 3.760820846107055 5.000000296552879 
3.500814657333961 0.7000000187081447 25.35201555595925 7.750119940349305 7.41689510234184 3.899999999770621 5.000001128381564 
3.500080933903807 0.7000003020147063 17.000004303083372 7.300293458699067 7.401978740851977 3.5579999631831996 5.000001246198343 
3.500710013234917 0.7000000761711116 23.72756234514714 7.750122360632952 7.480208601399266 3.8999999997573003 5.000014296988886 
3.5000117825287473 0.7000009134447774 17.000005458822276 7.300202047431343 7.400901696252205 3.5772683055042642 5.00000011509293 
3.5000090395545613 0.700000122931192 17.000006438653756 7.3016832867795305 7.426507077976925 3.40601996696691 5.0000001894125425 
3.5006518239797324 0.7000379383781135 26.149912924748783 7.785606384810615 7.491913489880395 3.899993840368011 5.000000263703183 
3.5000090745023713 0.7000000295031754 17.000000656355684 7.300796298401715 7.400982841107249 3.183480671999745 5.000000098258509 
3.5000124743571703 0.700000160613279 17.000044403517023 7.300293458699067 7.401151481293063 3.3677147195857113 5.000000366963501 
3.5000273561096096 0.7000002722787377 17.00002955542268 7.535869631755484 7.467211429643027 3.740069792222455 5.000004103748984 
3.5005881330308464 0.7000009239536512 25.39092512747944 7.750057078536953 7.40229785316792 3.899999999811688 5.000000114811955 
3.501934355955033 0.7000006526705346 18.168734546606753 7.750953662965707 7.403089175545227 3.8999999998409343 5.000000180152258 
3.500010579362771 0.7000000527470834 17.00000076787736 7.300806250762554 7.4029858402194035 3.234762670841619 5.000000191876815 
3.500599658593984 0.7000000425185273 20.46366041003993 7.750057078536953 7.400577982255974 3.8999999998286983 5.000000116904756 
3.500667544453652 0.7000001301459391 23.430374488447274 7.75047195497719 7.403027961410182 3.899999999840771 5.000000368558556 
3.5021075423271424 0.7000003964613636 20.39992150174946 7.750056476537039 7.531029255818404 3.899999999788086 5.000005340461742 
3.5008927684475433 0.7000001176816468 26.469935093389164 7.752722774554976 7.407216882075415 3.8999999999526507 5.000001170126684 
3.5006518239797324 0.700000061311664 25.91662086238981 7.754955698788089 7.401236827599842 3.8999999998862322 5.0000003254843115 
3.500010579362771 0.7000000527470834 17.00000076787736 7.300711121719582 7.4029858402194035 3.2342586459368707 5.000000191876815 
3.5000124743571703 0.7000002221716038 17.00000266605535 7.300293458699067 7.400707164398727 3.5579090039388257 5.0000002795671366 
3.5000105910161676 0.7000000072484261 17.000059774532303 7.3016732087245515 7.41428881986191 3.45106444565243 5.000000197940919 
3.5409952299081873 0.7000011718595577 19.784379871129097 7.751431142406034 7.421574272142228 3.899999997617533 5.000001141641303 
3.500659438798838 0.700000554107631 17.00000103407792 7.300042518512058 7.401115936635522 3.294087693143345 5.000008732836295 
3.500016925850984 0.7000000470389113 17.000201996877568 7.371346653761499 7.401039067042603 3.621436924657391 5.000000020484058 
3.5000124743571703 0.7000003120842831 17.00019928050242 7.300293458699067 7.401147257848895 3.3677147195857113 5.000000282979258 
3.500755861982951 0.7000009829616752 18.413202161064024 7.750119652549559 7.453718165622764 3.8999999998279176 5.000015227717715 
