3.5000226656921405 0.7000000500750005 17.0000006742976 7.300000618727178 7.400145726420899 3.1688003435427285 5.000000001969968 
3.5875379431350876 0.7175014981226637 27.999410232487325 7.750137170677521 7.4003257105073805 3.8999999995556918 5.000016259749715 
3.5000226656921405 0.7000000500750005 17.0000006742976 7.300000618727178 7.400145726420899 3.1688003435427285 5.000000001969968 
3.5875379431350876 0.7175014981226637 27.999410232487325 7.750137170677521 7.4003257105073805 3.8999999995556918 5.000016259749715 
3.506730817354696 0.7005118159756817 18.51454551302348 7.7503209552988945 7.405171259769403 3.899999999781482 5.000000026237624 
3.5006878406216 0.7000000172435067 17.00003225452963 7.308954571692855 7.439362613392035 3.2063403325583737 5.000000071761569 
3.500663951969551 0.7000012898080734 19.12417425214349 7.7504516285810165 7.4639298303013994 3.899999827062137 5.0000627147608645 
3.5000081735281925 0.7000003284446539 22.846072922374056 7.750016579452113 7.401165911251717 3.899999999977823 5.000000143374172 
3.500013469349613 0.7000002895394822 17.000053151928945 7.552610191948756 7.400174847496402 3.7467530242826124 5.000001005186853 
3.500009426122777 0.7000000249361193 23.36642790774432 7.768163717353618 7.400587204579117 3.899999999994687 5.000000001017655 
3.5000235776870134 0.7000002549630123 21.676456694278286 7.750036183795377 7.405166725351442 3.8999999964087193 5.000006106599957 
3.5139816384246423 0.7000001857492049 17.000001765325464 7.56209369175398 7.4115112069214195 3.7721475994537386 5.000001192716097 
3.500017597976638 0.7000001453241889 17.000005932011806 7.300297605026835 7.449640992114704 3.380312473811184 5.000000007761099 
3.500028976071114 0.7000001176753482 17.147258593959315 7.752825534837702 7.401612630948916 3.8999999999642894 5.000000013703756 
3.554244872978564 0.705882806051652 27.871706650450935 7.750044199878037 7.40016407209693 3.899999998252903 5.000004634732686 
3.50083614548378 0.7000002108649837 27.120787593869725 7.750819076175629 7.491925315542695 3.8999999803112715 5.0000206087782795 
3.500085984203025 0.7000001105164826 22.010063873841254 7.750419354007914 7.558136265035738 3.899999999990335 5.000004040886226 
3.500015557266193 0.700000001069473 17.00000455305119 7.3002878762259735 7.400084208441646 3.468127966624284 5.000000010769774 
3.5000350780172513 0.7000000090425428 17.685563267914727 7.782106650273085 7.460128226333142 3.899999775129896 5.000000108955828 
3.50083614548378 0.7000001963373939 27.549469828515132 7.750848775500152 7.407080878812992 3.8999999996956545 5.000021188133571 
3.500021977526706 0.7000002366375029 17.000000793001746 7.300004917451523 7.401900768756699 3.4285976561726668 5.0000001425688865 
3.5000138129441942 0.7000000007297446 17.000001721121446 7.300658342710086 7.400024502584342 3.5623589015066925 5.000000725135736 
3.500015452687232 0.7000003671208214 17.000006451404406 7.300511544590331 7.401229567715363 3.2663332739065223 5.000000009612973 
3.5010415976088094 0.7000003162630573 17.003677302419277 7.76003978993206 7.4949600141085 3.848974726954844 5.000008303248285 
3.5000137017643764 0.7000000007297446 17.000001721121446 7.300658342710086 7.400024502584342 3.242566550919544 5.000000380431771 
3.500086229148527 0.7000001118459107 17.000061121260167 7.488133961947671 7.402105034667204 3.664741447758283 5.0000022397646475 
3.500013252290229 0.7000005260494211 17.000001568434264 7.682993890119026 7.400905911872843 3.7928002358283552 5.00000074500835 
3.5060058523619815 0.7000002006848384 19.427101480775654 7.750126764684533 7.400938859022395 3.899996097739937 5.0000005287416736 
3.5075927094029558 0.7000000944943501 22.30139346574315 7.750036222447286 7.400160520066124 3.8999999999829513 5.000000183022563 
3.5006587889990537 0.7000000033308547 17.00026162213278 7.712901855419108 7.401198631283158 3.8739102668961434 5.000000021802402 
3.5000133923228574 0.700000083432678 17.00005233675313 7.300658464261179 7.405367578157401 3.4480497448174385 5.000001323904188 
3.5003264138393115 0.7000002646305168 25.270320409546137 7.750332957309081 7.401104141530981 3.8999999999967616 5.000005252447101 
3.500024916655778 0.7000000150617525 17.000011273101702 7.300097077494587 7.4002363508420865 3.525776410265364 5.0000023676604455 
3.5000475301743768 0.7000002102020101 17.000001066996735 7.300347811723345 7.44818812029036 3.279632569154255 5.000000008998557 
3.5119873401904136 0.7000039858659122 24.436905527385427 7.750848775500152 7.491925315542695 3.8999999996956545 5.0000206087782795 
3.5000863682039514 0.7000002765542243 21.260047694168872 7.756168958999062 7.407236526229742 3.8999999996728216 5.000004060958488 
3.5000157133325533 0.7000003708216647 17.000001193931524 7.779629902853812 7.40014928965848 3.633355261046644 5.0000010016649945 
3.5000128563129826 0.7000000099022914 17.000011273101702 7.3000464747014275 7.4002363508420865 3.2272285038623805 5.000002354803478 
3.5000475301743768 0.7000001978544418 17.00002487756973 7.300616339428633 7.44818812029036 3.2887861466942803 5.000000010027659 
3.5002312362392107 0.7000003708608019 17.00001019155231 7.3390256894639965 7.403421273944657 3.6044716714131493 5.0000000145179255 
3.5009751804873477 0.7000001857492049 17.00000187911241 7.468710786720348 7.411541049823882 3.6895042926277846 5.000001193659625 
3.5000225764634987 0.7000015865189873 17.000001262617896 7.313440021517377 7.407847318899273 3.328355289800284 5.000002755236165 
3.5000090827269212 0.7000001417521823 24.91725909357171 7.754123068754873 7.4145679046264945 3.8999999999967616 5.000005252447101 
3.554244872978564 0.7105570573934622 27.871706650450935 7.750044199878037 7.40016407209693 3.899999998265215 5.000004629303855 
3.5000181309128653 0.7000000033393349 17.00000155600174 7.71184254933752 7.401218714013347 3.8142908556041837 5.000000001219113 
3.5000289414121353 0.7000001134680607 20.70528028803666 7.750230228823337 7.402383612593587 3.8999999999557238 5.000008147321406 
3.50001459688618 0.7000002985042862 17.000061121260167 7.553393067310334 7.402105034667204 3.6525987478058375 5.000000959538612 
3.5000863682039514 0.7000005576718175 18.115267878574112 7.75030086356536 7.407236526229742 3.899999999685141 5.000004055529657 
3.500670378816532 0.7000000200776412 17.000533084583413 7.764456068574868 7.4020020365488195 3.8294251310578473 5.000000071254137 
3.50083614548378 0.7000002128893298 27.425798560999752 7.750848775500152 7.491925315542695 3.8999999996956545 5.0000206087782795 
3.500021955616947 0.7000000180151795 17.000001211670256 7.302072831584853 7.402385626491944 3.340493272016565 5.000000701444577 
3.5003254675117894 0.7000000235271187 26.2638166451512 7.750332210128738 7.4639298303013994 3.899999830348917 5.000084926844703 
3.500630787097506 0.7000003273829919 19.796992518941753 7.750116195393838 7.499061207893106 3.8999999999967874 5.009568647092229 
3.5006356117736366 0.7000001177421389 27.948703565517814 7.758173681545654 7.401153137257259 3.89999999944928 5.0000838350203125 
3.5003264138393115 0.7000002646305168 25.491415090687443 7.750332957309081 7.401087470938321 3.8999999999967616 5.000005252447101 
3.5000100211055587 0.7000001471529974 17.000003680923996 7.301845180687226 7.423466613398778 3.579909394984274 5.000001072827345 
3.5006356117736366 0.7000003742267497 27.998358338799186 7.750116195393838 7.400915883829915 3.89999999944928 5.0000838350203125 
3.500021249955709 0.7000003290277655 17.00003650380902 7.570908068604743 7.423466613398778 3.7243272331496144 5.000000968941814 
3.5000157133325533 0.7000005717247197 17.000001193931524 7.751249541810815 7.40013283824985 3.8916763998946733 5.000084197727088 
3.500323668911114 0.7000000979561231 20.32533475283326 7.750422032214946 7.400433357344805 3.8999999999967616 5.000005509344615 
3.5875379431350876 0.7097227045305199 27.99936271442046 7.750131014802166 7.428746575951396 3.8999992211582137 5.0000715649930285 
3.500022526450353 0.7000002629319149 17.00005417042252 7.300180245348875 7.405193531373921 3.177804412288481 5.000005224429129 
3.5000227574404827 0.7000002061988667 17.000204489710345 7.304882680936977 7.414212588554637 3.5886521212453575 5.000000561211002 
3.5000133703253873 0.7000000027984031 17.000000351197613 7.49206290623598 7.400174847496402 3.6981563794009 5.000002210719449 
3.500325308629664 0.7000000249427016 23.54004208044656 7.768163717353618 7.463768703733049 3.8999999999994346 5.000000001017655 
3.587584775952706 0.7166822051285701 27.82724347974033 7.750103018563745 7.625263754390466 3.8999992617836483 5.000000041146846 
3.5000156299392047 0.7000001857492049 17.000001714279218 7.563647251418514 7.413943166420433 3.716340115589421 5.000001475470054 
3.5000137017643764 0.7000000007297446 17.000001721121446 7.300658342710086 7.400024502584342 3.1850003387095125 5.000000380431771 
3.5000133023267512 0.7000000050300437 17.000053151928945 7.300167849775339 7.400889871833809 3.4884941450504683 5.000002265464135 
3.500009426122777 0.7000000249361193 23.77006162324882 7.768163717353618 7.400587204579117 3.8999999999994346 5.000000001017655 
3.5000863682039514 0.7000005576718175 21.287890417406096 7.75030086356536 7.407236526229742 3.899999999685141 5.000004055529657 
3.5000128563129826 0.7000000099022914 17.000011308152583 7.3000464747014275 7.401186932938244 3.2272285038623805 5.000002271692065 
3.5071583092819902 0.7000002073433115 26.856505710049447 7.751118668778788 7.424135537276107 3.8999998319828224 5.0000523164656965 
3.500028976071114 0.7000001127749246 24.14122396083917 7.758303344887269 7.536162382368062 3.8999999999642894 5.000003637577635 
3.500319623463832 0.7000000977075357 17.00005233675313 7.300658464261179 7.417292847415219 3.406655002188928 5.000005215865209 
3.500634875001362 0.7000001316890464 26.75044353399861 7.759066979604201 7.40348883127745 3.8999999941009658 5.000084024800146 
3.500015421195271 0.7000003601772076 17.000002029369178 7.3002354183875715 7.401236193225513 3.5458348788098326 5.000000116798674 
3.5000234243167587 0.7000002565212516 17.000032710633384 7.300285588595418 7.400838449916412 3.515636505059672 5.000000066914105 
3.500013423955433 0.7000000101986209 17.00000904476467 7.301082543709056 7.405194366426199 3.19720040373032 5.00000107509221 
3.500011767356357 0.7000002650589223 25.706049781422898 7.755140621017473 7.493534105966535 3.8999999999967616 5.000000118525233 
3.5003264138393115 0.7000002650589223 26.024598886830294 7.7503337556585 7.400436038494661 3.8999999999967616 5.000005252447101 
3.5068881889712245 0.7004749246606091 17.00004951088325 7.329097500112131 7.400889871833809 3.49554291567213 5.000001050952593 
3.5003264138393115 0.7000002650589223 24.404550918588917 7.75033597634312 7.463929454487131 3.8999999999967616 5.0000847802020205 
3.50000905252453 0.7000001105164826 20.339686829980835 7.750419354007914 7.402163496539711 3.899999999999272 5.000002578739492 
3.500022526450353 0.7000000015632494 17.00005374649192 7.300189375902077 7.405273005910324 3.364759091524441 5.000000026266368 
3.500630787097506 0.7000003273829919 19.785032848013714 7.750116195393838 7.401164663994656 3.8999999999902997 5.0000838350203125 
3.5000350780172513 0.7000000090425428 17.916871397109993 7.7818278018570375 7.460909011844562 3.899999775129896 5.000000202684002 
3.500015976162661 0.700000272574411 17.000002890824607 7.300612887398649 7.418966660447128 3.3020911502327817 5.000002531140271 
3.5000892934249093 0.70000000236769 17.000004042518437 7.300607617866244 7.447097564243932 3.3497552428115314 5.00000147381992 
3.500018197912443 0.7000000006818783 17.00002731027388 7.337835479252017 7.462738846096494 3.3038369818924234 5.00000094111026 
3.5000289414121353 0.7000001121446459 20.70528028803666 7.750230228823337 7.402383612593587 3.8999999999557238 5.000008147321406 
3.500022526450353 0.7000000015632494 17.00005374649192 7.315138118916627 7.405273005910324 3.3555807443577086 5.000000026266368 
3.5000224152667117 0.7000001955246139 17.000004577484393 7.300531884116869 7.404458359944102 3.192683046590422 5.000000160338305 
3.5006528165108923 0.700000228473254 26.45839889417399 7.75054789573907 7.536162382368062 3.8999998215843377 5.000000752566764 
3.5000157798433627 0.7000001981051245 17.00000152185959 7.300607617866244 7.400019282036702 3.395494780942721 5.000002463122674 
3.5003264138393115 0.7000002633213299 24.977907401646416 7.750301021650729 7.439877191574822 3.8999999999967616 5.000005252447101 
3.500013391762139 0.7000000070819379 17.00002731027388 7.300218526353132 7.402892316026056 3.3174659925694936 5.000000005819304 
3.500014704661784 0.7000000269230119 17.000001938067374 7.300503758981898 7.400561791457596 3.418177752161343 5.00000003212451 
3.500015452687232 0.7000003671208214 17.000000352292105 7.300511544590331 7.401229567715363 3.2507323158338344 5.000000009612973 
3.500015421195271 0.7000003615006274 17.000002029369178 7.3002354183875715 7.401236193225513 3.5458348788098326 5.000000116798674 
