3.5650383949577598 0.7118292435670854 27.998752698834217 7.750116697105561 7.538076606654524 3.8999998548752637 5.0000002690371295 
3.5000024588256484 0.700000030770947 17.000000017543027 7.3000002421273384 7.4001221821941785 3.168844884825541 5.00000013307319 
3.5650383949577598 0.7118292435670854 27.998752698834217 7.750116697105561 7.538076606654524 3.8999998548752637 5.0000002690371295 
3.5000024588256484 0.700000030770947 17.000000017543027 7.3000002421273384 7.4001221821941785 3.168844884825541 5.00000013307319 
3.500067033562732 0.7000000236708178 27.18551740158593 7.75191046302871 7.421964600151055 3.899999996354587 5.000000068195746 
3.512413891167064 0.7000002254490584 21.455304626915595 7.750073131171049 7.4041937503168 3.899999886139846 5.000003344592394 
3.5000406385757725 0.7000003289639048 17.00000385919225 7.3029306194219314 7.400920933818288 3.2369245270297147 5.000001068306882 
3.5011854254134662 0.700004316984506 27.560500302566123 7.752109898656859 7.400938104910048 3.8999999999558255 5.000017828978073 
3.501280861367349 0.7000008740015801 17.00053674066387 7.514897292338645 7.419301565329518 3.3499013809841083 5.000000024727392 
3.501143911113259 0.7000003528420575 20.909990906872952 7.750199658287929 7.420660198534806 3.899999999954987 5.000001909819148 
3.5049672899936053 0.7000000373063506 26.68719615356006 7.75009156109811 7.40009250242927 3.899999999996168 5.000000211826818 
3.500060365458389 0.7000054104190624 22.731188638700033 7.7776187446575635 7.413158998102174 3.899999997608468 5.000000216400569 
3.500044119158489 0.7000054828654966 18.58334123628409 7.752924770016505 7.4236614561952825 3.89999988665464 5.000002904279987 
3.500052467889541 0.7000000144431707 17.000016386335474 7.315159487615131 7.402445632104294 3.48822429759282 5.0000010555212295 
3.50054619454164 0.7000000698049192 17.90757258942315 7.7503253087264845 7.400106970544946 3.899999998395518 5.000000270434042 
3.500038401488688 0.7000000966215141 17.00002677647148 7.30103245349024 7.400520143502626 3.569002515274807 5.000000099079653 
3.501270568146468 0.7000009009861853 17.33531848413596 7.754042456013717 7.417958031628492 3.8999999999937636 5.0000000186745925 
3.500052467889541 0.700000018119343 17.000016386335474 7.404701253626526 7.402445632104294 3.6381358955505676 5.000003253896758 
3.5000447561575405 0.7000055903409406 17.000005589089643 7.301498745424443 7.402571499383972 3.333896674012051 5.000000042800197 
3.50017979015043 0.7000001476628973 17.00137230121614 7.398766503507499 7.406387438922506 3.6585046374372827 5.000000195690362 
3.500135191174001 0.7000000685973019 17.000695757588122 7.61382665288787 7.446991653534356 3.8078396912856 5.000003502832385 
3.5000331114596435 0.7000011726649707 22.335708266197276 7.750675007400568 7.445659924455503 3.899999892428177 5.000002403784934 
3.500007855191687 0.7000000712784775 17.000014849131908 7.3020694210090396 7.444009555474232 3.442333899438064 5.000000177114518 
3.5002335578779253 0.7000000740284243 17.000016386335474 7.306090528149859 7.402420111547386 3.219869618581334 5.000001034864306 
3.5000101818110494 0.7000001148407344 17.000014837106264 7.300032644572632 7.442769291713784 3.37142338549239 5.000000039937979 
3.5002138879157507 0.7000000385876866 26.239110400734926 7.750191909510695 7.410391597500242 3.899999886139846 5.0000033391538325 
3.5000057092673025 0.7000011249413122 17.000024648250932 7.300008863168663 7.400868645094961 3.413616550005401 5.000000040015537 
3.5012588162598375 0.7000012077310255 27.999142854111746 7.750102338703285 7.417958031628492 3.8999999999937636 5.000003207936908 
3.512716092291992 0.7000045146178752 23.623117096426093 7.752155745812395 7.40169675683239 3.899999885353254 5.000000068777996 
3.5931727022576823 0.7005346781714327 27.998779574235208 7.7501167790073575 7.409981849391251 3.899999995821237 5.000000114206791 
3.5000287657166345 0.7000001686983531 17.000283199295406 7.304251036490799 7.400106493341297 3.196894030544441 5.000000012353854 
3.5001184046072447 0.7000011250780859 17.00139973536818 7.30301516945271 7.400009244535061 3.3988885939094673 5.0000000481538684 
3.5000024588256484 0.700000030770947 17.00000013915473 7.3000002421273384 7.4001221821941785 3.2109957458881313 5.000000270177146 
3.500005104438159 0.7000000034450776 17.000060898008403 7.706580768458314 7.400628637627629 3.845179486719396 5.000000633039723 
3.500026620111261 0.7000000962256767 17.000014847706193 7.302106889727888 7.400097642309529 3.2708253543558 5.000004237759904 
3.512666044473134 0.7014168744633694 23.996100388475725 7.752155745812395 7.401721562056447 3.899999885353254 5.000000068416952 
3.500030756462103 0.7000000691139019 17.000565261579343 7.614876894465167 7.401666843073522 3.7972086082495173 5.000001410103896 
3.5011854254134662 0.7000043164352349 23.488074445547788 7.752140541694624 7.554884139225144 3.8999999968352275 5.0000004232507225 
3.5000892946211417 0.7000000748722692 25.927510635485618 7.760969944470667 7.421964600151055 3.8999999973868413 5.000000068195746 
3.50004463837599 0.7000000746213815 26.493609370634882 7.750120797254056 7.400476958394348 3.8999999964143166 5.000000068195746 
3.500032889132945 0.7000000371193523 17.00017785859843 7.747418246109937 7.400106493341297 3.8831839585734276 5.000000011579006 
3.5000049613182234 0.7000006031462468 17.000006096024688 7.300092885183983 7.401767044601354 3.5249723388194734 5.000001051350437 
3.500054624125498 0.7000000071706352 27.88523465585452 7.79788675378164 7.403069712053608 3.8999999997635957 5.000000022878033 
3.500026620111261 0.7000000712784775 17.000014847706193 7.302106889727888 7.400095202384777 3.4636773475065903 5.000000177114518 
3.5012320272487365 0.7000008528708349 17.000549192037727 7.520322304017671 7.400725951643901 3.6803770557878597 5.000010050054884 
3.5000551522570174 0.7000001014807598 17.00147761449115 7.706580768458314 7.400603832403573 3.85107713972703 5.000000049678545 
3.500127212121588 0.7000005401334171 19.11008594893195 7.75002757373305 7.499783945272431 3.899999999955139 5.0000032183417815 
3.5000319572965948 0.7000000391808646 17.000079643234457 7.3009719779653715 7.401088818752414 3.2549823184633424 5.000010314652374 
3.5011854254134662 0.7000042952740473 24.189843739789797 7.752126202009448 7.552734806082685 3.89999999995567 5.000002371210096 
3.5049672899936053 0.7000012077310255 25.742820078275816 7.75009156109811 7.40009250242927 3.899999999996168 5.000003204072898 
3.504709400315474 0.7000001686983531 17.000107911428202 7.304251036490799 7.433388398919113 3.4687566262483083 5.000000004375998 
3.5002335578779253 0.7000000144431707 17.000016386335474 7.315159487615131 7.402445632104294 3.3069254297146076 5.0000010555212295 
3.500134396386597 0.7000058001154269 17.000015245764153 7.313638487348921 7.40250120259502 3.299197095331861 5.000000781150301 
3.5378423811733786 0.7000011827245753 21.951748671286694 7.750062281505585 7.417796550303252 3.8999999998784105 5.00000871267149 
3.500007855191687 0.7000000583757277 17.000014849131908 7.3020694210090396 7.404057111913684 3.55241532162594 5.000000177114518 
3.501189403270193 0.700007797213 17.00004265860643 7.564835260434684 7.404178951877409 3.7648559966991155 5.000003340789803 
3.504986552641086 0.7000012853686662 20.603075295050175 7.750118991619789 7.456584680353951 3.899999999996168 5.00000315036219 
3.5012663895953757 0.7000000401022678 17.000031952724058 7.305891780741659 7.400103258907324 3.593683244183145 5.000000177458488 
3.500039736494639 0.7000000971847884 17.000003250563154 7.302113137329802 7.400920933818288 3.2871199168876553 5.00000114786211 
3.5009486710389948 0.7000098293536107 17.000079643234457 7.479739219490931 7.401088818752414 3.700747742989184 5.000003281066154 
3.5022343409476777 0.7003399047455229 17.000047513936757 7.564835260434684 7.403683642686592 3.7676108570195153 5.0000033486484305 
3.5001233863767403 0.700004253081967 24.79818371254307 7.750658877211286 7.443364423895163 3.8999999999229495 5.00000315036219 
3.5024057703503995 0.7000052339212652 23.108974210318085 7.7528007005498 7.400175550569441 3.89999999793503 5.000000282451916 
3.5000057092673025 0.7000011164608003 17.000089507293477 7.30154336792039 7.400100567922645 3.3850475846644237 5.000000277237684 
3.5024057703503995 0.7003937292038163 23.108974210318085 7.756198674445426 7.405442989722612 3.89999999793503 5.000010129213851 
3.500253632433962 0.7000001171589164 19.618357722065284 7.750091366646144 7.422332605052687 3.899999999996168 5.000002320809274 
3.5000586635579674 0.7000064561766034 19.642702885897144 7.750680191702086 7.422332605052687 3.8999999998298795 5.013160946789581 
3.500127212121588 0.7000005401334171 19.159098507858918 7.75002757373305 7.499783945272431 3.899999999955139 5.0000032183417815 
3.500041891808203 0.7000011250780859 17.001393541291076 7.322600628449274 7.400009244535061 3.2811480908347406 5.000001122947737 
3.5000325822263445 0.700000224053516 20.06304468390611 7.750091488808969 7.404126680245274 3.8999999999969255 5.000000219128016 
3.5012663895953757 0.7000000401022678 17.001367966145708 7.305891780741659 7.400103258907324 3.593683244183145 5.000000177458488 
3.5001947687208954 0.7000010931837235 17.000157140792794 7.763930020725209 7.468074919571013 3.6155723463440688 5.000003206252956 
3.501270568146468 0.7000009009861853 17.020015657415517 7.758963427545724 7.417958031628492 3.899123864637608 5.0000000186745925 
3.5019127509088017 0.7000001509445092 17.000035542681093 7.53592362333607 7.40138955345391 3.7370423505364516 5.000332168607285 
3.50025631813392 0.700001298355897 21.84443800068984 7.750091493668323 7.418042457207019 3.8999999921097532 5.000000560564407 
3.500026620111261 0.7000000712784775 17.0001082232068 7.304172512514354 7.400095202384777 3.5076195234302663 5.000000177114518 
3.5001947687208954 0.7000013289394593 17.00015228547287 7.763930020725209 7.46857022876183 3.6155723463440688 5.0000031939361795 
3.5002394917104107 0.7000001110927172 20.42875479823256 7.750133794240882 7.417259595062048 3.8999998851246596 5.000002551708768 
3.500294649758199 0.7000000746213815 24.528792220885833 7.750120797254056 7.536298951133286 3.899999997397614 5.000000434202039 
3.5082847383251234 0.7014168744633694 25.314767642978445 7.777536355220624 7.406437795538393 3.899999996785394 5.000000068193928 
3.501212987526031 0.7000333454216515 25.043393692725633 7.752109898656859 7.50104227402285 3.89999999995567 5.000000398341244 
3.5000073949079717 0.7000000636344583 17.000014837106264 7.302008164128009 7.400920933818288 3.43010250788753 5.000000001230326 
3.554419826430405 0.710780811725978 27.998752698834217 7.750116697105561 7.597616983293087 3.899999999888602 5.000001490150022 
3.500013618153171 0.7000000182038225 17.00979955917617 7.300009344516021 7.421678536191319 3.2568362336236296 5.000003170824161 
3.500007855191687 0.7000000583757277 17.000006018159915 7.339072536515272 7.404057111913684 3.536705952519794 5.000000139677706 
3.5000024588256484 0.700000030770947 17.000003033748087 7.3000002421273384 7.40072450641474 3.319583404420244 5.000000128114251 
3.500026620111261 0.7000000712784775 17.0001082232068 7.304172512514354 7.400095202384777 3.5076195234302663 5.000000177114518 
3.5011854254134662 0.700004316984506 25.495752139008214 7.752109898656859 7.499375422157036 3.89999999995567 5.0000009052903405 
3.5009216750606234 0.7000105690380517 17.000006096024688 7.48379267238308 7.400097141553843 3.690798240840873 5.000001109043101 
3.5011854254134662 0.7000333454216515 25.152105258392837 7.765398793686202 7.501011098237591 3.8999999999558317 5.000000398341244 
3.5009486710389948 0.7000098293536107 17.000079643234457 7.479739219490931 7.401088818752414 3.717813048643638 5.000010370811182 
3.500029145698878 0.7000001686983531 17.000281697802183 7.3010487782037305 7.41380516954983 3.1771086759285896 5.000000029415146 
3.5009486710389948 0.7000029150500879 17.000079643234457 7.750258036872071 7.5376168670772445 3.7198313611837897 5.000010370811182 
3.5000057092673025 0.7000011164608003 17.000094670481726 7.30154336792039 7.400100567922645 3.188163066269226 5.000000277237684 
3.5011743535990867 0.7000003521729095 18.249056514056665 7.750658877211286 7.420693583745014 3.8999999999229495 5.000003150270099 
3.5374180014667997 0.7000012488966728 20.1242820928121 7.75009156109811 7.423207087227979 3.899999999998009 5.000003210348456 
3.5000024588256484 0.7000000244983814 17.000003033748087 7.3000002421273384 7.40072450641474 3.319583404420244 5.000000128114251 
3.5000447561575405 0.7000000552316511 17.000004659835938 7.301498745424443 7.402567886594708 3.379963959553528 5.000000660256914 
3.512666044473134 0.7014168744633694 24.581802802458974 7.752155745812395 7.401721562056447 3.899999885353254 5.000000068416952 
3.500029145698878 0.7000001686983531 17.000276534616084 7.304251036490799 7.41380516954983 3.543294533504157 5.000000029415146 
