3.5000023432624525 0.7000000164397188 17.00000008119029 7.300030355851362 7.400127244094225 3.168918696021245 5.000000081982384 
3.5192044124294783 0.7026624371436883 27.99999999999708 7.750014388421939 7.437559283783377 3.8999999999996766 5.002946118872176 
3.5000023432624525 0.7000000164397188 17.00000008119029 7.300030355851362 7.400127244094225 3.168918696021245 5.000000081982384 
3.500005847867988 0.7000000418530027 17.000058574374606 7.6349266691987845 7.4005466345346695 3.630698830076953 5.000000006103836 
3.5020877857381523 0.7000029732491769 18.531170137264365 7.750191596428146 7.542728259343704 3.8999999999987716 5.00041529056216 
3.5003813017684244 0.7000043260537964 21.680629999331995 7.750097879755758 7.402925487004862 3.8999999999868886 5.000021133106124 
3.504292828243363 0.7000031512535266 22.21491706210613 7.750111963285076 7.531985308133254 3.8999999999987334 5.0000120594778155 
3.500023680953695 0.7000003983613619 17.000040294443693 7.301997153455075 7.405328142640513 3.421434651953487 5.000000193182138 
3.508535607619092 0.7000021679202015 25.566609836737594 7.750059572430827 7.447387467266255 3.8999999998641277 5.000291294286187 
3.5263799615957248 0.7000009830069461 19.02478620294236 7.750021774047528 7.42761260139815 3.8999999999867527 5.0000009995502435 
3.5022856690950417 0.700004795879031 26.355050822318784 7.750015041961537 7.461873788205036 3.8999999999460218 5.000000128535153 
3.507912234453835 0.7000001408180758 17.004509121609097 7.313932693251078 7.4007616640845315 3.6055607438978683 5.000000003040571 
3.5000019998754017 0.7000003955449157 17.00000487817208 7.306373398426896 7.401998673509877 3.553252717407344 5.000000035140704 
3.5000023432624525 0.7000000164397188 17.022729069161457 7.302266706710664 7.400127244094225 3.480600207005266 5.000000081982384 
3.5000962854140942 0.700000315964328 26.727688189202084 7.756847765170363 7.427003885199139 3.8999999999880055 5.000057630867052 
3.51344954411205 0.700000095875661 19.416664603567618 7.75003644406419 7.448900138053669 3.89999999998993 5.000001381379147 
3.5004506667407447 0.7000000759089594 25.183333366732068 7.750059034493718 7.422860270880622 3.899999999985917 5.000020856057483 
3.5003154738911824 0.700000013626734 17.000019830201552 7.304412229148409 7.405172469762525 3.382828457715219 5.000003993751816 
3.5000069672956093 0.7000000091931529 17.000016132366536 7.745297031525409 7.430934657468857 3.8616455496583906 5.000000010687925 
3.500003689500115 0.7000000751424612 23.16659647281359 7.750009930804981 7.430343878511921 3.899999999972312 5.008638928985295 
3.50000449494471 0.700000016531597 17.00003186420022 7.663119563889979 7.400245965151531 3.74026367189296 5.000000038150873 
3.5104348896661155 0.7000000162120187 17.000020326104217 7.304840630296938 7.531342639370816 3.587516570150708 5.000000019597828 
3.500002252461931 0.7000000117806494 17.000020191317436 7.3064084322741 7.400157618102619 3.2674756275708132 5.00000000068036 
3.500076579308953 0.7000000007799327 17.000000584469692 7.300866014795899 7.402887754826817 3.401841221382856 5.0000002657866185 
3.5000050207982425 0.7000000203408394 17.00000121012096 7.312406555735936 7.427942000406282 3.452149447929208 5.000000153158234 
3.500076579308953 0.7000000007609577 17.00000244574415 7.300131752004452 7.402887754826817 3.1904603976730437 5.0000002657866185 
3.5002503779128427 0.7000047986517557 24.33703723116492 7.750097804143129 7.404812230228565 3.8999999999959316 5.000000179905647 
3.500006685222132 0.7000000193019456 17.000016132366536 7.300933939491692 7.404933937575413 3.2163070517501717 5.000000010687925 
3.5000960128544683 0.700000315964328 26.8738231163403 7.756847765170363 7.427496061633042 3.8999999999880055 5.000057630867052 
3.5015455813327536 0.7002838107557694 17.000170475755215 7.439516473689182 7.401095360736878 3.664135805605686 5.000000100648126 
3.500002759176255 0.7000000145469738 17.000057684675777 7.301034638712754 7.478244824418458 3.303989928208205 5.000000093023341 
3.5022856690950417 0.700004795879031 23.8300905103265 7.750015041961537 7.461873788205036 3.8999999999460218 5.000000128535153 
3.50000531112689 0.7000003035495196 17.000001414282625 7.488281768670047 7.427575511492394 3.503702300527606 5.00000015346937 
3.5000783056353173 0.7000000067509503 17.00005615075692 7.307701278228651 7.400210567276885 3.180512434888098 5.000000042905588 
3.5144628150617065 0.7008972707108234 19.698072848944964 7.7508686079380285 7.423995643485695 3.8999999991961807 5.000000104282491 
3.50000640521188 0.7000000164147874 17.000058618499903 7.300015437162036 7.429112394583118 3.343008218585172 5.000017515021921 
3.500033905588069 0.7000005772911012 17.65922339146001 7.750544392017112 7.447520178963999 3.8999999999739594 5.000132987957739 
3.500002352738078 0.7000000281457337 17.00000002529375 7.300112816690456 7.415734439625001 3.5328969931326464 5.0000000819760215 
3.500005847867988 0.7000000418530027 17.000058574374606 7.64611010596144 7.405414060576335 3.278081776966176 5.000000000741186 
3.500013393272014 0.7000000760163311 17.00905998145222 7.750059034493718 7.430140350416153 3.8755996279231146 5.008739737435875 
3.5000035151831512 0.700000016310015 17.000029026515534 7.3020970477406015 7.400209004039824 3.47012414941047 5.000004856484538 
3.5021034666554054 0.7000006009939612 22.519595087912315 7.750112791796429 7.400530906422341 3.8999999993851056 5.000000046349867 
3.5006373728092353 0.700003916235331 27.970702487167287 7.750152210213971 7.447510212010775 3.899999999982512 5.0000116607816905 
3.500102423879196 0.7000000747063782 17.000164281213515 7.386587742827653 7.436784881411859 3.253652290516909 5.000000003799054 
3.5001093191307073 0.7000016587156868 17.000012763244033 7.304759174244958 7.437395104399235 3.325342364513537 5.000014104917297 
3.5011343808598565 0.7000009168655197 24.88443975083908 7.751308757470778 7.403619323156341 3.8999999997625867 5.000001662443683 
3.5003988990691846 0.700003916235331 27.80808879612599 7.750151874890254 7.437749124492844 3.8999999999442063 5.0000116607816905 
3.500057276859443 0.7000003827509766 26.137675822789127 7.75005965537382 7.4028870174488075 3.8999999999961537 5.0000002973824484 
3.500517780086428 0.7000000101038761 27.184075629859585 7.750054290840012 7.401336270939359 3.8999999999843746 5.000000000075159 
3.500023624278718 0.7000000333095149 17.00004027697806 7.652102157719985 7.4053131242075665 3.8337064374529684 5.0000001934583995 
3.5020340063110535 0.7000009168655197 18.100153848388146 7.752463922170664 7.402987140645992 3.8999999997630974 5.000001662443683 
3.5001374105022505 0.7000018110149875 17.000072339989977 7.30475078842588 7.400502166916955 3.236996786214486 5.000000003818348 
3.5001394283001686 0.7000000004104228 17.0000750131107 7.455995539531125 7.401095360736878 3.6882388034026583 5.000000101231203 
3.500005915406569 0.7000003847120203 17.00865812401714 7.386587742827653 7.470658482457905 3.3521986471303333 5.000001249847986 
3.5000027532681286 0.7000000163434242 17.000056651519987 7.3000297196939234 7.400240985292776 3.3699072506112766 5.000000039803967 
3.5002503779128427 0.7000047909117335 20.629172280563647 7.750097804143129 7.404812230228565 3.8999999999959316 5.000000072796221 
3.5004357879906776 0.7000021379970743 23.55565751905683 7.752028530619494 7.402371543485377 3.8999999995526045 5.000040062823673 
3.500013393272014 0.7000000614977017 17.37675959884499 7.750060368109902 7.430140350416153 3.8999135553420015 5.008861995828124 
3.500022456743568 0.7000000333095149 17.00004027697806 7.644161440566349 7.400246533313272 3.8278252886794406 5.0000001934583995 
3.500033905588069 0.7000005772911012 17.023770219906297 7.750544392017112 7.447520178963999 3.8999999999739594 5.000084280367915 
3.500604571590802 0.7000000506184959 17.00010196357258 7.30001181163986 7.405392058412684 3.2473145757295145 5.0000000402039015 
3.500267337046904 0.7000018081427195 17.000000252377447 7.300002231881177 7.4004949630086285 3.52381368766458 5.000000007829736 
3.510455219768762 0.7000000008171318 17.00004054520038 7.438764824585529 7.400891019882448 3.6919533318284015 5.000000101228449 
3.50838372012366 0.7000000249319569 21.022728942910774 7.750057665781635 7.403075801567588 3.8999999992125236 5.000001297255993 
3.500143507081957 0.7000000138029995 17.00004054520038 7.488165928036099 7.400891019882448 3.714710100645838 5.000000101231203 
3.500023680953695 0.7000003983613619 17.000040294443693 7.301019771991615 7.402901774138044 3.410550343703477 5.000000193182138 
3.5000797883259245 0.7000000004104228 17.000074062709864 7.307613204030059 7.400204587774204 3.2024541533983792 5.000000081650995 
3.5043213762607435 0.7000030191264489 23.424046580346612 7.750162073217823 7.531006242548135 3.8999999999987716 5.000414513271007 
3.50098838883615 0.7000001677779784 25.87716156307822 7.75005965537382 7.440716800219223 3.899999999998042 5.000000297533877 
3.5001093191307073 0.7000016587156868 17.00005788539135 7.304759174244958 7.437549552693165 3.325342364513537 5.000014104917297 
3.5000136438819367 0.7000000760163311 17.00905998145222 7.750059034493718 7.400685413103272 3.7186144222481667 5.000020856057483 
3.500023953679494 0.7000000612412006 22.893954221507798 7.750162073217823 7.447783288380663 3.8999999999736192 5.000130807716437 
3.500033905588069 0.7000005781319437 18.02655125544381 7.750167225839055 7.447520178963999 3.8999999999739594 5.000132987957739 
3.5221548982536386 0.7000028645183324 27.25172825096205 7.750054290840012 7.402108320505674 3.8999999999843746 5.000000000198002 
3.5018005265410195 0.7002801609080018 17.0000750131107 7.438066368254629 7.5016340757318085 3.664135805605686 5.000000100648126 
3.500317132363409 0.7000027317053441 24.60805110710125 7.750098051241541 7.447783608734439 3.899999999993292 5.000038327699496 
3.5000024092654836 0.7000001232327444 17.000943646956696 7.3226276266312595 7.4028665198778265 3.205749954304275 5.000000002867091 
3.500022790896212 0.7000015920710587 17.000383977155646 7.6655935912658 7.4013559035482475 3.8032799777571666 5.0000000901930575 
3.500022790896212 0.7000015920710587 17.000383977155646 7.6621607130331775 7.400757923653278 3.802115459416969 5.000027684074275 
3.500023953679494 0.7000000612412006 25.071352449299802 7.750160919818658 7.447783288380663 3.8999999999736192 5.000130807716437 
3.500020805359002 0.7000003898149489 17.00001978337926 7.3512429108112824 7.4006819840714515 3.3012863773805696 5.0000000949852135 
3.5001379456095614 0.7000000067509503 17.00005615075692 7.304833794627824 7.400094004640732 3.2279129707667185 5.000000042905588 
3.563908707025457 0.7001016762861659 21.191777912554635 7.750052674626842 7.4054700627462875 3.899999999287287 5.000000027056494 
3.5000187664598004 0.7000018081427195 17.000038902926608 7.3000132433158145 7.4004949630086285 3.569992128853657 5.000000009305602 
3.500267337046904 0.7000018081427195 17.000000252377447 7.3000132433158145 7.4004949630086285 3.5722736212570507 5.000000007829736 
3.501528766642789 0.7000003339712064 17.004383170911442 7.6621607130331775 7.449079503033234 3.778203955490681 5.000000073214803 
3.543453563314163 0.7000007560265766 27.382830660167713 7.7500433664621 7.4390417849413515 3.8999999995089762 5.0000193929459 
3.519205408193589 0.7026440395017913 22.56619771120891 7.750117456532819 7.400569164224384 3.8999999999999173 5.000007861386297 
3.5003988990691846 0.7000000153418648 27.59656603662591 7.750167944870317 7.4390417849413515 3.8999999995089762 5.000019393500203 
3.515225932226196 0.7008380022018696 20.200525512295187 7.7508686079380285 7.423844040653812 3.8999999999741815 5.000017361184969 
3.509727480330771 0.7013844785035482 20.53452642701289 7.7556031464304125 7.405305192291799 3.8999999999943196 5.000000005623475 
3.5011343808598565 0.7000015525199084 24.653030766291593 7.751308757470778 7.401511585478014 3.899999999864548 5.000001658123706 
3.5022856690950417 0.700004795879031 17.15239187037422 7.750015041961537 7.400351589733967 3.8999999999460218 5.000000128535153 
3.5002503779128427 0.7000047986517557 24.097835697197308 7.750097804143129 7.447484717027634 3.899999999997713 5.000001035215594 
3.5000019903997766 0.7000000446764078 17.000056254901985 7.306369367945165 7.400350463335046 3.170108570804303 5.0000000794311115 
3.500005021275771 0.7000003847120203 17.008477209770128 7.312512174792115 7.470658482457905 3.4547086496706645 5.000001249847986 
3.563908707025457 0.7000002220301661 21.160982699510406 7.7500525246045475 7.4054700627462875 3.899999999287287 5.000021646363254 
3.5111220786895645 0.7000006083515697 21.04789756824206 7.7556031464304125 7.405305192291799 3.8999999999943196 5.000025241984474 
3.5000951436135597 0.7000000011808526 17.008816067382735 7.663119563889979 7.430413122666286 3.7586877855436063 5.0000001149983015 
3.5080404347325738 0.7000009514071386 24.030777071038024 7.752658059853285 7.401402593563898 3.899999999985917 5.00000000071341 
