3.500020009963396 0.7000000498152521 17.00000113028224 7.300000034881569 7.400214871884851 3.168905273785796 5.00000000039431 
3.5961989304824287 0.7187123396386018 27.98619206719425 7.750247071856678 7.411238000727767 3.899999999998083 5.000009367806146 
3.500059011000886 0.7000024947198297 17.0000146497603 7.323985931711518 7.4034534818669036 3.57142355789261 5.000000095295906 
3.5000188549655844 0.7000000013374189 17.000265428626783 7.3382907610503665 7.403889242763819 3.538807599437472 5.002592650125928 
3.5000318652120685 0.7000000033263256 17.000000923454593 7.625865559649156 7.400212725594795 3.637537913542993 5.000000506509921 
3.500020964131495 0.7000000247193494 23.522742561886812 7.750401508007111 7.406807250742964 3.8999999999984403 5.000000689456822 
3.5000162803517414 0.7000001823945042 17.002432665573465 7.313834330531243 7.402026515150563 3.2871905458900885 5.000000369833948 
3.5000318652120685 0.7000000363022988 17.000070052927775 7.604738970986582 7.400088442544849 3.7081770545774346 5.000000143598099 
3.500059011000886 0.7000000817292987 17.0000146497603 7.533048729770224 7.403449465891405 3.7370813092774084 5.000000661803565 
3.5000306796781775 0.700000001983527 17.000763998835247 7.304186508893448 7.418344196502644 3.2662541982538973 5.00000035516454 
3.500039392009536 0.7000000048232686 18.708449623693244 7.750125985260088 7.601431120095428 3.899999999992355 5.000005302360883 
3.500020964131495 0.7000000257001451 17.498153472892994 7.750401508007111 7.406828689563303 3.8999999999984403 5.000000064328103 
3.500020964131495 0.7000000257001451 19.014625209280503 7.750401508007111 7.406828689563303 3.8999999999984403 5.000000064328103 
3.500017870737203 0.7000000036269072 17.000041219517854 7.300465874111817 7.410884094958758 3.524634585603039 5.000015287696562 
3.5000302816030784 0.7000000333931162 17.000001743192616 7.339976554483293 7.408909427292174 3.2453798310657813 5.000000050547197 
3.500032017367008 0.700000008974382 27.9763905614768 7.750260987498457 7.409884326323613 3.899999999997727 5.000000095774814 
3.500031746315526 0.7000000498152521 17.000001898637002 7.302107257425777 7.401731722388782 3.199734569461297 5.000000123679289 
3.50005990468662 0.7000000081589056 22.316032751485142 7.751491701404227 7.408627721492615 3.899999999809637 5.000000154944014 
3.504152042053553 0.7000016786891713 22.82777348945507 7.755872478321808 7.403525064396553 3.899999999999132 5.0000143612197725 
3.5000036119282 0.7000000036438834 17.000000484490027 7.340186342243886 7.401970750884023 3.3858728824950757 5.000000863845413 
3.500059011000886 0.700002509709223 17.0000146497603 7.639530939636901 7.403449465891405 3.686789956071616 5.000000572274938 
3.500012793153977 0.70000001635199 17.00000415318226 7.300063221311564 7.405785539899256 3.217416612605249 5.000005476809374 
3.500039267461075 0.7000000068794039 20.953051602394023 7.750811303165592 7.4033554526387455 3.899999999982624 5.000001321752695 
3.5000175767499324 0.700000001389344 17.00004158649313 7.300334273518179 7.405017292186397 3.335156124508533 5.000000034191662 
3.5402352315429972 0.7000000207149887 19.662621379513954 7.754746534281803 7.462749097324032 3.8999999999922212 5.03164858976846 
3.500059082255155 0.7000001213677105 21.293583888330456 7.750312439501306 7.409764150437561 3.899999999982624 5.000000318293695 
3.5939848247498554 0.7187123396386018 23.076028437564215 7.750058970161714 7.4057292428452115 3.899999999955537 5.000014418639173 
3.500059011000886 0.7000000725728133 17.0000146497603 7.75814456299183 7.403449465891405 3.7563485784452837 5.000000461498914 
3.5394166994111647 0.7041109215582683 17.94801216776672 7.754746534281803 7.462749097324032 3.8999999999922212 5.000072246461974 
3.500059011000886 0.7000025016876089 17.00001492016563 7.611794453721532 7.403449465891405 3.775274908703393 5.000000715247467 
3.5000317404194767 0.7000000513705168 17.00002707825792 7.374390642365023 7.404488545202995 3.5030847173149557 5.0000004947812435 
3.5000383490366667 0.7000000038774985 17.000100795578064 7.669939446901126 7.403265365403889 3.8413475330935523 5.000000257951023 
3.5037730379415017 0.7000022838319485 21.842776520104863 7.751485190911914 7.469042627326618 3.899999999997847 5.00001429238884 
3.522122973487155 0.7000040418639472 17.975488931430483 7.750439123658581 7.491038335801233 3.8999999999970254 5.000005794955404 
3.5000247955675112 0.700000027489207 24.689028612077138 7.750343507629874 7.453206232046393 3.899999999989636 5.000295444203263 
3.500016669261746 0.700000003340135 17.009146527053364 7.729638546590412 7.408932538785555 3.6687220306121406 5.0000002350897494 
3.5040061166674867 0.7000000064989205 22.4874471596552 7.7508116337722175 7.403444334968924 3.8999999999962305 5.000001228460431 
3.5000316498735864 0.7000000064716468 17.00001288667853 7.303660200212793 7.462909231260616 3.4565961585224954 5.0000003799128905 
3.5880483342688816 0.700000006353964 27.9763905614768 7.750260241538144 7.409729374097921 3.899999999997727 5.000000095774814 
3.5000129295871973 0.7000000164963162 17.000004921818675 7.300064557811815 7.405785539899256 3.3146032993135344 5.000005476809374 
3.500059011000886 0.7000000835762363 17.000293092436934 7.533048729770224 7.403449465891405 3.5867704594588266 5.000270772024504 
3.5000036119282 0.7000000034860934 17.000000484490027 7.315491141383674 7.401262600864022 3.3497402910435867 5.000003614274166 
3.500017870737203 0.7000000104250524 17.000210582862852 7.300465874111817 7.410884094958758 3.183358717666052 5.000015077290314 
3.5008597175130722 0.7000000160256475 17.00000165424018 7.338193086297848 7.403403298219183 3.6002631194934778 5.000000094695697 
3.5000147159977484 0.7000005466913938 20.186317579666408 7.750905556044787 7.403233392736105 3.899999999998259 5.000000225490951 
3.5939848247498554 0.7187123396386018 27.605973019899903 7.750058970161714 7.568921216428605 3.8999999999548534 5.000009367806146 
3.5000357180638186 0.7000000034791909 25.58277659243123 7.750688047518921 7.492439296398386 3.8999999999957797 5.000003606980873 
3.500030348315729 0.70000003349356 17.000013377884947 7.300068025711813 7.454128305425816 3.4165633266613464 5.000000094964488 
3.5000148226454235 0.700000016330036 17.00000177052735 7.300064557811815 7.403331803943095 3.3241888524377057 5.0000002271025075 
3.5000173530257537 0.7000000065060641 26.47589178175829 7.752601270883214 7.516649725492152 3.8999999999842183 5.000000098191193 
3.500032032681131 0.7000000072369212 17.000001911389226 7.302107257425777 7.404272423311396 3.2069242120713395 5.000015741203604 
3.555800291160465 0.7090717144295701 27.879840709295227 7.750264908189262 7.418704840920851 3.8999999999989936 5.008993569949698 
3.504152042053553 0.7000016786891713 27.140045003129423 7.755872478321808 7.566717038055668 3.899999999998193 5.000009310386746 
3.500018966001363 0.7000000011424607 17.00027144389822 7.3322008513171415 7.403898562363879 3.4295617939264957 5.000000072389568 
3.5041783500682806 0.7000022838319485 21.55380185193011 7.751485190911914 7.468701749781372 3.8999999999958925 5.00001429238884 
3.5022467220794535 0.700000002811593 19.511899052068546 7.750265415348908 7.453200829925198 3.899999999992355 5.000019468709381 
3.5000168873469053 0.7000000004196707 17.000040402499586 7.300005308636915 7.420086714369312 3.4022766932919497 5.00000002468684 
3.5000319152465806 0.7000000068794039 20.65457610213423 7.750811303165592 7.4033170980203895 3.899999999982624 5.000001321752695 
3.5000168873469053 0.7000000356662857 17.000003063062564 7.300005308636915 7.421073593238334 3.488245193876147 5.000000007898694 
3.500016498731708 0.7000000034288933 23.22569249119041 7.750401508007111 7.4030340642198444 3.899999999998449 5.0001213938504785 
3.5000167650654026 0.7000000926339107 25.220235918637012 7.750162532748991 7.403646607247778 3.8999999997983963 5.000014116825063 
3.500169878274147 0.7000000030272029 26.61581038872872 7.750343578183479 7.575006834496916 3.899999999954585 5.001598503800327 
3.500017581700769 0.7000000013502078 17.000000597154237 7.300204984258275 7.439739582550622 3.2298315872974186 5.000000187089955 
3.500035610187885 0.7000000088656446 26.831722480786446 7.750338179590435 7.403562839800006 3.8999999999829154 5.000002598114111 
3.5000317358967767 0.7000000469289078 17.000001075006377 7.300036958546647 7.401644361615652 3.1809838825619665 5.0000000611140525 
3.500014516471235 0.7000005397890148 17.001107514333334 7.750905556044787 7.403233392736105 3.8909438043357336 5.000000225490951 
3.500016498731708 0.7000000034288933 23.123350292635546 7.750401508007111 7.4030340642198444 3.8999999999984403 5.000000057961552 
3.5000357180638186 0.7000023032011362 25.65891141820962 7.750409222497434 7.493112762822046 3.8999999999957797 5.000001234841622 
3.500020945545436 0.7000000257001451 26.208127205039517 7.750490905928695 7.513103087308471 3.8999999999984403 5.000000064328103 
3.5002851099754575 0.7000000088656446 27.481421504911488 7.799998804798891 7.40395762573663 3.899999999987659 5.000002598114111 
3.5000183195258354 0.7000023125589695 17.019855533543574 7.760189291519092 7.417821066797286 3.8711663880059604 5.000001242634344 
3.500024781915408 0.7000000247013654 24.414830309362113 7.750269698153991 7.453206232046393 3.899999999954585 5.000005135137387 
3.500094479975553 0.7000001850292334 17.00000072725247 7.34005394660179 7.408982130768072 3.6183429533608225 5.0000007038648056 
3.500013064129299 0.7000000068787007 17.000004289993935 7.300011757759167 7.463711985690215 3.445783216077193 5.000000069347452 
3.5000148226454235 0.700000016330036 17.000072162498146 7.300064557811815 7.403401875011657 3.3001869114316453 5.00000022689111 
3.5000169700090598 0.7000023176835497 17.002477733096736 7.313834330531243 7.4089570614759035 3.3575172358603638 5.000000369833948 
3.5000036119282 0.7000000012546242 17.00000178770707 7.300700656247887 7.402518776131109 3.373616368646853 5.000000095301258 
3.5000385511617838 0.7000000201360851 17.000013829173298 7.30065704626339 7.402022965554835 3.471825189015131 5.000000762227232 
3.500025082815217 0.7000000576315499 17.0000003831635 7.356293861910529 7.4041763180336675 3.302475799559648 5.000016122865051 
3.500059622705908 0.7000001158995199 27.62348461631896 7.750342426454469 7.576221489043764 3.899999999997672 5.0234783508824945 
3.5000385511617838 0.7000000189390188 17.000013829173298 7.300069935454207 7.402035579960972 3.438807262291086 5.000000762227232 
3.5000184605259457 0.7000000088221322 17.00507449620062 7.300000034881569 7.400214871884851 3.168905273785796 5.00000000039431 
3.5000383490366667 0.7000000078043197 17.000100795578064 7.669939446901126 7.403265365403889 3.815517947140262 5.000000257951023 
3.500019243445114 0.7000000036438834 17.000000497798577 7.339976554483293 7.408909427292174 3.2298315872974186 5.000002609626546 
3.5961989304824287 0.7187123396386018 27.84548691632325 7.75024692499732 7.411238000727767 3.899999999998083 5.000008733905217 
3.5000162911263613 0.7000014563841352 17.002355275117694 7.326904188450278 7.408807789036263 3.474366654764966 5.000000362615611 
3.5000179388779746 0.7000022933071298 24.079526163248186 7.750688047518921 7.4132622661100385 3.8999999999960346 5.000003975245471 
3.5000072567804326 0.7000000020971161 25.930332818075293 7.757521566984186 7.402332590041696 3.8999999999977737 5.000013470896051 
3.500059461289997 0.7000000021271261 17.00000024353918 7.302921561116996 7.408893921531443 3.2561807900001747 5.000000038374802 
3.500094479975553 0.7000000076417235 17.000004865362403 7.34005394660179 7.408982130768072 3.6160107718481043 5.000000787099025 
3.593898769613547 0.7187123396386018 27.73424399803863 7.750058970161714 7.56862245406641 3.899999999998083 5.000009367806146 
3.500039267461075 0.7000000006640348 17.001541318019697 7.750800795197721 7.418786134630087 3.8544334736400825 5.000001321752695 
3.555800291160465 0.7006670911834211 25.921735382849775 7.750264908189262 7.406483025729036 3.8999999999510857 5.0000000263775695 
3.5000411923416674 0.7000000088648815 26.972471355618392 7.751469092157654 7.453213195182946 3.899999999809637 5.000001187865561 
3.5022467220794535 0.700000002811593 19.511899052068546 7.750125985260088 7.4547471297835415 3.899999999992355 5.000838732400325 
3.5000317404194767 0.700000052122463 17.00002707825792 7.326904188450278 7.404488545202995 3.4956402407268214 5.0000004947812435 
3.500017870737203 0.7000000090911436 17.000041219517854 7.650238349871148 7.403249133923569 3.7946725811410267 5.000000007805199 
3.5000166539468696 0.7000000353653842 17.00930204807832 7.729638546590412 7.408941114980936 3.6687220306121406 5.000000107685812 
3.500017427555628 0.7000024220888897 20.4271305242804 7.752519480525141 7.408142866263801 3.8999999999969917 5.0000044016125 
3.500024781915408 0.7000000247013654 24.34128936913987 7.750269551294633 7.453170923014223 3.899999999953784 5.000005116556925 
