3.500021214718757 0.7000000017297447 17.000004685857917 7.300005839838838 7.400603699611608 3.168860932435583 5.000000034101718 
3.500021214718757 0.7000000017297447 17.000004685857917 7.300005839838838 7.400603699611608 3.168860932435583 5.000000034101718 
3.591556470752833 0.7183045365239021 27.99992173561531 7.750104140618476 7.40163642700802 3.8999999999999404 5.000000006235303 
3.5000124743318897 0.7000000434923948 25.88382118845124 7.7500489028937185 7.41755396970866 3.8999999987122194 5.000140414447972 
3.5000427341635563 0.7000037302764609 23.24227997214016 7.750105263388976 7.4007308970573416 3.8999999999180024 5.000011729039925 
3.5000174542796914 0.7000000060801881 17.000004476135903 7.300319644517823 7.404875422863453 3.2011797181235915 5.003943055040609 
3.50019747379039 0.7000004215028092 22.199105535266252 7.75059481908847 7.4004818768701295 3.8999999978315434 5.000030870981861 
3.500038465635643 0.7000014581633118 17.00000264963727 7.300856367663657 7.400423814611838 3.553418517842577 5.000000876187231 
3.500038596422656 0.7000000412626338 21.731808142889395 7.754001351950393 7.430780487143561 3.8999999999971173 5.000000001093648 
3.591556470752833 0.7182520352536056 18.487501200468166 7.755350347904764 7.4010529625598585 3.899999999997167 5.000000879404444 
3.5000174542796914 0.7000000060801881 17.000004476135903 7.300319644517823 7.404875422863453 3.295894429270056 5.003943055040609 
3.5002026678750404 0.7000001083455497 22.85033911752769 7.75059481908847 7.423281305274979 3.8999999998896238 5.000005193095669 
3.500033962533707 0.7000001239769409 17.00000480668468 7.307969225193797 7.421615368074014 3.587193688963075 5.00000126858627 
3.500062729712925 0.7000004613387797 17.000020192783833 7.301668383807277 7.401213898729206 3.359866255463822 5.000011145286301 
3.500065999480629 0.7000000233771413 26.20799568320205 7.750113980432622 7.41755396970866 3.8999999998396655 5.000140414447972 
3.5001245019467873 0.7000000641058628 26.776519777228476 7.750427047983043 7.400985386787818 3.8999999997954946 5.000010708315126 
3.500033962533707 0.7000001236308809 17.00000480668468 7.518785429513521 7.421615368074014 3.612256428957285 5.000001259956422 
3.500012572249509 0.7000001072087725 21.08985099672634 7.753119542123127 7.43136739311464 3.8999999987063783 5.000000088294152 
3.5000264493218665 0.7000000080355475 17.000006664060766 7.30089278744699 7.418897700817699 3.3398687091592985 5.000000172870758 
3.513611042701351 0.7014462008207614 26.364878094139428 7.750260772783961 7.418957637701115 3.89999999977419 5.004334456161619 
3.500038465635643 0.7000014581633118 17.000002955279754 7.300856367663657 7.400423814611838 3.5278301148886477 5.000000876187231 
3.500060647478879 0.7000000459261569 17.000121582394016 7.300218204196904 7.400699884801567 3.31492806813461 5.0000000184049815 
3.500036265635834 0.7000000061277324 17.000071526799974 7.300158761189765 7.400608387461915 3.2571868656569314 5.00000029310618 
3.500905743494173 0.700041633160415 27.059107310462306 7.7500464739561155 7.477687969922357 3.8999999998968278 5.000011398645826 
3.5000785517359825 0.7000000159642712 17.000025237220445 7.692958538252837 7.4423693094273204 3.7779578577933792 5.000004335206087 
3.5012528528428555 0.7000000017297447 17.000004685857917 7.300969696346644 7.400603699611608 3.1843635700431427 5.0000000646767155 
3.5000083077004267 0.7000004111974695 19.859737882965618 7.750225643275829 7.403092351573492 3.899999999969465 5.000011141189604 
3.5008057922873785 0.7000000069157034 25.340582523245693 7.750253569386829 7.418655789657536 3.8999999995031094 5.000000435096176 
3.5823940493537716 0.7063535165675701 17.776953967949026 7.750111061760373 7.448685719720693 3.899999999966635 5.000011886315761 
3.5008057922873785 0.7000279527540655 25.427212009242584 7.750219457003066 7.418655789657536 3.8999999999427377 5.000000266220854 
3.5001245019467873 0.7000000641058628 20.70472327230792 7.750427636290247 7.4022629047547275 3.8999999997957295 5.000010708315126 
3.500043712521762 0.7000000039581573 17.000006433290153 7.30005612863532 7.4001447971469965 3.3230667055365117 5.000000678588204 
3.5000394575684433 0.7000000014542317 17.00000807588375 7.60903892253794 7.400447327877752 3.709213195516531 5.000001017301121 
3.5000515619008477 0.7000003399979221 17.000062922881092 7.3040338760302665 7.400804503313186 3.3855743621950976 5.00000012952575 
3.500038311534118 0.7000000162962876 17.00002034681335 7.649020437218274 7.441862062009485 3.7550363326814624 5.000004231684677 
3.5281407132816054 0.7000000267832425 24.77671407318085 7.75085848910663 7.459046103886354 3.8999999999703654 5.000000257868495 
3.5103109746241907 0.7000000226767562 17.000015685132013 7.313052760218557 7.400132497562226 3.408968930033007 5.000011429982539 
3.5000359648118966 0.700000122310516 17.000001276000585 7.301976712674703 7.400732885108104 3.2351269760673516 5.000001061044763 
3.500336702713343 0.7000001269616334 17.000004736178457 7.740445529469159 7.400260424818015 3.4579900214664714 5.000025123937003 
3.523162335903255 0.7016776507975715 27.989582122580412 7.750836952315908 7.493316383851771 3.8999999999975667 5.000003111394914 
3.5012267301065467 0.7000143383825287 17.000025237247243 7.6594794465597 7.401113722706067 3.796852085441861 5.000011700872115 
3.5018258826085287 0.7000000641058628 19.507915563494397 7.750427047983043 7.400985386787818 3.8999999998029824 5.000010708315126 
3.5000781306783515 0.7000000159642712 17.00002034681335 7.649980357310289 7.468250767067481 3.8148533561227147 5.003579945163771 
3.500020659287827 0.7000001135983895 17.00011843715794 7.389485700303538 7.422369775480455 3.472678689732164 5.000000005322902 
3.5644888666476593 0.7101481636797562 27.989582122580412 7.750152273418124 7.492190236885389 3.8999999999975667 5.0000024297538275 
3.500012572249509 0.7000001072087725 20.197054452050395 7.750443598469852 7.40096482954163 3.8999999978491564 5.000010590120116 
3.5003607247893567 0.7000000002158908 17.00000473672412 7.749309300406195 7.40028252665085 3.8720081723019124 5.000025123937003 
3.5000364062981206 0.7000000989071047 17.00000469062979 7.311269445484181 7.400911686981258 3.268878175507545 5.000018038798269 
3.5000262275544065 0.7000000080355475 17.00001682127452 7.30089278744699 7.421033507429361 3.4011538950435867 5.00000001718019 
3.513012125724623 0.7000037146401068 27.449379408458434 7.750612156774266 7.408285624611743 3.89999999994918 5.0000106230606844 
3.512486586835076 0.7000036389752256 18.62628874819698 7.7553935714521 7.408285624611743 3.899999999995109 5.000011474819282 
3.5001416820743936 0.7000000017424715 17.000020652470592 7.684303290911715 7.401341666735337 3.8503779628710975 5.00000004402456 
3.513012125724623 0.7000037146401068 27.690743221379368 7.750612156774266 7.408285624611743 3.8999999999464627 5.0000106230606844 
3.5012377207009644 0.7000142816454902 17.000060907290198 7.589432103750561 7.422863708451597 3.724698484668238 5.000000131179931 
3.5000377775099616 0.7000003789267112 24.646013936426478 7.7508600563069106 7.400490439568574 3.8999999978491564 5.000011151677963 
3.5000396046559716 0.7000000301396884 17.000059789177026 7.538038867641073 7.400425000834723 3.7405665054386716 5.000000000604971 
3.5231676688463796 0.7018076319096523 20.32223210181563 7.750437614237237 7.402253139147699 3.899999999802975 5.000003128053644 
3.500012572249509 0.7000001565374024 23.691241083388633 7.750841363897097 7.400490439568574 3.8999999978491564 5.000011145779017 
3.5000281454429842 0.7000000437845487 17.00013048814882 7.49088942195674 7.405394874366155 3.6529521601017683 5.000003691361269 
3.57804326356573 0.7064711015049715 17.409086327998907 7.750111061760373 7.448685719720693 3.899999999966635 5.000000066343705 
3.500030278573469 0.7000001202580426 17.000012840539142 7.300996416461892 7.400732885108104 3.2132312303022736 5.000011432744819 
3.5591769022518562 0.7027203399234796 27.993624343656727 7.750258917029685 7.449956899239719 3.89999999999682 5.003593295071889 
3.500034016597149 0.7000001270469971 17.000001941155936 7.30024281975982 7.400732894091722 3.2251106933140536 5.000000089041718 
3.500035800987753 0.7000002749406627 17.354533760039484 7.756883860399832 7.532547046816101 3.899999946332635 5.000001073329907 
3.5224358648087866 0.7023016464198444 24.224035305626725 7.750835343253889 7.400603626028812 3.8999999989013894 5.00000099985564 
3.5002960802701684 0.7000000641226422 17.000004826494944 7.301976712674703 7.4007319427811895 3.1790177619987072 5.000011432744819 
3.5008995100370544 0.7001319231035572 24.21961552735685 7.75087861608523 7.5545712480808165 3.8999999671858987 5.000001041851161 
3.5231676688463796 0.7023597613614443 23.816418733133347 7.750835343253889 7.400603626028812 3.899999999802975 5.000003128053644 
3.512486586835076 0.7000016617730315 18.62628874819698 7.7553935714521 7.408285624611743 3.899999999995109 5.000000991520464 
3.50000650248777 0.7000002969620573 17.000018890128132 7.545252649235391 7.444535948400862 3.6880552200237218 5.000011155526568 
3.5000776790944106 0.7000000088789179 17.00007467168159 7.3062087594709055 7.400142429853002 3.4280180669742384 5.000000651365847 
3.5644888666476593 0.7101481636797562 27.829587102265037 7.750152273418124 7.492190236885389 3.8999999999975667 5.0000024297538275 
3.50036866893351 0.700000022845891 17.000118018277725 7.38932943236832 7.401378479146149 3.484927287051661 5.0000000039996175 
3.5000358320947345 0.7000000044617113 17.000016036620856 7.300245254579154 7.400732894091722 3.2807093365915723 5.000000089041718 
3.5000484269687417 0.7000001856775828 17.000060907290198 7.589432103750561 7.422863708451597 3.6825938958796836 5.000000131179931 
3.500077611427934 0.7000000459402063 17.000020345423035 7.455231645091491 7.401310588685526 3.636947562265561 5.000010971670746 
3.5000340216246606 0.7000001270628586 17.0000048083164 7.300069920445728 7.401413152530965 3.4455468639648155 5.00000003468934 
3.5000360831040367 0.7000000252047799 17.000016036620856 7.300245254579154 7.400732894091722 3.2846960201152045 5.000000089041718 
3.5000384982109543 0.7000000330610014 17.0000596265667 7.347431513883308 7.4162114279400235 3.511987188208649 5.000000871759744 
3.500039723501611 0.7000000113100905 17.000072037068968 7.302002684219076 7.400203044752622 3.499720432647561 5.0000000224780585 
3.591556470752833 0.7136508314702815 27.99992173561531 7.750104140618476 7.40163642700802 3.8999999999999404 5.000000006235303 
3.500720588745291 0.7000000047553315 17.000023233472927 7.305451734603225 7.403335908792662 3.5686840087351817 5.000000671937261 
3.50071878878137 0.7000022484810235 22.53354756022228 7.750592442366242 7.40025709191191 3.8999999999988737 5.000026775292651 
3.5000531729124633 0.7000003647900237 17.00007595685146 7.306264780201087 7.402679169941926 3.3865132135511713 5.000000651365847 
3.50071878878137 0.700002235492569 22.50757146457561 7.750592442366242 7.449253033150562 3.8999999999999906 5.000026775292651 
3.500028756544317 0.7000001856775828 17.000062068530667 7.61672274820086 7.422863708451597 3.572248053666055 5.000000131179931 
3.5000781306783515 0.7000000159642712 17.00007115227714 7.3044693814432256 7.4423693094273204 3.3513074797552145 5.000004236805898 
3.500039602660809 0.7000000229988304 17.00002231502232 7.45721974773521 7.401547295115465 3.439220222421964 5.000000007476737 
3.5049022581366978 0.7000057308083794 21.39465888675521 7.750725600460389 7.4510924278822515 3.8999999999999986 5.000000012559119 
3.5006116808183805 0.7000002543429383 17.9287286179527 7.755485354406008 7.408950885091748 3.899999999995109 5.000011474819282 
3.5000359648118966 0.700000122310516 17.000001276000585 7.301599437561874 7.400732885108104 3.2182971823532505 5.000012024365528 
3.5049022581366978 0.7000057437968354 21.420634982401882 7.756261523452548 7.4020964866436 3.8999999999988604 5.000000012559119 
3.500905743494173 0.700041633160415 27.89577101589613 7.7500464739561155 7.477687969922357 3.8999999998968278 5.0000113834970215 
3.5016313140746473 0.7001924904569353 23.811998954863473 7.756793125648497 7.5545712480808165 3.8999999677223163 5.000003170049211 
3.500017502703759 0.7000000061000861 17.000004476135903 7.384256563673378 7.404875422863453 3.625216595027618 5.003943055040609 
3.5000212959262913 0.7000000056083713 17.000005058678546 7.544293864696536 7.597774980600572 3.663365883794684 5.0000181003578215 
3.5009330759837876 0.700000147676321 27.305811144079826 7.750857786256435 7.4563206595680125 3.899999999475426 5.000029461800759 
3.504390012177102 0.7000398901135017 17.000038241816775 7.302002684219076 7.400203044752622 3.518597186730054 5.000011204285909 
3.5009107342263945 0.7000001450973098 17.019171136606875 7.795940126555112 7.532547046816101 3.899999946332635 5.005461104112732 
3.500018072109504 0.7000000040712662 17.000003340661323 7.300305500126975 7.401419123728167 3.2599863458851632 5.000000094552854 
