3.5000003082715425 0.7000000344091298 17.000000743411317 7.300026707899315 7.400050479577115 3.168826334721644 5.000000000000019 
3.5000003082715425 0.7000000344091298 17.000000743411317 7.300026707899315 7.400050479577115 3.168826334721644 5.000000000000019 
3.598504777268975 0.7196198714551558 27.995976654596447 7.750001324999605 7.412114896725472 3.89999999660542 5.0000137371405575 
3.5008510321541872 0.7000158177630399 27.758263379017574 7.750132882623227 7.405983709384251 3.8999999998746464 5.000001471191557 
3.5007633376064784 0.700000138989954 27.06163186496902 7.757552862830566 7.55259671503384 3.8999999924797826 5.000028024372973 
3.5000737819135423 0.7000002017906616 17.00000635121749 7.312055949277298 7.445856643011739 3.536922358156813 5.00000014774308 
3.5000673946134153 0.7000001384923763 25.817901186888616 7.7500499835054 7.429376439894236 3.8999999869962196 5.000000453610651 
3.5000606189134302 0.7000004184480777 17.000117052864045 7.300081418846009 7.404400362338376 3.568256268215419 5.00000045229197 
3.500088630330634 0.7000010754096769 18.062243614230482 7.75023322545622 7.486256987700461 3.899999999208731 5.000000200871923 
3.5496917281990843 0.7093257880533188 27.98918141772217 7.7518168643364485 7.486154334980488 3.899999999967055 5.000000238395414 
3.500092559033931 0.700003275733929 17.000000145123607 7.304221674331652 7.401726965317427 3.5183454576506086 5.000000000912635 
3.500149403053528 0.7000025064874064 18.621190121558765 7.750038065634966 7.4100504637446 3.8999999999711976 5.000192154201561 
3.5001136289757806 0.7000001026954022 22.119153136895687 7.752697810178235 7.528420805728637 3.8999999991040104 5.000000456532198 
3.5271101489187826 0.7000009098036318 22.519879551168458 7.750902070892948 7.408067870731166 3.899999987111233 5.000017598258955 
3.500007649808505 0.7000000977619962 24.072433005749957 7.750081244861077 7.402108389568855 3.8999999924855597 5.000000456573628 
3.5007815416101207 0.7000000053081721 21.546640202089662 7.75017636062457 7.407715914580264 3.899999999915397 5.00000000444864 
3.5499773536786776 0.7093257880533188 27.876882069841695 7.761526572613828 7.404496716502903 3.899999999226051 5.000000262253629 
3.50006263158565 0.7000000392937554 17.000008125998598 7.305012856039939 7.4017146285449265 3.4956422079598193 5.0000000006279945 
3.5001950677898797 0.7000001369608341 17.000036508227637 7.315483023946668 7.409082108903181 3.2357980802068904 5.00000001942834 
3.5001782524288902 0.70000020210575 24.399572274626195 7.750010091466724 7.4051203298203605 3.899999999872217 5.000001477947184 
3.5001759583210603 0.7000002021740899 26.297193360164645 7.750798913699096 7.4192694711756495 3.899999999521414 5.000002682124572 
3.59670208720442 0.7170766071632269 27.995976654596447 7.750001324999605 7.412442521929618 3.89999999660542 5.0000137371405575 
3.5000897050289477 0.7000006419254605 17.000004194832762 7.310109918298609 7.433162182517345 3.427964615532315 5.000000004636719 
3.500063202706215 0.7000009593960672 17.00003228362703 7.595637059333761 7.400005671649132 3.7110495650047426 5.000000014348671 
3.5000983172972293 0.7000000136551261 17.00000083328561 7.304127342253917 7.410075328538289 3.1896057886899047 5.00000154974207 
3.500063720896437 0.7000003244799695 17.001097051529285 7.7647351080816955 7.402575970923647 3.854783028606117 5.0000001172636725 
3.500122363011953 0.7000006120790346 17.61458275303213 7.752757645800316 7.408874682162161 3.899999999062923 5.006978397298424 
3.500052541235936 0.7000000479253617 17.004997088414903 7.668354588896285 7.400291340348879 3.6581369839248694 5.000000693125624 
3.500179437756346 0.7000001887439969 18.978528943798054 7.7500018109510185 7.529164802056 3.8999999999997055 5.000002359816359 
3.5000072708442334 0.7000001985563719 24.727191824426026 7.750081244861077 7.402004355696668 3.8999999924855597 5.000000536379877 
3.5004348862700247 0.7000004470756107 17.00619352859542 7.303198937635699 7.4055462668705605 3.1761361549688925 5.001387664827897 
3.500645874830714 0.7000005708781796 22.872395379407717 7.752326093591503 7.4445865167395295 3.899999987027086 5.000109007594677 
3.5002476654416697 0.7000000635474989 21.094445039760494 7.750186747576702 7.40987037509696 3.8999999966149166 5.000000607856561 
3.500062239528851 0.700000010701625 19.544229517681323 7.750039916242832 7.402619804630883 3.8999999999700385 5.000000519756594 
3.5014782484378992 0.7000906655516794 27.995976654596447 7.750008579916917 7.412114896725472 3.8999999970334613 5.00001415233103 
3.5008089013294765 0.7000000796666589 21.83318163075708 7.75017636062457 7.528898131195871 3.899999999998955 5.00000000444864 
3.500359507516054 0.7000016749719687 19.98111694935552 7.757689018130984 7.442829627624181 3.899999950414827 5.000001475987071 
3.500359507516054 0.7000005499442259 20.93109204943018 7.750179745331973 7.443988395206078 3.899999952319531 5.003207521578031 
3.500000485865605 0.7000000138759583 17.00000083328561 7.30019663060313 7.401152151249931 3.316839252943112 5.0000007900065615 
3.5000552807667216 0.700000200721182 17.000024353464635 7.614712896791047 7.400326765787824 3.74661532209557 5.000000021109063 
3.5000552807667216 0.7000009392377765 17.000024353464635 7.614712896791047 7.400326765787824 3.7927550840000386 5.000000021109063 
3.515050933732535 0.7000213328455921 23.29439924590851 7.752674653164087 7.446007410132477 3.8999999871531448 5.0000000279895565 
3.500060719068104 0.7000007812294562 17.00009405769339 7.740671353031294 7.4043866895446415 3.8836207836834724 5.000000532098219 
3.500088649504424 0.70000005359711 17.000001286854022 7.341761200028899 7.400634206553106 3.3590649842064018 5.000000173211581 
3.500092092122348 0.7000000256962332 17.00003327330151 7.300062994715046 7.401892554032788 3.1999573331775775 5.000000417520169 
3.5000692663593984 0.700003324943044 17.00000431751086 7.304469333110528 7.409022435652917 3.4657538250020714 5.0000000006279945 
3.5000692663593984 0.700003324943044 17.00000431751086 7.304469333110528 7.409022435652917 3.4819322993352317 5.0000000006279945 
3.500074429540362 0.7000000369070519 17.000006769431504 7.304722400639942 7.404537743525912 3.223471475608151 5.000000254560693 
3.500076348699839 0.7000000155582053 19.32469601171092 7.7526576994905 7.4284387465844395 3.899999999768629 5.004504615576798 
3.5185460213267064 0.7000213328455921 23.10878492005533 7.751539409025713 7.444884803680449 3.8999999871531448 5.0000000279895565 
3.503593240151477 0.7000025064874064 20.49335433241428 7.7500306659520275 7.4039777826357716 3.8999999999236876 5.00020791475823 
3.500088649504424 0.70000005359711 17.000001677154433 7.300416362332792 7.4007525003465995 3.594741858109643 5.00000150462076 
3.5000616865976975 0.7000000371593791 17.000033273817746 7.304722400639942 7.404537743525912 3.2081270988980846 5.000000262650293 
3.5000602827491676 0.7000001342483967 17.000032171701914 7.3004971796421225 7.402121431775278 3.4466776866887123 5.0000004550516 
3.5000553667419947 0.7000002012843766 17.000024353464635 7.750949259518923 7.400326765787824 3.704985553463662 5.000000021109063 
3.50050226412102 0.7000008222886381 17.218979390005064 7.782563841251665 7.444884803680449 3.8999999871531448 5.0000000279895565 
3.5070789944994623 0.7000000242289782 17.000024188036644 7.600443238149402 7.412922512817617 3.6820901572842226 5.00000096305015 
3.5001936834919087 0.7000001369608341 17.000035888568455 7.304497258635514 7.40881902405972 3.2844756533177955 5.000000002690456 
3.5229887373093014 0.7000001385472306 25.444938261889217 7.750688489284551 7.413494943569403 3.899999991212886 5.000002325463648 
3.5003615313344008 0.7000001168677417 24.935632939507624 7.753561013294973 7.410846416972536 3.899999991212886 5.000000499557878 
3.500065718843553 0.7000011786657226 17.00508726989455 7.301117127726253 7.402664756030009 3.217234934076976 5.000000287214357 
3.500060252573821 0.7000010431624581 17.00000545587388 7.303053309041192 7.400731134530095 3.378213439276132 5.000000005786678 
3.500791933495874 0.7000003336422128 23.688216504612964 7.75067267756785 7.540606866592014 3.8999999992887684 5.000001448030572 
3.500092092122348 0.7000000256962332 17.00003327330151 7.300062994715046 7.401892554032788 3.3551680852827603 5.000000417520169 
3.5269655274768517 0.7000000059030097 20.09180565411135 7.750414938933418 7.408302264659144 3.8999999686955613 5.000000402359581 
3.507147561715024 0.700001011667082 17.000024188036644 7.600443238149402 7.412922512817617 3.6344541448630436 5.000000960838322 
3.500071794976886 0.7000001130467528 17.008422675393266 7.764488150717055 7.408019169480101 3.8742010907018187 5.000016750101376 
3.5285872577807713 0.700000100390753 26.297193360164645 7.75075435230128 7.4192694711756495 3.8999999924187247 5.000002682124572 
3.5000882980009695 0.7000011387531693 17.002065810779353 7.301115665514359 7.402738943442266 3.4120112617338396 5.000000328731573 
3.5000673946134153 0.7000001384923763 26.637706392972863 7.7500499835054 7.429376439894236 3.8999999869962196 5.000000453610651 
3.5000676783650713 0.7000001252929714 17.00000511264654 7.303053309041192 7.400731386939272 3.2505152217224516 5.000000005786678 
3.500060554705793 0.7000000865684316 17.000005444964216 7.301244349446692 7.400698335617112 3.44316850663142 5.000028063955063 
3.500791933495874 0.7000003336422128 25.17064908358901 7.7506734641103145 7.545294566314468 3.8999999992193524 5.000000341697814 
3.5000552807667216 0.7000001836237478 17.000024353464635 7.615889521174069 7.400732688848147 3.398607106826431 5.000000006259191 
3.5459461522193307 0.7089192973059905 24.93762389878556 7.751723321209325 7.545564422224211 3.899999999219368 5.000000239689146 
3.500071440122105 0.7000000394761783 17.009068957824194 7.764321537542269 7.4792917335801 3.8280526954022025 5.000000049249177 
3.500607970990619 0.7000002081254052 23.684558382100864 7.750426473791489 7.405199450997496 3.899999999100736 5.000108326261341 
3.500063173745913 0.70000020100151 17.000005798308322 7.312055949277298 7.402638505113559 3.271944516814407 5.000000495956748 
3.5000552807667216 0.7000009321405964 17.000024353464635 7.614712896791047 7.400326765787824 3.765925244853566 5.000000008179286 
3.5000637500961194 0.700000781810501 17.00000053321173 7.5012711571689605 7.401432156847523 3.5823861561528365 5.000001505703012 
3.502251362057104 0.7000000044900979 17.000114570678914 7.671054291684849 7.40898809731698 3.76994830190018 5.000000451283227 
3.5002274421332826 0.70000020210575 17.285884650859842 7.750010091466724 7.4051203298203605 3.899999999872217 5.000001477947184 
3.500071440122105 0.7000000377889318 17.009068957824194 7.764321537542269 7.428821796215723 3.826218161491647 5.000000049249177 
3.5000633852984615 0.7000000144227975 17.000003617301267 7.5997805519662 7.401963896170713 3.632446296336797 5.000000022163111 
3.5000885995433055 0.7000001264534794 17.00063660481865 7.511488844678759 7.4089405682221985 3.672403394974811 5.000000198747968 
3.5000552807667216 0.700000200721182 17.000024353464635 7.614712896791047 7.400326765787824 3.74661532209557 5.000000021109063 
3.5001853067550734 0.7000003351920661 17.000025579750655 7.300070909520933 7.400740008181542 3.2565455296390238 5.000001463358323 
3.5000882472309134 0.7000011211434201 17.002282636193748 7.300062994715046 7.4007525003465995 3.3415229662242267 5.000000150441115 
3.5000928539774065 0.7000006453261421 17.000008119432305 7.3000099835822585 7.4017011292399415 3.2974325374564772 5.000000007041934 
3.500070436528038 0.700000781810501 17.00000562841937 7.586148674076693 7.401432156847523 3.61424049324208 5.00000147467945 
3.500070436528038 0.700000741395827 17.00000562841937 7.720754373723731 7.401432156847523 3.615953731113588 5.000002355463687 
3.500193091211896 0.7000001369608341 17.000035888568455 7.304497258635514 7.40881902405972 3.279567031246424 5.000000034761549 
3.5000626735627898 0.7000001168677417 20.423096734714015 7.7504281218122015 7.441941942227101 3.899999948295018 5.000000385238747 
3.5000928857102287 0.7000032688700372 17.00000667672455 7.303838429948506 7.459097634423987 3.305896858103441 5.000000471596513 
3.5000676783650713 0.7000010431624581 17.000005801340205 7.303053309041192 7.400731386939272 3.391212951253572 5.000000005786678 
3.500071794976886 0.7000000377889318 17.008422675393266 7.764321537542269 7.408019169480101 3.8055245698496596 5.000016634756196 
3.5014782484378992 0.7000906655516794 27.995976654596447 7.750008579916917 7.412114896725472 3.8999999970334613 5.00001415233103 
3.5000925044673035 0.700003275733929 17.001986379039508 7.3010765730446785 7.402752484585041 3.40961852902613 5.000000004245954 
3.5008964432000202 0.7000000373802113 17.000033273817746 7.3000897440429915 7.401589179766782 3.3289878561751616 5.000000263294845 
3.500933073899552 0.7000000138759583 17.00000083328561 7.300007398195313 7.4017141119418595 3.3285382135209645 5.00000154974207 
