3.5585105279276252 0.7105751879839832 27.99999596752703 7.750000222047337 7.400100966522168 3.8999999993561616 5.000000000843584 
3.5585105279276252 0.7105751879839832 27.99999596752703 7.750000222047337 7.400100966522168 3.8999999993561616 5.000000000843584 
3.5000289260586093 0.7000000152447668 17.000000291950492 7.300000831404361 7.4000442071824235 3.1690312114880537 5.000000019064923 
3.5000289260586093 0.7000000152447668 17.000000291950492 7.300000831404361 7.4000442071824235 3.1690312114880537 5.000000019064923 
3.500046937354114 0.7000000108711605 17.000006706105122 7.301413138431802 7.404354807428402 3.352143746641542 5.000000017657765 
3.5000134885666188 0.7000000016535302 17.000003562200074 7.300484613237944 7.400074432813937 3.295481868623113 5.000000007694549 
3.5000100838870196 0.7000000020618106 17.000006779855422 7.301215946274051 7.410634376140992 3.4071690806908608 5.000000078389867 
3.5571351188342453 0.7045224599175074 27.98108791677093 7.750000222047337 7.401147678744824 3.8999999964842154 5.000000002126998 
3.5000027752430323 0.7000000473755421 17.000000951613593 7.305252373034073 7.427738112197561 3.322648887739423 5.000021061557541 
3.500027594879845 0.7000000259535507 17.000004589118035 7.772959588853995 7.424786239224556 3.873476358374175 5.000000234317392 
3.500014240840069 0.7000000217794504 17.000009473751643 7.3000945749828325 7.404234053522578 3.4421394942377885 5.000000057512956 
3.514888334677738 0.700158455166256 21.188115186544504 7.753151570013464 7.401174646114985 3.8999999994208125 5.00000002605646 
3.500516060098816 0.7000001148764206 18.427783424984867 7.750715262252066 7.403727761021611 3.899999794209938 5.000000063074414 
3.5083066772589393 0.7006003641896937 23.637378509154296 7.751737596053746 7.402288112473616 3.8999999991525156 5.000000095707971 
3.500754966797731 0.700024501591188 22.38052828129181 7.750715262252066 7.403742778237848 3.899999991203442 5.000000062496894 
3.508224041402677 0.7000003081528403 17.002808242782425 7.300452918041718 7.402543368773177 3.5407022911346497 5.000007986870348 
3.5000467711634506 0.7000000148155759 17.000000296826098 7.300665016766533 7.4007271976709825 3.2452888128881603 5.0000004311938975 
3.5000281597856415 0.7000001361026583 17.000018712860896 7.59402697176273 7.400038488337008 3.6257124211598217 5.000001561567918 
3.500008306925139 0.7000006418479872 17.000008772376006 7.751013074570413 7.409563695556942 3.8454147722903556 5.000000089070538 
3.5068708150966383 0.700814601102379 22.78341274105703 7.751108667942668 7.424359721916769 3.8999999997732746 5.004239224722883 
3.545203975379067 0.7044824916388213 17.708022299506684 7.777619103247169 7.42358303783823 3.8999999917787287 5.000000002588036 
3.5134699984511677 0.7016078042975107 22.077386881163804 7.777043489856756 7.412403812060941 3.8999999985525595 5.0000000714080555 
3.500195055088503 0.70000013492949 17.000000243540477 7.303179410621384 7.400528247777084 3.6018389715289105 5.000000095612793 
3.5557404308626337 0.7045224599175074 18.931619890838903 7.750000222047337 7.4224913813366 3.8999999869293775 5.000000002126998 
3.50002148328426 0.7000000184090096 25.9811549254246 7.75029264253214 7.512986074061386 3.899999999519627 5.000000054735408 
3.546436975479204 0.7038101946094769 19.43782957593997 7.760946742969064 7.412832473487403 3.8999999999897965 5.000000054649151 
3.5000167510941953 0.7000000010166826 17.000000052195283 7.300957125061322 7.503092978037637 3.261042765195814 5.000000023766817 
3.500008290774232 0.7000003901758569 25.777232118689035 7.763166219130842 7.401609390542083 3.899999525580172 5.000001085864659 
3.5000650695148607 0.7000000471248614 17.000010755345432 7.5292640309751535 7.400578612763581 3.706906616034637 5.000000639755855 
3.5001003752605375 0.7000000364834442 17.000000348572865 7.653991245131063 7.426482004039761 3.8262944390344544 5.00000043344577 
3.5000289260586093 0.7000000001144147 17.000008990787514 7.302203076373835 7.400088823876574 3.1985204759376 5.000000115507835 
3.5000359141414443 0.7000000184090096 24.408951728846265 7.75029264253214 7.512986074061386 3.899999999519627 5.000002987923358 
3.5000525401978764 0.700000024397777 17.000000213982165 7.301413138431802 7.404354807428402 3.391455635909136 5.000000095210357 
3.500578509071715 0.7000000532579194 17.000000258769663 7.302781409496464 7.402972097519727 3.529008782958313 5.000000005168637 
3.50009645350544 0.7000000364834442 17.000000356086765 7.653991245131063 7.4007271976709825 3.804601466079002 5.000000431601136 
3.5000359141414443 0.7000000184090096 24.796625625839418 7.75029264253214 7.512986074061386 3.899999999519627 5.000002987923358 
3.5005591728092997 0.7000000031788777 17.00000899334249 7.304832602878605 7.404459840311401 3.3284654689797124 5.000000022202428 
3.50006248460889 0.7000000480215315 17.000000314817992 7.305252373034073 7.500831423533269 3.210876653510536 5.000026066752229 
3.50988499114733 0.7000311433633261 24.0736921698505 7.751965840840603 7.401358683796944 3.8999999999898582 5.000000025518119 
3.500006255957637 0.7000000050152049 17.000015589364537 7.49434985767554 7.400089016365603 3.640148248624814 5.000000057483239 
3.5000486174141887 0.7000000111277809 17.000000280791298 7.310799329219344 7.404414706912521 3.230916840604091 5.000000077869249 
3.50107224918329 0.7001019223046328 21.70693382342881 7.750066470540541 7.404272170809138 3.899999976491955 5.0000000721501126 
3.507252324896727 0.7014086269817196 27.40367599016062 7.750236458601567 7.410590597329079 3.8999999986674387 5.000000560800346 
3.500562972234539 0.7000101335694171 17.000009476732835 7.300378009496612 7.408800633132782 3.452146770864181 5.003403567471114 
3.500516060098816 0.7000008532320962 18.767357283933233 7.750715262252066 7.401046662874814 3.899999794209938 5.000000063074414 
3.5000097281036315 0.7000001149155752 17.000000303645546 7.520105435188816 7.403491904462411 3.26939867253796 5.000000006270462 
3.500900395115848 0.7000000364834442 17.00001838182527 7.597625403751072 7.425791513061767 3.7636847937184656 5.000000431601136 
3.505924057284909 0.7000000300667345 17.004616703431793 7.309528831079492 7.402548118529797 3.372205204670832 5.000089025805956 
3.5089452020190977 0.7000754975146742 19.86868674412639 7.7531761216625785 7.4014537840188055 3.899999999887596 5.000000002516159 
3.50009645350544 0.7000000371786553 17.000000695251327 7.305345222528209 7.4007271976709825 3.186295499091818 5.000000431601136 
3.5010903458256313 0.7001019223046328 21.750279100215366 7.750019563065997 7.404271118445936 3.8999999775830747 5.0000000721501126 
3.513443429920258 0.7000367996914278 27.982539237976372 7.750019563065997 7.400950530520058 3.89999952287224 5.000000004785286 
3.500550303189239 0.7000000144505885 17.000000054948284 7.30140451559473 7.402548118529797 3.3697070440149632 5.000089025805956 
3.500024647219393 0.7000006333729106 17.000004267397248 7.30020834877924 7.404310374622279 3.56674217665856 5.000030026280973 
3.5240621484298336 0.7001650377249292 22.919884993578993 7.753088486969236 7.402278153977639 3.8999999998848094 5.000062976993482 
3.500516060098816 0.7000005076508191 23.927876609332117 7.750593768773669 7.401771765418582 3.8999999968834898 5.000000090947961 
3.5585105279276252 0.7000646734448994 27.57741035206975 7.750000222047337 7.472188738577454 3.8999999993645194 5.000001176468303 
3.5150415603822323 0.7004444019330962 26.779798108192164 7.751139659333455 7.413354449962643 3.8999999985361544 5.00000016388994 
3.5089452020190977 0.700981597893138 24.55617493536751 7.754249777738086 7.414508006876277 3.899999532303366 5.000000099138689 
3.552716459934306 0.7089086894347355 22.801364621308757 7.750000560935621 7.418472809893047 3.899999999970505 5.000000012064987 
3.5058865205965595 0.7000000133152745 17.004620405145932 7.511370885233002 7.400304911557828 3.729075230718208 5.0000000255733505 
3.5333160214002497 0.7004547320521192 26.83927350948537 7.750066032196514 7.401417784676086 3.899999998445395 5.000060298046805 
3.500006254756784 0.7000000019559727 17.00000079375583 7.496014488233825 7.400043777666755 3.6726974592288864 5.000000032319948 
3.500015604491475 0.7000000066867994 17.000015589364537 7.301229951772615 7.400089016365603 3.4866785179295667 5.000000031889463 
3.500009768690442 0.7000001168168761 17.000015769985293 7.301229951772615 7.400089016365603 3.4775365780398846 5.000000032319948 
3.514888334677738 0.7001137958058756 27.618435509960143 7.762511820624792 7.410355426368885 3.899999999520892 5.00000002605646 
3.5000552945017653 0.7000000028220642 17.000004219855374 7.301413138431802 7.404248009118795 3.1813052839418665 5.000000025310022 
3.5019830780005856 0.700063351586204 17.02682035799969 7.750019920947816 7.400216401974232 3.899999971968236 5.000000022550686 
3.500195055088503 0.70000013492949 17.000006583604847 7.3013848573543125 7.4043113416216 3.58256796921777 5.000000095612793 
3.5000061170429153 0.700000135116327 17.00000024213282 7.595375478340587 7.400044997471905 3.755322518865694 5.0000016386444255 
3.531260868935726 0.7001113066217864 18.89148384121786 7.749999973003792 7.4224913813366 3.8999999778232373 5.000000002126998 
3.508967348862447 0.7000009658723096 25.070735739014967 7.7532643040089155 7.413258360128382 3.8999999997586614 5.000000095958458 
3.5019086597177806 0.7002139996513136 20.570807432280965 7.750019920947816 7.400216401974232 3.899999971968236 5.000000088000235 
3.5557404308626337 0.7045224599175074 19.89483278229509 7.750000222047337 7.421713622926722 3.8999999869293775 5.000000002126998 
3.500754966797731 0.700024501591188 26.306747573949792 7.753465236602307 7.403742778237848 3.8999999966733667 5.000000094256492 
3.514888334677738 0.700933966117074 20.900859746209562 7.751139659333455 7.413287337337749 3.8999999985343066 5.000000030020114 
3.508557961666878 0.7000174899043874 25.388655267479336 7.753066806643887 7.441754672397627 3.8999999991518237 5.000000090641169 
3.5002115291685554 0.7000318453905896 25.14619228570461 7.75200891567173 7.413257525862566 3.8999999997586614 5.000000095979525 
3.5000239008605734 0.7000016417054734 17.000000348572865 7.653991245131063 7.4266735100623045 3.7877529331911037 5.000000088268973 
3.5030276799195965 0.7000000020560463 17.000000187381115 7.302209722882807 7.408381896469698 3.2348427509328292 5.000000038967039 
3.5000043281156414 0.7000000094263612 17.000004308345925 7.301215951116751 7.404354807428402 3.280840734401685 5.000000025152294 
3.545264733149866 0.7090265346169626 19.905546764865996 7.753591347238175 7.401473552886176 3.899999999893293 5.000000414510039 
3.5566087714155996 0.7105314572830942 27.99999596752703 7.7500001173909165 7.403698079562028 3.8999995464930373 5.001859368808494 
3.500006255957637 0.7000000050152049 17.000015589364537 7.49434985767554 7.400089016365603 3.68970174556803 5.000000057483239 
3.50988499114733 0.7000311525767534 17.26143258896127 7.751965840840603 7.4638169430041685 3.8999999999911967 5.000000025518119 
3.5000097281036315 0.7000001137882617 17.00000076262515 7.502246018274871 7.403491904462411 3.284302287914785 5.000000006270462 
3.507252324896727 0.7014241559397315 27.18446549583011 7.750066032196514 7.401428564818163 3.89999999847369 5.000000550373609 
3.5009607114890238 0.7000157379880749 25.462392155815802 7.753070328716931 7.509870838575131 3.8999999990231267 5.000084002175196 
3.501910748067924 0.7000001148764206 27.196948288923636 7.750715262252066 7.401091235112004 3.8999995010971027 5.000000062496894 
3.5085937180573965 0.7000174899043874 17.651899091827488 7.753066806643887 7.441754672397627 3.8999999991518237 5.000000090641169 
3.503002562791714 0.7000000152447668 17.00000438005996 7.300000831404361 7.4000442071824235 3.171476162048631 5.000000019064923 
3.5000185546718554 0.7000000148328617 17.000002243839617 7.301142354093535 7.472690907396654 3.5889851835333744 5.000000078715375 
3.500195055088503 0.70000013492949 17.000000243540477 7.301870652994607 7.400528247777084 3.3986054424537366 5.000000095612793 
3.501383048528291 0.700107966793087 26.61670013093895 7.7500191247219705 7.40142751245496 3.8999999999200345 5.000000550373609 
3.5136941021733796 0.700000286950865 26.349655496691778 7.753295411527569 7.401447392306266 3.899999997227769 5.000000097894429 
3.500066188785971 0.7000101335694171 17.00000107770652 7.542324328479547 7.408784764474093 3.7270115918276843 5.000000115340202 
3.500003328471927 0.7000000480215315 17.000000314817992 7.305252373034073 7.500199480422059 3.207305663535322 5.000026097430361 
3.500015604491475 0.7000000066645483 17.000015589364537 7.30004205097294 7.400089016365603 3.4986857283250097 5.000000031521276 
3.500006254756784 0.7000000038177712 17.00000029634322 7.520157259318381 7.400043777666755 3.6577938432727826 5.000000032319948 
3.5030276799195965 0.7000000060620908 17.000004327523953 7.301201080891518 7.400544749253436 3.5121276495979785 5.000001539592837 
