3.5000117172300738 0.7000000548551114 17.00000025055562 7.300007945054964 7.400078140275962 3.168863903252105 5.000000005024105 
3.5966712140516988 0.7176062552503634 27.99999890485742 7.7501555023033815 7.410071228794789 3.8999999999923363 5.000000565176802 
3.5000624592612546 0.7000000327232604 17.000020464657318 7.300136001651228 7.407534324740308 3.3301774354690834 5.000919764054506 
3.502164661002685 0.7000003933097383 21.765692730233937 7.750556578638677 7.400791313508671 3.8999999999998765 5.0000149034612 
3.5011547516543122 0.7000262572676863 23.542178954963653 7.750440443749744 7.402461725593656 3.899999999105414 5.000004632651589 
3.500064050703002 0.7000037492675428 17.00043463672951 7.300294477634113 7.403111866341992 3.5371415833113438 5.000005355394242 
3.5073731355054316 0.7000105160819442 25.93400066609286 7.75112093234666 7.599737536058513 3.899999999986416 5.000000035748198 
3.500063886905811 0.700000158240128 17.000786407267913 7.300057531748456 7.40084068622437 3.200380093206795 5.000001074377236 
3.5000574849989636 0.7000032151545639 17.000007326717338 7.301370275333189 7.400866177219265 3.308371267336275 5.000337805798949 
3.500223153237746 0.7000004200794642 17.00000429950268 7.309926012116545 7.400707427291869 3.5692768582488132 5.00000052488005 
3.500012028029483 0.7000001947410646 17.000347257728947 7.300012992673807 7.417502368433849 3.286288948119118 5.000000070766566 
3.5000465031765837 0.7000004958771177 17.000009771915874 7.727934066602474 7.400694993714153 3.8326977308805974 5.000002326895254 
3.500063886905811 0.7000000410039584 17.000629818660688 7.301019102244059 7.403019394101321 3.457260712626807 5.000000353368633 
3.5000594008159958 0.7000000068117321 17.00043708860288 7.361216028949095 7.411413232833778 3.483128088328159 5.000006391372876 
3.5260542275079563 0.7000004556860024 21.213567484431522 7.750774811562354 7.402204698153244 3.899999999993839 5.0000000302457055 
3.500012028029483 0.7000001947410646 17.000347257728947 7.300017320766207 7.4470976032622165 3.248818640721307 5.000000272326299 
3.502164661002685 0.7000095348328785 22.238338134257834 7.750556578638677 7.508379261173593 3.899999859151482 5.000001499292659 
3.5000120191805033 0.7000001974483085 17.0000084999854 7.3005117696635615 7.417502368433849 3.2341992511933633 5.000000408816003 
3.5186339086158354 0.7001009859459425 25.410418032651616 7.750021987611102 7.611745136909187 3.8999999999755257 5.000000346857657 
3.5002233775954568 0.7000000655747219 17.000535768658178 7.758207047140195 7.404021510613825 3.86111691599182 5.000000051917132 
3.501134707131044 0.7000742470128821 19.278004139285713 7.750340974248515 7.4425162412805035 3.8999999998443275 5.0000002708734135 
3.5000697067493416 0.7000133626941124 17.000586904205488 7.7598672771203105 7.40086626008542 3.5054353508165184 5.000105718916698 
3.5011547516543122 0.700025237737552 23.149374728732813 7.750179291172616 7.402461725593656 3.8999999575119304 5.000000204427998 
3.5020176932645755 0.7000002287445983 17.000014298396696 7.737662630764523 7.403655446265054 3.766763478993851 5.000000717356963 
3.5000635190917384 0.7000000108399506 17.000048999840974 7.300038234602434 7.400078140275962 3.413972951577021 5.0000034069648684 
3.5000610298621946 0.7000002812809601 17.000146111486348 7.300134356176738 7.406387251846077 3.3739448988256573 5.000000129035812 
3.50022369732852 0.7000000121626231 17.000623832241086 7.301017123468485 7.403043185160108 3.34857168857942 5.000009693690137 
3.500215633951688 0.7000036105349139 17.000308031345778 7.660775446998072 7.4174299960546275 3.808847820538858 5.000000376478881 
3.5002234378378567 0.7000032431891529 17.000002760880005 7.326873753424259 7.430185040439218 3.6008141989560074 5.000004699708777 
3.5000033053564463 0.7000005126699685 17.343037004235907 7.7530237217479065 7.417882506418052 3.899999993849359 5.000023372195875 
3.500010665520594 0.7000001882650522 17.000330592476065 7.300012992673807 7.417502368433849 3.264470202713653 5.000000070766566 
3.5260542275079563 0.7000001574042807 27.686928419338624 7.750774811562354 7.4949326492190576 3.899999999993839 5.015199650121241 
3.500223153237746 0.7000002463994126 17.000007536913365 7.735064561572501 7.400707427291869 3.8824157977514746 5.000002269725004 
3.500056927442579 0.7000004157252613 17.00003039512504 7.300054303405059 7.407319552533521 3.4298551259321015 5.000013772357493 
3.5253538683059285 0.7000001133911443 27.940627952128757 7.75298063687589 7.494757985879928 3.899999782939182 5.000023714997224 
3.5000025133149673 0.7000000064408123 17.000000495643754 7.300010367993008 7.4680943639260535 3.357280344667151 5.000000460668906 
3.5000117113553535 0.700000056857086 17.000347257728947 7.300013205660015 7.418796043537013 3.1842278624789606 5.000000070766566 
3.502718224327979 0.7000000706672802 27.210131229075053 7.7505087180473 7.410325612326896 3.899999999018451 5.000028509206303 
3.598895596127454 0.7100887183939997 27.677767931383123 7.750142799360716 7.4275295473907725 3.899999999993758 5.000000019523322 
3.5038737960700823 0.7000155151891865 22.898862710056232 7.755953039595867 7.424553940835327 3.899999999997199 5.000000819013429 
3.553562710473621 0.7018936812712878 27.999991041127732 7.750155149154498 7.440368923094544 3.8999999999860164 5.002927546468718 
3.5001135051043977 0.7000039573627984 21.004524357228938 7.75017209397575 7.462317326602009 3.899999953176936 5.0003022403667945 
3.500194396874829 0.7000017697192564 17.000649416633475 7.300111810570064 7.4243486223706245 3.215576408063214 5.000024642131082 
3.500063886905811 0.7000000150139993 17.000629818660688 7.301019102244059 7.40037205923793 3.2945834185005456 5.000000353368633 
3.500224898913921 0.700006521885715 24.495765202204574 7.750396598839862 7.414543162779326 3.8999999998437027 5.0000096538296335 
3.502774880548303 0.7000821690813673 24.01140346539321 7.759871097932215 7.401797128407792 3.8999999999520507 5.000105815775668 
3.50019838726929 0.7000000384858608 17.013678622983853 7.300134648648176 7.418989646332771 3.465197724523142 5.000000290612951 
3.5962070160343127 0.7171584970624392 27.644096479301545 7.7501555023033815 7.410004917682117 3.8999999999923363 5.000000184811604 
3.5002295526291918 0.7000000556390163 17.081957714466284 7.750509856371929 7.402112077548757 3.89999994515666 5.00000229112828 
3.5028174365663984 0.7000811170607419 24.01140346539321 7.750009948990107 7.632700864354047 3.8999999999520507 5.000073115858347 
3.590288294253834 0.7124920191829427 27.99999890485742 7.7501555023033815 7.440368923094544 3.8999999999856856 5.004460485024502 
3.502718224327979 0.7000000719904208 17.832156482935076 7.750039469493826 7.400643716324217 3.899999999880648 5.000017278682799 
3.5001963863383225 0.7000014230615981 17.000064584496467 7.707378395907172 7.443634258432553 3.744207098339994 5.000000961221834 
3.5000599531533076 0.7000031945610651 17.00025967761044 7.73125619255815 7.455208943426153 3.684201262905184 5.000032798798084 
3.505384451170344 0.7003840740248054 17.000303543712175 7.74118245134653 7.440962709583887 3.714849656661186 5.000000229659312 
3.500104088511673 0.7000114437763353 17.000012466151997 7.30003977934546 7.453892920940923 3.3992839862162283 5.000003232195779 
3.5001135051043977 0.7000005750784276 20.235059290256412 7.750031918732483 7.402189622677736 3.8999999990669583 5.000314231481354 
3.500223153237746 0.7000002463994126 17.000007536913365 7.735064561572501 7.400707427291869 3.735160930528203 5.000002269725004 
3.5000025133149673 0.7000000064408123 17.000000495643754 7.300010367993008 7.4680943639260535 3.3853897931222727 5.000000460668906 
3.5027803720875976 0.7000004532180831 22.601143261129476 7.750509856371929 7.402096080554958 3.89999994515666 5.000002335982683 
3.5015515820128096 0.7000389271256999 19.686809306969856 7.750159155334441 7.441672234399335 3.8999999998437027 5.0000096538296335 
3.5002230979354247 0.7000077517455486 18.522061571173914 7.75034094717028 7.442518264168096 3.8999999998437027 5.000009669262543 
3.5015515820128096 0.7000389562139571 19.78141145469955 7.750708500674463 7.443201417937994 3.8999999760733566 5.000028111774434 
3.50009386272942 0.7000056426440259 17.00000975037173 7.595451237438511 7.403669954021759 3.707133387830556 5.000000148203386 
3.500081949485767 0.7000004014827923 26.84598757261406 7.752823461831667 7.40221370046877 3.89999996115263 5.000338664447263 
3.5001135051043977 0.7000039573627984 27.537980052638737 7.75017209397575 7.462317326602009 3.899999953176936 5.0003022403667945 
3.50006457818127 0.7000010666224245 20.596007452263894 7.767122783708746 7.400912241408807 3.8999999996857824 5.000000714546734 
3.5001180798435763 0.7000037563149245 17.000058214827337 7.300903723829872 7.405366666918115 3.2620080311068156 5.000000448797738 
3.50006457818127 0.7000010666224245 20.707803936044826 7.767122783708746 7.400912241408807 3.899999999181593 5.000341846735393 
3.500090283498965 0.7000030687155105 17.000439468964938 7.301369143933544 7.40086626008542 3.5028063097790825 5.000064605018807 
3.5000523060069035 0.7000000234663872 17.000002434915267 7.300493296444041 7.401885839590564 3.5532000925469096 5.00000035926213 
3.5221104341265357 0.703013700800744 26.078651787318922 7.7500986164534815 7.400444147727056 3.899999999978003 5.000000034887486 
3.502082551871562 0.7000135367057472 17.992978138923434 7.750515359799213 7.4471825642331 3.8999999999998765 5.029435776791681 
3.553085599349481 0.7012029700405695 24.632151676003424 7.750157454378633 7.404181130603063 3.8999999517979895 5.0000002337823295 
3.500092280184001 0.7000077517455486 18.39344302780607 7.784603023742481 7.430317149645796 3.8999999998437027 5.000000421583525 
3.5000600004895928 0.700000181717729 17.016578205809093 7.459096453379385 7.406461005054415 3.6896234739050646 5.0002948634250055 
3.500188038751495 0.7000011618046377 17.000304550761687 7.44854410387835 7.441470980374281 3.662724555790284 5.000000234927968 
3.502718224327979 0.700000214820237 17.002879179453924 7.7595347846934395 7.401144053476227 3.6105450320579067 5.000010090506853 
3.5018073080654175 0.7000729859863093 24.52540120324597 7.750152711953975 7.41476501401102 3.899999999812368 5.000000235011425 
3.532556872307775 0.7000115068529182 22.382876599026563 7.750129636669582 7.488753633473464 3.899993256620739 5.000014939591597 
3.500194396874829 0.7000017217364378 17.00044092954224 7.327543679063105 7.424165374210518 3.2219839618906434 5.000024642131082 
3.500092272135591 0.7000038877507576 17.000064656084678 7.300208245188577 7.405679233348158 3.1799423157305657 5.000001003231739 
3.5221104341265357 0.7030137814623104 26.376254697729834 7.750111922141955 7.431706861353361 3.899999999978003 5.000000034887486 
3.500220698587523 0.7000000976115494 27.057494902030744 7.790946666206638 7.591573794505032 3.8999999999777732 5.000000036998242 
3.500208877596833 0.7000003442615831 27.555761881009598 7.7500394479872945 7.402126589100953 3.899999999993874 5.000000469066327 
3.502718224327979 0.7000000706672802 18.91457717038043 7.7505087180473 7.401982592111438 3.8999965035714936 5.000028509206303 
3.5099182547578662 0.7000001945420914 17.000081849571078 7.3644529687925475 7.446074780493521 3.6416133871613674 5.0000000622386 
3.500090544651748 0.7000011364594058 17.000304550761687 7.449106002289623 7.421269489771954 3.662724555790284 5.000000237538324 
3.502718224327979 0.7000000706672802 18.889406360465244 7.7595347846934395 7.40045340857278 3.8999964453450082 5.000010051261583 
3.500056927442579 0.7000024712906601 17.00003538828275 7.300054303405059 7.407250613164162 3.4290289880260096 5.000013772357493 
3.502718224327979 0.7000000742944197 25.048309935318123 7.759761662475048 7.400993661755884 3.899999999880648 5.000000472956821 
3.5002253651309303 0.7000003480806093 20.277596882413345 7.75003946696908 7.400976344743699 3.8999999999882595 5.000000428783944 
3.5000685750143123 0.7000034323007678 26.547924813483277 7.774874888574117 7.400842653130886 3.8999999999970396 5.000000035748198 
3.5001018542733178 0.7000004779785554 17.00005298406993 7.647524551067625 7.400721803925966 3.624477304897326 5.000002231070938 
3.500061708336466 0.7000003564284281 17.00000975037173 7.591677309152886 7.400614602629408 3.7899878131074365 5.0000002492751525 
3.5221104341265357 0.703013700800744 26.101895461181236 7.750100817261269 7.400444147727056 3.899999999978003 5.000001721601197 
3.500104088511673 0.7000114437763353 17.000061978486173 7.3000394968503315 7.442029642459137 3.1714618899230578 5.000000960916663 
3.500223104498835 0.7000003872499467 17.00043949047027 7.300054303405059 7.400864477283158 3.3934832857726045 5.000000232452503 
3.5001018542733178 0.7000011022072508 17.00005298406993 7.767627896353084 7.400912912601899 3.629208072323442 5.000000711850366 
3.500223153237746 0.7000108868767135 17.00000429950268 7.308107135693306 7.400707427291869 3.558000019727717 5.000000527861972 
