3.584878955881715 0.7164867467859332 27.999999071873166 7.750038291429989 7.4000734165109545 3.89999999991743 5.000000046193004 
3.5000793608218714 0.7000000922279881 17.000000160458452 7.300543101935809 7.400095139431925 3.1689216428335265 5.000000008062087 
3.500369876699631 0.7000001578914854 23.156333646350934 7.782939774399957 7.416325119848993 3.8999999995893138 5.000001645019363 
3.500079495970867 0.700000311053256 17.000034930932014 7.6647509193572185 7.400073215600629 3.733591436028645 5.000001272571085 
3.5006529164494284 0.7000001362621104 25.02922413171866 7.750190062722526 7.400096419853218 3.899999999955336 5.000000478271865 
3.5020248293282363 0.7001641076109266 27.388666630220463 7.750116063805625 7.5521847391986885 3.8999999996972825 5.011242396802347 
3.50007682892941 0.7000003345534597 17.000022022066076 7.304553580986004 7.401272750631179 3.6001583107734376 5.0000000502683895 
3.5000747242368075 0.700002979557991 17.00010609841363 7.300059854345708 7.4013157970614465 3.3701060510710708 5.0000152477559725 
3.500092653536302 0.7000002111403244 17.00003510795527 7.300627326234926 7.401526752738542 3.2132454741503307 5.000000651752648 
3.50067079226049 0.7000001475526765 17.00001822128073 7.750270147810897 7.42263329608044 3.5519159434654872 5.000000018483922 
3.5020479036618184 0.700002218622138 25.79603064614761 7.751326492795326 7.4571655287267475 3.899999999662053 5.000000115129506 
3.5003697046655367 0.700001757407321 21.621527489141215 7.7502724031465124 7.400073445494396 3.8999999999874975 5.000000008175598 
3.500731988761908 0.7000002179307839 24.138671112925348 7.7502239432572715 7.40698240803079 3.899999999997499 5.000000670948676 
3.5003515225323043 0.7000110839443413 24.48040327389779 7.750674795255584 7.764027318509461 3.899999999829952 5.000029353646812 
3.500088903818691 0.7000003118283111 17.000101354016948 7.3568357401805 7.408660405456456 3.624959906915942 5.000000005437082 
3.50071103976541 0.7000002722898863 21.155270673191637 7.750539124598633 7.400470739159384 3.899999999611037 5.000000053655825 
3.5003911427188137 0.700007768181819 17.92831087786844 7.750409700430141 7.400203859797029 3.8999999998876707 5.000000070247986 
3.5005193632333724 0.7000234614164019 20.612255913675682 7.750723124646096 7.404798913516576 3.899999999674415 5.000004596030234 
3.500447787831837 0.700002218622138 19.07218108927067 7.751326492795326 7.401007830239163 3.899999999662053 5.000000056620018 
3.5000724059197794 0.7000002874007009 17.000042018587713 7.784138407690038 7.404613417545747 3.807657659884349 5.000000182808199 
3.500079649958071 0.700002945345841 17.000064569633718 7.300262223155283 7.400903299291831 3.5742638834392797 5.000015869530408 
3.538059417078924 0.7056320920998844 27.949567881111367 7.7628121843347175 7.401683186602593 3.899999999203272 5.00000016961827 
3.5003978116822063 0.7000341268451306 22.629479715505745 7.750205080033227 7.763533912286045 3.8999999994869805 5.000004292482632 
3.500090424541045 0.7000000088541339 17.0000999926616 7.795979106898517 7.40034590452583 3.697003895121177 5.000000229632948 
3.5013949676819784 0.7000080954182928 24.723602857276443 7.7502239432572715 7.546019865377783 3.899999999931796 5.000004741883069 
3.5000747242368075 0.700002979557991 17.00010609841363 7.300059854345708 7.401341609785797 3.3465807578248947 5.0000152477559725 
3.500092653536302 0.7000002108518141 17.00003510795527 7.300627326234926 7.434522836893483 3.2296502764400628 5.000000651752648 
3.500092739647999 0.7000002092149871 17.000422449023322 7.303592122210629 7.400024125686274 3.3329966584780584 5.000000026934622 
3.500378529030166 0.7000000365831894 17.000000810972946 7.622101930531999 7.4034647683839925 3.7462237281903406 5.000000225451501 
3.500079360265048 0.7000002092149871 17.000422449023322 7.303751749239972 7.400014115261718 3.4628325392940313 5.000000069736875 
3.5017059363003575 0.7000000519055699 22.2699978813885 7.7502239432572715 7.435098865592852 3.8999999999228736 5.000000011435868 
3.5000772659423474 0.7000000467326756 17.00002262314944 7.334320317865949 7.400412080708452 3.5103946603510363 5.000000017634605 
3.5000699160630746 0.7000003353364929 17.00033743839855 7.6233529749771565 7.401271527848421 3.679326779314865 5.000000006781169 
3.5579760477835247 0.7099358931077279 17.20492033012541 7.7628121843347175 7.401728511419206 3.899999999253046 5.0000002674792725 
3.5000793608218714 0.7000000922279881 17.000000160458452 7.300543101935809 7.400432023049737 3.3576774989814924 5.000000007586958 
3.5003911427188137 0.7000048118766089 25.98251228628399 7.750219657974428 7.402163714654522 3.8999999996416834 5.0000018864702485 
3.500385274540721 0.7000001372522108 23.707633384080044 7.752827703242521 7.400345319840434 3.8999999984719107 5.000000029940926 
3.500296255226853 0.7000077278045517 20.957058065416994 7.782705798557755 7.434114477991041 3.8999999996122994 5.000000644997003 
3.500114286533587 0.7000021119442513 17.000001677997343 7.370557535660292 7.400885234690211 3.474117117376174 5.000000002317202 
3.5003785863819763 0.7000189804854435 20.06982636676316 7.752121783630446 7.4003619976225155 3.899999998160583 5.000000028902477 
3.500651370771729 0.700000010121513 20.304444082982425 7.750270147810897 7.400122248726782 3.899999999922929 5.000000011435868 
3.500110002129546 0.7000046968390841 17.00030356752017 7.532269772305514 7.400366504611464 3.637059449379402 5.0000015840669665 
3.5000843627381992 0.7000001207420894 17.000333898655608 7.356449239747623 7.400711113203327 3.5175284634300006 5.000000246225584 
3.560254904256805 0.7113529839648004 27.949567881111367 7.7628121843347175 7.401683186602593 3.899999999203272 5.00000016961827 
3.50160408498899 0.7000928303553027 26.248540136138423 7.786052144223131 7.499435847380218 3.8999999999534816 5.000000569627461 
3.500079278031428 0.7000001554933587 17.00020263906118 7.346021093470442 7.401303924922451 3.3887099639804066 5.000000663724858 
3.5003733186282635 0.7000000547917623 17.00010609841363 7.746599141460948 7.434139736895496 3.8682796256081318 5.000001181377875 
3.5807060919290326 0.716115868375972 27.859154458326724 7.750655200897455 7.4002602455646125 3.8999999997284336 5.0000017692733305 
3.50067079226049 0.7000001475314629 17.000920990864152 7.750270147810897 7.42263329608044 3.8934276166719375 5.000000019266819 
3.500732642946487 0.700018709243671 19.39334764901226 7.7502239432572715 7.435098865592852 3.8999999992061785 5.0000020632104185 
3.500731988761908 0.7000001665393784 25.394251758395836 7.7502239432572715 7.435098865592852 3.8999999985223814 5.000000670948676 
3.501689692128641 0.7001612375070255 27.997592534243687 7.750024613228806 7.4016159790879295 3.899999998158073 5.000000570460553 
3.500385274540721 0.7000015337832525 23.90415825768323 7.752827703242521 7.400345319840434 3.8999999984719107 5.000001744171532 
3.5000930389262823 0.7000002105581005 17.000344054812825 7.300766519330253 7.400412080708452 3.5851491781661036 5.000000001482528 
3.5000888704118274 0.7000003345534597 17.000022022066076 7.388044063623754 7.401281980822981 3.6544423454786927 5.000029641550223 
3.5000825967525993 0.7000002694890791 17.000102894943133 7.300420215690543 7.400363370948288 3.246438518674746 5.000000170262215 
3.5004081106783005 0.700034443411651 17.233520848817044 7.750205080033227 7.7654647807706505 3.8999999994869805 5.000000160694747 
3.500079592778849 0.7000002801572279 17.000103051630237 7.309498815029022 7.401269382668645 3.263072499696524 5.000000170262215 
3.5003893245150066 0.7000000962715739 22.033886062408886 7.7502275865222865 7.438916142322229 3.899999999476894 5.000414194438512 
3.5000772659423474 0.7000000437512116 17.00002497304805 7.367613882471215 7.40040512217274 3.4470006980994135 5.0000000167695715 
3.5000774084845707 0.7000003334196006 17.000637396959434 7.300395292198241 7.401281980822981 3.2221455905981564 5.00000139833753 
3.500079347268382 0.7000003562299792 17.000325209929745 7.300553542765574 7.4006962616047405 3.197124278726346 5.000000116481501 
3.5126742595175697 0.7000001008144382 17.000326370374292 7.300084833885376 7.408602660894805 3.4884085918964676 5.00000020813645 
3.5000825967525993 0.7000002694890791 17.000102894943133 7.300420215690543 7.400363370948288 3.2436292918659246 5.000000170262215 
3.5080572204173794 0.7000137666323555 17.00004197909367 7.302974997326505 7.455514976290498 3.3908195782118384 5.00000008930208 
3.5007791178881007 0.7000078123108588 19.73907585897187 7.7811612249612585 7.519907459903274 3.899999999865736 5.000000499695112 
3.5000554633350744 0.700000289857702 17.00031923896923 7.3137325409387275 7.401194901548666 3.4086549897362723 5.000000224008311 
3.500375059254502 0.7000079313735633 17.000001656119142 7.675270231715854 7.401359660942828 3.829163856508962 5.000000091254625 
3.5000825967525993 0.7000002801572279 17.000102894943133 7.300420215690543 7.4012687894826845 3.2612926920556973 5.000000170262215 
3.50067079226049 0.7000002193312732 27.752209297794717 7.750270147810897 7.516468528449763 3.899999999922929 5.0000000028653195 
3.560254904256805 0.7113529839648004 27.762766329313212 7.7628121843347175 7.401683186602593 3.899999999203272 5.00000016961827 
3.500382363574419 0.7000078731812085 17.000001610827674 7.662159908694652 7.401566842486668 3.8375383760454547 5.000000091813996 
3.500378529030166 0.7000030901958434 17.000064845305722 7.57806284785597 7.428495342643775 3.6639086080111087 5.000010515952699 
3.5000904420888355 0.7000002092149871 17.000289762692514 7.300057385987196 7.4003375839579695 3.32256709757842 5.000000026934622 
3.5007307050899383 0.7000001481561409 25.394251758395836 7.750224574379144 7.435098865592852 3.8999999985223814 5.0000006225301385 
3.5000703597638405 0.700000279715627 17.000000493095136 7.598580882100124 7.401284875827808 3.787847688361327 5.000000003278764 
3.5003697046655367 0.700001757407321 21.833995257014106 7.7502724031465124 7.400073445494396 3.8999999999874975 5.000000009481998 
3.5000770841106585 0.7000002874007009 17.000042018587713 7.300509983321579 7.400349681585459 3.1906015673523065 5.000000192928728 
3.5000825967525993 0.7000002801572279 17.000102894943133 7.300420215690543 7.436348407715768 3.2906687691644305 5.000000170262215 
3.5000442678211683 0.7000004103941062 17.000355254871863 7.300060166092987 7.4006836148406085 3.441441368259034 5.000000025888839 
3.5001149576333797 0.7000044798465365 17.000000935561808 7.301233225778106 7.400891191467437 3.2789233239471476 5.000000028458835 
3.5002790883468435 0.7000293069611455 27.018251831131757 7.751666989544252 7.47881226744335 3.899999999602828 5.000954966921638 
3.5000703597638405 0.7000002690474781 17.000000493095136 7.598580882100124 7.400379457293412 3.7701799745607363 5.000000003278764 
3.500082653931821 0.7000001310864696 17.00006587411094 7.330649357594276 7.40130333173649 3.5360621997988404 5.000000152567932 
3.500093847399988 0.700000217898412 17.000003057828113 7.303116764799989 7.400891191467437 3.315395161084818 5.000000028458835 
3.500731988761908 0.7000016122648838 18.346751891189996 7.7502239432572715 7.435098865592852 3.8999999992058796 5.000001659334086 
3.5000772222895384 0.7000045452488453 17.000042018587713 7.300509983321579 7.400357049217826 3.18080985531845 5.000000195288872 
3.5007709607495343 0.700029485182383 27.162621195767198 7.750122415947756 7.519907459903274 3.8999999997814845 5.000925508907458 
3.5007392198003098 0.700093406290969 18.68047627436944 7.750091223653464 7.522476822718014 3.8999999984719107 5.0000016733450545 
3.501580837800917 0.7000302501548348 22.550175477653006 7.75201418924818 7.761315702582365 3.8999999981691698 5.000004203543502 
3.5000752713373013 0.7000003895288971 19.596010891634354 7.782063519105718 7.403012675219216 3.8999999996013446 5.000000644997003 
3.5003785863819763 0.7000176222767354 26.77196051014618 7.752121783630446 7.40021898767858 3.8999999981106215 5.0000001552552 
3.500761576699937 0.700001559302426 23.40688217880271 7.750223087998201 7.435098865592852 3.899999999851661 5.000000011922387 
3.500056297929899 0.700001292468333 17.000326370374292 7.30008350141559 7.401194901548666 3.4226999110987872 5.000000224008311 
3.500056297929899 0.7000003565095956 17.000326370374292 7.300084833885376 7.40068705163203 3.4881699486093134 5.00000020813645 
3.5004835037341606 0.7000000020831029 17.00000050809922 7.749841409797647 7.434714226848959 3.858359530550113 5.000000111899029 
3.500731988761908 0.7000001665393784 17.045208806914317 7.754132358470627 7.436607810163792 3.8999999985223814 5.000000174563764 
3.5000772233880086 0.7000000591836406 17.0000228732305 7.333823142052857 7.400024616326026 3.295885915589489 5.000000029511332 
3.500079649958071 0.7000001310864696 17.000066030798042 7.310411312090389 7.401303924922451 3.537842007439667 5.000000152567932 
3.500731988761908 0.7000001665393784 26.816085177577094 7.7502240643474005 7.437353378402153 3.8999999985223814 5.000000670948676 
