3.500186717078361 0.7000000175738277 17.000000495289473 7.300000064957376 7.400030896152034 3.1688052836043745 5.000000095586469 
3.5983241384501126 0.7194093878679252 27.999998716481592 7.750012791045188 7.4235195417977495 3.8999999999802366 5.000000012629357 
3.5001792554713775 0.7000100841664433 22.578841233790868 7.750003466959953 7.50180704103272 3.8999999999434465 5.0168521090648115 
3.519402514128951 0.7000020230724346 23.147503009348895 7.750361788842475 7.437874654380734 3.8999999999940282 5.000000301100254 
3.520395884682586 0.7034918325360004 26.933884170448323 7.750691465993171 7.446519867976418 3.8999999999875303 5.000013083408535 
3.500920013178441 0.7000214623999783 27.646604804568085 7.751387796097716 7.428771795237558 3.8999999998862216 5.000004328779782 
3.50018352511722 0.7000136720149058 19.173470257980473 7.750724492751192 7.420167577854767 3.8999999999874286 5.002034678260145 
3.519851636695622 0.7004327552879935 24.742948868150435 7.751333007622006 7.428747801829801 3.8999999998862216 5.001440949411875 
3.5001486760241387 0.7000137279048306 18.59489134363752 7.751887946138767 7.50440342492661 3.899999999897833 5.000005912312305 
3.500214037553176 0.7000005449899109 17.00001343659947 7.513511937826285 7.400900308927028 3.6350631301829748 5.0000012124212825 
3.500481556430799 0.7000226886829113 20.966831595930042 7.751046329989187 7.410854214249191 3.8999999999811137 5.000194457194663 
3.500346539168279 0.7000218920427873 21.786528808972367 7.750026142925142 7.488219792294725 3.8999999998958494 5.000000946908608 
3.5001767609900356 0.7000008366273451 17.00000008084561 7.300000089999981 7.40057192952363 3.3531933570542676 5.000000088810846 
3.5001772076224817 0.7000003965213054 17.000000511138182 7.47222488484461 7.448470783836531 3.604066093199574 5.000000975274028 
3.500316027531529 0.7000007216045855 17.002424474077277 7.300002543043157 7.404120777282247 3.580749880143828 5.000000326971761 
3.5001900478558574 0.7000000213583812 17.00000005878975 7.738059776446221 7.400486394223647 3.7958559761533626 5.000000329106585 
3.5001898265199767 0.700000002942401 17.000009870595196 7.306559966623667 7.412125077928472 3.520151336343652 5.0000000018379085 
3.5005330239421153 0.7000004106313933 17.00174276247427 7.670356994427376 7.422914333915298 3.725675267404707 5.000004422077458 
3.500180156785455 0.7000003417530124 17.000000100060706 7.30008684467199 7.400008874319498 3.3817069134651434 5.000000436146648 
3.5001907415897247 0.7000000531005005 17.000000041871512 7.300024516348844 7.44790837785831 3.3621142261669945 5.000009933250595 
3.500189746874592 0.7000001464664263 17.00000003503579 7.736172257383713 7.420511977114968 3.812883676463295 5.000000604132349 
3.5003553277923976 0.7000001576651942 17.000005637555063 7.300315647303783 7.400008026409856 3.4291581583411324 5.000003267232268 
3.5001766087459067 0.7000028575472262 25.300286325998357 7.750488706451833 7.446833727594782 3.8999999999742876 5.000018663506001 
3.500817103768479 0.7000005491171352 17.000000080232844 7.30645297889723 7.428712840028518 3.454739002109466 5.000002151057131 
3.500176253032932 0.700000109543588 17.000056215183434 7.300000395741536 7.400006999790017 3.1795698740075364 5.000000464820204 
3.5006839230432925 0.7000007266591017 17.000000004792685 7.591366560771413 7.400189025684616 3.7681121278557153 5.000000411621934 
3.5086246298696504 0.7000011294006634 17.000521934162318 7.3000064019662885 7.400056655532728 3.5642121889748353 5.000002259621021 
3.500330235602618 0.7000001324666273 17.00000371112006 7.300307367567466 7.40001205405164 3.196314338300368 5.000000390033839 
3.5001597099771655 0.7000149508337032 26.754609723005238 7.750003466959953 7.504077007684062 3.8999999999536885 5.000001197598804 
3.5001375744172925 0.7000052430172553 17.001656587911377 7.420915793336606 7.40447388711318 3.5393990754174576 5.000000433371871 
3.500363895031758 0.7000000033289869 17.00000398363725 7.300030848238068 7.434013156006678 3.3311228924479286 5.000000134400029 
3.5001772086538687 0.7000003965213054 17.000000449669084 7.47222488484461 7.448470783836531 3.4420354130627286 5.000000975274028 
3.5001772076224817 0.7000003965213054 17.000000511138182 7.524463300305327 7.406126213031981 3.620885733723454 5.000000975274028 
3.5005189144189113 0.7000219333209456 23.46776369550078 7.75105239090354 7.4531865190247535 3.8999999998862216 5.00598190457671 
3.5001941645853436 0.7000212794273996 26.432907227222508 7.750003466959953 7.504077007684062 3.8999999999536517 5.00000133774272 
3.5002157162009815 0.7000002781510611 17.000000042095934 7.744380597537536 7.419204352074988 3.8525842702058646 5.000009748911003 
3.5008949324382335 0.700000007995017 17.003813662534384 7.303707376717447 7.458721397075023 3.26218929232409 5.000000496248574 
3.5001911857212598 0.7000000531005005 17.000000100060706 7.300231097411864 7.400008874319498 3.4124481606349963 5.000000436354499 
3.500189746694602 0.7000001626022475 17.000000042283535 7.749055144275264 7.405903402765102 3.8797091741241587 5.000000321499866 
3.500212519432528 0.7000000199098403 20.270764658130446 7.750692388377236 7.407268212167366 3.8999999994605483 5.000007094125804 
3.589704244941825 0.7178375068574396 27.77509481915235 7.751334762121689 7.489973117200681 3.8999999998863104 5.000001504717553 
3.50028416349568 0.7000138553685223 17.000000004792685 7.572455913697115 7.447622767168951 3.7483383791215865 5.00001048735361 
3.500186717078361 0.7000000175738277 17.000000495289473 7.30000002252562 7.400026120751349 3.3086659516087873 5.0000004077594 
3.5940520324341905 0.7097181212233376 27.79827687650352 7.750610524071645 7.405728953271654 3.899999998476426 5.000000192008637 
3.5003161798562994 0.7000003987486919 17.000000002293042 7.4632018559937405 7.403269047889776 3.663468724148374 5.000000075879459 
3.5002836542147593 0.7000001282700178 17.000000004792685 7.312769154870973 7.446749152754751 3.549263558090934 5.000009889834712 
3.5314057897788107 0.7000142463977047 19.511553853410536 7.76733966970694 7.4115602542636445 3.8999999999741934 5.000061390396055 
3.5006844115970472 0.7000001978959027 26.914073739409183 7.750692388377236 7.41230378741695 3.8999999994605483 5.000000496475557 
3.5495970581448666 0.7000142008186417 19.95944936922789 7.7505855507756785 7.41018759559662 3.8999999999340194 5.000000146086406 
3.500346539168279 0.7000218920427873 21.396181606882237 7.750026142925142 7.488219792294725 3.8999999998958494 5.000000946908608 
3.5002911389456766 0.7000234542976681 24.609314215103982 7.7500280811247455 7.4040218470176535 3.8999999998491943 5.000000029616662 
3.5001782654933815 0.7000004106313933 17.00000020460573 7.4681880973316535 7.448214945310198 3.6873965140110228 5.000004518180376 
3.520395884682586 0.7034798342496316 27.998020462955687 7.75065768935781 7.4468127224548 3.8999999999875303 5.000013539216444 
3.504748673661152 0.7000236573744569 22.213668749963254 7.7501385907967215 7.4072436482937425 3.8999999999724073 5.0000071240759505 
3.519402514128951 0.7000020230724346 24.094248165775795 7.7503286101121045 7.4068112315464365 3.8999999999704427 5.000572886734145 
3.520571893138929 0.7003928727955481 27.848912940516527 7.75072899822113 7.432934216696578 3.899999999987415 5.000555485397888 
3.504748673661152 0.7000236573744569 22.178972721976074 7.7501385907967215 7.408903286516305 3.8999999999724073 5.0000071240759505 
3.5027217690955785 0.7000432127013643 17.908166459497103 7.751050775699992 7.415759633405014 3.899999999895852 5.000204291682836 
3.5046255068266383 0.700000457731118 25.721082681517878 7.763793934791029 7.445706134976301 3.8999999999962616 5.000083011982612 
3.5001867088662726 0.7000000175738277 17.000000495289473 7.300122401050893 7.400026120751349 3.471395052201807 5.000000017591656 
3.591726564148555 0.7178375068574396 27.885741472412693 7.751426020377039 7.42344295522019 3.8999999998957886 5.000603882996358 
3.5005749628918523 0.7000149508337032 26.308058042451403 7.760564138177718 7.422039718973794 3.899999999952981 5.000001197598804 
3.5001795417726735 0.7000142231811974 17.003813662534384 7.300087680227113 7.4027049639431635 3.276461597767507 5.000000192954087 
3.500233892470497 0.7000222792781577 17.000000008560967 7.781677857480433 7.400570676665645 3.8400599863245084 5.000000245524145 
3.504748673661152 0.7000236573744569 23.70552222499001 7.794657678559986 7.4072436482937425 3.8999999999724073 5.000007202724444 
3.5003161798562994 0.7000003987486919 17.000000006397958 7.4632018559937405 7.403269047889776 3.663468724148374 5.000000075879459 
3.500177051436537 0.7000001464664263 17.00000000087946 7.305303916311073 7.420511444799535 3.2544936409062886 5.000000975851413 
3.5001941541479384 0.7000028575472262 25.3944574353023 7.750488706451833 7.446833727594782 3.8999999999742876 5.000018663506001 
3.5949836989533317 0.7105081302514272 27.79827687650352 7.750610524071645 7.405728953271654 3.899999998457396 5.000000003228172 
3.5001762448208438 0.700000109543588 17.000056215183434 7.300118495781103 7.400006999790017 3.4755775406238967 5.000000600651728 
3.500180156785455 0.7000003417530124 17.00000012186929 7.30008684467199 7.400008874319498 3.4907602766445525 5.000000436146648 
3.5001941645853436 0.7000069912299179 21.445879552854453 7.750003271744627 7.487947467354784 3.8999999999536517 5.00000133774272 
3.5001773524178024 0.7000000213583812 17.00000005878975 7.300005376465872 7.400486394223647 3.2389896114168923 5.000000329106585 
3.500180156785455 0.7000008064817085 17.000000100060706 7.300049369631494 7.400008874319498 3.3914794267127544 5.000000436146648 
3.50018906293494 0.700022310837881 26.024661778737638 7.751361716084588 7.4201645734756605 3.899999999994179 5.000000192965664 
3.500186717078361 0.7000000178672685 17.000000309522388 7.300001085226407 7.407633067382258 3.2079592522584592 5.000000018379877 
3.520571893138929 0.7000483163955209 27.794455311292904 7.761286628912617 7.422051642252579 3.899999999991443 5.000555485397888 
3.501234364461404 0.700000203058407 17.000000099514505 7.310610530178788 7.436828377784464 3.2154812350136455 5.0000001651771075 
3.50019043886732 0.7000000213583812 17.00000005878975 7.300005376465872 7.400486394223647 3.2408358037241527 5.000000593133225 
3.520395884682586 0.7034798342496316 27.998020462955687 7.75065768935781 7.4468127224548 3.8999999999875303 5.000013539216444 
3.5019275898357827 0.7000428181746394 18.203451551408598 7.751383028201518 7.415850378178222 3.899999999895852 5.000628695957667 
3.5006844115970472 0.7000001416811629 20.637315363287012 7.750692388377236 7.41230378741695 3.8999999994605483 5.000000496475557 
3.500346539168279 0.7000218920427873 19.752184359371192 7.750026142925142 7.488219792294725 3.8999999998958494 5.000000946908608 
3.5001760293726245 0.700000007360727 17.000544187090856 7.300019523741155 7.501985552710719 3.226218389133411 5.000000424708575 
3.5495970581448666 0.7000070688672115 18.207308980855867 7.7505855507756785 7.415908069268261 3.8999999999340966 5.000000146086406 
3.500186717078361 0.7000000175738277 17.000000495289473 7.30000002252562 7.412155965689486 3.2977910144517204 5.000001307841426 
3.5004786028427763 0.7000142002052353 17.68349233749045 7.7515755943082585 7.424869742712121 3.8999999999723767 5.000000053874296 
3.5001943253047316 0.7000207277545782 17.288916198310233 7.750003466959953 7.408109783562642 3.8999999999536517 5.000009913647802 
3.5001838278765267 0.7000009618920633 17.000000077239044 7.30027249399528 7.400016104159783 3.1997775608487755 5.00000001685291 
3.5001773524178024 0.7000003357210818 17.000134889100455 7.350112585108656 7.402737189883319 3.295170391262788 5.000000274035443 
3.5495970581448666 0.7000142008186417 23.70279327135852 7.7505855507756785 7.420362776024976 3.8999999999340194 5.000000192965664 
3.519402514128951 0.7000021657733349 23.953232765598713 7.7503479553229715 7.4375426305621355 3.899999999994183 5.000353705685758 
3.5006844115970472 0.7000001416811629 20.637315363287012 7.750692388377236 7.41230378741695 3.8999999994605483 5.000000496475557 
3.5001782654933815 0.7000004106313933 17.00000009805776 7.4681880973316535 7.448214945310198 3.6901448709139317 5.000004222221932 
3.500190580870336 0.7000000531005005 17.003687987292203 7.300024516348844 7.449282561688889 3.4050981976413928 5.000000452037624 
3.5001773524178024 0.7000010369429893 17.000000098153624 7.300833772597902 7.400486394223647 3.3983703922379744 5.000000442250952 
3.500186717078361 0.7000000175738277 17.000000495289473 7.300000064957376 7.400026120751349 3.1753873855843575 5.00000000393478 
3.5006839230432925 0.7000007266591017 17.000000004792685 7.591366560771413 7.412318870622753 3.7572379846191155 5.0000013117039455 
3.5001907415897247 0.7000235977068564 17.001745747129174 7.300272020535654 7.400032359370186 3.5049421811575705 5.000018760972125 
3.5005330239421153 0.7000005790950034 17.000005285252744 7.488997157407118 7.411348459608949 3.7065869221431544 5.000000965350059 
