3.5000119718808684 0.7000000210191577 17.000000056316846 7.3000585071485915 7.400210987975962 3.168789601016326 5.0000000006292025 
3.59895825178175 0.7197001257209868 27.99999997570159 7.750003333605319 7.401131077625347 3.899999999965438 5.000000398614652 
3.5006851882178616 0.7000138533215542 19.466329437132725 7.750251657357375 7.402576583270419 3.8999999999993866 5.000065253071561 
3.5006598790664443 0.7000000364393846 17.0000715303445 7.435415739534303 7.400720964829835 3.3991588264638324 5.000018095993276 
3.5000358588841753 0.700000000149449 17.00000248675501 7.300058642697434 7.420816353857162 3.194443181619846 5.000000323093826 
3.50007459782982 0.7000009584718789 25.78517013133682 7.7501302076212255 7.495369059953118 3.8999999999958193 5.000026548286719 
3.5000485846589235 0.7000001835478566 17.000033253548345 7.302965904569747 7.401490426682728 3.42188999958564 5.001143350883901 
3.5000153471837656 0.7000001693125296 17.00003355656394 7.300958359276274 7.4021286935233634 3.5197643774930807 5.0000000000443325 
3.5006850373113876 0.7000005557343496 18.858079533939254 7.750251657357375 7.508081724881799 3.8999999999993866 5.000002203982572 
3.5000367866388973 0.7000007469366266 26.156311157239493 7.7500267364576505 7.485969435947849 3.8999999999945563 5.0009440752703735 
3.501468638386831 0.7000337440244623 23.108836960708956 7.750132712860418 7.407946796982242 3.8999999999925508 5.000070591283264 
3.5000719899488977 0.7000000751292405 17.021173188877036 7.87147905874458 7.408571879610033 3.7515431606977945 5.000000070597388 
3.5000573408955127 0.7000009309557296 23.76256999893373 7.75005040653589 7.405260364812627 3.8999999999906207 5.0000000780223965 
3.5000366398158382 0.7000008983597978 23.621719424632655 7.75005040653589 7.405260364812627 3.89999999998967 5.000000147586594 
3.5539595787714937 0.7073543514845766 27.999999981511607 7.751085049733013 7.427702321871796 3.8999999999950887 5.000013276120001 
3.5006492931648383 0.7000039115972133 17.000000421076113 7.476803340879781 7.405538950735138 3.6532887264747176 5.000000177527942 
3.500034537651607 0.7000000017839093 17.000000181376638 7.300017627734078 7.400945427936508 3.534981722932894 5.000000031776661 
3.5000385128973006 0.7000000539942582 17.000033253548345 7.300100093496431 7.401490426682728 3.496076786421279 5.000000079396096 
3.5001055055112014 0.7000041897043171 27.42891330865692 7.750307046242219 7.408515478837796 3.89999999999904 5.000138143728831 
3.5879569750873808 0.7083898201794091 17.550400311409287 7.755487194556461 7.401074172306745 3.8999999999921844 5.000259690176373 
3.50065201486665 0.7000065185757934 17.000030279303022 7.301425821127718 7.401030053193038 3.2736383011690733 5.000015196241849 
3.5012220582433327 0.7000000512681512 17.000048662619076 7.305476498430069 7.4051036583396925 3.3743243275521526 5.00000025394928 
3.5000880234584866 0.7000000861633483 17.0000306290908 7.3000442351474 7.400754952639838 3.2622451429444235 5.000000000712185 
3.500043497880113 0.700000204484914 17.00000586370963 7.447016016752606 7.400783045398771 3.6275598541999057 5.000009460678042 
3.59895825178175 0.7194002928802024 27.59940904995924 7.750232197445888 7.440230978573799 3.899999999984215 5.010991016722592 
3.500034537651607 0.7000009703089944 17.000000181376638 7.300017627734078 7.400940025323274 3.553825529288443 5.0000001272532435 
3.5000309760747044 0.7000000045463772 17.000071390885353 7.452702201417409 7.4218369927926835 3.6661862270091508 5.00001331492676 
3.500038954711525 0.7000001351057747 17.00000505931188 7.377896886312017 7.400738834748788 3.2378238261130248 5.00000681455299 
3.5000573408955127 0.7000000491023616 17.35578608298443 7.75005040653589 7.405260364812627 3.8999999999906207 5.0000000780223965 
3.500171858652576 0.7000094491364027 25.469518145826793 7.750058720381453 7.416156084224329 3.899999999999949 5.000018317419444 
3.5006181282453377 0.700006408421173 19.861685437567807 7.750125663810206 7.405188172730188 3.8999999999922137 5.0000008126336795 
3.5006623577915286 0.7000000671872 17.00000077110721 7.9534794174232175 7.400070272696282 3.8744044447646293 5.000001070409598 
3.5000356597249294 0.7000001693125296 17.000033224538893 7.303078434046649 7.401774087969308 3.300894025525723 5.0000028851191916 
3.5000385128973006 0.7000000539942582 17.00003308934344 7.300100093496431 7.401516730623464 3.4539843868149394 5.000000016235937 
3.5001055055112014 0.7000047374077514 26.734645188117568 7.750132686111459 7.408390765653046 3.89999999999904 5.00045278095196 
3.5006453308426426 0.700000041710088 17.000071390885353 7.435415739534303 7.4009867957974205 3.6889444385754175 5.000001954092963 
3.5000036704167563 0.7000000473115553 17.000028003748806 7.737421627535154 7.40071778711035 3.854421002509761 5.0000870673254125 
3.5000055148080347 0.7000000515065475 17.000039072890598 7.300295825290617 7.400768024338117 3.3825755281645673 5.000000000596126 
3.500675959426829 0.7000000582031475 18.63339536906543 7.771522329568098 7.402992737536855 3.8999999999993866 5.00114968624649 
3.5893724365401205 0.7050626613834302 23.78743807859932 7.755431817768892 7.408056385125907 3.899999999992185 5.00000240569383 
3.500149925486301 0.700008754593106 21.802772758129645 7.7650866987342555 7.400561390285162 3.899999999992075 5.0000004507500755 
3.500604456170617 0.7000000639956253 22.549551090820437 7.750063715214302 7.406214313802042 3.8999999999491766 5.000000062529778 
3.500232802490357 0.700001053816254 17.000012518991127 7.594632648963591 7.410727993784005 3.7866810577344294 5.00000000847229 
3.500105357763285 0.700002236833583 27.064220758989855 7.75494894876326 7.409408583786403 3.8999999999785264 5.000125573261642 
3.530021369483492 0.7041006441297664 27.99999975179914 7.750002544201719 7.401267133679376 3.8999999999994057 5.000021368571265 
3.501203584270138 0.7000000789779306 17.00004355411322 7.75000428128435 7.405154704503693 3.7408028612204762 5.000006896011561 
3.500005476838874 0.7000000406922554 17.000003149428764 7.452558412150407 7.443100605114543 3.699898789331103 5.001982748677292 
3.500035846028223 0.7000001693125296 17.000033224538893 7.300958359276274 7.40151856190091 3.286706479335337 5.00000000046151 
3.500656628861598 0.7000016803017698 27.907134552169865 7.750030373013619 7.415133191324466 3.899999999999932 5.001800252138928 
3.500043497880113 0.700000204484914 17.000006431197324 7.447395436785028 7.400783045398771 3.6183455164435134 5.0000130834272465 
3.5000055148080347 0.7000000515065475 17.000039072890598 7.300295825290617 7.464691175737311 3.210910557362272 5.000000000596126 
3.519305646324401 0.7000077779015208 22.16722616318192 7.750058593656795 7.410012211826584 3.8999999999997423 5.000000144963249 
3.5509107562615716 0.707013579421569 20.875579898348626 7.7510700073032135 7.434275123561226 3.8999999999944017 5.022801281164876 
3.5001519713118436 0.700008291639379 20.60536395845853 7.7610696975866835 7.404791931889126 3.899999999999445 5.000001360625447 
3.5001490659255987 0.7000007628261105 26.32253224141212 7.750463025976108 7.474266028907191 3.8999999999960293 5.037606279473952 
3.500159223431955 0.700000040702934 17.000063214503378 7.450787415915176 7.441998459003828 3.4732189520701535 5.000083552646533 
3.500074409552403 0.7000002808687908 21.519317446716368 7.750058593656795 7.401057737449643 3.8999999999998436 5.000000142367627 
3.500119899943053 0.7000006355707291 20.112004506352672 7.7500537011690405 7.410098242985833 3.899999999944473 5.000000668536721 
3.5291180243744114 0.7000081569815474 27.99999975179914 7.750002544201719 7.401250587318588 3.8999999999994057 5.0000222510628465 
3.5006577987777443 0.7000040421159968 17.000000421076113 7.44792247226317 7.405538950735138 3.5991836500082632 5.000013091069117 
3.500035914253024 0.7000017440256855 17.00003494507111 7.300958359276274 7.402874959016368 3.2088612799668637 5.000000000466059 
3.5001508800610877 0.7000007021602758 20.376606908370466 7.75046294382134 7.4090544764930515 3.899999999999739 5.000000040981959 
3.500159223431955 0.7000000308911495 17.000062085839012 7.303810375063918 7.400853877814772 3.4868857291266058 5.000080602551633 
3.5012627393390408 0.7000007426352055 27.159534079066898 7.750028234541485 7.489070362310522 3.89999999993392 5.00025168810648 
3.5000993889630023 0.7000001540812205 17.0000328408396 7.3013296119901945 7.419626918104341 3.227268278522025 5.000000346120724 
3.59895825178175 0.7194002928802024 17.02541182748659 7.750232197445888 7.441411463789894 3.899999999984215 5.010869369724223 
3.5012220582433327 0.7000000128487324 17.000048662619076 7.301227382867681 7.4051036583396925 3.3556458455685494 5.00000025394928 
3.500675939010455 0.7000000150677477 17.000036275914866 7.459000682902544 7.4007669876196225 3.5762612353934413 5.00001630931438 
3.5170878406185233 0.700008754593106 22.00675003885878 7.765953369549241 7.400596318868605 3.8999999999998582 5.0000004507500755 
3.500034537651607 0.7000009670238326 17.000000181376638 7.302214078289042 7.400940025323274 3.566852830194743 5.00000013265516 
3.5000196086493305 0.7000017241314564 17.013082685741402 7.376994982966155 7.418741366975817 3.1793731758769375 5.000002898168258 
3.5000501118129588 0.7000001732662268 17.000003487689536 7.300997411526733 7.400072153655472 3.3175288279710546 5.000000652544619 
3.5000630092375764 0.7000017891400097 22.746807964016853 7.750462264258502 7.417830566185051 3.899999999999239 5.000000040981959 
3.500159223431955 0.7000000786817329 17.000000808381706 7.300894957333414 7.400778694778813 3.4355756578683097 5.000000251540021 
3.5000453083527314 0.7000041897043171 17.04324684722563 7.750307046242219 7.408515478837796 3.893522807011163 5.000138143728831 
3.5033538378050713 0.7000517034306913 17.000002799167575 7.3031807239577455 7.400025692166233 3.462802515193132 5.000001075478129 
3.50000184828537 0.7000000086106385 17.000000192786125 7.636087632236797 7.403328137918633 3.8091373617360094 5.000000015425587 
3.5001467575392966 0.7000002756257845 24.420077337256945 7.7501302076212255 7.415786332689704 3.899999999997397 5.000000631595336 
3.50007459782982 0.7000007989677488 24.786347056818883 7.750128017240965 7.4032517589660864 3.8999999999990616 5.000001790880462 
3.5000089249145754 0.7000003593529063 21.00607093233094 7.750058593656795 7.410012211826584 3.8999999999999293 5.000000159997104 
3.501279423291575 0.7000094491364027 25.114306164981247 7.750058720381453 7.416156084224329 3.899999999999949 5.000256697721327 
3.5000357726323474 0.7000000855623109 17.000020835460255 7.301215838069784 7.400073131104668 3.3555881166719415 5.000002030549881 
3.5006492931648383 0.7000000382681343 17.000000421076113 7.476803340879781 7.405538950735138 3.3391736500428992 5.00000032772373 
3.5001055055112014 0.7000047374077514 26.5783755037909 7.750130369425689 7.408390765653046 3.89999999999904 5.00045278095196 
3.5000367866388973 0.7000007628261105 20.890952930970588 7.750025262161004 7.408911288254017 3.8999999999945563 5.001718380179907 
3.500604456170617 0.7000000639956253 22.94672117274583 7.750063715214302 7.406214313802042 3.899999999984971 5.000000062529778 
3.50007459782982 0.7000007989677488 24.786347056818883 7.750128017240965 7.4032517589660864 3.8999999999997597 5.000024544525185 
3.500662067961165 0.7000016803017698 17.008260660141314 7.698785668157529 7.4284542252047725 3.81311996567806 5.000000077091389 
3.5000045611702 0.7000001693125296 17.000033224538893 7.300027081616088 7.4007368121135775 3.2939265492574923 5.0000000009142 
3.5000357726323474 0.7000001348069869 17.000020835460255 7.301215838069784 7.400073131104668 3.3250199614500295 5.000002030549881 
3.5006492931648383 0.7000000380619071 17.000000137739455 7.476803340879781 7.405538950735138 3.3391736500428992 5.00000032772373 
3.500232802490357 0.700001053816254 17.00001253342624 7.58143554815067 7.450605338032593 3.7866810577344294 5.000000004100116 
3.500057101819375 0.7000094066565566 27.69303431507778 7.750029774635292 7.507728957714735 3.8999999999922617 5.000264715918233 
3.5006488672792555 0.700001705668915 17.00010695969213 7.693868613126606 7.409657615083559 3.7201204025324985 5.000000070597388 
3.5000048180396095 0.7000003948403812 17.015869713795112 7.335820335466075 7.400223062651111 3.2496026360588446 5.000000039155524 
3.5006488672792555 0.700001705668915 17.00010695969213 7.693868613126606 7.409657615083559 3.7201204025324985 5.000000070597388 
3.5000048180396095 0.7000003948403812 17.000039072890598 7.335820335466075 7.400223062651111 3.2496026360588446 5.000000000596126 
3.500009597200947 0.7000001128488559 17.00000097466345 7.6997492138244645 7.418473478915186 3.833325833664355 5.000006518862443 
3.5006837191904925 0.7000000210191577 17.000000253310173 7.3000585071485915 7.400210987975962 3.168789601016326 5.000015869360676 
3.500035920316749 0.7000000428549304 17.012891396026898 7.376994982966155 7.418223011324851 3.1793731758769375 5.000002018538462 
