3.500062601014478 0.7000000037497625 17.000000127093465 7.300006169949865 7.4001152358187525 3.1687785386619556 5.000000000001654 
3.500062601014478 0.7000000037497625 17.000000127093465 7.300006169949865 7.4001152358187525 3.1687785386619556 5.000000000001654 
3.578784626419974 0.7154711657644514 27.97035363830656 7.750004436739824 7.4033092818117465 3.8999999999796704 5.000019413857591 
3.50005736438561 0.7000005361796452 25.106295467834638 7.7514423355999815 7.400185734984623 3.8999999993477976 5.000000097172243 
3.5000697769807836 0.7000000012150153 17.000697502924307 7.430616665876708 7.401002096649718 3.5792934987983496 5.000000013961837 
3.500061481748693 0.700000005865042 24.488561511337952 7.750865587249531 7.403848406377965 3.89999999976366 5.0000000301162 
3.5000681613456903 0.7000000010219343 17.00000197563273 7.427915776411565 7.403817608611826 3.6162321024699926 5.000000025693545 
3.50006337297417 0.7000001191313592 17.0000127181961 7.300003762745294 7.401334717231554 3.275195506022961 5.000000146446326 
3.554998598298248 0.7000000299058257 22.78766319500744 7.750004754671783 7.400498499818038 3.8999999998581183 5.000001039374734 
3.5001125856114426 0.7000000101674331 17.000114862542592 7.683639263660174 7.4001078609034865 3.7345567497833043 5.0000000154069975 
3.5000435114079997 0.7000000049368759 17.000155473335923 7.330282662193496 7.408972306363697 3.315343143033033 5.00000006912343 
3.5000589152890247 0.7000000105829629 17.000000354523525 7.301175214472595 7.400076958777835 3.4292389324719523 5.0000000084860465 
3.500112621297286 0.7000000073566139 17.000114862542592 7.7860453483792496 7.4001078609034865 3.7894924921637725 5.0000000154069975 
3.500038168217331 0.7000000971657567 17.000000545822413 7.32400664323758 7.400096808637095 3.4869273404281174 5.000003629164882 
3.5001226258035185 0.7000003279746794 23.604400175710783 7.750552395437007 7.400928572168501 3.899999992563376 5.000004680628001 
3.500064103150684 0.7000000308314833 17.000112980524854 7.499650047093903 7.412507238868648 3.6949111458359347 5.000000069067731 
3.5000614843867175 0.7000000284914599 24.037249292711564 7.750882990413564 7.400363648947318 3.8999999998038404 5.000000128321485 
3.511206298930297 0.700000002202034 20.772958386403968 7.75032744645218 7.4001014465362225 3.8999999964757595 5.00000003334858 
3.5001723478485554 0.700000031117864 19.90705543874991 7.750141461826173 7.40038693730128 3.8999999906423106 5.000000290041343 
3.500121859898049 0.700000013397598 17.000248507150747 7.300791757501374 7.400166310969081 3.5042324233590794 5.00000002108451 
3.5000609568154424 0.7000000035042612 17.00001336771239 7.300006169949865 7.400418472230019 3.1820883695781235 5.0000001457476815 
3.5680705244316355 0.710291059672389 27.610289883609862 7.750086088049942 7.4002643223524975 3.8999999996975734 5.000041354903257 
3.5000497413318463 0.7000000035067121 17.00004844527719 7.300073704419373 7.405578719637411 3.202233965015313 5.000000126277051 
3.5001235377903597 0.7000047869984921 21.202684389533175 7.751358803102117 7.401321457583389 3.8999999966855774 5.000000035011522 
3.500122023767217 0.7000000283911241 22.487533347308858 7.7500182713575025 7.400171299896053 3.8999999997381183 5.000000001228763 
3.5128477931101223 0.7002516225342733 27.30705718363777 7.7500147039240845 7.400183086841361 3.899999999897457 5.000027874947313 
3.5001209040105405 0.7000000163032276 17.000048309072202 7.30446795709197 7.401004144097979 3.2928798854219874 5.000003323559253 
3.500122680164119 0.7000000311651827 17.000110445602633 7.300642566468388 7.401232276047741 3.470181284276489 5.000000009171145 
3.500046114011633 0.7000000113709975 27.67748083023451 7.751430845845171 7.400288658907018 3.8999999903403375 5.000000013836867 
3.5140093418264957 0.7002503656067739 27.99766408781269 7.7500027638049955 7.40017309208608 3.899999999770675 5.00002499837915 
3.5001315324486493 0.7000003042317009 17.000008417521332 7.3174908875261435 7.400170008680003 3.411255119210793 5.0000004332195385 
3.500013105235786 0.7000000312035398 20.382781981880367 7.750011355206211 7.400501652498804 3.899999996477533 5.000000024830797 
3.500131612822268 0.7000003172350303 19.476155859129317 7.750008767730924 7.400419823327059 3.899999992274858 5.000000433002495 
3.5000697157166014 0.7000000010219343 17.000715993102315 7.432498442785924 7.445751723841655 3.6710114720757336 5.000003701830366 
3.50013047470817 0.7000000308152914 17.000047831696936 7.300758531213328 7.401006737352656 3.191819468080952 5.000000151624677 
3.5001338675098874 0.7000000156375187 18.532108764284967 7.75000912150272 7.400187572098044 3.89999999997701 5.000019018180612 
3.500062949470869 0.7000000109649214 17.000247495687315 7.306665431218881 7.403956929035408 3.373373007952674 5.000000001093489 
3.5001165421118854 0.7000000972743896 17.00010466351021 7.301334140659856 7.400102240054557 3.457704905593192 5.000000028225742 
3.5001315324486493 0.7000003042317009 17.000008417521332 7.3174908875261435 7.400169612429306 3.4023938003380483 5.000000431307768 
3.5000640569950616 0.7000043354922799 21.452401444922106 7.751191932901208 7.402115522174345 3.899999996599156 5.000000118533565 
3.5000631102852133 0.700000064457613 27.172398282438806 7.750008590542947 7.400063030547794 3.899999995656194 5.000000085814088 
3.5044896731349637 0.7000000284914599 27.826094180684557 7.750882990413564 7.400277554139131 3.899999999801215 5.000000670096399 
3.5000614189975754 0.7000007275828678 26.95449843659875 7.751537471280554 7.4002808864022995 3.8999999968045627 5.00000009633251 
3.500130801217076 0.7000000308152914 17.00001554544855 7.304416174635238 7.401021228291854 3.334860858791819 5.000000151624677 
3.5907346592851006 0.7133679677436517 27.925365863574726 7.750004436739824 7.403283973740574 3.8999999999776582 5.000026800177039 
3.5001211985257887 0.7000000287899297 17.000008009043402 7.30346251764978 7.401236135514907 3.2463438440586065 5.000000021247657 
3.5101545860468026 0.7000000101674331 17.000114801061706 7.736624280708077 7.40010661228199 3.762518508325601 5.0000000154069975 
3.5000677113004133 0.7000005253784067 26.2584746373023 7.751403150626647 7.401991878820024 3.899999999839496 5.00000102793391 
3.5000625797399763 0.7000000041142739 26.51534818626027 7.75121466084125 7.4135256084848775 3.8999999762806765 5.000000005205844 
3.50006337297417 0.7000000032627105 17.000013093256044 7.300003762745294 7.400102240054557 3.226538373183134 5.000000146446326 
3.5000697769807836 0.7000000012150153 17.000697502924307 7.430616665876708 7.401002096649718 3.6549760938013525 5.000000013961837 
3.5000154665523144 0.7000000146341913 25.96579043680642 7.750178362963447 7.412388629579303 3.8999999998425414 5.000000290041343 
3.5000377424741136 0.7000000975835634 17.000257986194324 7.305715926332764 7.400105413779936 3.525223731048747 5.0000000310026405 
3.5000697157166014 0.7000000010219343 17.000725083932824 7.304382901635958 7.403817608611826 3.357725223936911 5.000000025693545 
3.500133728491632 0.7000000300107385 19.050129710739746 7.750011355206211 7.400190137655521 3.899999996417744 5.000000177132093 
3.5001221397587585 0.7000001291731102 25.435230731582674 7.768109710643743 7.413164237732137 3.899999999180344 5.000000063221774 
3.500013105235786 0.7000000300137132 23.412830154378046 7.750011355206211 7.4005056230386685 3.899999996417744 5.000000178292183 
3.5103484380305754 0.7001600895987196 17.000000884295748 7.749696541965101 7.400169325716031 3.836835245448541 5.000000015404561 
3.5000657203912664 0.7000000205928031 18.995830285430912 7.7500113085218825 7.400119276603338 3.8999999964652696 5.000000177976738 
3.5001229294998994 0.7000001557906128 17.000101222795106 7.30069633457191 7.413402948872064 3.520061158534788 5.000000005782355 
3.5001215273092217 0.7000001532579277 17.00011032916328 7.300858648348538 7.4093536497513774 3.231888886037831 5.000000060766568 
3.5000432649318522 0.7000000040615291 20.52215288579003 7.750141556138822 7.400186413960325 3.899999999490056 5.00000018116405 
3.500131765839775 0.7000000296767034 17.808348086441292 7.7514423355999815 7.4002808864022995 3.8999999907052265 5.000007183087405 
3.500065238556921 0.700000005865042 19.67967154737218 7.750865587249531 7.403838202362586 3.89999999984943 5.0000000301162 
3.5001226073908454 0.7000000101674331 17.000022275155555 7.657674292672235 7.400034180701247 3.830456668152455 5.0000000154069975 
3.5000643196502925 0.7000000308314833 17.000113042005744 7.492747416254102 7.400942280097391 3.6936193110754965 5.000000070205327 
3.5000497413318463 0.7000000072837665 17.000186873336816 7.302487580863162 7.405611113938214 3.2598736627346425 5.000000424536456 
3.510302555888461 0.7003219455440043 22.311337318308674 7.750009222819149 7.400242490641053 3.899999999983508 5.000027509121514 
3.500044925418862 0.7000000666037941 25.726228126391867 7.750013852742346 7.402975537330883 3.89999997395292 5.000000086249896 
3.5001229294998994 0.7000000154405471 17.000101222795106 7.30069633457191 7.4137240262301045 3.543085630104475 5.000019053500075 
3.5001122621578133 0.7000000111456874 17.000114801061706 7.600323870305818 7.400406355953805 3.739747321525395 5.0000000154069975 
3.5000640569950616 0.7000043354922799 17.07257619736118 7.758066170467629 7.402115522174345 3.899999996599156 5.000000118533565 
3.500121391356909 0.7000000287899297 17.000008379300624 7.314881416775437 7.401236135514907 3.5601887435059267 5.000000021056209 
3.5001221397587585 0.7000001279779087 17.496928762375497 7.768109710643743 7.413164237732137 3.899999999180344 5.000000063221774 
3.5000435114079997 0.7000000047407072 17.000155473335923 7.733911428277847 7.458431749042742 3.868883938621809 5.00000001581166 
3.500057378561543 0.7000000101986311 17.0000044235022 7.349965013227298 7.403788278940664 3.3051274859276845 5.000000068352875 
3.5000684049479167 0.7000004961938211 21.742977916935683 7.751192169456826 7.401321457583389 3.8999999966855774 5.000018965930082 
3.500128265977636 0.7000000760435962 17.000247762270593 7.535065966175817 7.412163510076935 3.6332017270162282 5.000000291168319 
3.5000622218777 0.7000001283495662 22.10761629855142 7.750079661823479 7.412394019775363 3.8999999958921845 5.000000063221774 
3.5787828020016077 0.714801451283184 27.638880457187767 7.750004436739824 7.400263216631473 3.899999999988638 5.000001163782035 
3.5001224453031203 0.7000000288036571 17.000753748486627 7.763120964770988 7.400515314840402 3.886780470611523 5.000000020814171 
3.500130801217076 0.7000000308152914 17.00001554544855 7.304416174635238 7.401021228291854 3.3620254933734426 5.000000667058592 
3.5000629142213353 0.7000002726535512 17.00007641811796 7.300858648348538 7.4093536497513774 3.215280632023508 5.0000001245007315 
3.5001227528967 0.7000000288054823 17.000753748486627 7.38802882067005 7.400513542774182 3.34306047613031 5.000000020783681 
3.5001275344627962 0.700000004496 17.000025928270258 7.300053306373978 7.401701399005437 3.387546747283179 5.0000001227631925 
3.5000497413318463 0.7000000072837665 17.000186873336816 7.310836204733343 7.400304139666264 3.2598736627346425 5.000000424536456 
3.5782875166781447 0.714801451283184 27.638880457187767 7.750004436739824 7.40029091117541 3.8999999919170185 5.000000467232166 
3.5000430385442582 0.7000000066905142 17.000202530581575 7.643932890395023 7.405746902493883 3.8097198204761384 5.000000019827236 
3.5001121358032194 0.7000000005037338 18.359964080533693 7.797533772235905 7.400000849724122 3.8999999589514225 5.000000300075796 
3.500064039022592 0.7000000045201705 17.000025928270258 7.300053306373978 7.400145984654361 3.386397480821733 5.0000001227631925 
3.5001303309839753 0.7000001283495662 26.72919253548023 7.750332806598147 7.400254049254692 3.899999999180344 5.000027480107126 
3.5001165421118854 0.7000000980315663 17.00010466351021 7.301334140659856 7.400102240054557 3.444196250195503 5.0000000314695585 
3.5001226258035185 0.700000031835279 24.204287400367555 7.750552395437007 7.452481485167144 3.899999992563376 5.000004680628001 
3.5102342477328308 0.7000000012756337 18.139618660110617 7.750859517821806 7.412710915575405 3.8999999999118926 5.000000005108579 
3.5000625797399763 0.7000000323803685 26.353037414298026 7.75121466084125 7.413482325005702 3.8999999762806765 5.0000000106716325 
3.500057378561543 0.7000000100024625 17.0000044235022 7.753430805514627 7.400187792430404 3.859860037744623 5.000000015041048 
3.500062038339705 0.7000000081905402 17.000114862542592 7.736624280708077 7.4001078609034865 3.7591866296217193 5.0000000154069975 
3.5102342477328308 0.7000000293871322 17.97619409522984 7.750859517821806 7.4126676320962295 3.8999999987607357 5.0000000318771605 
3.500043603903734 0.7000000066905142 17.000202530581575 7.643932890395023 7.405761880559077 3.8111887638168587 5.000000019827236 
3.5000629142213353 0.7000002726535512 17.000101222795106 7.300858648348538 7.4093536497513774 3.215280632023508 5.0000001245007315 
