3.500030861755254 0.7000000152920465 17.00000062178999 7.30014263227281 7.400220608501108 3.1687942252245453 5.000000070678601 
3.5885848546530617 0.7168138338868111 27.999457819430063 7.750030810258618 7.40523824205947 3.899999999542539 5.000000157564464 
3.5208240628972947 0.7000001674722096 23.879028784837924 7.750153570350877 7.443315401167833 3.8999999999740753 5.000061532517731 
3.500027943974362 0.7000018742909002 17.00003155558659 7.317304048140256 7.401984565526715 3.249125157455096 5.0000091524047905 
3.500007894941881 0.7000000002844718 17.00014433128945 7.300089453171942 7.400199231896392 3.57057336591124 5.000000171354954 
3.5003909928055217 0.7000000133988564 24.878963082176313 7.781237697546693 7.417143353617157 3.8999999998331107 5.0002685081485865 
3.5012523917802487 0.7000000127820417 17.000938497408715 7.3003326582024695 7.401112891076969 3.538587227697104 5.000000066715833 
3.508055449876045 0.7000490671475629 22.11276198917419 7.758113773014063 7.410392479093096 3.899999999985297 5.000580831514256 
3.5000092629594386 0.7000000025976649 17.00003182707404 7.50169383056591 7.40098850460416 3.2784354326671634 5.000000016434804 
3.50597121927893 0.7000001411850121 21.629235459522114 7.750003939992966 7.4010446075592355 3.899999999971179 5.000001586654464 
3.505733668147193 0.700027302962677 19.918952592502283 7.79745059031466 7.400946221436634 3.899924762430854 5.000012271070032 
3.50557733779643 0.7000004206089822 18.280487067825693 7.750358104435407 7.404185130123283 3.8999999999172807 5.0000028018719815 
3.500556914420709 0.7000000031544427 17.000143225424317 7.625392293123171 7.400181201642844 3.7393736936009785 5.000011844461577 
3.500451887223561 0.7000000151162243 17.000001575408042 7.300514007231889 7.411162753732988 3.3747294806945 5.000002223989867 
3.500037665926028 0.7000018513649717 17.00003937024252 7.5954151155559 7.4016829833649025 3.765745060899324 5.0000008619074325 
3.5081277749860997 0.7000475187955912 17.000123846742213 7.73614133969294 7.400438734850434 3.835467093795285 5.000000851654623 
3.500033344631197 0.7000003946823352 25.197709144102703 7.754601049190618 7.409916544100293 3.89999999944453 5.000029865893421 
3.5433698800108515 0.7000104838018713 17.089175307627734 7.750055098395106 7.405230331608736 3.89999999955135 5.0000120727591115 
3.502849196462445 0.700000087305808 17.000001278189796 7.300312964077886 7.400458917352205 3.2350217646724526 5.000000160596941 
3.528858637172841 0.7026742135097158 27.164934406404686 7.750897907436966 7.4117566766179275 3.899999999704494 5.00005333618448 
3.5000298734221835 0.7000000027499989 17.000159039070123 7.302057746019015 7.4002267349284 3.2147585527623868 5.00000007276754 
3.505032665084854 0.7000004208517518 18.791478920859852 7.750153521429266 7.400460269913365 3.899999999840721 5.000283564245146 
3.500030425301307 0.7000000154791215 17.00004871876437 7.7495220518427175 7.400990916714801 3.8814095573432175 5.000000526533851 
3.5000405460573014 0.7000009622939085 17.000303292290745 7.307187693619483 7.401354775896322 3.5164556401548337 5.000000119248538 
3.5000277898213965 0.7000018887103528 17.000028348325934 7.300027400671332 7.414643450232792 3.343630697417365 5.000014248872157 
3.5000355164635697 0.7000000128064005 26.41040138652914 7.750144078074612 7.400219111936292 3.8999999982306455 5.000000082940329 
3.5000306901618803 0.7000000129080123 17.00001140951379 7.751917705483362 7.40096029951408 3.863293544488297 5.000000443448131 
3.5003909928055217 0.7000001391565386 17.9313825040323 7.7761017743190255 7.417143353617157 3.899999999907403 5.000005603162003 
3.50003051968907 0.7000000152965877 17.000001575408042 7.300132838182647 7.40483634223569 3.198273184255586 5.000000045257112 
3.500096232198001 0.7000003400104714 17.007974360095627 7.355946705469937 7.4009561590676105 3.615652704931739 5.000019171600461 
3.5000089958732103 0.7000000070879173 17.004379113708655 7.59002754659994 7.413308199922152 3.6621553359037016 5.000000007208508 
3.5058730253002546 0.7000004201493104 27.731745891844003 7.750158750337298 7.4043161393208345 3.8999999994665537 5.000000246620118 
3.500037665926028 0.7000018513649717 17.000039107258026 7.62667897041706 7.401700493093743 3.8143034748150364 5.000000871532942 
3.500008406816643 0.7000000032051255 17.00235395136317 7.3000104110082145 7.400904517181978 3.4228654237150007 5.000000008297118 
3.5000308647130387 0.7000000119542922 17.000001168725507 7.300013185879478 7.400194826239848 3.3112098754699013 5.000000113400158 
3.50003051968907 0.7000000152965877 17.00000044547355 7.300132838182647 7.40483634223569 3.3220683497360777 5.000000045257112 
3.500037152299957 0.7000001419260883 17.000005414967575 7.504868623337791 7.4010105577136525 3.6905508142291708 5.000000036410881 
3.50003051968907 0.7000000147118076 17.000012174056916 7.310994122501081 7.4009561590676105 3.222619012314192 5.000000042004683 
3.5000303198706146 0.7000001173384661 17.000056686283198 7.3003030048676765 7.401040932777041 3.597878472619251 5.000000013920501 
3.5000093810101514 0.7000000031846075 17.000007951894872 7.3046899747802305 7.415844474736585 3.436046460422761 5.003284277961141 
3.5005127354289813 0.7000002968357584 20.420444519947925 7.754263643527288 7.413227223198532 3.899999999112365 5.000031653135161 
3.520831109439748 0.7000003461595581 23.55932301954405 7.750358104435407 7.404185130123283 3.8999999999172807 5.0000028018719815 
3.5001179028871676 0.7000000151403272 17.000004803310045 7.300007553925664 7.400013078555146 3.33425588728858 5.00000001406066 
3.500063432572037 0.700000143511937 25.50863192816468 7.75218473936759 7.404468244191559 3.8999999997315675 5.00000027214641 
3.5003260484376657 0.7000003903959603 22.908680561410907 7.754671563105024 7.409616128771307 3.899999999979241 5.0000003722950845 
3.500030861755254 0.7000000153191149 17.000000708667788 7.304656198494131 7.400220608501108 3.178667164619632 5.000000055293075 
3.5011352273409693 0.7000000175838131 19.5943517602427 7.750058877779052 7.402955254036439 3.8999999981734224 5.000012579059661 
3.5005083845981164 0.700000009085366 19.05258736015876 7.750153615692197 7.404873354700183 3.899999999975771 5.000000347208257 
3.5003280992382844 0.7000000434622408 25.789112376493925 7.751546714311403 7.641017483564384 3.8999999972121304 5.000000159465946 
3.5348475101925865 0.7047238908992695 27.99918654377105 7.750172549830269 7.401574262454212 3.8999999990952423 5.000040841749036 
3.507001605996781 0.7000000922250873 23.149812576291154 7.750059351671971 7.415853626058404 3.8999999999857677 5.000000444728202 
3.5893929391873387 0.7168138338868111 27.609440676207814 7.750030810258618 7.400218629401355 3.8999999992325294 5.000000157564464 
3.5854204174304667 0.7166369911131354 27.976000410336773 7.750030810258618 7.401198634154242 3.8999999991009364 5.0000001576565705 
3.5005127354289813 0.7000003123695013 20.859288417621443 7.750158750337298 7.404345018586217 3.8999999998278185 5.000026332431668 
3.5000298299168033 0.7000000062264262 17.000158826779387 7.502500510104265 7.401003510280826 3.6833045020724255 5.000000020472601 
3.5000376537987474 0.7000018332419692 17.00000453479951 7.621821663823503 7.4010105577136525 3.716852043210127 5.00000003648431 
3.5854204174304667 0.7096725806223059 27.955474779287254 7.750030810258618 7.401200006165116 3.8999999991009364 5.0000001576565705 
3.5003909928055217 0.700000950805375 27.05683021464018 7.750153521429266 7.42360733627877 3.8999999999102584 5.0002821524592544 
3.505783835132849 0.7000000174072566 21.304742037383793 7.750355503314416 7.404208852735081 3.8999999955585496 5.00000209031923 
3.500099361044381 0.7000000937400495 17.000012049431398 7.3086497922502005 7.4024910034103195 3.394015459990197 5.000000109361315 
3.5000371439383895 0.7000000938118955 17.00002033539677 7.617792742596892 7.401007839770237 3.7868672848440457 5.000000908015965 
3.5000979508856194 0.700000002694599 17.000001438070235 7.50169383056591 7.400201286621926 3.634895625116353 5.000000901626302 
3.500027107127078 0.7000000041039417 17.00040350957301 7.302073687493295 7.407026862338397 3.361651678107211 5.000002604645965 
3.500063377360762 0.7000001482463246 26.123841892959277 7.750191755434439 7.40019221900632 3.899999999902259 5.000000142874432 
3.506995758298303 0.7000000877581402 22.519516591602383 7.750059351671971 7.401697181728684 3.899999999960533 5.000000444728202 
3.5003966518936114 0.7000001674992853 27.195856560829775 7.75016161374155 7.4136193008585405 3.8999999999740753 5.0000516946165 
3.500005353279601 0.7000002423599407 17.000307332164503 7.301897392723603 7.408289193837457 3.4681544263144777 5.000000005908808 
3.506995758298303 0.7000000877581402 22.519516591602383 7.750059351671971 7.401697181728684 3.899999999960533 5.000000444728202 
3.5003909928055217 0.7000002920821438 27.879883191303175 7.750153521429266 7.40120483481241 3.8999999998414885 5.000283564245146 
3.500033450696711 0.7000000012966028 17.0002895744234 7.3182517830829905 7.4000632055276565 3.452231196553848 5.000005898307845 
3.5000093810101514 0.7000000031846075 17.000022993126244 7.307494901625076 7.400225685013784 3.4989679497880286 5.000000906282159 
3.500087503583773 0.7000004047924934 17.000034943491688 7.300180844506047 7.400779232181957 3.1863903451047366 5.000000954162292 
3.500096992234003 0.7000000042698944 17.00002347893276 7.501601555609651 7.400220632172873 3.6468470623044107 5.000000126999949 
3.5003280992382844 0.7000000052579857 26.039276584139678 7.753782438620271 7.639690710169175 3.899999997252797 5.000000243280799 
3.500033034172619 0.7000018741956141 17.000303292290745 7.3178926476012665 7.404841148214771 3.292947521114368 5.000009175982853 
3.5028678715882613 0.7000000071720263 17.00430679234092 7.300929519085962 7.410815482760862 3.4852371522625796 5.0000001600835775 
3.5000376537987474 0.7000018332419692 17.00000453479951 7.636266067437838 7.400196870124057 3.7187462546654015 5.00000047908637 
3.5003909083077738 0.7000001674992853 26.82055312900928 7.75015331419642 7.448214500323075 3.8999999999740753 5.0000516946165 
3.5003909928055217 0.700000013199506 24.88602796769984 7.750153521429266 7.400460269913365 3.8999999998120103 5.0002685081485865 
3.500063432572037 0.7000000166120713 25.63972884869901 7.75218473936759 7.404192145539431 3.8999999998893378 5.00000027214641 
3.500036195226436 0.7000018693717436 17.000303292290745 7.300160476835974 7.40482802601034 3.5050365149976415 5.000000119248538 
3.5000279307847904 0.7000001045687375 17.002398885078545 7.300125062318306 7.401013599727386 3.394015459990197 5.000000891359055 
3.500009417958935 0.7000000026304921 17.00000488980639 7.300007553925664 7.400013078555146 3.4095115216922647 5.000000008297118 
3.5058730253002546 0.7000004201493104 20.82150235959135 7.750158750337298 7.404327687111382 3.8999999994665537 5.000000246620118 
3.505405111324172 0.7000000117554637 26.64064517831976 7.750158750337298 7.4043161393208345 3.8999999999579504 5.000000203149422 
3.5000101372490207 0.7000000027499989 17.000040555503503 7.312509567484076 7.400235374368067 3.1920798837873963 5.000000074419728 
3.5000109479345918 0.7000004216814927 17.00003847910108 7.305448448028185 7.4003460762725 3.4478064378640827 5.000000182258251 
3.500005353279601 0.7000002423599407 17.000307332164503 7.300162235471888 7.425236626590624 3.466087434669884 5.000000003532988 
3.500020982671727 0.7000004236083186 20.50670053092855 7.754263643527288 7.404687491838536 3.8999999994434167 5.00000000054352 
3.5000662102525544 0.7000001482463246 17.55034846736352 7.750191755434439 7.40019221900632 3.899999999902259 5.000000479854233 
3.505783835132849 0.7000000174072566 21.304742037383793 7.750355503314416 7.404208852735081 3.8999999955585496 5.00000209031923 
3.5202864367281714 0.7000003464023278 23.592631716346617 7.750153521429266 7.400460269913365 3.899999999840721 5.000283564245146 
3.5011648149900285 0.7000000175838131 19.5943517602427 7.750058508495833 7.402955254036439 3.899999999809587 5.000285884580859 
3.5000997712270374 0.7000000165367937 17.00028405912756 7.316744630063193 7.400287716383866 3.298749214767433 5.000000040946267 
3.5000333787069082 0.7000000005793797 17.000288147973492 7.301083272437708 7.411512730120475 3.361651678107211 5.000000236397954 
3.5000662102525544 0.7000000088855537 17.55034846736352 7.750191755434439 7.400192338031849 3.899999999902259 5.000000479854233 
3.500556914420709 0.7000000031544427 17.000143225424317 7.625392293123171 7.4501850646299435 3.7955822921225555 5.000011844461577 
3.5396175470769995 0.7000002920821438 27.903945549068602 7.750153521429266 7.40120483481241 3.899999999812778 5.000035212905172 
3.5093002823919863 0.7000003819781908 17.002395857257774 7.3000472860900265 7.400978262853685 3.5990814876005524 5.000000900936498 
3.500009417958935 0.7000000026304921 17.000020312428468 7.300007553925664 7.401057758848267 3.4095115216922647 5.000000008297118 
