3.500027198070107 0.7000000000789411 17.000002822241843 7.300000008975822 7.400077955631023 3.1689878296119858 5.000000017549004 
3.5802210860989088 0.7157935737927691 27.999991449220335 7.750044341559734 7.4266576278133165 3.8999999999954427 5.000319513049211 
3.5000269405239206 0.700000069369786 17.00000486875044 7.3023065533115314 7.4004848967782655 3.2823239838103273 5.000000999957539 
3.5000171094684984 0.7000002826983787 26.775013881307927 7.750025567950647 7.474650123840001 3.8999999998238355 5.000159687683563 
3.5000080553226067 0.7000000060333877 17.000014606483127 7.342495686237234 7.400821490373559 3.502319927298129 5.0000000568729535 
3.5066737770107106 0.7003944398764781 24.95539289149515 7.771233243001391 7.403221201261675 3.899999999986916 5.000001943913851 
3.5000275851255704 0.7000006778681644 18.600368794233834 7.750002429726683 7.402202824378065 3.899999999959608 5.0000036585860705 
3.5150904804563354 0.7009006466240485 24.4884196910976 7.750038404329671 7.456492497444606 3.8999999996870365 5.000001468121762 
3.5001090369175105 0.7000000133093792 22.665372517413235 7.750255214195186 7.4513036363585785 3.899999999996872 5.000008654049962 
3.5071549413984977 0.7000065649517844 22.29827668445247 7.750011999617804 7.409202890370196 3.8999999997004737 5.000005726788531 
3.5000171094684984 0.7000002826983787 25.322736393454246 7.750025567950647 7.4751586964132475 3.8999999996504213 5.000001493807413 
3.50004945276639 0.7000000060635885 17.000004356626153 7.301512233983415 7.409216376310083 3.5272309040741456 5.0000000568729535 
3.5153083714392923 0.700056557430448 26.27314943670631 7.750044309985788 7.4085899951897245 3.8999999999664974 5.000003146961754 
3.500007801784977 0.7000000831920326 27.752659775776827 7.750330710474908 7.401586756897338 3.8999999997084305 5.000000625703078 
3.5000274543522565 0.7000000469866504 17.000134040340797 7.302295161942584 7.400485446306883 3.3251668516098913 5.0000001853210625 
3.5005125382951663 0.7000018126351876 19.787509670008646 7.7500255516355585 7.410863169221406 3.899999999993978 5.000008288024901 
3.5017075547153933 0.7000319827938182 17.000007181194608 7.747709503152929 7.454437611050376 3.70117095227 5.000000000779765 
3.5000070229743483 0.7000001604638821 17.000014559017373 7.301901633149343 7.411394644551694 3.2251656893326826 5.000000053893214 
3.500007100129542 0.7000000041189798 17.000020477747952 7.301535667081276 7.41235627498405 3.2991341022130167 5.0000000000513944 
3.500177701237121 0.7000259475993208 19.428107157564376 7.7500320362588635 7.402873932684935 3.899999999991452 5.0000000400038624 
3.500109894536251 0.7000000132851463 23.030238069898353 7.76429325083723 7.4513036363585785 3.899999999996872 5.000000123469487 
3.5000273553161914 0.7000002818256625 17.000000905683013 7.324404257910444 7.438668702941151 3.362777117636278 5.000000142684887 
3.5000415237373073 0.7000000022218538 17.00000738290904 7.733630487660089 7.528061244711005 3.7831948695839763 5.000012250075213 
3.500007100129542 0.7000000041189798 17.000020477747952 7.300005209788634 7.4014365933953234 3.309031346726367 5.0000000000513944 
3.5140911571658755 0.700253649146713 25.806404462944315 7.750169004562088 7.479911238276228 3.8999999999664974 5.000304394074334 
3.5000265171922464 0.7000002474738569 17.000019648419634 7.706642157088103 7.401023121629361 3.8083062243747827 5.00000338657327 
3.5066737770107106 0.7003944398764781 17.877047868940437 7.771233243001391 7.402779025400844 3.899999999986916 5.000001943913851 
3.5000273553161914 0.7000000475916813 17.000007446813612 7.300000061778524 7.438668702941151 3.378000847581137 5.000000142684887 
3.543291703702868 0.7083556964320857 27.999969616552217 7.750170318238452 7.410585947508161 3.8999999999988106 5.000001677826333 
3.500191810612009 0.7000001815142828 27.062507952411984 7.750325858128612 7.40159925694233 3.899999999991452 5.0000000400038624 
3.5781720914977773 0.7142739871862627 27.86690130041122 7.750025410154964 7.402968889350234 3.8999996330994247 5.000096332888716 
3.5000270861607787 0.7000016246905907 18.182491116239273 7.757993458379235 7.410857513166717 3.8999999999914077 5.000010876768676 
3.5016182529761894 0.7000144857017467 24.31650403037877 7.750047802351058 7.416545063264513 3.8999999999596144 5.000000521145049 
3.500033510687651 0.7000018073753966 23.28049781270671 7.750044224716978 7.40354073057475 3.8999999999652615 5.000009401822505 
3.5000270914112996 0.7000015222677642 17.000383491653285 7.300000063741079 7.400083314838588 3.4028053176101762 5.000008950268886 
3.5000266191985325 0.7000000060627347 17.000373988100417 7.300306377842015 7.409006366540534 3.2629790559968708 5.000000047215064 
3.5000269405239206 0.7000000806799891 17.000014607848122 7.342596939416806 7.400834662557533 3.4511739826243706 5.000000044821425 
3.500025697003323 0.7000000039398768 17.000269360533984 7.742659873315951 7.455280689342523 3.4823860926683787 5.000000014012697 
3.5000275646342875 0.7000000217008144 17.000104118126895 7.3000026635138 7.400719588943379 3.5950401800149145 5.000000040981314 
3.5140911571658755 0.700253649146713 26.102234856451858 7.750169004562088 7.479911238276228 3.8999999999664974 5.000304394074334 
3.5000296817642758 0.700000064042455 17.000133001342896 7.301183640178284 7.408731538206094 3.5399999706913894 5.000000245926074 
3.500030110348092 0.7000000068812704 17.000019366692392 7.334999092727428 7.425606154325064 3.5798221843493208 5.000003411081261 
3.5000052090135236 0.7000000582163927 21.948007056285846 7.750032543455728 7.401944449458922 3.8999999932179312 5.000000034473209 
3.5000070855727863 0.7000001609961009 17.000373686649002 7.300000326025666 7.400650562576876 3.205754763213805 5.000000813377733 
3.5000086230620755 0.7000002006618257 17.00002324443525 7.300695976936478 7.408969481122245 3.350166477613563 5.000014536609033 
3.5000092096385518 0.7000006418332704 21.478813929157674 7.76417097753451 7.415344292207785 3.89999999980658 5.00000163687652 
3.5000070855727863 0.7000001575756438 17.000373686649002 7.30001078008271 7.40326841055509 3.2486981158575845 5.000000813377733 
3.50003636805416 0.7000000033640182 17.00013645337672 7.300674442656322 7.401360093149026 3.475313696265566 5.000000041597014 
3.5000522566686576 0.7000000261639666 17.000118853781984 7.747844089325874 7.41534193642878 3.8906876600491858 5.00000010641047 
3.50002744488317 0.7000001159901335 17.0000073864777 7.769060414308853 7.408543403782063 3.7659272609056123 5.000020758032851 
3.5000337233580843 0.700000061388549 17.000135182158612 7.300697218021761 7.401367081966084 3.457658348972469 5.000000034955952 
3.5001386121504305 0.7000041634095119 23.64040764947792 7.754973125805775 7.400188075162478 3.8999999999868264 5.0000007823827035 
3.5001937894044053 0.700000655754598 17.00604031538997 7.764287356771464 7.40139953527369 3.646736885345728 5.000000021005503 
3.500007395168388 0.7000000040250751 17.000038556783792 7.312127792497508 7.400719337091552 3.2405412880261997 5.000000017414241 
3.500104143546806 0.7000000019318119 21.79071532492003 7.768333554250055 7.4513036363585785 3.899999999996872 5.000000123469487 
3.50374771283151 0.7000039870645972 20.761611435889353 7.750044309985788 7.41074857819291 3.8999999999662998 5.0062414000499444 
3.5148986243723535 0.7006903086875773 21.204535481972858 7.750038481019905 7.403429327820249 3.899999999960737 5.0000014475682315 
3.500007007827554 0.7000000329610576 17.00000251871106 7.748047320527514 7.401014806326674 3.631365085786069 5.000025244566493 
3.5058865669174644 0.7001821760876193 24.009970703848666 7.750171929445482 7.4000357290377154 3.8999999999964503 5.000001643449154 
3.500028505785571 0.7000006778681644 19.08194995473072 7.750032584781525 7.40215389328698 3.899999999959608 5.000000043006704 
3.500027111703095 0.7000000332122182 17.000240028488353 7.664870766756096 7.403344921471181 3.6096994561250075 5.000201133211294 
3.500191810612009 0.7000001815142828 17.450746925541566 7.750325858128612 7.457841117601081 3.899999999991452 5.0000000400038624 
3.500030287051928 0.7000001713720072 17.00003654115888 7.31341938634489 7.405903633484297 3.431807848535247 5.0000007934767545 
3.500026674446459 0.7000000063936545 17.000376898798045 7.300515451196615 7.401209783986586 3.2304169697730303 5.000000144118614 
3.515191060348435 0.7000553288739135 27.40701704732363 7.750169156531402 7.403953527712474 3.8999999994867975 5.000001988460585 
3.5000081365846705 0.7000000097393227 17.000008862213097 7.64547514132038 7.401408047227286 3.7265687342845406 5.000000243896998 
3.500102754759414 0.700000122014142 17.00000738290904 7.750036272718742 7.452912600429276 3.7508222796983195 5.000011877597841 
3.5001937894044053 0.700000655754598 17.000007181194608 7.75004268909376 7.402112285830327 3.6595049975463008 5.000000008314396 
3.5000081365846705 0.7000000217247334 17.00009783232602 7.64547514132038 7.4007919436303435 3.7265687342845406 5.00000003920878 
3.500033510687651 0.7000018073753966 23.578313154789708 7.750033252269903 7.419253623782391 3.8999999999652615 5.000009419905564 
3.5000273478098713 0.7000000131488614 17.000016380261936 7.300000061778524 7.400083051361721 3.1803456951120492 5.000000142684887 
3.500030287051928 0.7000000096398723 17.00001574833878 7.304139945452859 7.405884680903516 3.4156578526191277 5.000000032552369 
3.5001937894044053 0.700000655754598 17.000007181194608 7.74771791226985 7.402112285830327 3.6699334450818673 5.000000008314396 
3.5000267119114983 0.7000000060627347 17.00000738221421 7.300128208861135 7.409378340305098 3.2603385061448518 5.000000060279574 
3.5000381839570336 0.7000000041162976 17.00397539867533 7.32450141978767 7.405621557911908 3.193563577078367 5.000000190891734 
3.500028351479129 0.7000000477243805 17.000002347882095 7.319932495136576 7.4107027255367495 3.3373497601853592 5.000000038075623 
3.5153083714392923 0.700056557430448 25.575261593516352 7.750044309985788 7.4085899951897245 3.8999999999664974 5.0000010801663874 
3.5000274543522565 0.700000122014142 17.00000738290904 7.750192463871366 7.408543403782063 3.852234193784539 5.000012123962595 
3.500028351479129 0.7000000034615318 17.00001449515518 7.300001277217494 7.455452090412646 3.419819705959437 5.00000003774897 
3.5426753323598876 0.703241669886669 27.999969616552217 7.750169714125091 7.410585947508161 3.89999999996603 5.000022557689973 
3.5040558936852104 0.7000000991149282 20.140688761323528 7.750205105520658 7.426316321419881 3.89997914428541 5.0000026880379425 
3.5000274445894357 0.7000000598777543 17.0000073864777 7.745892057250394 7.408543403782063 3.8255554118932893 5.000001972066568 
3.503765625660521 0.7000445023323233 27.999251761606974 7.750001657411116 7.415550485850036 3.8999999999547525 5.000159294169827 
3.5000381839570336 0.7000000041162976 17.007308792616683 7.324207025083189 7.456461288325543 3.193563577078367 5.000000190891734 
3.5143296694011146 0.7000000502478697 17.000017077857116 7.709803253620859 7.409884365696105 3.6837166499797043 5.0000000404504465 
3.5000266174756898 0.7000000637142549 17.00000902904837 7.301338093387345 7.400561988284387 3.2056300909129978 5.000000142715215 
3.5000273478098713 0.7000000133239412 17.000016380261936 7.300000061778524 7.400574877911425 3.1801565443115845 5.000000142684556 
3.500026599043461 0.7000000820562631 17.00000738290904 7.7503932347444895 7.401566849830002 3.867890719456814 5.000004109542698 
3.5058865669174644 0.7001821760876193 24.014239855195207 7.750171929445482 7.4000357290377154 3.8999999999962953 5.000016637422963 
3.500028505785571 0.7000006778681644 19.08194995473072 7.750032584781525 7.40215389328698 3.899999999959608 5.000000043006704 
3.5042141815538783 0.7000142041181372 21.014534327193367 7.750205105520658 7.426316321419881 3.899999264729632 5.0000026880379425 
3.500617900705823 0.7000039870645972 20.393011670521155 7.750044309985788 7.410706843592865 3.8999999999367083 5.006186374753874 
3.543291703702868 0.7083556964320857 27.73410268638757 7.750170318238452 7.4105931962536395 3.8999999932994123 5.000006043584095 
3.503765625660521 0.7000445023323233 27.999251761606974 7.750001657411116 7.415550485850036 3.899999999958041 5.000159294169827 
3.5000266377332276 0.7000000312646347 17.00000738290904 7.7993649714741 7.400525866489201 3.843225646634152 5.000012123962595 
3.500028351479129 0.7000000477243805 17.00001449515518 7.300001277217494 7.4107027255367495 3.340259694329571 5.00000003774897 
3.5006036535088745 0.7000039870645972 20.45872564872414 7.750044309985788 7.410706843592865 3.8999999999664974 5.0062414000499444 
3.5000083722538755 0.7000001666406833 17.000004944090506 7.300363284410263 7.4003050667171415 3.5556597052576504 5.000000756225968 
3.5000269796626124 0.7000000000856511 17.000030976312008 7.301447239782436 7.4259942876361045 3.3898791802404316 5.000000239372904 
3.5140911571658755 0.700001917831913 17.02993984485521 7.750169004562088 7.479911238276228 3.8999999999664974 5.000304394074334 
