3.500011236801414 0.7000000360114489 17.000000156281992 7.300009078052768 7.400079121252899 3.168769965759359 5.000000004923952 
3.5879694135038536 0.7174429882671128 27.999537388820773 7.751974111141395 7.52197981534508 3.8999999999700257 5.061119011977799 
3.500032999029151 0.7000025643347129 21.42990191885719 7.75285943210101 7.40251049056808 3.899999999997028 5.000045621116081 
3.5000112568705317 0.700000001132095 17.000042586653418 7.563052117094613 7.400038798560863 3.6012944737071426 5.000000203285918 
3.5057288510074938 0.7009700440910784 24.336847738855063 7.752320713252019 7.462439403189772 3.8999999999647184 5.000001853872209 
3.5000211071692067 0.7000001368529224 17.000072163736725 7.538328153598196 7.400696407236651 3.7097724454492362 5.000048103093178 
3.5000210044664435 0.7000000287501963 17.000138081013095 7.314873350777677 7.400111418795156 3.571255615931783 5.000001589132379 
3.500009269993638 0.7000000193688445 17.000121624348854 7.449874309335876 7.446212458569359 3.6708015173352653 5.000000006631816 
3.500035918217884 0.7000000011714886 17.00009923980827 7.300067751848299 7.400432787037497 3.540543521172435 5.000000205235834 
3.5015844732064076 0.7000000188331446 22.616452763481856 7.751188352905804 7.400825142535863 3.899999998020703 5.000053832194853 
3.517314442742357 0.7000013811675031 27.957716879851695 7.751186848798666 7.401172048023949 3.8999999998609303 5.000047705715785 
3.503212897468213 0.7000018036865355 21.914179947592334 7.753607493852899 7.436236103549776 3.8999999993995567 5.000000403367769 
3.5015853869295803 0.7000014385911791 20.08143506597148 7.751228698802383 7.400653922772802 3.899999999500931 5.000000346830288 
3.500117921911807 0.7000001150349414 17.000000702120953 7.761643677752293 7.400227517807656 3.36234167731938 5.000007853588698 
3.5131561835809895 0.7000014892345049 23.880622540739527 7.7502719065091235 7.4397727855496365 3.899999999802857 5.005133522247753 
3.500186067512571 0.7000006815164046 17.00001392932255 7.753176894404799 7.4394668793565515 3.8437169036368406 5.000000199708956 
3.501956350448138 0.70000000746831 20.99614957558396 7.751209751236149 7.439157941595487 3.8999999773260647 5.000047516592381 
3.500022137524433 0.70000000153419 17.000000671133257 7.304483567174735 7.4002542422543085 3.487275859901665 5.000000924890211 
3.500011269939114 0.7000000110156975 17.00051524941839 7.300341581919554 7.4016057407622835 3.51636209233949 5.000000106574639 
3.5015544705834265 0.7002418301089993 17.001620128070467 7.590287109507095 7.424243740013148 3.743617499858085 5.000103425735398 
3.5127782448575253 0.700001665294292 17.007847549569398 7.753613573450105 7.4463421212053165 3.899999996894712 5.000290717182854 
3.500028835850979 0.7000000505958621 17.000070994540092 7.307085858810247 7.401678310225674 3.4328418570387766 5.000000028875517 
3.500655665038957 0.7000003894988555 19.51227900311799 7.751008639126658 7.4953355640650665 3.899999998480982 5.000000113460617 
3.5004020053143448 0.7000028488876988 25.560752231824566 7.751351023097978 7.452619668282857 3.899999999551272 5.00000000075806 
3.5879694135038536 0.7147116104202361 18.74381493013884 7.7500692496498615 7.642238932544485 3.899999999812252 5.000143680159467 
3.500002541806779 0.7000000185330582 17.0000207722555 7.747128362589061 7.401916098882569 3.876793422670922 5.0000314923415266 
3.50001256155155 0.7000000286117126 17.000003005024052 7.300517368982645 7.400248818865845 3.41162013949182 5.000000013887761 
3.500011269939114 0.7000000110156975 17.00051311448997 7.30918914223005 7.469943034067583 3.554831107791422 5.00000010484567 
3.500128766538431 0.7000019187814813 17.00283187368543 7.763765897023033 7.425629225700694 3.805199853463824 5.000000040081534 
3.500007619764238 0.7000000105720682 17.00000563160045 7.300137047819863 7.400577276372532 3.2405060998397466 5.000000205235834 
3.512789304677139 0.7000000554875337 17.008212190690724 7.527922694704461 7.4010561526814405 3.641017581100049 5.000028448188757 
3.50615204773403 0.7000006655881521 27.543367481308085 7.753326125025753 7.449293894584676 3.899999998772401 5.000000415909954 
3.5000763389560356 0.7000000021169671 17.00002172354286 7.300026797877714 7.401040968446519 3.3478940921046294 5.000000113314693 
3.5015853869295803 0.7000000000363762 27.24673721918216 7.751190624680656 7.400517979761204 3.899999999500931 5.0000003416765075 
3.5000225463533337 0.7000000190088149 17.000022736966706 7.319330457722865 7.4003197979013695 3.292889293945692 5.000000542058084 
3.500011679629734 0.70000002280479 17.000110966676836 7.339012561896925 7.400227517807656 3.250929190230855 5.000000365770005 
3.517314442742357 0.7000013622991262 20.253209263446667 7.750046347212378 7.52044158016957 3.899999999958667 5.000136233226486 
3.5329109467763264 0.701149008373295 27.98826150005035 7.750003298610736 7.450473602084016 3.8999999999097836 5.000955058397848 
3.5000286953476256 0.7000003860012788 17.03339729390947 7.751208823723934 7.470753302068142 3.7702701315077753 5.000000028857796 
3.5006233866776157 0.700000107330184 26.276969270276716 7.750123415722477 7.4274470698663535 3.8999999999778723 5.000612146442971 
3.501599449018583 0.7000000304422324 17.000012921607027 7.3000947779097 7.442267965652406 3.1985264224310344 5.000000205235834 
3.5000219005697666 0.7000000410623742 17.000010141261903 7.300002984479134 7.400247684000644 3.278974297890919 5.000000207759989 
3.5000135062544495 0.700000043160798 25.36410086524272 7.775303236743243 7.445953324839543 3.899999999090328 5.000000263644008 
3.5001103386140833 0.7000001132308663 18.845610041469605 7.758202399986469 7.406496453112811 3.8999729962771124 5.000007395831888 
3.50156065243406 0.7000000325712479 23.071827388393483 7.771045299762258 7.421989993281347 3.8999999799384857 5.000000070960648 
3.5913257674291765 0.7147116104202361 27.929134252523266 7.751209751236149 7.438153452179644 3.899999999860782 5.000047721859564 
3.5020136604292156 0.7000000576184936 17.000020928119483 7.301094490228211 7.4012883708724475 3.396581656980003 5.000013411249816 
3.5134056552191693 0.7000257583309235 26.283878374782276 7.7502729820415235 7.5274463580055 3.8999999998671075 5.00066955750411 
3.5000929979635234 0.7000000232182597 17.00008421214962 7.303761740490058 7.400432803394037 3.423172158975113 5.000001560802107 
3.5015637664109165 0.700001406015645 22.34333976933265 7.753613573450105 7.446139982321296 3.899999996894712 5.000578129220694 
3.5010777083159965 0.70000002644793 17.000010701248257 7.316265412895197 7.4197946550616205 3.452455926393054 5.000000207759989 
3.5012257625991703 0.7000001065304163 25.88963203236418 7.7513281325770835 7.450083283692746 3.8999999999832635 5.000014080428168 
3.500022175450109 0.7000000155973891 17.000002266748666 7.30109337777188 7.402017982441682 3.183924525849267 5.000000584973126 
3.5239327790801687 0.7000002500365247 26.584855099428648 7.750345087030863 7.407915748066503 3.899999995459979 5.00000540123148 
3.5879694135038536 0.7147116104202361 27.88041485159514 7.751209751236149 7.438153452179644 3.899999999860782 5.000047721859564 
3.501887455602759 0.7000000232182597 17.00016749232949 7.300067851321499 7.400442523204668 3.2243609809669067 5.000001560718846 
3.5015853869295803 0.7000016686755693 22.168844556638078 7.753607493852899 7.400537589879933 3.899999999998641 5.000000403367769 
3.500027657695657 0.7000000057010138 17.000015843777714 7.3009854820194935 7.400881671853285 3.4664804108596012 5.000000063020157 
3.5026066004754934 0.7000000104688217 18.77455313456379 7.751330295306991 7.401418609567459 3.8999977507476853 5.000000131625795 
3.5000825941892453 0.7000000403780721 17.55768079987144 7.766128920707163 7.446551729975458 3.899999999129649 5.000000075179888 
3.501919668615508 0.7000246619335392 18.28297583760265 7.751206611164108 7.442592147789345 3.899999976994519 5.000003577067222 
3.5000121999616542 0.7000000286117126 17.00000376010566 7.330633407462825 7.400248818865845 3.272621898204812 5.000000006733389 
3.5000221888525735 0.7000000407825662 17.000006229566456 7.300061755106097 7.4002266243745165 3.3255366143263836 5.000000144566521 
3.5879694135038536 0.7000615854205796 24.783138994322552 7.751209751236149 7.438153452179644 3.8999999773260647 5.000047721859564 
3.50001256155155 0.7000000286117126 17.000021189342938 7.3008414478885975 7.400248818865845 3.309026231364001 5.0000004956303306 
3.5000210766184656 0.7000000232182597 17.00016749232949 7.300067851321499 7.400432803394037 3.212499122221774 5.000001560718846 
3.5000144870217005 0.7000001426663152 17.000019911879903 7.329875851579776 7.400509071225137 3.3008433607064913 5.000000074976039 
3.5015853869295803 0.7000016791122249 23.0945441331164 7.753613573450105 7.445953324839543 3.899999996894712 5.000578129220694 
3.506127789295313 0.7000000584257549 23.435750439408427 7.751209751236149 7.438186612968844 3.8999999790357562 5.000019223578321 
3.5879694135038536 0.7174429882671128 27.99949563286793 7.751974111141395 7.52197981534508 3.8999999999657318 5.061119011977799 
3.5006451440568163 0.7000102119069219 23.74849891579002 7.750027311991289 7.449322682740296 3.8999999999918518 5.000249166623638 
3.5000294149583437 0.7000018332475567 17.000069331990844 7.527922694704461 7.400696603603464 3.6377048346100143 5.000044746060237 
3.507670967039306 0.700025856337511 24.721668720350852 7.751172848633403 7.400252345795 3.899999999979249 5.000047941538058 
3.5012804443074277 0.700000043160798 27.437278207014735 7.776999599466886 7.445953324839543 3.899999999090328 5.000000753115267 
3.507670967039306 0.700025856337511 24.721668720350852 7.751147739190686 7.4079667338743596 3.899999999979249 5.000048845379147 
3.561718897072501 0.7063739754704901 27.93420869919272 7.751554747733093 7.448019193904573 3.899999999557614 5.000000337278991 
3.500022137524433 0.7000000014768575 17.000000671133257 7.304495949129577 7.4002542422543085 3.193900744437086 5.000000924890211 
3.5012257625991703 0.700000011918236 25.88963203236418 7.751330295306991 7.450318434733778 3.8999999999832635 5.0000000440450565 
3.5000116577540075 0.7000000407825662 17.00000066968171 7.335717675883123 7.4002266243745165 3.378050720086665 5.000000074843277 
3.5301338180239967 0.7000309226345277 20.565936425522363 7.750967053958812 7.450473602084016 3.8999999998942725 5.0009852081801 
3.5000362522057973 0.7000000097594026 17.00009923980827 7.315433071424662 7.400748837961784 3.5005379605268834 5.000000071966756 
3.561718897072501 0.7081952924386953 27.98826150005035 7.751540512332583 7.426353172269587 3.8999999999104 5.000000337278991 
3.5001103386140833 0.7000001132308663 17.02694854561884 7.758327838556412 7.406496453112811 3.883475781822031 5.005074177841284 
3.5000763389560356 0.7000000021169671 17.00002172354286 7.300026797877714 7.401040968446519 3.3387518783781798 5.000000109835327 
3.500012109887534 0.700000001132095 17.000008066372317 7.556197099298281 7.4000469115057115 3.691228874106224 5.000000203285918 
3.5000825100372186 0.7000000017358341 17.001231580793906 7.521458954320989 7.400276030594089 3.620304337820927 5.000000017740055 
3.5000120947134357 0.7000000075052494 17.00000723122905 7.5347019330772795 7.4001704479473105 3.688787268443226 5.00000006628638 
3.5239327790801687 0.7000002663754094 26.63416388182571 7.750345087030863 7.407343411647352 3.899999999965848 5.000000020672194 
3.5018305199103086 0.700002064467182 20.70323846662231 7.750969434526395 7.4208901529218325 3.8999999990793373 5.000000033777071 
3.500022137524433 0.7000000301444824 17.000000012405852 7.304252244782601 7.4002542422543085 3.2132896667716007 5.000000199166567 
3.500128432550518 0.7000019633412736 17.00283187368543 7.755600990443612 7.425311880393389 3.8104831170280367 5.000000040081534 
3.5000286953476256 0.7000003860012788 17.000070994540092 7.7519611349750805 7.400418686653181 3.7702701315077753 5.000000028857796 
3.5239327790801687 0.7000000545923999 26.900227208410634 7.75037019647358 7.400201359987144 3.899999995459979 5.000004514532193 
3.5239327790801687 0.7000002613580458 26.900227208410634 7.750345087030863 7.407915748066503 3.899999995459979 5.00000540123148 
3.500035918217884 0.7000000011714886 17.00009923980827 7.300078048806131 7.400431492654478 3.505821613125375 5.000000205235834 
3.5000128629616856 0.700000043160798 25.11441114692861 7.7763729178605265 7.445953324839543 3.899999999090328 5.000000933353094 
3.5000825100372186 0.7000000017358341 17.001231580793906 7.521458954320989 7.400276030594089 3.620304337820927 5.000000017740055 
3.500007666139464 0.7000000105734094 17.00051311448997 7.303740724082502 7.400503909524586 3.2610172743675943 5.000000106574639 
3.5000212453705486 0.7000000149973141 17.000010688261508 7.3000026768251765 7.428058818867822 3.3330379391273475 5.00000093293177 
3.5000772176970614 0.700000134498281 17.00002222361783 7.300104364978192 7.400993141843994 3.262586351007482 5.000001435622518 
