3.597298327155034 0.7193780472644283 27.999678595577787 7.750194611890748 7.41280488761505 3.899999999999928 5.004594595656962 
3.500013400263874 0.7000000001278184 17.000000220754842 7.300013071958961 7.400018699490189 3.168900945755492 5.0000000016131825 
3.500312853702764 0.7000000010727008 17.000023817710574 7.5937663037946255 7.400037703626426 3.786103922049697 5.000000004959728 
3.500353694396466 0.7000000000111529 17.000017601872447 7.300432584481409 7.4000250222171955 3.321800026300748 5.000000005136954 
3.5000321819139146 0.7000046147674043 17.000186943758916 7.300214960922418 7.401761948451532 3.4092156348149807 5.0000000738295425 
3.500926270449224 0.7000009622097162 17.000031658985897 7.450428336594427 7.401520466763642 3.2098285584513726 5.000000001985487 
3.5000130755271788 0.7000002279762779 17.000001510332254 7.486149970977342 7.404290270605546 3.6385396706068787 5.000000895566564 
3.5341132337809995 0.7024196392745967 27.96969475449064 7.750044333452406 7.44780679539553 3.899999999999812 5.018836017088544 
3.5336788539502124 0.7020486622543766 25.120476476153872 7.750044333452406 7.44780679539553 3.8999999999998125 5.018836017088544 
3.500010287325842 0.7000000625015728 17.000039994844638 7.300016225948119 7.400444362277554 3.2800751795864307 5.000003492649477 
3.5002546338995097 0.7000000016885276 17.0000920450724 7.300235493030315 7.426686263619359 3.4741087571824556 5.000077615417377 
3.596509629367628 0.7133041517472307 27.689521493401312 7.750051808304117 7.415934482157865 3.899999999999996 5.000175558314105 
3.5015230567888267 0.7000002845164608 17.00000083431122 7.571598365915597 7.4004759799832245 3.7213464354747945 5.0000006334313385 
3.5002504008897555 0.7000000064663331 17.00000661566174 7.319026511766234 7.400822430114424 3.539779741243059 5.000000033661581 
3.5000394201023535 0.7000000403870609 17.00007938794256 7.402409740752479 7.408772636637744 3.6168108811633153 5.000000128833118 
3.50096184635677 0.7000017669663493 26.262357875859625 7.784779952187036 7.401537214782581 3.8999999999999853 5.000000995534434 
3.596328952188942 0.7189154839057635 27.64714516032624 7.750194611890748 7.41280488761505 3.899999999999928 5.0000016048105955 
3.50003198949175 0.7000035829749441 17.0000144356766 7.650839938565715 7.456810581995364 3.821887247984732 5.000000157734603 
3.5000213477174404 0.7000035748833106 17.000014006445863 7.590289098606116 7.456810581995364 3.760114284504094 5.000000155499338 
3.515971071730615 0.7000005960547209 24.14852010654717 7.750178839060572 7.404105932811152 3.8999999999997548 5.000389191374929 
3.5003539346861636 0.7000000049466203 17.000091878028314 7.300002251140536 7.426823085910708 3.3454333088051786 5.00000176803936 
3.500250714326318 0.7000000809106041 17.000004589386773 7.370786266146689 7.4097299813259525 3.489433993097721 5.000000065804129 
3.500218636860977 0.7000002152516536 17.00005214646495 7.300418132962393 7.40247092149826 3.5903719717214435 5.000000076047971 
3.5000247939102977 0.7000001544340111 24.491636213442273 7.7510190976141855 7.401836514543329 3.899999999999936 5.000000062301066 
3.5002661190441513 0.7000001630733764 17.000024312800292 7.300135999791682 7.4002676553624465 3.1786451206385316 5.000000247367979 
3.5003203386365174 0.7000031519170742 22.492858073333963 7.750163597092596 7.438754156289394 3.899999999998919 5.000076543060027 
3.5000330920513845 0.7000000771087628 17.00000671840417 7.300161247741127 7.40049287350652 3.244989354588043 5.00000025760068 
3.5083843178826184 0.7001802896957605 17.95448819285335 7.750044333452406 7.450810095100231 3.8999999999998125 5.012766307328903 
3.500370204492364 0.7000023707404965 17.0000017995485 7.300630735665606 7.404967723830487 3.565942449719222 5.000010236688679 
3.500033070345147 0.7000002419808105 17.00000671840417 7.300161049789986 7.40174212983047 3.2264215446609747 5.000000013389713 
3.5015956176664105 0.7000210869762141 18.491984031558598 7.7500663650712 7.442394326898047 3.899999999998919 5.000073581616577 
3.5057768929500415 0.7000002718770639 27.04518917376588 7.750129489762973 7.4008127986669106 3.8999999999999457 5.000010368380126 
3.5008925464529237 0.7000001207094757 21.485233960294867 7.755320210484433 7.465573092985645 3.899999999999936 5.000000045743847 
3.500250714326318 0.7000000429597779 17.000113563590205 7.727438185241436 7.400264045004778 3.8504324823672045 5.000000112857494 
3.550183135141105 0.7000003344771009 20.457758374644136 7.750076678483191 7.540872489817836 3.8999999999998933 5.000005468254246 
3.5052274306837066 0.7000040528599312 26.035656054032984 7.750052382853538 7.4076297632064945 3.899999999998913 5.000001748012019 
3.5155524668836233 0.7000023914153268 25.031295408299016 7.750194206098283 7.601251281192637 3.8999999999999986 5.000007135427172 
3.500031729693031 0.7000000075748727 17.000001017577116 7.303863280241643 7.6173654829760835 3.1967669242128975 5.000003450841816 
3.5003700303108203 0.7000000169683641 17.000443257313506 7.300427937866658 7.400086731332462 3.384187522659103 5.000002150202831 
3.500013400263874 0.7000000002434155 17.000001017577116 7.308934573783266 7.400197512092031 3.190659374832738 5.000000001989108 
3.500360002796596 0.7000023927213236 17.000004653099968 7.448205026125541 7.401951189505233 3.452205809448614 5.000005553319355 
3.500033070345147 0.7000002419808105 17.00000671840417 7.300222764118369 7.40174212983047 3.253853059467735 5.00000012597148 
3.5038275911456203 0.700004366886258 22.95092354937604 7.750025592376435 7.567587225539975 3.8999999999988 5.000027431374961 
3.596328952188942 0.7184594078751597 27.98467679941388 7.750194611890748 7.400811012749081 3.899999999999928 5.0000016048105955 
3.5009051574165233 0.7000000362795563 17.000015671164487 7.468320742317001 7.400062231186482 3.662029576363751 5.000000004959728 
3.500250714326318 0.7000000524719849 17.000113994003158 7.726461432288918 7.408182427746161 3.88278785889836 5.000000078470894 
3.515682217781562 0.7000001899230672 25.72872862607662 7.750191275754554 7.4004345998159256 3.899999999999925 5.000000921281928 
3.5009274575275056 0.700000574670285 27.653548137611118 7.753133375908691 7.4002226513970495 3.8999999999997836 5.000000007966489 
3.550183135141105 0.7000001646323668 19.863894057980126 7.754443704930331 7.540872489817836 3.8999999999999364 5.000000123949944 
3.5057768929500415 0.7000006049766169 26.914235011672428 7.750129489762973 7.4002772181400145 3.899999999999795 5.000010368490492 
3.5016674509661425 0.7000000135465231 17.0000017995485 7.30220417570415 7.400770368323473 3.558785158191573 5.000010236688679 
3.5003267229450157 0.7000321492836903 17.000002766352246 7.30469437971918 7.400084738302196 3.230996158351293 5.000000148571004 
3.505478731558703 0.7000040714229271 22.742364920206256 7.750052382853538 7.40034913960751 3.8999999999994484 5.00000204438459 
3.500900781498461 0.7000023981242692 17.000472181072052 7.468412456137991 7.401718869018809 3.687384282480744 5.000006612905765 
3.500353326303423 0.7000000011809676 17.000023644823944 7.300002574556893 7.4000250222171955 3.361381249411815 5.000000257684799 
3.500039535269888 0.7000000202085566 17.0000067076388 7.300104566724368 7.400014632682062 3.3087993912206497 5.000000077856538 
3.5009274575275056 0.7000023240701622 27.38644410411274 7.7501942150677765 7.457079905693092 3.899999999999783 5.000000007938543 
3.5002182551884404 0.7000009262579555 17.00005186844038 7.300464131443168 7.4002676553624465 3.5998586291731764 5.000000075172954 
3.50000417046634 0.7000004625300407 27.998645172873786 7.750228550441438 7.455751533111721 3.899999999999783 5.006320089810477 
3.5003700303108203 0.7000024447413418 17.00000749283254 7.3017840164256835 7.400266632315884 3.422977996239737 5.000002150202831 
3.5017547995847655 0.7000000002434155 17.000001017577116 7.734391151979615 7.400197512092031 3.8687729687864114 5.000015134431203 
3.5053421346964675 0.7000040528599312 26.615268268386853 7.750052382853538 7.4076297632064945 3.89999999999887 5.000001658703979 
3.5057386260976164 0.7000000060846339 23.87201497602117 7.752189924493641 7.4608817301531065 3.899999999999984 5.000015398923801 
3.5000321819139146 0.7000052338138409 17.000186943758916 7.300214960922418 7.401761948451532 3.3695227143484354 5.0000000738295425 
3.5009078724933875 0.7000000053765744 27.86772021304421 7.750074883555435 7.422270649308252 3.899999999999783 5.0001301817698325 
3.5008258457672534 0.7000053960916126 24.75784284597959 7.750034896599267 7.400481243226344 3.899999999998945 5.0000044930501355 
3.5326057411842067 0.7024083878650641 17.62002753720604 7.7500440591717 7.450236127294207 3.8999999999999493 5.014547969602365 
3.5000311761874645 0.7000015948912821 23.26194733278905 7.750034771167408 7.42188598929894 3.8999999999997508 5.000002051546333 
3.5003262784199403 0.7000000696590392 17.000023957609233 7.59395072776728 7.400017260865144 3.6684137211277976 5.000000429389816 
3.515682217781562 0.7000007020036996 23.32842265699979 7.750196559362397 7.422868578183271 3.8999999999997583 5.0021444417885865 
3.501624237666196 0.7000004367499261 23.64496159867117 7.753499466502768 7.5860445317168725 3.8999999999989177 5.000000024231834 
3.500250714326318 0.7000000429597779 17.000113563590205 7.727438185241436 7.400264045004778 3.8307662303951693 5.000000112857494 
3.5002664408696362 0.7000001380293842 17.000024312800292 7.310865025085435 7.400017288606228 3.2955495305703195 5.000000008449145 
3.500336379476969 0.7000018706230847 17.020131037356208 7.774514321131181 7.400453333443194 3.696830267326421 5.000003412974346 
3.5002707210782633 0.7000002414517089 17.0000920450724 7.300235493030315 7.403173349809847 3.441026866053989 5.000077615417377 
3.5009258873934948 0.700003719161555 22.155112029267592 7.755352562166239 7.464361874219466 3.8999409154883105 5.000000064322853 
3.5000247939102977 0.7000001544340111 21.779245253794436 7.750208174483627 7.401836514543329 3.899999999999936 5.0000000478879905 
3.501090513088192 0.7000000111045369 17.000011975253546 7.301350199845823 7.449850984644624 3.265021713261266 5.000000001983856 
3.501624237666196 0.7000004367499261 24.868072784352165 7.753499466502768 7.5860445317168725 3.8999999999989177 5.000000023436795 
3.5001008514696297 0.700003811415931 19.71066453776683 7.750071873003795 7.439637802402739 3.899999999998919 5.000158410397697 
3.5057768929500415 0.7000006049766169 26.630806727408252 7.750129489762973 7.4002772181400145 3.899999999999795 5.000010599083597 
3.5003530842394457 0.7000033948071657 17.000007283131545 7.3053385116411045 7.400288498219935 3.505780059641842 5.000000009933873 
3.5000376301059517 0.7000005830310506 17.000052167894452 7.300763333208096 7.400022039667624 3.5223459613461476 5.000000118254831 
3.500232187731397 0.7000018724161152 17.000000695244797 7.5552105154841955 7.401817196707462 3.7423276947122233 5.000000249527047 
3.50092589062749 0.7000037964616506 22.155112029267592 7.756246015578812 7.464610807551982 3.8999999999998827 5.000000571179748 
3.500018435613613 0.7000000001586384 17.000000242085164 7.300013071958961 7.40002494613501 3.3810147936555235 5.000000012222279 
3.5209497611980662 0.7000019801044421 20.206592121655387 7.752641091185982 7.413043402683626 3.8999999999998116 5.000012056171335 
3.5000321819139146 0.7000052338138409 17.000189830430017 7.300215573762038 7.401761948451532 3.3020285566650123 5.000000248601342 
3.500901500145999 0.7000050189759448 19.59429929629553 7.751027971161012 7.400827263976044 3.899999999999982 5.000000251777727 
3.5009616246962154 0.7000000053765744 27.45538285654217 7.7505762172684385 7.466229844770896 3.8999999999997854 5.0001301817698325 
3.501603278303377 0.7000004402596316 17.091793969671947 7.751091311043459 7.43839635204258 3.8999999999997508 5.000000048421721 
3.5009960754454434 0.7000000510747232 17.34854803110449 7.784485253010586 7.489256329044791 3.8999999999999853 5.000000024875722 
3.51816185707149 0.7002611140460121 25.72872862607662 7.750194663127913 7.4004345998159256 3.899999999999928 5.000000921281928 
3.5726303905161205 0.7003168885286247 19.042806327461285 7.776485202792854 7.4224066771190005 3.8999999999988417 5.006493017238188 
3.5008976650621886 0.7000003591957153 17.000472181072052 7.468412456137991 7.401731212113577 3.507053065601822 5.000006612905765 
3.500901500145999 0.7000050189759448 19.35131568684056 7.751027971161012 7.400827263976044 3.8999999999997943 5.000000251777727 
3.500388009043495 0.7000000078101092 17.000052167894452 7.300425779026792 7.400086447857121 3.521487519072004 5.000000118254831 
3.5003539346861636 0.7000000049466203 17.000191925276873 7.300002574556893 7.400350652750442 3.3486316632947384 5.000000250047776 
3.5009264781242844 0.7000000111045369 17.000011975253546 7.303067021463593 7.400274276538012 3.265021713261266 5.000000001983856 
3.5039538259398646 0.7000720006957275 21.13699148186934 7.750044992462438 7.455598324455755 3.8999999999989177 5.0224902217743335 
