3.5967048463595974 0.7193276345267896 27.999898651859315 7.7500442976742 7.419026811611042 3.899999999293721 5.000000023945465 
3.5967048463595974 0.7193276345267896 27.999898651859315 7.7500442976742 7.419026811611042 3.899999999293721 5.000000023945465 
3.5000302037185773 0.7000000128339994 17.00000043286848 7.3000108306000655 7.400180403720558 3.168858539819016 5.000000032511182 
3.500035087802592 0.700000286614835 21.234380261784736 7.784276147333004 7.425481802009575 3.8999995938622813 5.000006996087097 
3.500184312736064 0.7000009360798185 17.00000068756293 7.3000730562142335 7.400623479736111 3.26316864205466 5.0000003535461675 
3.500020965977218 0.7000000941493942 25.003121056723185 7.750760144492503 7.4297906103998725 3.899999980144225 5.0000001033157915 
3.5009221922572986 0.7000010402161856 25.456301854686338 7.750003429386239 7.4006842614592205 3.899999998646798 5.000000047772868 
3.5006093228460275 0.7000011927654466 17.020086064710377 7.712855511908057 7.558496414318923 3.8409238148209814 5.000004175940858 
3.500037319362025 0.700000010812362 17.00025475336306 7.300200750305553 7.400197463981589 3.41303172427105 5.000000052656292 
3.5004327191381925 0.7000000346346199 21.843905098131717 7.750169081054862 7.426667094435501 3.8999999999608064 5.0000000462089655 
3.500033378695519 0.7000000100926784 17.00001088695483 7.742748033307119 7.442284109087314 3.813565858529622 5.000001820483815 
3.5000315936873703 0.7000002196374328 17.52599609662752 7.776956629533357 7.400617570029098 3.8999999998459023 5.000000114502695 
3.5007323376415043 0.7000000653724378 27.088298327077936 7.7500038000418465 7.456751427473739 3.899999996939071 5.000000121061674 
3.500047271337968 0.7000000040717675 17.000001383971572 7.3000005763128675 7.400476648104966 3.2404414319258668 5.000001269767077 
3.5690820104075747 0.7000000168394981 22.324526612486146 7.7501468291388775 7.400158464119783 3.899999943072437 5.000000052776849 
3.500033235418177 0.7000000358272699 17.000000222728925 7.314751497146654 7.400212215447501 3.553218193510161 5.00000000539277 
3.535783949059431 0.7002043044571544 21.926704578662314 7.750146608837474 7.400346762401242 3.899999999984381 5.000000008132285 
3.500033504240849 0.7000000097813366 17.00006842514554 7.303969586965968 7.401028966220312 3.510753133698856 5.0000000376001825 
3.500033239595975 0.7000000132932409 17.00008278220977 7.3000252680254745 7.4088893022163615 3.3521048191345555 5.000000469518557 
3.5095602950175877 0.7000001634560403 24.670483332571298 7.7500364186709625 7.461017431639302 3.8999999999996575 5.000098703425573 
3.5000304843972545 0.7000000043358119 17.000001384553734 7.300012968893556 7.4322368190956425 3.2823639413513006 5.000000432762035 
3.5000315936873703 0.7000002242882747 27.45627559901443 7.776956629533357 7.400617570029098 3.8999999998459023 5.000000114502695 
3.5000106661590746 0.7000001082697271 17.986206731311533 7.7500517343074975 7.515709685243173 3.8999999995682066 5.0369364543967245 
3.5001495426323674 0.7000002147355328 17.0000025358178 7.588537413018368 7.400552990910398 3.5723996969836884 5.0000000038423345 
3.5900604765477095 0.7005073657465626 27.999897833453037 7.7500442057439765 7.419026811611042 3.8999999992831467 5.0000013351202925 
3.5000333533373147 0.7000010440223715 17.000003619338727 7.600701666071426 7.400203559123957 3.662849524673838 5.00000003033871 
3.500030268637521 0.7000000128339994 17.000000472561226 7.621352076930908 7.400180409774439 3.7457540418564146 5.000000031020282 
3.5898994317063986 0.7073294479577348 27.999898651859315 7.7500442976742 7.419026811611042 3.8999999999284265 5.000000040913022 
3.5000302037185773 0.700000008953923 17.000004897214662 7.303898463419147 7.400180403720558 3.1794068063625023 5.000000029926984 
3.5021392999514576 0.7000010379808623 24.400093883152902 7.750144703303622 7.441024605676331 3.8999999999923536 5.00002084240764 
3.5000333533373147 0.7000002550765607 17.000003619338727 7.600701666071426 7.400210663544642 3.676028099052398 5.00000003033871 
3.5000335480660607 0.7000000099475673 17.00006842514554 7.30392121613552 7.431058554820424 3.5875847936080163 5.000000032638074 
3.500033484634603 0.7000002230208792 17.0000886004113 7.300010817557351 7.407972563660053 3.4554541330190727 5.000000501483409 
3.5000336182434597 0.7000000447480669 26.82951478172388 7.750048283570078 7.515674057549935 3.899999914263493 5.0000238211681785 
3.5967048463595974 0.7005617424268445 18.907229252837276 7.7500450162190955 7.429527401729507 3.899999999689358 5.000005040995397 
3.500031610396019 0.7000002136895179 17.000004925681324 7.300223002669395 7.407839615967204 3.4615334813716716 5.000000777414606 
3.518265311005723 0.7000024512443196 19.961657361432092 7.749997775157787 7.417961100605384 3.8999426393586183 5.002876261805268 
3.5000304843972545 0.7000000894087084 17.000500926764563 7.336800223624991 7.437871538853531 3.299205232197369 5.000000432762035 
3.5000335063544736 0.7000000034615906 17.00006842514554 7.304062528510148 7.413991220478531 3.5350015433666395 5.00000003753834 
3.535783949059431 0.7002043044571544 23.190612993911373 7.750146608837474 7.400346762401242 3.899999999984381 5.000000040496071 
3.5000303129948565 0.7000000981409545 17.01607013852271 7.300012949240555 7.4083072569093895 3.4893012784822814 5.000000006070079 
3.5095119045030874 0.7000000009261652 19.7223072291395 7.750037310555426 7.400790212755831 3.899999999984185 5.000000021650833 
3.50003034740621 0.7000004296250554 20.94529605396836 7.749997775157787 7.430803148689254 3.8999446326107483 5.000000047411896 
3.5001565505523913 0.7000024154904533 17.00050091835494 7.593060654603109 7.406467231071119 3.763417166397285 5.000000006076806 
3.500033480295543 0.7000000021733549 17.000001547389996 7.300016594162472 7.400000616760584 3.2350639363991434 5.000000040494859 
3.500186298663416 0.7000000651914916 26.01286147858252 7.750048283570078 7.517304966179154 3.899999999327711 5.00000016705961 
3.5361078768796257 0.7000312458750482 19.331080171398792 7.75082721689241 7.40072345351561 3.8999999999843844 5.00000001248185 
3.5000300506967132 0.7000000088939637 17.00003093929095 7.314708365400387 7.400066747860674 3.20450558407853 5.000000022178046 
3.5276986043029526 0.7000000323564881 20.278756004327477 7.7845065915570855 7.425451538567159 3.8999438642440887 5.000006996087097 
3.5000336182434597 0.7000000447480669 26.5889878920547 7.750048283570078 7.516697010848647 3.8999919910987186 5.002937517235714 
3.500033266104994 0.7000000088253959 17.000001675317034 7.300011191704838 7.400179405798922 3.304924344709261 5.000000039735227 
3.5008470423706584 0.7000002714299934 23.011904263408145 7.7500440984728165 7.4257427274338905 3.8999999997798565 5.008243674123084 
3.5000339591941083 0.7000000128709897 17.000000820211852 7.3000108306000655 7.400180403720558 3.3643192543295113 5.000000029692018 
3.508914730301141 0.7000050481263664 27.999898651859315 7.7500442976742 7.426022475050064 3.899999999293721 5.000000512046271 
3.5111645861039387 0.7000004864586903 17.000009390135833 7.343492695963669 7.400444072389117 3.4327256910658823 5.000000032214655 
3.5000334313403236 0.7000000071456768 17.000257904793994 7.31366456504694 7.400754688208294 3.6049152641081212 5.000293640322338 
3.5000335063544736 0.7000000034615906 17.00353043989299 7.304062528510148 7.413991220478531 3.523829778503134 5.000000044620051 
3.5021392999514576 0.7000010379808623 24.14314854686861 7.750144703303622 7.441024605676331 3.8999999999923536 5.000000361113509 
3.500033235418177 0.7000000469725086 17.00011423846869 7.300354447253 7.4144253931070985 3.220784993229382 5.000000117602161 
3.5009026401911236 0.7000056722510141 18.30702868169331 7.750034451840145 7.402200883952434 3.899999998282165 5.000000037719938 
3.500032829464724 0.7000001035735397 17.00000077028864 7.621150414168012 7.400180726854845 3.698231475985068 5.000000099133235 
3.500033186619578 0.7000000156730884 17.000012676409302 7.309375949148766 7.4001906401401 3.483058739570064 5.000000077774507 
3.5095119045030874 0.7000000158250452 18.752794072148482 7.750037310555426 7.400790212755831 3.899999999984185 5.000000021650833 
3.5000334291862654 0.700000010812362 17.00000154843519 7.300010090004435 7.400010075812576 3.2175753272399232 5.000000492678504 
3.500030149977217 0.7000004864586903 17.000002134221308 7.343962918679961 7.400444072389117 3.4327256910658823 5.000000005625204 
3.500033235418177 0.7000000358272699 17.006689259709194 7.362725498380799 7.513825419618847 3.6379235524730404 5.0000000127380275 
3.5029815847758394 0.700019923864731 17.015922613985797 7.588537413018368 7.400555015689238 3.778891671582843 5.00000020818761 
3.5000335039542834 0.7000000156670043 17.00007572093071 7.303969586965968 7.401028966220312 3.3814221873656436 5.000000031079751 
3.594805888428025 0.7135520093364207 27.999898651859315 7.7500442976742 7.419026811611042 3.899999978194341 5.000000023945465 
3.500006754014284 0.7000004707569543 17.00038989855466 7.3015395191990775 7.424287411811429 3.3956007394906864 5.000001876027208 
3.5007323376415043 0.7000430090112715 26.41268085379664 7.7500038000418465 7.418639135143608 3.8999999782534016 5.000000121061674 
3.500033235418177 0.7000000469725086 17.00011423846869 7.362725498380799 7.4144253931070985 3.626309203393284 5.000000117602161 
3.5007991820644793 0.7000000128339994 17.000370655527394 7.7118734211540705 7.400348733413064 3.8700410151763314 5.000000032511182 
3.5002212632597383 0.7000000651914916 18.64355808882675 7.750036983216277 7.518050006441961 3.899999999327711 5.00000214428867 
3.508914730301141 0.7000049513280556 17.184436055528785 7.7500442976742 7.42384849335872 3.899999999293721 5.000000512046271 
3.564255296878364 0.7000010436014045 25.492413399987807 7.7501407771358775 7.401000528576467 3.899999998646798 5.00000000204288 
3.500033239595975 0.7000000128709897 17.000000820211852 7.3000108306000655 7.400180403720558 3.33565403159352 5.000000029692018 
3.500033239595975 0.7000000128709897 17.00000048929297 7.3000108306000655 7.400180403720558 3.33565403159352 5.000000023816142 
3.500033181658647 0.7000019907974342 17.00000144933628 7.300105681009798 7.40016885115256 3.319632781151213 5.000000077774507 
3.500033235418177 0.7000000358272699 17.000000517727187 7.362725498380799 7.400212215447501 3.614279545351663 5.000000017334461 
3.5000301574083186 0.7000000151472242 17.000044738555367 7.3000108306000655 7.405951371131182 3.19927127131064 5.000000032511182 
3.500033358047309 0.7000000424731493 17.00000077028864 7.585010283678452 7.400180726854845 3.7036247439275156 5.000000099133235 
3.537055465299764 0.7000002242882747 27.488042612045795 7.776956629533357 7.400356388545254 3.899999999985392 5.000000080193942 
3.5007991820644793 0.7000055874377468 17.000377125533152 7.7118734211540705 7.400348733413064 3.7230849520319964 5.000000032511182 
3.5010075072440126 0.7000000917283247 20.653927194433372 7.772935695471838 7.42969219273194 3.899999979442141 5.0083137261558175 
3.594805888428025 0.7116367345308496 27.999898651859315 7.7500442976742 7.419026811611042 3.899999978194341 5.000000023945465 
3.500033181658647 0.7000019907974342 17.00000144933628 7.300105681009798 7.40016885115256 3.319632781151213 5.000000077774507 
3.5021392999514576 0.7000000324175475 23.966318602117795 7.750144703303622 7.441024605676331 3.8999999999923536 5.000000361113509 
3.5001474550768195 0.700020386106306 17.01610827067887 7.588537413018368 7.400579740344753 3.7902322772780996 5.000000212193463 
3.508914730301141 0.7000050743762917 27.727239616869166 7.750049378237932 7.426035506299554 3.899999999293721 5.000000512046271 
3.5967048463595974 0.7190508623100567 27.999897833453037 7.7500442976742 7.419026811611042 3.899999999293721 5.000150533619691 
3.5000302037185773 0.7000000054516095 17.000000472561226 7.3000108306000655 7.400180403720558 3.1909271692778804 5.000000032511182 
3.5000301553354918 0.7000004883227627 17.000002134221308 7.303180719436179 7.400444072389117 3.3940714663494127 5.0000000047047815 
3.566286112902124 0.7069160838173776 22.324526612486146 7.750054909553919 7.400158464119783 3.899999943072437 5.000000046243679 
3.5357919092405092 0.7000312458750482 20.441481094751957 7.75082721689241 7.551198815556554 3.8999999999843844 5.00000001248185 
3.500070454530525 0.7000054496720487 17.0000025358178 7.599892016194394 7.400094092251939 3.7214703542457435 5.000000032452304 
3.5002236617069835 0.7000000128339994 17.05427638247202 7.7118734211540705 7.400348733413064 3.8703553303152423 5.000000032511182 
3.5000302037185773 0.7000000128339994 17.000000472561226 7.3000108306000655 7.400180403720558 3.168858539819016 5.000000032511182 
3.506815752625003 0.7000003220807898 17.000500926764563 7.7624836101140335 7.437871538853531 3.891853834116083 5.000000510609288 
3.535559365621188 0.7005068412318097 27.999898651859315 7.750048268404427 7.426183529244016 3.899999977970007 5.000022664424821 
