3.595082325876219 0.718392444899779 27.999992525651408 7.750111488305847 7.4021247958460386 3.8999999999992983 5.000000057953038 
3.595082325876219 0.718392444899779 27.999992525651408 7.750111488305847 7.4021247958460386 3.8999999999992983 5.000000057953038 
3.500015349267527 0.7000000138667773 17.00000818985555 7.300018118711113 7.4000488661070944 3.1689047324425585 5.0000000739606305 
3.5000284761634184 0.700000020685917 22.067317826681464 7.780641447180885 7.400020721684272 3.899999999998623 5.000001158548676 
3.5005307185678616 0.7000087343156549 26.008254964208465 7.750200717860356 7.431703351235987 3.899999999986019 5.007898211141329 
3.503738457617061 0.7003424793608378 21.53325567941063 7.750126230154036 7.401346397449186 3.8999999999389043 5.000007649086059 
3.500349492606502 0.7000009100877984 17.00005618763019 7.302010570536557 7.400065024012994 3.3011304314972802 5.0000000058794605 
3.500945266434009 0.7000005706667776 26.444180648456925 7.750031729340004 7.40001947477963 3.8999999999998676 5.000000030738772 
3.5006060144214093 0.7000018058995693 24.879194610430712 7.750421685585454 7.401346397449186 3.8999999999369357 5.000001044362875 
3.500016582464813 0.7000001547192863 17.000003141372098 7.300218400703223 7.400019563211021 3.3210069723446587 5.000000018703041 
3.5000583804065797 0.7000000972142254 17.000002553095502 7.313436222158503 7.462309805458509 3.2194067399607813 5.000000070302279 
3.5009454403413653 0.7000009847065265 17.00009153481628 7.430572965841876 7.402893230384345 3.6466261365424524 5.000000001191095 
3.500873702969723 0.7000654742244358 25.670110151582147 7.750119743050486 7.413857520455864 3.8999999999999426 5.000005511668427 
3.500934936808539 0.7000049585220491 17.000123914563222 7.573263324694243 7.400073528726064 3.778709073222296 5.0000006051960595 
3.5001435468540674 0.7000009717857625 21.15998140841432 7.750767002376653 7.401834179024591 3.8999999998661763 5.000006204237664 
3.5000616072422686 0.7000000972142254 17.0000059463311 7.301658473997063 7.4018302373463065 3.3484904157693878 5.000000070302279 
3.5001737039836853 0.7000004149376476 17.000008675341338 7.48797790968376 7.40006818974064 3.6159297260256635 5.000002920072484 
3.5006460945257882 0.7000036574456961 17.784977549479017 7.750073541814098 7.403373698705887 3.8999999991966368 5.0000029290381836 
3.5000779847601016 0.7000001219953698 17.000053587304766 7.3081329586496855 7.400123409624831 3.3318988212313703 5.000000067906705 
3.5000527389372666 0.700000195891464 17.000033504010208 7.302337043489281 7.4000655019534705 3.58193566617814 5.000000067383497 
3.5000048894357283 0.7000000055074935 17.000004846296374 7.350555534617082 7.400067776848751 3.5181497299205033 5.000000055007804 
3.5005946915433355 0.7000002771218314 19.59595052815699 7.753118831962292 7.653412342668729 3.899999999997102 5.0000019279756165 
3.500660756490659 0.7000004811602151 17.000149224707535 7.750073541814098 7.4146810610429155 3.7543416593639956 5.0000000075741955 
3.5000581456336013 0.7000002311542727 17.00000429295997 7.305009005842107 7.402119758116615 3.270683765885974 5.0000000519255705 
3.5018082686173893 0.7003383270455275 19.95245298949368 7.752643803442763 7.5473414599460895 3.899999999857843 5.000007681328576 
3.5006060144214093 0.7000018058995693 20.857403334887746 7.750143762322405 7.401346397449186 3.8999999999370867 5.000001044362875 
3.500175098379532 0.700000132059122 17.000006328830622 7.479092449385177 7.400113255017002 3.677872276006492 5.0000030645094595 
3.5000513900182852 0.7000001548940104 17.000000837509287 7.300684141375538 7.405034816992076 3.379506942978529 5.000000070302279 
3.5000532169953176 0.7000002052083888 17.00016896922309 7.727394986485699 7.400781439668087 3.8567549039880373 5.000000061640359 
3.5000061043465127 0.7000001238213166 17.00005575261969 7.479259086690022 7.400069929612383 3.694157072194652 5.000000004230193 
3.5036677393266786 0.7000224593236252 25.329693020395744 7.75004897347539 7.401838494431577 3.899999999964181 5.000007885040739 
3.5006460945257882 0.7000036574456961 26.876264359209927 7.750073541814098 7.403373698705887 3.8999999991966368 5.000002392081069 
3.5007719371751724 0.7000014260977694 24.630086660737177 7.755385541223676 7.495496862159672 3.8999999998623704 5.000007978248926 
3.500005047694124 0.7000000007040869 17.000008229900324 7.301036572617559 7.4005485801747835 3.4618592120739597 5.000000187747608 
3.5007929811871636 0.7000000723089377 17.000006318820287 7.716049961848543 7.5403706227978455 3.832621743037751 5.000000031461786 
3.5001700670689333 0.7000003984052118 17.00000867143607 7.314605245262899 7.400067776848751 3.391871554529792 5.000000078388443 
3.500037138403334 0.7000002047954718 17.000009027646716 7.517730268932463 7.4013929948563 3.7389289201654603 5.0000002060635715 
3.500111062810284 0.7000001084556648 17.00005554111614 7.302572480661341 7.400021928072448 3.4055674395229483 5.0000000046897615 
3.5036844254870796 0.7003367387823916 23.87310959318981 7.750046667920421 7.435042587870484 3.899999999949259 5.000152227109627 
3.500055565228999 0.7000056991017221 17.00000816657608 7.308181336566747 7.400309845764773 3.1772708335370807 5.0000000607956805 
3.594556269787088 0.7039790286960189 17.180156385993854 7.750111488305847 7.407282143391892 3.899999999999208 5.000000055744694 
3.500077990650491 0.7000009047177075 17.00000634255316 7.314763289183676 7.400113255017002 3.4438563141954024 5.0000000671658125 
3.5109872530565855 0.700000442603265 23.220377586359714 7.751888352858116 7.400478132418557 3.899999999989948 5.000123477499263 
3.503650283024959 0.7000037460778487 22.89565639567173 7.7500489696970165 7.434122406882906 3.8999999999596766 5.000152227109627 
3.500036387240071 0.7000001212538919 20.51416046522378 7.762089419551911 7.400020226525642 3.899999999999221 5.000001157292407 
3.509572461735605 0.7000224593236252 27.61337897606176 7.75004897347539 7.402125076448278 3.899999999964181 5.000007647165218 
3.5036844254870796 0.7003367387823916 22.48831028313331 7.750046667920421 7.434352927634913 3.8999999999516413 5.000152227109627 
3.500058128018806 0.7000020668093189 17.0000078131516 7.631729197794175 7.407219773904269 3.6571913587395146 5.000001857301168 
3.500015041538554 0.7000006248695054 17.000056354711738 7.3006941366663 7.400071964885268 3.203505483384578 5.000000073248499 
3.594838568295755 0.7177947786159102 27.558422771694733 7.75014491557948 7.403697617755473 3.89999999999864 5.000000058047085 
3.50057836269592 0.7000010216706247 18.66046799634915 7.7506206554079355 7.528928203338301 3.899999999191882 5.000000884486461 
3.5000308421162765 0.7000015384561189 26.704693398987786 7.775806154179765 7.40283561122024 3.8999999989311824 5.000000016169736 
3.500012200776952 0.7000001596897606 17.000056590597566 7.300736057751235 7.4000804631388855 3.509139704925545 5.000000637533833 
3.500060115291054 0.7000001407764529 17.00000789200185 7.302404678763721 7.400067776848751 3.5420375759701996 5.000000078285548 
3.5005740481692906 0.7000004333692099 20.29148448779532 7.751888352858116 7.400478132418557 3.899999999989948 5.000123477499263 
3.529636429832633 0.7041623484898335 27.99993511283966 7.750465055670431 7.400063298326553 3.8999999999998685 5.000000001937739 
3.500036387240071 0.700000188349742 23.443053563786517 7.751336101036633 7.400020226525642 3.8999999999991957 5.000001157292407 
3.50094970203682 0.7000341290345167 19.26945281277659 7.750119743050486 7.413335508942507 3.89999999993825 5.007333516135167 
3.5017633154630925 0.7000002665254692 17.00000429295997 7.304991661381548 7.401454791686409 3.2532555939297256 5.000002986970734 
3.5000577761323948 0.7000000601332503 17.000076399199642 7.6334769743690645 7.413894477968143 3.816611555891847 5.000001858213349 
3.5000054034827777 0.7000000003526474 17.000008229451208 7.300854087777316 7.407225778997071 3.4357805754480966 5.000000055808885 
3.500027892283936 0.7000005965530771 18.280966825475392 7.78167921766331 7.4074750405996035 3.8999999999999426 5.000000000481823 
3.500058195841809 0.700000413310419 17.000000240072353 7.319299224533462 7.400074488793277 3.365032121866172 5.000000060069026 
3.5000173241791948 0.7000004248598174 17.000008956518805 7.4786653782864025 7.400258622931126 3.2774495159478807 5.000002920072484 
3.5264960998810513 0.7003477329125702 27.874089936970094 7.750005426667208 7.431269276036593 3.899999999999974 5.000007931595541 
3.5000561580458487 0.7000004343986326 17.00000814867139 7.300698904151533 7.407444649661335 3.2005617924463894 5.0000000735127 
3.595082325876219 0.7140173200505988 27.996823508441786 7.750111488305847 7.403428846259949 3.8999999999986623 5.000000041691369 
3.500055565228999 0.7000004321087567 17.00000814867139 7.3001144023597195 7.407444649661335 3.4896288669469877 5.0000000511682865 
3.5000873824058014 0.7000014260977694 24.343822994277083 7.755385541223676 7.403846747859975 3.8999999998623704 5.000000800759389 
3.5005231851745906 0.7000081305248756 27.545789534100855 7.766202301635725 7.431703320192427 3.899999999992824 5.00647722214711 
3.5000521526797814 0.7000004094693296 17.00005575261969 7.312196177509687 7.400069740055516 3.5958271944568394 5.000000014977983 
3.500600608693456 0.700022373880927 27.197029543877807 7.751922531136768 7.400214953840872 3.8999999999994084 5.000123477499263 
3.5036981349370193 0.7003511186175878 27.2882211216565 7.758605623302093 7.400196247859147 3.899999999999799 5.000000011182933 
3.5001926050249272 0.7000025737130913 24.26406209664999 7.844068528109729 7.400079133851814 3.8999999999998 5.000000002490507 
3.5000581747840065 0.7000012794767629 17.00000789200185 7.302328421015203 7.400067776848751 3.5606689150797775 5.000000079241771 
3.500014448721704 0.7000006225796296 17.000056354711738 7.300109646659327 7.400071964885268 3.492572557885471 5.000000050904086 
3.5001737039836853 0.7000004164975819 17.000008956518805 7.4786653782864025 7.400258622931126 3.718101575154342 5.000002920072484 
3.5000629793976503 0.7000000943270127 17.000002171130923 7.30166229119971 7.400095149566203 3.360084683919127 5.000000070302279 
3.500036387240071 0.7000000184761668 25.4026498747011 7.752120563024718 7.483976102243504 3.8999999999991957 5.0000000420581365 
3.503738457617061 0.7003424793608378 27.977838286282157 7.750171331429929 7.4013803161351985 3.8999999999979282 5.000007457432146 
3.5000586512056153 0.700000153099729 17.000169675968902 7.300620879143121 7.4001959863337285 3.244471352466882 5.000000288673033 
3.5000583825935863 0.7000009300314727 17.000002708563787 7.313485112247091 7.400080250258823 3.230433293214308 5.000000111736655 
3.529636429832633 0.7041623484898335 27.99993511283966 7.750465055670431 7.400063298326553 3.8999999999998685 5.000000001937739 
3.500077990650491 0.700000132059122 17.00000634255316 7.314763289183676 7.400113255017002 3.4179146261366125 5.000000067906705 
3.500037188466735 0.7000002008650857 17.000008500212626 7.301452066697681 7.401419780567312 3.472260219742089 5.000000637533833 
3.500059455777609 0.7000001407764529 17.00000789200185 7.302404678763721 7.400067776848751 3.543925929759831 5.000000079241771 
3.579247948440223 0.7150041662768621 27.89132425096945 7.7501194189651805 7.402862515270987 3.8999999999992987 5.000000042655453 
3.500655824043221 0.7000004811602151 17.000149224707535 7.750073541814098 7.403373698705887 3.87615274600151 5.0000000075741955 
3.500015041538554 0.700001110330662 17.000090602127816 7.300161122848871 7.400070852394367 3.1884157117596694 5.000000075219319 
3.500109102798558 0.7000004133090205 17.000049855520558 7.723650370166003 7.400164560954341 3.8010414562163644 5.000000070885818 
3.500650577085735 0.7000130453296214 18.31491189049734 7.7501591431603405 7.417410538479398 3.89999999998991 5.000000039198244 
3.5038542866377993 0.7000012049679726 19.03298920327328 7.750022371950706 7.528928203338301 3.899999999982699 5.007993616748129 
3.500577927220614 0.70000207397737 17.108910405159406 7.750022371950706 7.409465141639456 3.899999999204975 5.000000883301539 
3.5000532169953176 0.7000002052083888 17.00016896922309 7.727394986485699 7.400781439668087 3.881393591550835 5.000000061640359 
3.5001737039836853 0.7000004164975819 17.000008956518805 7.4786653782864025 7.400258622931126 3.714727632070142 5.000002920072484 
3.51042850010702 0.7000004425561069 22.698732603807734 7.751888352858116 7.400478132418557 3.899999999989948 5.000123477499263 
3.500053918371093 0.7000009717857625 17.010283178519582 7.765928394021626 7.400190561330102 3.8998895271819793 5.000000191739809 
3.5000555721418682 0.7000008858348001 17.000013305546265 7.301253126265338 7.400031157546793 3.288173694803314 5.00000014461952 
3.5064686992246332 0.7000659702699711 23.954335059996044 7.750058350612679 7.415862570174869 3.8999999999998 5.0000012158482665 
3.5000581747840065 0.7000012794767629 17.000001504373717 7.302328421015203 7.400067776848751 3.5606689150797775 5.000000079241771 
