223.5202347599328 -217.68853768930512 
10.134503364308483 3.847814405344544 
10.134503364308483 3.847814405344544 
223.5202347599328 -217.68853768930512 
26.5025780798462 -26.740181612721727 
209.40161467488022 -209.26990639884494 
10.279639271311257 -0.1542059410723189 
214.28640038029016 -213.78527059135567 
137.80363623712273 -138.05345540991812 
90.49231222575683 -90.72318744134174 
57.800113630240304 -57.96469299081777 
141.10960952486266 -141.23624318068278 
123.74509076087473 -123.64498497259018 
103.17564893186116 -103.34339158628654 
11.960930522153422 -6.419846827821766 
200.84922203445274 -200.99764284238876 
167.46884342858823 -167.6353428197304 
108.29448549676759 -108.43665111487081 
120.73659223406375 -120.32484859252655 
55.71289299713408 -55.71976060063887 
14.810398949731924 -12.09745403345281 
70.36280460292292 -70.45441046917031 
39.41386515560699 -39.660471222095175 
88.22834907076863 -88.39024569832465 
64.31195512537194 -64.42827936768452 
195.20271756626505 -195.26312720856458 
68.17287788976077 -68.39428811166567 
192.68171393984233 -192.92217474234212 
203.03504797429628 -203.13052649010126 
18.742168304742837 -18.33228995224688 
52.9485308621728 -53.03681882538861 
13.563740548540306 -7.803921409353397 
190.87425100723559 -190.73098509504314 
61.218545752447774 -61.21151450635865 
77.78449249839869 -78.03218324960807 
96.10079360896006 -96.08237247168786 
125.93937819256617 -126.08309050052638 
42.54237769483704 -42.65870193714963 
164.0590153143275 -164.30897369093404 
188.49723966089465 -188.7472224669363 
132.13027075231733 -132.27304479600537 
32.79743276239228 -32.875083636385355 
151.3978030765064 -151.19314891346244 
178.79886421624823 -178.89470498368877 
80.2660366069715 -80.37083093576823 
163.62110587551322 -163.86963289178732 
31.869485405452618 -31.53317131910013 
48.95371032138689 -48.840320932561326 
173.8289441241484 -172.29734061901212 
93.84825876762014 -93.76398918404317 
16.703542410332155 -14.156115350635183 
81.35621133927611 -81.27194175569915 
180.7301357876263 -180.9786628039004 
205.2858242243696 -205.17075800703608 
76.17306759842693 -76.31906072593209 
160.69490480950867 -160.8614042006508 
25.12096446350402 -25.221241827632515 
74.86311960454792 -74.61685661617037 
47.29072304348651 -47.36758574491961 
157.2489989056555 -157.39489247397793 
17.34569031609803 -16.2317784917061 
207.72488874696825 -207.86164090994936 
177.52781653486454 -177.24809230716264 
170.90609742523742 -170.66622406978672 
219.09973176047163 -216.96963071051346 
31.869485405452618 -31.53317131910013 
154.93955452858097 -154.63560443356016 
85.95682505942042 -86.05230357522544 
135.6377022107383 -135.28971086871348 
182.01267861459118 -182.26257991042024 
159.2461178383381 -159.35115822822954 
74.86311960454792 -74.61685661617037 
127.65998735679341 -127.43374495500747 
145.6819129578523 -145.87150036713794 
114.5738184792524 -114.3702384845048 
215.33105866143194 -214.80272488813483 
99.8533141885698 -100.09786649614516 
143.6095472312788 -143.19228599799425 
50.93111096178746 -50.47205329212542 
83.50489719032025 -83.7504147531874 
206.17437053034226 -206.39427437555278 
22.749601277233797 -22.84987864136229 
99.8533141885698 -100.09786649614516 
46.663048545812856 -44.89241042951631 
169.35809378200804 -169.52183755416073 
35.1722788496092 -35.318787440520865 
197.1643857324329 -197.34392691347247 
62.213740214571864 -61.78259424897196 
113.06876800620913 -113.21466157453155 
38.68397332200267 -37.26703134479767 
129.8097474358766 -129.95345974383685 
118.64977768023365 -118.8997360568402 
22.749601277233797 -22.84987864136229 
23.42436526756331 -23.524642631691805 
63.568360625677876 -63.81749719014493 
116.80593645552018 -116.3725991489557 
51.51900210341077 -51.40561271458519 
93.97819541672939 -93.89392583315242 
110.51740828890095 -110.41104603823719 
149.2869901032817 -149.3145824328326 
