10.109168610320257 2.1941326094997207 
221.91414366812222 -217.68542609260274 
10.109168610320257 2.1941326094997207 
221.91414366812222 -217.68542609260274 
153.02188647965573 -152.4807732919263 
158.40513973356659 -158.6448260663106 
79.29810038418113 -79.54727391037828 
74.38388687633609 -74.50364973408603 
165.08372087727273 -165.03586078116905 
114.69498869087094 -114.71928119364577 
217.000037227269 -215.8793594229268 
91.59828281276293 -91.7276152571701 
10.92311387473065 -3.523880560842616 
62.68438632670908 -62.79930489356344 
69.33079293642957 -69.47795462104659 
12.819396690878715 -6.272145615386167 
72.86263364451767 -72.93366938535794 
104.60041464507637 -104.74757632969339 
17.70463795037215 -15.73467002790122 
161.03872316711835 -161.200945726991 
212.0191247749084 -212.0377492921745 
58.84662450639957 -58.89322200760113 
81.5306868115974 -81.74002655095435 
214.09048586430947 -213.9412956879938 
192.07663318776397 -191.0209386307903 
19.693878675800708 -19.451625244851414 
142.81398042556125 -142.55376385052355 
87.56138218373066 -87.72007829236367 
180.13493464746975 -180.30526265206962 
31.0735828413 -31.251777963526497 
40.85035068407083 -40.82766896083807 
111.39258791168861 -111.42436303687603 
33.87338486696091 -33.89767736973574 
106.19689598345495 -106.24216785161923 
117.46131741974459 -117.18193986399592 
151.34998751458295 -149.9838288779698 
204.9299936402338 -205.0157612115042 
144.4120977794041 -144.43639028217893 
140.58005908481005 -139.74446865749232 
186.8325076437044 -187.07225098229594 
43.29761135508973 -43.14678484280927 
101.19789923046375 -101.43435049432182 
28.674568312335303 -28.821729996952328 
123.93836702691137 -124.15329417690397 
126.14340693667731 -126.3849683637577 
129.329124919352 -129.53858372547916 
138.80079290632236 -138.9816784744229 
209.33219481800907 -209.4793565026261 
84.84214887609886 -84.91052644623224 
47.666856123135716 -47.86086767262955 
170.81531691738041 -171.05687834446078 
83.94331095353829 -84.10877733025002 
22.957536747313643 -23.165411042224598 
127.56697677252218 -127.65408072405793 
146.40197222643414 -146.63738720851387 
200.75362121808445 -200.51210434752426 
188.9021928884818 -188.89517686821648 
148.97073713350878 -148.71852259992863 
36.191478525084705 -36.04065201280425 
134.44380594623954 -134.5586703818025 
45.44625255422774 -45.50534412580639 
13.835712702833952 -10.936159936877152 
38.372524780547735 -38.2480783511583 
131.03978390325878 -131.2897645772216 
172.587334908678 -172.63780567846547 
99.23729673257573 -99.47422572552796 
193.6373972436221 -193.88591418955022 
26.018385059101774 -26.25838275226336 
95.66308281788864 -95.82854919460036 
87.39505119929566 -87.52438364370283 
110.5059322102012 -110.75364043258867 
118.55621811250113 -118.7216983141931 
177.86197634760376 -178.11050179042533 
160.46593840720962 -160.24770651377213 
93.30229808304313 -93.55174903377507 
39.05772860305666 -39.0948911655941 
25.042821679229817 -24.359317794093247 
197.72940183810738 -197.75952383162888 
57.01058814659422 -57.21976522296724 
167.21472216884627 -167.454350978174 
16.116392697343823 -13.517229329021262 
108.52690906523 -108.72092061472384 
29.61201708850088 -29.86198815429172 
132.67774724924223 -132.05531597980595 
96.86710808006659 -97.10030847094285 
184.55596377528948 -184.7988825074994 
184.55596377528948 -184.7988825074994 
98.03492333869721 -98.24012533385434 
147.46470815734176 -147.70626958442216 
202.51790189287655 -202.7555105741809 
68.66495693905871 -66.4179584234801 
94.20141014822019 -94.23398631548967 
53.863018583427575 -53.88268787064488 
136.63740222506885 -136.66461608059205 
35.20918628295603 -35.25578378415759 
65.87124019976537 -64.97368947517256 
193.15535860561428 -193.39136458995017 
136.63740222506885 -136.66461608059205 
64.32812244824503 -64.35241495101985 
67.77764461614399 -66.35418645889966 
