221.54974425001197 -217.65244332091555 
10.11068721328262 2.9313256198937525 
10.11068721328262 2.9313256198937525 
221.54974425001197 -217.65244332091555 
18.210864242915445 -17.64083915801984 
65.35738581846309 -65.5711060825338 
14.91015605123778 -12.472602105627484 
80.52767209456441 -80.65730154332313 
194.86032046603947 -194.7165674971476 
97.95430113166132 -97.77740361353723 
114.35962816514086 -113.35871716610498 
60.20428001798109 -60.174443166456726 
173.96836213168933 -173.77516975638733 
21.434891266730244 -21.058854771137817 
13.140248576454852 -8.753743374471219 
198.60579478887792 -198.55497181127723 
155.41624738827304 -155.63089707214814 
72.2264318637187 -72.21829971543686 
101.46546531353641 -101.58870285167355 
77.31089462817704 -76.74863805799353 
95.26971089841719 -95.40275008598137 
12.141027179780878 -4.326797157900966 
143.4792763136561 -142.98133984402466 
10.635149864233995 -2.1918699788363156 
121.09578649054362 -121.06594963901927 
105.41784223477693 -105.6202928610191 
57.741655538137856 -57.44177413932459 
192.35198580150427 -191.98889635932971 
216.700088059496 -215.55546717492575 
157.61225017859078 -157.8602331221551 
152.72539932534607 -152.6201419683381 
39.610959341362715 -39.860955967677135 
164.44369834980546 -164.65834803368057 
181.69862331646482 -181.94852651684707 
89.88162678130838 -89.97803604935942 
70.25644999267902 -70.24831784439718 
190.3584472444703 -190.5757348061981 
124.3439215760321 -124.48140479939167 
51.010479975435864 -51.16814200689767 
168.70018147328034 -168.9439394840084 
88.22772184313993 -87.65524770263599 
162.08383952193435 -162.05400267040997 
37.884961254676746 -37.50892475908432 
126.87884567100738 -126.97525493905842 
176.01802853315507 -176.18594660566487 
148.99922394252775 -148.7525232798801 
52.503609572977034 -52.401081033644765 
110.24240582713773 -110.48589024958105 
220.7404345487009 -217.52058780801644 
146.59985558814566 -146.4876959051553 
92.04877140060935 -91.81348772624861 
215.48082973367198 -214.3282721461337 
93.30640295313938 -93.4262053486316 
83.51460432361111 -83.61101359166214 
46.69622851878042 -46.94478470266142 
199.84534270151414 -200.04889667835988 
122.87743927340713 -123.09019140539851 
205.1368896327907 -204.3831265910457 
183.20557796213737 -183.38633590750152 
168.70018147328034 -168.9439394840084 
213.58591712802246 -211.8186491713983 
27.705634899971862 -27.938431772215957 
178.86839087449462 -179.06252798599456 
86.0228641999189 -86.27131802663335 
159.6249076217296 -159.87289056529391 
118.55781914029848 -118.52798228877411 
135.35417572439843 -135.56271708690258 
55.3580080547372 -54.951271148558774 
179.108580863599 -179.31589678591786 
30.50020657561017 -30.74107550810983 
133.0830066279975 -132.81823627696076 
67.69961962958259 -67.44160172839496 
103.19055037068088 -103.43587185602746 
10.154319971703464 2.7047962700843255 
211.90405288065188 -211.41367503355488 
130.32332805421828 -130.46081127757782 
54.66626311291095 -54.80992742060264 
207.2620450334055 -207.05049167069959 
68.56933038227098 -67.95128540478105 
166.8974666884726 -166.6326963374359 
201.9032334999012 -202.01908242146928 
107.6530757638715 -107.83913522384377 
185.048972563294 -185.2168906358038 
48.48225412177025 -48.7293702789161 
46.051110032046054 -44.34090527961254 
151.21987433021172 -150.913849846294 
23.684629476591663 -23.308592980999236 
188.1204871142883 -188.3351367981634 
42.087425730822346 -41.649407359478474 
210.16062218441252 -209.72656461230636 
160.75415540540374 -160.81864837192037 
138.04552899819407 -137.73950451427635 
187.66097830876558 -186.1275231818522 
137.83718557963124 -137.38271768662042 
59.45781951907442 -59.703141004421 
166.26351156855478 -166.05749649713954 
203.77129401297387 -203.89930024174518 
116.24121997257285 -115.7680257869489 
108.12700827131073 -108.36746220460265 
207.40210612904144 -207.52190852453364 
