10.104798324980134 2.1951070313446595 
222.9033936186539 -217.73274591373766 
10.104798324980134 2.1951070313446595 
222.9033936186539 -217.73274591373766 
21.55040350154189 -21.299617117205045 
47.59415256552677 -47.82973361779383 
97.33851162000106 -97.37290936415108 
135.09136049221584 -135.33173555040992 
208.47689815638216 -208.6735951744957 
12.73182489025277 -6.888458909143954 
216.31477488876058 -215.53468310622407 
45.17912441912004 -45.3242837584387 
18.129775991688717 -17.01343051980315 
138.76748665518252 -138.3984944820966 
105.55844339177017 -105.7810316311114 
212.43333099529406 -212.68304890501255 
186.07890144724 -185.97431056703215 
99.13018467990597 -99.37053670813604 
33.00334124148371 -33.149800243859026 
198.5790703676964 -198.00986613219217 
42.28295316079591 -42.435576960981 
56.29486252963041 -56.529804075019214 
51.9193547364937 -52.155153701272326 
183.86720416750163 -184.01229178474878 
153.16042734359044 -153.3958227905912 
15.400941241528509 -11.418388722617927 
119.0315677588903 -119.26867672410506 
111.64087159681311 -111.88834651277426 
201.41807644210843 -201.3873658618637 
69.60525340797929 -69.73256436747138 
81.00329402636623 -81.20148849015456 
35.95631881180099 -36.10981315121966 
66.38168458658726 -66.61879355180201 
142.36546348533162 -142.6064580844584 
210.86211790124062 -211.01244964495095 
52.8517724503413 -53.05397513447787 
87.93456826626783 -87.9411189872063 
194.78687328235344 -194.82127102650347 
84.23906910641843 -84.48906793692849 
163.73786404773912 -163.9806464281943 
191.67928444755103 -191.77969829759618 
109.11932427493133 -108.18581241948866 
181.53001702901207 -181.67510464625923 
129.40585522371057 -129.5735565444835 
218.99365152593361 -216.8091498731136 
196.99231536586754 -196.7253077070279 
58.83313322424858 -58.200020214227735 
131.72418000087964 -130.79066814543697 
188.67965075808144 -188.92226861939704 
160.94413690700623 -161.19298053319736 
24.624372023429448 -24.874214592304497 
80.0462441918988 -80.29624302240886 
70.61351303487251 -70.81692023846315 
11.243159998719854 -1.538888340742762 
90.36870951417751 -90.37526023511597 
92.6764396766049 -92.29173076951551 
125.35313301291524 -125.46807632139698 
121.21012798591303 -121.36622031080995 
159.16840546239825 -158.9334401663852 
123.51904003812518 -123.49328192436553 
170.93796592710265 -170.74374521499567 
40.61811835122185 -40.821525554812496 
193.17797823774305 -193.05364113180406 
92.6764396766049 -92.29173076951551 
75.25878676114039 -75.4444917402263 
178.06414909970096 -178.24096345196074 
189.34920149373076 -189.5010491140898 
102.0996660363657 -101.84624765025026 
204.66081940540454 -203.7956836713753 
202.40017898125922 -202.64279684257482 
162.38378267018496 -162.44415641538853 
151.75265222071056 -151.22401987725107 
60.81364761301377 -61.04796470934514 
142.45877153926145 -142.70761516545258 
112.83949813652438 -112.99551451174929 
28.221286917619217 -28.42029678608645 
171.6047844480406 -171.63771463436143 
32.06730384169637 -30.826745269722057 
26.20644976333076 -26.237278465949927 
11.243159998719854 -1.538888340742762 
77.65308953989876 -77.90270654132989 
86.5127145695765 -86.73804214115452 
145.36352768770087 -145.04729941945914 
16.93737986044607 -15.315135129464872 
64.29398598732094 -64.53109495253571 
109.11932427493133 -108.18581241948866 
128.13400534438617 -127.35143606479248 
13.606416718405018 -10.004182672723386 
165.98759807672442 -166.23705055680003 
221.99475687020194 -216.81272249926684 
168.40723267576553 -168.6500150562207 
77.48630743400528 -77.73630626451535 
176.38777337170308 -176.26343626576408 
175.6978307012271 -175.75820444643068 
166.28795417863273 -166.31021422101495 
205.31646357328506 -205.41687742333022 
117.11936409954916 -116.86594571343372 
180.35006067235057 -180.3213514525902 
131.72418000087964 -130.79066814543697 
173.4728336806996 -173.59412003104936 
