10.113610569929225 1.825436993552386 
222.23939430666258 -217.67547678185264 
10.113610569929225 1.825436993552386 
116.5241175194742 -115.29224976744055 
195.24343407575816 -195.47059883503636 
204.22975834024191 -204.46230054307384 
118.29191212325884 -117.85470293162065 
151.6805007830838 -151.87585379030688 
197.8240336160581 -198.0642823791793 
102.31890025084462 -101.73219415977226 
95.3139684064165 -95.51388502693477 
79.79264270668787 -80.00017690374077 
191.86811605783677 -192.10102374555217 
58.233472833755734 -58.45679742094546 
220.14526779197914 -216.27818678450643 
104.82090071273642 -105.06755427779427 
70.76704091312529 -70.9117138760665 
88.5679186903131 -88.73019869003285 
174.77915042730407 -174.42006687795092 
97.81723197050455 -98.06671941766321 
51.34383877261094 -51.42546326864425 
215.478105040005 -214.81129290875276 
111.56078941296443 -111.8002232896533 
131.43060547338007 -130.83502537005862 
140.51062553112726 -140.05065267170997 
14.423799348882339 -10.613307065968367 
82.31669861764924 -82.55009511930085 
92.69763694569431 -92.92125251118543 
167.17887567169413 -167.41635102529116 
68.77111407738603 -68.96188390709943 
35.07535164324953 -35.30874814490114 
121.17601779261739 -121.08036532013483 
211.13409333274456 -211.11266915516478 
99.96181654093608 -99.80977106051641 
12.769127333960895 -7.72666282292732 
162.94376182649108 -162.68573946571644 
77.47244172092547 -77.32353759973111 
213.83294952907264 -213.8121204655307 
208.0421658845931 -208.24045080219727 
155.1342050340409 -155.37168038763792 
11.53375140536415 -5.330707707914666 
148.59813753632756 -148.76176159150015 
127.95228685379254 -128.19172073048142 
10.591542053148114 -2.0240150387096785 
18.519409073874936 -17.038447221084617 
41.797371376300404 -41.383706301080366 
44.138239662440974 -43.86171010895808 
26.419701618453317 -25.585543399888248 
66.8065674299304 -66.49008413589384 
124.7935638426518 -124.12675171139958 
180.90034675890365 -180.1496941888012 
142.88879499184048 -142.78978668151058 
55.33583167586819 -55.28972594962758 
22.032359221302155 -19.893947870884887 
62.14759082313135 -60.44201149253779 
202.88237646785234 -202.6243541070777 
143.7741315742996 -143.87042641232247 
45.26324295172181 -45.49663945337342 
33.279866225171425 -33.35007218764945 
122.1208360013618 -122.34553120678679 
179.6016373567238 -177.60035646715062 
48.932620121613134 -48.293240128481855 
23.895144889030092 -23.625339006505094 
16.532193232203195 -14.393781881785925 
19.444728693027237 -18.96869787700152 
187.54997483878643 -187.74572533002743 
184.46666417637675 -184.13736920053097 
150.32845929759253 -149.89855733392062 
200.39716134860916 -200.49078618783633 
60.314801167645356 -60.08792887810822 
15.856737853572646 -13.265856502727203 
106.73408779104557 -106.91486356756485 
138.76932394628048 -138.28302885371025 
37.373092170408036 -37.62117290159517 
164.86626109152718 -165.1037364451242 
53.17588099779434 -53.08796644582809 
157.78616266984554 -157.93290349191813 
22.702855317371636 -22.76801739924226 
109.49461085762958 -109.04792066367018 
49.021542289861216 -48.339318865858274 
73.44520302775723 -73.65510029822447 
84.84180445709306 -84.45603332661418 
172.14079047922814 -172.04178216889824 
176.81137468827683 -176.37048787356932 
159.95094600307974 -160.18892599658264 
209.64659439916505 -209.75924733170658 
63.564694204629305 -63.64409217136938 
87.18866726314491 -86.57707601587303 
41.124510308286595 -39.50842748859497 
31.74643443425979 -31.95873558827287 
146.11532338448316 -146.35899728754657 
146.15088869198493 -146.39393009788637 
135.0280984421743 -135.17481055477657 
190.34948773599908 -190.50954606447922 
186.36321544450163 -186.57384860458478 
200.99418440806585 -200.89517609773594 
39.21159207925572 -39.052414845448894 
111.34563974616282 -111.5552074976723 
84.04854090044114 -84.28207581730751 
164.62789424355103 -164.286651532916 
