222.94051052061226 -217.73279709923509 
10.119469171471192 3.539778188526167 
222.94051052061226 -217.73279709923509 
10.119469171471192 3.539778188526167 
97.18111719315418 -97.41160781373108 
116.58370483960383 -116.72066375078677 
21.96488981873811 -21.276709190384693 
106.40691778157057 -106.14854423783245 
206.85172209492416 -206.46555772767073 
202.63645419821106 -202.64606022829128 
106.40691778157057 -106.14854423783245 
133.89371100881175 -134.14229933940203 
73.88517855177909 -73.82913619604143 
140.6779404969139 -140.3719420035857 
213.58343119131274 -213.59303722139296 
191.15531241833446 -191.39779696615054 
120.93083756568022 -121.17836808243118 
137.75863130679002 -138.00552349871612 
112.99698157067455 -112.96304337808846 
187.35640149740428 -187.5890342948439 
217.94970823068252 -215.4888107078993 
18.396272448272885 -17.397236042287144 
59.70808594916683 -59.94742148793645 
93.98590698352145 -94.0587010511905 
180.85041185705302 -181.1002475834798 
86.99189374752103 -87.23108442912279 
153.224474275983 -153.44768461659558 
41.87494711925088 -42.09649115063939 
142.92130629400788 -143.1680731536057 
118.73637439498968 -118.95791842637819 
14.056347360764214 -10.88174990637139 
130.38391230960298 -130.39797950278415 
56.55034724987861 -56.77407012142784 
61.264070885511444 -61.50913514004558 
11.320438074899954 -1.1313627780614253 
183.6426293813763 -183.31793946958624 
32.304868398692435 -32.25230163553941 
90.5052103393486 -89.6067402433929 
90.95607094591708 -91.19549803090338 
70.45727397895537 -70.66076795183392 
135.50320855042176 -135.74559382893284 
52.895178392248766 -53.115150266721535 
50.79253746838734 -48.14742604764517 
173.2521934263231 -173.4947114222571 
64.60088635391162 -63.7055504382422 
13.15225679092152 -7.384348707235538 
55.88956256195348 -55.054220541047385 
219.6508324366692 -217.01555575661226 
146.24063145631442 -146.42812660297935 
174.37925379596467 -174.6045102587493 
51.59247154130885 -51.66179587624331 
207.9891802645688 -208.04309358357094 
163.7785637293481 -163.29697705012825 
192.45834375164515 -192.68964921244861 
110.2653057616225 -110.29786161423509 
127.88753257210935 -127.54343111931335 
148.56085306778797 -148.65866117192118 
146.05745374919923 -143.835055504957 
95.65544904376891 -95.88593966434581 
29.03902059340175 -29.10263100298627 
156.27922106557662 -156.43257727457137 
18.22362778116753 -15.511910793252888 
29.615481487790795 -29.863497612041265 
123.84066314593436 -123.69290230563641 
44.37346849945837 -44.37673121166772 
26.658456406728707 -26.274348154565303 
166.14441561879693 -165.80031416600096 
37.99571567247397 -38.03364086431456 
160.00339174373445 -160.0648660024028 
36.09888658360998 -36.32978917095881 
210.11898780478802 -210.15956869088527 
10.620522301043607 1.701953123628436 
170.6834873198115 -170.90588917462898 
196.34329481820112 -196.59240797196452 
158.93619377513193 -158.79381585655338 
15.554720968966741 -13.850715535432773 
39.8453427530579 -39.95332341778769 
36.09888658360998 -36.32978917095881 
111.92106914569774 -111.721013558631 
129.50557234073588 -129.7436471456734 
12.0894303995231 -5.437043201201971 
211.61733239682496 -211.62633990989656 
32.2730524234016 -32.18794389548466 
162.49366490240357 -162.48617007844283 
47.403260797206556 -45.756021211446054 
69.85734417237443 -70.08055451298699 
25.89767676254542 -26.122997991615186 
83.41483459691092 -83.5094487334352 
75.66623095713067 -75.86996690637054 
23.609553495474774 -23.840044116051683 
194.5917657163523 -194.71119602232486 
178.7447644802196 -178.86419478619214 
197.7162285035424 -197.96534165730583 
186.9601872268952 -185.9663923665534 
23.900416376579667 -24.130906997156575 
156.51829753582012 -156.71332761475685 
45.06396357663815 -45.0672262888475 
108.91827097930367 -107.23597641629871 
108.9617123175407 -107.96313519138538 
199.18054343644047 -199.42038713852432 
