222.81557188857153 -217.73557600942732 
10.101386623597035 2.7917688888482077 
10.101386623597035 2.7917688888482077 
222.81557188857153 -217.73557600942732 
31.711537177082835 -31.948438264672546 
36.65958684553584 -36.89588866548483 
181.7627899742787 -181.99969106186842 
75.23759748170835 -75.23528576892292 
172.17385575216608 -172.42015565079626 
125.95541605726945 -125.30301032424184 
217.09114002303787 -215.7637837744777 
80.20906152459781 -80.45885783900889 
101.52233227045365 -101.75964441686614 
154.24089643965755 -153.8712804820634 
178.0580361634926 -178.29560451261204 
44.14127868368634 -44.38638341924485 
48.23180025175156 -48.47757638413786 
97.89539528396159 -96.36279301170487 
128.67451933620816 -128.82679901542477 
141.94446744188446 -142.190612659218 
176.24159826819118 -175.22615382890842 
103.47542064616 -103.61727099452732 
90.07509325088411 -90.29736171347786 
62.19067439636709 -61.41905413530404 
30.651274360560905 -28.375547004191112 
88.0877880241953 -88.17847529021128 
98.6045054152213 -98.38392003205475 
139.67111546071894 -139.9057934812032 
23.436484464320028 -23.330743134723548 
116.7890823983377 -117.03522761567123 
123.23724514000003 -123.48635428984024 
210.2018038177631 -210.25415326129522 
14.207966491465456 -11.30774359940774 
93.7009297693352 -93.82500016840578 
161.57396429605396 -161.7977744258128 
170.23103043580545 -170.4347999612118 
204.32321181167072 -204.40389237685181 
149.99367985751078 -150.2311159391172 
184.46958143156988 -184.69224819569536 
20.08877802264791 -19.220771892118048 
26.62842273420044 -26.7753533413116 
213.704473236524 -213.7851538017051 
221.0014082976882 -216.91784133180568 
163.87184390634124 -163.64402745047192 
109.92821061874788 -109.33637739749513 
22.63668585197049 -21.851133247668393 
186.97071836691316 -187.20815444851954 
55.74329374109122 -55.68610315504834 
212.45664662012763 -212.59858221966223 
148.20181636951293 -148.44773741714712 
198.57958011974407 -198.8286892695843 
121.40445109729373 -120.9940186481888 
107.13146519415893 -107.34120245150835 
10.584218101593201 0.6099959781732851 
207.4916187425387 -207.62866254032906 
157.33828565669853 -157.40117623937957 
16.620917873933468 -13.343418259489603 
111.78046152532748 -112.01135826802147 
85.5713776288003 -85.80936388597803 
202.12067056867102 -202.37054187744073 
193.34322016852238 -193.0867872951038 
189.63548333194623 -189.3624029361976 
134.11971354491948 -134.3688226947597 
168.19799156663558 -168.26226009338066 
69.5142944606115 -69.72780267007009 
59.157816702363974 -58.92165830883776 
13.733812329361704 -7.5721701995609205 
196.18444567200214 -195.9363578378246 
43.87768043556053 -42.96798572231724 
27.193228930502375 -27.42953075045137 
137.48980883116653 -137.72370982834593 
92.56887210438606 -92.80657580935568 
131.11597492993764 -130.70554248083272 
71.51465751132883 -71.76057855896302 
136.37427919620688 -135.98872574178793 
114.16367760215655 -114.39756892000605 
17.789824581821385 -14.354507690806667 
67.4324770715142 -67.6697892179267 
63.457050572175405 -63.690951569354816 
196.8105404273733 -196.6203958558485 
81.68158032471537 -81.8913175820648 
12.788355183535753 -6.697527538161195 
185.80077959850757 -185.92987746503064 
10.82847853326608 -3.251872310845766 
53.26940643400289 -53.50221820467068 
177.10336581655105 -176.69854279003266 
74.11192986398548 -72.48158331677222 
64.30671627066413 -64.53583230239487 
41.2905739422105 -41.49260112411274 
114.62421395701399 -114.84308915328154 
39.11486223158402 -38.68997104903442 
51.25642934535433 -51.47614741886439 
110.88073858710729 -111.07864299702624 
11.910687002616605 -4.33408078019629 
165.43175261474548 -165.52243988076145 
158.84197030474348 -158.93265757075946 
130.702099670686 -129.82564395887886 
18.126885190831292 -17.258879060301428 
133.16404305798775 -132.90326249814154 
203.74626611843811 -203.25787832133227 
