10.100337708674893 2.732869219868989 
222.18669756796533 -217.70075679192865 
222.18669756796533 -217.70075679192865 
10.100337708674893 2.732869219868989 
113.13865407510816 -113.22693245045024 
201.69058130540355 -200.89859503888476 
83.60273983192667 -83.69199051455769 
192.43425321317775 -192.6840219671803 
88.26077132595022 -88.50530468805746 
187.63938382762285 -187.88062309901431 
197.85030364769335 -196.40326231664068 
60.997222918964844 -59.7047358266415 
108.60237762483223 -108.76947913375278 
206.21957447871853 -206.36311586087635 
212.72071922452494 -212.89142672550585 
121.94866185614106 -118.21149908007811 
146.69297700757824 -146.92388517856995 
99.43211857487421 -99.68096512468571 
36.60139566093844 -36.84263493232989 
203.94020447542016 -204.17468573191684 
157.8397159448229 -158.08907959904042 
184.43566478366853 -184.67013999912305 
11.900798332433371 -5.729914258425823 
132.29568154145923 -132.12844958013358 
135.69457467874992 -135.81265180069158 
71.00928327342515 -70.74224639060665 
73.70625868550474 -73.95613288741808 
39.18850466271928 -39.43266790965184 
96.1140475571742 -96.34913259464724 
117.07108137084865 -117.21373659979179 
90.59081091148758 -89.1437695804349 
26.52580996773805 -26.760285183192565 
101.45700158830786 -101.41864534768807 
18.443868549921422 -17.41570615442731 
214.99528601899573 -214.6981731080764 
62.280109652850626 -62.51820908708263 
30.209473161769328 -30.2229169245475 
168.59518230837512 -168.81421855865042 
115.65396094684681 -115.8972492337663 
171.24075502916196 -169.96242093042983 
49.95293933898104 -49.80688844637923 
52.5536204360829 -52.67169755802456 
56.68405400779251 -56.76609769857397 
23.971275178966025 -23.971487994303068 
122.60325283702635 -122.33621595420784 
28.018566281532017 -28.26298694197986 
44.96393343477891 -45.21335548395637 
209.60792052794204 -209.3108076170227 
151.777336057517 -152.00596051365153 
76.21122439044869 -76.36681860137926 
137.31795957734641 -136.188311305866 
144.10448638545245 -144.33311084158697 
139.26529189171333 -139.00684869579865 
141.4312326076917 -141.53411480906982 
186.84736138229022 -186.67108670214995 
172.5544427987153 -172.6969368341948 
22.902155021839988 -23.057749232770558 
47.064592254272064 -47.30690728804352 
219.69968678382887 -216.00036722564 
10.979834223106586 -0.9131772051446694 
217.76277507176547 -215.95716777868864 
209.60792052794204 -209.3108076170227 
54.771763379138406 -54.86811622135545 
42.891017135737954 -43.1104365702939 
162.36698971219886 -162.29005527650213 
177.76066254183507 -176.99779870534826 
71.75416569600392 -71.97871924976442 
93.78571296070072 -94.0344960883042 
20.351421826405886 -19.994737073142616 
15.66930797704099 -10.776799581125132 
181.73309286443268 -181.95844468429144 
160.11939573401094 -160.36922054360065 
11.759688526177415 -1.8437643254279354 
21.11316861937092 -20.582270194288505 
16.201874681750823 -14.256934406476432 
164.863931674571 -165.0984129310677 
41.01222799813803 -41.23730347540599 
143.34918237311956 -143.5989511271221 
50.88189034848993 -51.13117180466482 
34.89519024661746 -33.639049233371 
104.27074248454142 -104.51785509800382 
17.11981567463972 -14.978987226467531 
66.64424867706927 -66.87933371454231 
163.75913774860862 -163.84743246144714 
176.31044691063133 -176.55886562203938 
149.43296497177676 -149.6615894279113 
125.7902270966285 -125.6909628866407 
149.43296497177676 -149.6615894279113 
195.49356868641104 -195.73158184825706 
129.2939932168092 -129.54283035240894 
181.5781762659228 -181.789836614057 
125.7902270966285 -125.6909628866407 
81.4681826363728 -81.71177519826855 
179.3373928910211 -179.5047076788723 
64.60825524578897 -64.70467863615363 
79.12083217191356 -79.36242884495654 
103.58439745922436 -103.80955266213226 
107.47973271507624 -107.64050989316272 
64.32810046628384 -64.53623389844326 
153.06978063045568 -153.27577009140694 
