10.104397137108556 2.323123923124543 
221.6089206955295 -217.64880723911347 
10.104397137108556 2.323123923124543 
221.6089206955295 -217.64880723911347 
182.57919645671868 -182.22126130233738 
169.60447760894075 -169.85228173620908 
177.2830158262928 -177.03916143298798 
187.68860673657323 -187.9141094953795 
193.24368314447455 -192.3879056579809 
160.20514896546015 -160.39141877232177 
89.77235236550833 -90.0153926207997 
19.531734492594246 -18.99374749405195 
175.05584251960107 -175.12341513053462 
185.5407685085984 -185.73598902563586 
58.92796791100001 -59.09206043796807 
65.24891296084516 -65.48660102359585 
163.69715471768777 -163.28239492379157 
13.74684670352535 -10.233078658861217 
207.41215398270225 -207.5382676494733 
22.13999114632408 -22.128165269968946 
220.171969763895 -216.21185630747897 
210.3489337417607 -210.37043366673856 
117.65604469079621 -116.88821828990704 
144.98722277794909 -145.23719188007018 
11.109305264976204 -3.913147408658137 
15.99664901402932 -14.242818040584005 
214.9759517339448 -214.73209734064 
142.597917742435 -142.22241584475864 
72.50071321013249 -72.75068231225359 
12.557458743848331 -7.246393117106734 
82.71885122165749 -82.53497332361822 
39.41622322094856 -39.16706994976691 
68.54960816248536 -68.60204478476066 
167.1624592983553 -167.2123052977944 
17.414228814206293 -15.873169207791914 
55.54546468751612 -55.78841740015778 
118.81978913500274 -118.6111656461625 
49.923165143948964 -49.49149873169657 
44.196076744190876 -44.40611796956884 
114.30097005219628 -113.57333755750035 
157.51788617842269 -157.74302587649836 
109.31283249103087 -109.4757603305943 
104.05198014065782 -104.30152681545151 
165.45963412209406 -165.70321306950484 
79.6043615037747 -79.76943175200779 
24.19854297757243 -24.226185900478548 
11.000205654604354 0.7101306659244457 
203.0112758670614 -203.24565536261247 
199.82599749742099 -199.57798816462622 
147.07850772423862 -147.15692392040953 
205.27911304901133 -205.46158194579095 
213.2191606128074 -211.29951342575455 
25.64905037064921 -25.89860985271536 
34.46533009942804 -34.57221276929937 
93.11606252644546 -92.34464220799872 
68.43050970935214 -68.46965314898065 
32.22147696341003 -32.38654721164313 
63.05848372096802 -63.22355396920112 
150.83349234965922 -151.01596124643885 
36.94726368115242 -37.18795581987559 
195.48757646952677 -195.53073865430406 
84.86811351863552 -84.62803023483706 
54.999508554600624 -54.75706651741588 
30.20845316435898 -29.260044179505698 
47.471015325058204 -47.113414821909195 
152.9333322839892 -153.0887823351298 
152.9333322839892 -153.0887823351298 
51.18999133025296 -51.29687400012429 
111.73804627904951 -111.36254438137314 
128.63522672340264 -128.88520640891687 
194.90936354966982 -194.0239912970868 
42.47173884113443 -42.46739610287816 
140.61348389492528 -140.3832014385375 
86.81668771237543 -86.9704987403022 
134.7033680371979 -134.9454768216039 
134.89310865277872 -135.12815534671682 
132.53820847409295 -132.1690952197336 
46.25296047308966 -46.496000728381034 
213.56415375515982 -213.63172636609337 
148.26666829358965 -148.50853190108654 
101.1946825941266 -101.44246158216457 
101.1946825941266 -101.44246158216457 
86.81668771237543 -86.9704987403022 
97.33094200502379 -97.57894881690316 
27.310473278917293 -27.551034955053673 
52.73835929252391 -52.85024129747511 
79.05561593630742 -78.81262237193982 
126.65718411341744 -126.89482305041135 
130.49122551878438 -130.73308912628127 
123.08596644301687 -123.26133611797069 
41.2263736712067 -41.33325634107804 
77.32681299461498 -77.11185465273235 
156.35843429592416 -156.57914627386154 
28.462609001985797 -28.018361023652318 
156.35843429592416 -156.57914627386154 
139.05942405888828 -139.0948794700224 
197.37321797751878 -197.6210221047871 
76.18522989939626 -76.42818261203792 
204.20602866490427 -204.19775386839368 
60.94838852323259 -61.0603719440317 
