223.21799901499085 -217.72956187302373 
10.19227240556763 0.5408793580320026 
223.21799901499085 -217.72956187302373 
10.19227240556763 0.5408793580320026 
98.6773467609274 -98.86623030351339 
90.53722822433292 -89.51214627782818 
40.37651649195931 -40.526360456727105 
175.45286266178672 -175.65899083214836 
14.636793406127648 -12.011720684574293 
118.17366012132398 -118.34433368066078 
212.51008041959264 -211.82381170649188 
137.3451066454274 -137.574177542336 
121.97244958072307 -122.08014872035382 
208.62263838511808 -208.85502234659936 
95.5389620233147 -95.7765329650006 
25.885707065526706 -26.066340858925177 
86.55666346140515 -86.68058234346216 
171.9370144935962 -171.8492976994785 
164.17219568602604 -164.35695878262254 
84.68436473138492 -84.90931485364129 
17.29276752455099 -15.90881768874875 
192.4119880112666 -192.59939373303365 
107.1659030297507 -107.4158761893352 
105.0341249389289 -105.0870067407229 
65.50601523765806 -65.67070886970245 
214.7388886257048 -214.48899305476067 
146.4890003857533 -146.7336301859894 
37.52671663675172 -37.66009174943808 
43.75802263045076 -43.94767165653514 
10.999632916711791 -3.667770962396612 
127.90551480629378 -128.14094934101124 
150.75708092229996 -150.95084007598894 
55.49701719833278 -55.73820818222409 
142.51877636209494 -142.5829851396358 
154.6536742931164 -154.81165315788186 
58.70264571412699 -58.949186132155106 
199.87241361903182 -200.11897024881378 
112.07001600079425 -111.72039937042896 
126.35113220261243 -125.73545225805455 
171.5664439401672 -169.1497960540996 
219.61175451623646 -216.59110342009103 
167.84291058692838 -167.53326588056825 
178.00332758533773 -178.1694800296059 
159.40831344064216 -159.6020725943311 
29.155727224480515 -29.392663963192213 
218.3497500632475 -215.32909896710208 
148.45209028096502 -148.6981668640375 
190.13298372297197 -188.9750730350735 
50.737836449201296 -50.45980526058037 
92.84859019055199 -93.0909293032859 
102.0464868529753 -102.20846719079975 
79.82071717757266 -80.06676967560198 
159.40831344064216 -159.6020725943311 
68.79641263643792 -69.03562731204418 
179.2267683744213 -178.9849321448422 
67.72129805120605 -67.88599168325044 
164.49804351636107 -164.700866279851 
140.1624280267563 -140.39864244505674 
61.822408560251446 -61.97786539491475 
181.54265905828106 -181.30616517527977 
113.5761331793175 -113.81868006672272 
198.22522912456301 -197.9062638681698 
11.99462458040674 -6.050827349116729 
81.6245024352705 -81.81415146135488 
23.210737452962455 -23.26654840852835 
71.08706915822358 -71.20233826328241 
202.55242114721744 -201.35078371014382 
59.88046273172512 -59.170325651615755 
132.28311711507558 -132.41821650987978 
182.3386562658573 -182.3824986266378 
52.76008781734316 -52.99722660158098 
134.92402989939805 -134.71012046602806 
32.738566105292975 -32.98661472226123 
102.60877893863248 -102.57819469009155 
157.39942777433467 -157.311710980217 
63.00969449451155 -63.207836990765266 
116.06519035109417 -115.81332150819978 
110.22196242798545 -109.38089655723988 
93.31689665126385 -93.55963879134266 
168.1909098104182 -168.25512523086545 
31.49046663164384 -31.737007049671963 
188.37451295019406 -188.6114691835544 
72.44763268372108 -71.61517530751259 
206.65440764959004 -206.90227045983 
157.19170434079336 -156.06707385329636 
194.32486568943713 -194.51862484312608 
36.31639501652953 -35.736111445243914 
196.65180050664668 -196.90053284273645 
46.894131402868496 -47.04123540109396 
202.97910810394933 -203.22894871290123 
124.59052302821571 -123.88767705746908 
77.42802567380637 -77.05785894401029 
12.815410265099883 -8.176435999348213 
184.32925489800837 -184.51113189942106 
150.47872290898692 -150.7252795387689 
123.5616639893937 -123.80771648742301 
140.62497266032042 -140.81969414366276 
204.27550836807313 -204.4999620879622 
49.47086512241286 -49.46494779243433 
133.32537485875764 -133.09333843678212 
