10.101676131715205 2.650286279169908 
223.0385416754118 -217.73736700549634 
10.101676131715205 2.650286279169908 
223.0385416754118 -217.73736700549634 
170.10047784327094 -170.3022829608891 
165.75565856112553 -165.99950806422498 
173.2541446666588 -171.9973188558283 
176.21343856198175 -176.46340848341802 
83.63387518700688 -83.84408955027077 
147.8148875759314 -147.99181699311313 
209.3955653724662 -209.62514043479138 
104.13230176158672 -104.11720813705796 
189.04143587784682 -189.17957511101417 
114.43228084500691 -114.67226390436576 
17.75362244219975 -16.626883928242556 
86.94871177533592 -87.11092325058706 
29.578420432788565 -29.622567733543956 
53.83327055911874 -53.327223179541235 
27.279936085635104 -27.528535255721536 
13.44193824080296 -8.205690906326051 
11.753297986316968 -3.8448534692027243 
122.64755342285963 -122.69802092747436 
73.32699858932256 -72.05511680601862 
110.98821465502189 -111.15661004334466 
90.96541151518797 -91.21287393326658 
154.99060659824787 -155.0919542416121 
219.81781698876665 -216.09285275059463 
81.68167772083356 -80.67868824588255 
214.9273380998336 -212.16166173812036 
21.787313032504795 -21.097502448886363 
216.10209944828912 -215.64355127935843 
49.95382299695481 -49.861991323373495 
206.0360756856894 -206.13226936752642 
68.28434550755988 -68.3421937596022 
125.09937801551114 -125.30959237877502 
43.3398833507152 -43.58880321396836 
194.55226279972482 -194.68727813639515 
211.32457450883442 -211.43462755805245 
10.903037668379449 -1.2978051672702913 
185.96492984917052 -186.07755984504382 
136.91101481593924 -137.0039235758921 
141.6685433779209 -141.898958297765 
158.15716157375124 -158.4061108546623 
15.116470617012364 -12.814617411380567 
100.01046810253993 -100.15190242713047 
135.5026573429095 -134.9887373518921 
46.1328117168849 -46.14406358032515 
129.9467328200651 -130.03665992292935 
152.6089199682901 -152.852744279696 
180.7255781495013 -180.9263442109454 
102.14752202988906 -102.3101482417515 
196.30931260030974 -196.52681422958418 
25.13643579097682 -24.544567289744172 
132.68468841812683 -132.75302949731758 
117.63441106830324 -117.82196973116837 
41.9456613478752 -42.005196589519265 
157.2058820147661 -157.36809349001723 
34.35874468490155 -34.270688024047416 
17.637143658719634 -15.285514509262766 
192.29595168928557 -192.41241379630128 
199.82947794778866 -200.0096867284725 
108.58514158511383 -108.8344726456424 
202.6233433669392 -201.65520285551628 
14.061501195004531 -11.127436766539258 
139.1272201652116 -139.3695312792697 
178.69883787070586 -178.816887050199 
161.27945740458145 -161.08638186663933 
32.089639179277796 -32.338449219898415 
36.979124796676714 -37.22610112725843 
40.131056342656215 -40.21899441976989 
75.40990918804602 -75.65526117930654 
143.96060323846004 -144.06466549926625 
120.52125603065308 -120.16939773942025 
183.39377660217897 -182.43198396223977 
108.58514158511383 -108.8344726456424 
61.24901452232716 -61.47942944217125 
70.35720144427124 -70.49221678094156 
140.16709255445124 -139.93546325321648 
133.30131221093336 -133.31182189171193 
197.84990443450985 -198.0891362432869 
116.16427155281224 -116.21987623011087 
151.41207458053663 -151.50270272878953 
66.15943060313242 -66.01991440813394 
22.46626584428345 -22.510369804441016 
95.50001698747236 -95.47544757809483 
205.32235916142773 -204.98075352251766 
110.33217449455219 -109.60905186932797 
24.37143266344244 -23.779564162209795 
98.82251617480242 -97.98692811164901 
151.41207458053663 -151.50270272878953 
95.50001698747236 -95.47544757809483 
120.53497736371492 -120.55820574388038 
57.23810984137299 -57.3053579750031 
79.15430188923887 -79.27686279769567 
191.11695802075724 -191.28094681287038 
70.92682009915433 -70.834988425573 
88.61761620980964 -88.74828260263723 
89.18888444882676 -89.39909881209064 
60.00906445389275 -60.19763685836567 
127.31894886158875 -126.60208746585793 
