221.68378385416003 -217.6589197510056 
10.101775214766086 2.8276801505216804 
221.68378385416003 -217.6589197510056 
10.101775214766086 2.8276801505216804 
83.00052964844582 -82.52521341137819 
147.25161836186496 -147.46115771868048 
151.77294920494262 -151.9756474768812 
212.30158781234516 -212.3092920484733 
78.8285210712231 -78.2641539280629 
127.10368788603623 -127.22121058640015 
209.35805017438585 -209.3102869114908 
194.13257328081806 -194.07718647556638 
199.08800468997129 -199.02741703579346 
39.772937805482144 -39.72519141653682 
168.98434665456116 -168.93393767133554 
47.146134724024215 -47.34137051221434 
216.59947697617713 -215.28831920672584 
206.77606155835045 -207.01183296239418 
130.50486377222745 -130.53301715176252 
14.906993668557693 -10.904563703946472 
93.48902939720075 -92.72356555966283 
89.4445170783935 -89.66644792984349 
12.829169593010308 -8.881144923141235 
19.49768516473616 -19.119287846392755 
44.7597956838847 -44.98000662104549 
67.87565235014553 -68.07088813833565 
177.03523444607617 -177.17227908948402 
202.11603310424195 -202.22770679756061 
104.95877164166949 -104.28119254272906 
107.47787662181375 -107.72778365504527 
185.59515379883038 -185.06016644032474 
125.06772206736645 -124.93043776242415 
86.18385754674337 -85.64777422895101 
37.46797745121478 -37.69076725283323 
16.453442764699428 -14.75341594504949 
187.7179009913815 -187.96428783649623 
165.54384672417817 -165.37457038349507 
23.546630636351924 -22.854010542892688 
174.77837141289754 -174.97662415782693 
17.278790152546247 -16.31253605522487 
86.63417701993353 -86.73221212149582 
91.17567885091947 -91.12526986769386 
137.14280142066949 -135.86019633684342 
11.852115859024899 -5.002691123700869 
154.09669983748748 -154.19463090499502 
191.2677582817391 -191.43306352030953 
170.57258352882982 -170.5909460167196 
155.33712454113572 -155.34915515233843 
204.6920508726608 -204.16856753862788 
65.95913862236578 -66.07497515367663 
141.1142695509081 -141.05858304458488 
138.20927267931035 -137.67365229520348 
143.91622571566555 -142.08231272558504 
11.461003229731158 -3.1385841802045267 
139.6940943987268 -139.79942274472512 
71.99940956958284 -72.23629364547375 
163.90572496003756 -163.94273594487595 
71.99940956958284 -72.23629364547375 
144.60852909183834 -144.85762497725227 
113.90838289843623 -113.79781449917343 
74.0852368473363 -74.3221209232272 
54.76111407030291 -55.009226169971654 
103.47039210490749 -103.41430701289383 
95.75506694525053 -95.71316154927891 
157.475008841268 -157.72369417049194 
51.13781852868486 -50.76921413670352 
24.94375290140257 -24.99767219980879 
49.86481209976017 -49.85670552968418 
120.56236821360157 -120.12712166451803 
172.42932950826753 -172.4092846457752 
56.20197875643326 -56.42206281326288 
33.80490147713532 -33.50767867221305 
196.59048331781696 -196.74971471902256 
161.9673763191944 -162.13002099964402 
97.26817309976246 -97.33915695521397 
122.1994674171641 -122.40256341755693 
123.00176583174245 -123.1134395250611 
183.74266305918246 -183.67402198788324 
62.29497637103881 -61.47257406953758 
42.698353341748955 -42.93841367020066 
63.74448039175419 -63.99259249142293 
181.54022891946482 -180.56631083306584 
77.05074021954431 -77.18825590593995 
57.564606494382815 -57.804681828496335 
220.05095446136312 -216.52933700552467 
42.698353341748955 -42.93841367020066 
173.26451398520408 -173.5113531100398 
32.174195120852985 -31.481575027393752 
196.7796586610006 -196.92665711403436 
112.12595819163438 -112.05873196807939 
218.32777533228804 -216.03899260005 
25.93253681744934 -26.157862090371346 
115.78793961623431 -115.52023425512083 
109.54714843355961 -107.97103363586112 
109.98697657371024 -109.90484051128198 
35.74581491007402 -35.99566843681354 
99.34032994577287 -98.19165172002712 
101.57816537894395 -101.77340116713407 
190.70695910852385 -190.57693943480172 
21.282182978532866 -21.205852128554184 
