10.12005975015742 3.5560841260095852 
223.45317959792828 -217.72749289733005 
10.12005975015742 3.5560841260095852 
223.45317959792828 -217.72749289733005 
89.45013330066942 -89.43015772394882 
85.47854431510012 -85.45856873837953 
110.66382932119485 -110.56289918557796 
93.65121213986697 -92.48552452968207 
114.72712572674969 -114.90243800042548 
116.17020657626395 -116.41962054173327 
81.5036197929025 -81.56025746704702 
120.53914378063917 -120.43821364502227 
78.0096868492042 -77.37156512403287 
59.23951234497447 -59.41580577104392 
33.94478732129025 -33.96004459088317 
46.4281312016911 -46.58881798041425 
97.88788108605586 -97.42497357231977 
64.43253497824713 -63.98151821060443 
159.8135132407689 -159.9548259746945 
200.4741444734735 -200.69313099595348 
126.89221074575232 -126.56689633797376 
43.30444851568224 -43.5482222373517 
156.48779300102 -156.7372069664893 
10.917483239243685 -0.1315434540813074 
203.7847352235405 -204.03430218067902 
29.975864923692754 -29.574961669786752 
185.60108713803282 -184.939372379583 
95.34586299124469 -95.2449328556278 
132.98271275886208 -133.1590061849315 
218.19430962851553 -216.65617994774885 
11.337986322540083 -5.002475361605695 
172.46378292242417 -172.6912575439813 
17.172553700190576 -13.571068967103923 
13.298439936331029 -6.603507602401681 
168.78859830814787 -168.85441343861208 
48.68225248760767 -48.62087462255789 
17.732444478433795 -16.560603522571498 
83.24938186516609 -83.49334124633712 
23.19351150246496 -23.369418504483242 
26.1681437569888 -26.412341605489 
149.0800983270874 -148.88870854470645 
191.04516132657366 -191.25433199020267 
54.73135362613641 -54.95386217837634 
213.4020861359341 -213.5433988698597 
38.37758806656241 -38.60807850777837 
129.79623102367137 -129.72864040752614 
192.09169747217285 -192.34114312413695 
70.96794930618316 -71.21662739062279 
19.56950569634823 -19.16860244244223 
175.35185616725119 -175.25092603163426 
73.44888896673982 -73.38129835059458 
130.48962223780939 -129.87671347628154 
76.18150703213158 -76.12687702628655 
165.7939676467552 -165.9749405806839 
50.41893391057238 -50.53823073762747 
222.9330594194638 -217.38954511523085 
188.60030785772975 -188.00350098721293 
205.2777494230097 -205.49084981072684 
40.534818154565976 -40.68624938418954 
106.15938185603822 -106.28774246713733 
102.18068669826546 -102.41781689930136 
182.5224821128592 -182.00885861011866 
188.30790354018026 -187.61550300780002 
15.087475182975846 -10.746968077130603 
183.5754610363694 -182.97816042718543 
52.69224166184757 -52.94100233756954 
140.23541271628704 -140.48203284477137 
14.16027232388981 -10.558787590803155 
100.61922663156867 -100.07785369811754 
124.97120300871731 -124.87027287310042 
208.05241554985028 -208.28335326156474 
41.59857957864108 -41.73801104901531 
194.54200860508422 -194.5220330283636 
206.96860240388995 -207.20654942531021 
209.9311232858074 -209.8931105167067 
74.29404248185827 -74.53807003976556 
174.36276495769178 -174.36565518530338 
109.38545374917511 -108.28345735804007 
177.56771066791651 -177.81712463338582 
104.91734394403147 -104.6869370428781 
107.8259193140336 -107.98369766639127 
135.59166481111475 -135.8037685464858 
134.4980474142025 -134.72799824339396 
169.93669353673084 -170.1463873296836 
209.9311232858074 -209.8931105167067 
103.51909678825511 -103.65328206344712 
138.25301297727233 -138.23303740055172 
22.29084309361388 -22.434262127094627 
150.73223606396465 -150.98165002943395 
36.97021740469642 -37.190366057971374 
67.52004338511667 -67.75411610127861 
146.82240579183494 -147.07181975730424 
52.195854878983056 -51.516118195797574 
146.58416153216027 -146.64720845791362 
123.83878125899545 -123.96700883939357 
155.29385345565169 -154.8130302540443 
142.50560342327435 -142.2529136087763 
163.44908149190474 -163.39756510534994 
180.21394186258703 -180.2734913748392 
213.49926139217928 -213.64057412610487 
