10.12000627362921 3.281970078084985 
221.9409684086054 -217.69122528038548 
10.12000627362921 3.281970078084985 
221.9409684086054 -217.69122528038548 
68.68013157586344 -68.87866808145318 
116.47098574667535 -116.71984120360223 
15.451989775241476 -8.970319335147488 
46.716335560313084 -46.96496421635133 
127.817726318276 -128.06747286437488 
19.623508430814447 -19.121796457128497 
50.60509428040977 -50.6183245585089 
77.66618579029972 -77.86619560457495 
79.84942921045456 -79.89756536758487 
155.65291072535808 -155.78028438436564 
131.67906745554382 -131.81547513260182 
145.64761226751534 -145.78689570850173 
64.63702975113844 -64.88699676135774 
177.28340950232462 -177.46786728394503 
201.83212838952207 -202.0820746574936 
25.413048904697135 -25.53092344460326 
88.43300054045369 -87.76179633238598 
10.46640422767654 -1.2603384249611773 
179.68194858584798 -179.405096429115 
150.90892730048816 -150.63207514375517 
58.313540642488434 -57.986188410404765 
140.04020250909872 -140.17866919151373 
91.47512458527414 -91.50843704863755 
40.77289762074658 -40.91212981452155 
175.7647101814301 -173.8047411059507 
212.36714652900966 -212.1235224806361 
12.951187310856284 -7.111080408372325 
120.2425328334279 -120.41498521187674 
135.8726987818113 -135.39177816826677 
11.244007282244008 -4.762336842150019 
16.778572802529688 -15.345837624678706 
61.71018630944035 -61.4379751603426 
159.5897214778675 -159.810720502327 
181.95561131252143 -181.69292088018892 
23.401521561336764 -23.306429601735793 
148.46720973283414 -148.4640965147811 
71.50004568808767 -71.26308564504666 
199.2509806583457 -199.49956589155008 
112.87438784335606 -112.80249175550469 
101.24427407142457 -101.49402061752345 
123.26991111689219 -123.1247746900299 
132.9054332387547 -132.93354751289974 
154.28584948665622 -154.0766350623433 
107.19574307500181 -107.22041552552707 
118.93388728000936 -119.10344034488276 
82.97728745814756 -83.07369169387287 
195.8147463898892 -194.75464116800745 
27.913430704454562 -28.10001741889856 
54.213666229791706 -54.00856211171249 
218.38874576217205 -216.77047334145314 
163.5097956898186 -163.64588843745548 
34.703646804613165 -34.84287899838813 
52.33442367622041 -52.47365586999537 
32.79135592445388 -32.818792848794324 
74.44753114438645 -74.63462091993698 
98.00786971409107 -98.25672155968306 
143.69036186613866 -143.45340182309764 
99.52451613065269 -99.25860805051568 
206.54854173749243 -206.7351335295148 
43.28527760268749 -42.74782597709947 
109.93201100402015 -109.92825454035852 
213.83836996992983 -213.9657436289374 
137.45664517726675 -137.59305285432475 
73.33674530555186 -72.11899702068182 
18.134051972591863 -17.275513480194448 
186.40307605599298 -186.65282611675286 
94.61685210872172 -94.22122068473102 
92.54288563681962 -92.26603348008665 
44.66270249160424 -44.82915865662939 
38.651847434304486 -38.85321522273474 
208.33488904821834 -208.2734059345746 
104.0903429763446 -104.34008816403774 
209.8877468615305 -209.48497792068844 
95.985925145158 -96.22777845172617 
196.8293490536311 -196.6004353907824 
166.8954234612791 -166.9483285091092 
198.10792979381597 -197.87901613096727 
125.92379863968974 -126.17238387289413 
56.02995895334268 -56.01683878703103 
161.99469378040035 -161.03170883224442 
190.16369687651968 -189.9109789902196 
187.68774260586065 -187.61028646669772 
203.8974142130326 -204.10944591720266 
188.89367305371152 -189.06322611858494 
184.9523208636099 -184.3564303043637 
112.22052489266815 -112.06744587839623 
142.62493271256133 -141.0245971893269 
183.8131067887464 -183.40118643138698 
165.95967025652496 -165.8222655118184 
31.235608524498623 -31.33378148928604 
149.7750612891084 -149.7038906266405 
64.01919743136766 -64.006077265056 
221.69893809347695 -217.52650681374882 
110.27503806605054 -110.31246917184919 
124.44840876149037 -124.03964072546803 
216.12410461573134 -214.50799928440983 
