10.102760789631935 2.911616382858493 
223.18163342013378 -217.7294278281724 
223.18163342013378 -217.7294278281724 
10.102760789631935 2.911616382858493 
77.88579463252725 -78.08168044062944 
171.5745182417573 -171.80969168994267 
137.1888993895007 -137.29613913345605 
222.37695761862466 -216.92475202666327 
117.15617499332608 -117.35875776072001 
132.77426023729447 -132.11460606464098 
145.1377737334699 -145.14498927692736 
175.1335355984428 -175.3561002407049 
15.75560461050781 -12.002774445428182 
87.85866733416708 -87.95128497156425 
80.66270932375683 -80.85242705977495 
73.748067332252 -73.94395314035418 
198.39798244633113 -198.64371846780884 
154.148406271666 -154.3569529429626 
12.871334258708428 -8.954912658204783 
85.04052604544692 -85.24310881284086 
179.6682878739559 -179.84248358889516 
202.63405723752007 -202.88066335063542 
10.771974325610714 -3.0032564364432597 
95.19249359405389 -95.35696125100654 
129.13574588244916 -129.09168095106304 
168.3835690228866 -168.59263687362045 
149.2193947635684 -149.41234632381392 
120.90787579957328 -120.66708957376568 
82.98981997221253 -83.17228862744966 
214.25718056880996 -214.2627810931829 
98.31658546478565 -98.56252589933587 
90.43954908276966 -90.18813247944846 
126.06460518742837 -126.07072687639624 
26.48427291444294 -26.685191482859427 
12.187914022397571 -5.856538293316383 
58.332675587316395 -58.478277865171805 
22.933032974763556 -22.7057675696555 
185.1721098876211 -185.3679956957233 
24.807443376745418 -25.00525500619108 
187.4005607383515 -187.64856648195382 
49.015816833818945 -49.26515673206211 
157.5246674877277 -157.21042237641208 
193.92272719746632 -194.02312300094727 
209.92584950930367 -210.17158553078139 
91.91431887468408 -92.16353478368023 
109.45201875742775 -107.53713323503064 
122.93390807457277 -122.90429256752952 
68.63824260382616 -68.88747475965144 
167.07516936529984 -167.23365037881152 
195.79819568342904 -195.80048385667467 
10.409581933105578 1.7138203187134549 
18.980449592220953 -17.206212652754342 
114.6439902055962 -114.59992527421007 
94.2643205710007 -93.34969868618323 
111.28091257709997 -111.25129707005674 
140.51299890167317 -140.75824849730236 
125.02505799204427 -124.99553234169196 
60.79253088366903 -60.8816913588001 
21.201539823696123 -20.819712266262506 
67.1678902286941 -67.1251881743984 
142.22347528381286 -142.41722570102334 
183.6210146758408 -183.75142510778346 
113.97837411560099 -114.05816041065827 
28.780209637840684 -29.02985356851952 
20.143485725822288 -19.22764601576409 
151.2543237755097 -151.50226452916922 
191.56753870047018 -191.81576611541976 
152.43122461038143 -152.64264440318647 
43.8084632367472 -43.85506799777532 
73.70427076765559 -72.4994796953523 
143.53802416050192 -143.7581722930618 
42.72307336328349 -42.8506897443237 
29.37350197018215 -29.622841868425322 
200.80963466764513 -200.51421431177164 
111.57976136142432 -111.8087523844583 
99.45951864992716 -99.65625906606346 
33.859215802946544 -33.873046949319054 
31.58817591090828 -31.77428031679872 
70.89845122371776 -71.14439026455264 
35.79651599950032 -36.04425021620124 
101.04941085908584 -101.24635280826394 
158.97012667448675 -158.9405111674435 
61.94783353426767 -61.11476468421531 
164.63287312294858 -164.70914607807546 
177.07416001346095 -177.3231555191731 
55.01251346460428 -55.140129845644495 
181.87982871557958 -182.07808451128162 
16.941637025132547 -15.703195979246512 
165.22754880559464 -165.1980231552423 
160.47349483671493 -160.59559860894885 
40.577001522592894 -40.344826446325264 
39.060055630233045 -38.22698678018069 
206.00823135730366 -206.0989318382573 
47.40159428764653 -47.15701415051698 
189.0714966425556 -188.83477070548773 
41.21718502191253 -40.879810359931845 
70.58992172426849 -70.29656913418214 
57.08596973234903 -56.79642633541092 
211.80866123146058 -211.86738141551558 
50.82835552467767 -51.07754290548286 
