10.11193429407416 3.3314350850649825 
223.38593433570037 -217.71381476440666 
223.38593433570037 -217.71381476440666 
10.11193429407416 3.3314350850649825 
205.22697991429155 -205.07155326016908 
18.157392368050004 -17.48532086921436 
95.68834159404219 -95.13033566044444 
215.70110202589612 -213.8642981833651 
17.120278601195153 -14.869446761125278 
70.51483174956604 -69.77571734344929 
22.433871953643692 -22.58158971217355 
211.6125339692887 -209.7463224768341 
217.86345737717153 -216.1441164334324 
164.72955700753585 -164.9754183108139 
99.7032379533427 -98.7317602679285 
33.93317180547554 -34.056097594642324 
13.421099667745914 -9.570317036274268 
29.290053819644292 -29.390362882112072 
176.87026538193896 -177.11904317719643 
147.33730657798992 -147.3772566617107 
152.610152507048 -152.85935887182046 
64.21275085531809 -64.41645482462395 
109.81322761467386 -109.0004892306356 
10.56845010667055 -1.2221751652286228 
54.65678202681791 -54.89678222576934 
105.96494748406381 -106.14667685967059 
127.7826413015828 -126.9773474800493 
86.8095465209593 -87.05001034329842 
72.81867841692221 -73.06788478169466 
198.8826508878891 -199.1098287996479 
180.06289949216927 -177.87614995868523 
100.67407335799219 -100.81438638285411 
144.66602228455014 -144.84077552831843 
11.63428148138737 -4.285319113513255 
201.49616963328376 -201.31123467648368 
190.1788888165083 -190.33997878477678 
84.76505173459839 -84.82107599501364 
193.53037405955683 -193.70511777512093 
52.93192686620047 -53.18113323097292 
140.1197467002716 -140.1594513194031 
168.21525734989908 -168.45022457246682 
223.07837713392172 -217.406257562628 
132.32989530070256 -132.5402020863016 
117.47754204959212 -117.70820217973123 
157.33552475795062 -157.36256623358702 
195.99883393690092 -196.07795384418063 
49.908649510859036 -50.15785587563148 
174.018562689018 -174.03403632063905 
92.64898437600158 -92.87964450614069 
173.60836453937202 -173.5910803858024 
124.99383054390256 -125.13263051159748 
188.25196057973656 -187.8902953573911 
113.73909318370796 -112.74098760022832 
143.31411532114043 -143.49895155523032 
142.26343478558564 -140.67218450872306 
208.0150552001098 -208.08558910814241 
121.32881378059375 -121.5763143604334 
130.53414920589574 -128.27534469763825 
34.91477634142346 -34.30516051808746 
61.260557638884436 -60.21749023393214 
57.44922218509133 -57.689222384042765 
66.98460222514825 -67.21446990517182 
149.7880530005558 -149.8280030842766 
170.86250254451923 -170.5228832742854 
137.61239769642756 -137.8616040612 
115.8777848385676 -116.1190292318291 
47.52517412529238 -47.64498955096521 
103.06062574256615 -103.3064870458442 
79.4951252465562 -79.07656333811626 
50.86175468413879 -51.11096104891123 
186.90765019652952 -186.9834865518344 
130.69311459824416 -130.5089745454767 
37.13349337809941 -37.22166136351724 
182.98801030674844 -183.0944962934197 
135.12987670237283 -135.3572778738512 
159.51835151720152 -159.5816878661569 
89.20000925180472 -88.78937208558419 
12.573281870131341 -7.167985041152185 
134.02731991052525 -134.2762341937411 
155.80886211530404 -154.2898219641066 
66.9094831951648 -67.15868955993724 
162.8695014627804 -162.9698105252482 
23.54558899246141 -23.520342644469558 
41.934866720659166 -41.89474651454 
122.99453719836457 -123.00584681651324 
74.87519118580053 -75.1237499931442 
161.43073645462994 -161.5650701173456 
180.9266780833289 -181.15407925480727 
46.885264190609774 -47.12580223183838 
136.98283659208977 -137.21780381465751 
26.78163251928013 -26.976214186993936 
185.04549379574146 -185.07399640131493 
149.69469551649246 -149.53926886237002 
77.36815381932414 -76.45195075593897 
201.29383850921081 -201.14264108894213 
155.39681082147985 -153.69875867708674 
209.11890705395334 -209.0902285495231 
43.35346473412412 -43.59282959743507 
168.66014885887006 -168.50895143860137 
158.52468305377374 -158.58725033952703 
