222.6044381821768 -217.7307402716419 
10.109246764260531 2.360327995343434 
10.109246764260531 2.360327995343434 
222.6044381821768 -217.7307402716419 
161.93059046327403 -162.02964040770365 
205.09555367836262 -205.06219175004955 
216.82771040668095 -215.6339936820375 
209.5837475847918 -208.39003086014833 
44.125189688426886 -43.67849596975266 
16.495134790611136 -14.860022250293085 
50.82250938384543 -49.00901972868738 
97.31440791161432 -97.51771088697825 
187.69513578686082 -186.0989392425983 
158.7771236580122 -159.00652666683155 
111.54168826945703 -111.71271944529347 
71.64532171953513 -71.89349373435866 
52.677635564754 -52.803371992516176 
63.79850671486297 -63.685241226790055 
176.52775848071977 -175.64300952230099 
202.34152481700394 -202.5203431746986 
41.880879492246464 -41.380315980189245 
12.444682418358035 -7.776366349225026 
94.51616453162302 -94.52321311846228 
132.91349054448682 -133.1604055436119 
168.29472241394862 -168.54433660226522 
124.81648487599668 -124.97241938242621 
196.6814040146434 -196.78616564604522 
99.79148742017311 -100.03375165307772 
39.21042164550721 -39.44277810799382 
178.10837391772984 -178.35822923218515 
214.06276669711454 -214.16927262707094 
78.54503091913112 -78.70059128746215 
19.944032950920437 -18.22802841614285 
185.0554085464187 -184.35415300615745 
104.76782787140205 -104.9914459813069 
170.1206558682847 -170.36987271905696 
23.831689850185683 -23.954304416447282 
134.7223616478327 -134.81867793475044 
74.58286988528545 -74.70866232345014 
81.80704683106076 -81.94141506977161 
37.89107334391812 -36.97255357400252 
61.989249630161666 -62.21985923328173 
116.50294214370096 -116.33428819144868 
47.20584737403452 -47.45384775103787 
130.25402664297894 -130.50055501918254 
200.0113618355357 -199.6033205404833 
138.98354145338334 -139.02732133431792 
190.02622705931083 -190.16770285431124 
109.40745463472174 -108.6931234986012 
13.878055169701026 -11.04353383085004 
118.68357568561979 -118.20309742659774 
183.47199711020085 -182.30569056467203 
212.0773112033004 -212.25602372173745 
165.80342185861537 -165.9436838920591 
107.83563754233548 -108.06184766204639 
142.04789502796234 -141.3783077815517 
14.776743903727041 -12.26773783425341 
12.040944878278907 -3.663878325453936 
69.68176264530204 -69.75300198535717 
165.80342185861537 -165.9436838920591 
11.360204691002918 -2.3729759571975677 
75.53041410127935 -75.73371707664327 
211.67704327381773 -210.01641033194088 
27.582164954923638 -27.832162606360047 
83.43998729789641 -83.68877842322141 
114.45971058280375 -113.77139750342158 
101.54558307739165 -101.70155860636848 
29.861897998896154 -30.08815879061836 
88.91926386837355 -89.0162852118222 
30.670658884872783 -30.911531607091412 
173.37478925017314 -173.62404113818025 
77.76888815046406 -77.86590949391271 
10.39290818546696 1.0891519083590264 
86.39743424727978 -86.48344209610336 
146.2600993246058 -146.43113050044226 
85.39755036357847 -85.64693255781233 
129.2699621027321 -129.44099327856858 
172.18088055452176 -172.40435309353617 
192.83683862559258 -193.08672778309256 
33.05717230975828 -32.9535449371556 
26.13513732606438 -26.195385510979584 
140.43875192494474 -140.48897383759964 
60.135791484781635 -59.90347393213827 
151.68033521632776 -151.14037763547987 
123.04867332422417 -123.26124082589723 
127.87314162521395 -127.15804117233704 
182.18476193101543 -180.58856538675292 
156.57468611500343 -156.78705533845755 
154.1630823281981 -152.3090934683883 
200.45970300974213 -200.34706335241145 
22.273570042428645 -22.310409254253955 
119.80403158679984 -119.75217107994399 
143.55467611045682 -143.79932906200295 
88.33545563396774 -88.5251618212694 
194.3167028719864 -194.50510571844436 
191.47871432485957 -191.70352007730165 
120.86787731983655 -121.0914954297414 
102.93918307838922 -103.09511758481875 
57.01848224322064 -57.221785218584564 
54.65076047576059 -54.90014266999445 
