222.97741676248975 -217.72389703424113 
222.97741676248975 -217.72389703424113 
10.104940281618731 3.0448917868623377 
211.09877308520595 -211.2960477157381 
173.65916285580855 -173.71667247730068 
215.70348736926024 -214.85547711811967 
10.819987370808587 -2.6626948571327254 
163.4403303637167 -163.56711585565552 
169.289867703477 -169.1666286298916 
120.45375795739824 -120.53045469296819 
24.19398796261466 -24.417034956056792 
143.6550199922303 -143.5260630627645 
219.18386787875045 -216.88060542831496 
158.91073467545849 -159.11303990445418 
18.15731437554172 -17.21188679068036 
122.66709358069129 -122.19746459911508 
39.28374149587436 -38.97535436582362 
20.894484755672472 -20.52893112743 
176.06322015902234 -176.2295698940855 
184.81526764900724 -184.79818866145035 
77.1076677267927 -77.18999269572811 
182.76612873969262 -181.69587399067217 
205.93698366926205 -205.40762015751216 
36.45026932658938 -35.373571524742175 
47.70698458464662 -47.93539857162219 
99.89529429126928 -99.9660917495631 
61.58406646394163 -61.80093056384062 
14.037491821841684 -11.32090928954553 
131.98733531856413 -132.18905382359594 
89.02565097693761 -89.10587954868282 
59.781582334963815 -59.912806979117036 
32.87115991251112 -33.101147596668625 
12.686150768461882 -8.012041636415129 
193.2957181557249 -193.11412347165285 
78.67479981140055 -78.89418552346112 
205.93698366926205 -205.40762015751216 
45.08742229048936 -45.33577886186028 
16.250435372814735 -13.428348013853206 
74.69369952891003 -74.66743660954289 
190.59446475489727 -190.79583298188626 
201.12666368924687 -201.36064969867522 
52.533782604980075 -51.74642072080408 
152.12982964683806 -152.37702871214248 
30.945606554926286 -31.03030523367611 
179.62500681173674 -179.65638229162536 
42.54097509603453 -42.41251766724403 
127.16403454394525 -127.38600978232797 
134.93958956977053 -132.8276387820326 
116.36655216463075 -116.58060142568225 
154.8068517376368 -154.0877488962184 
26.616837261054545 -25.646603299016697 
125.40672167136233 -125.0756856614083 
104.9360754043453 -105.05613983752819 
20.289819494003723 -19.344391909142367 
146.04759519159225 -146.21103826822355 
49.940307536670694 -49.77632928188352 
116.36655216463075 -116.58060142568225 
129.21344949491396 -129.27549936745928 
138.06352879655012 -138.26895198226094 
199.80496169622734 -199.09854065263488 
177.796259455661 -178.0434585209654 
130.0799143658681 -130.3110850459651 
90.66096485795164 -90.72301473049698 
81.97732546893867 -81.93851257097364 
140.72570528145903 -140.97459125679728 
87.16059644199298 -86.61497603948524 
107.92034895671264 -107.3103722013749 
86.34956731693042 -86.21691852674024 
189.98779344071954 -189.58656002930462 
165.86887557827674 -164.45668405234233 
104.24936239941704 -103.502306662585 
135.2369126333326 -135.28968633238586 
136.52011953191666 -136.5767319190897 
106.89094175185018 -106.961739210144 
187.92456758243796 -188.0061196096588 
45.98279784027735 -46.01417332016595 
140.72570528145903 -140.97459125679728 
53.97896395124624 -54.19834966330682 
183.643109701695 -183.83758381372456 
63.55996774911337 -63.69754697649359 
93.3159842190939 -93.44720886324711 
202.78191504640986 -202.9003542678564 
73.24899835124715 -72.2741492159418 
64.1861730945966 -64.27647869485057 
27.235096748372285 -27.48496032304541 
57.97184858316945 -58.19382382155217 
84.13208034867515 -84.1274132570777 
55.967973171218475 -56.092243303824304 
95.59786374684779 -95.56624762567213 
93.3159842190939 -93.44720886324711 
149.28862633557412 -149.45738298513902 
187.92456758243796 -188.0061196096588 
70.75152937917093 -70.91039920314788 
28.54200489567222 -28.66879038761103 
12.693145865863166 -8.01903673381641 
109.59698365748486 -109.81852786058984 
155.70871620556295 -154.92135432138696 
50.65169686027632 -50.87313274806171 
194.18314026568027 -194.35640720947805 
167.5435452034499 -167.76492629959878 
