223.31964411997686 -217.73287641606214 
10.107734253447191 2.8911019448776365 
223.31964411997686 -217.73287641606214 
10.107734253447191 2.8911019448776365 
206.89576456081994 -207.10126055495266 
69.95733749449349 -69.93380901513505 
105.90849670359162 -105.18065625162858 
132.60626325780675 -132.8551877673263 
128.59094901069452 -128.83990312925846 
181.148101048514 -180.38895937042707 
193.0720299739573 -193.3217839313625 
74.00678840859518 -74.24775857393304 
113.21156122805851 -112.9232262182953 
119.41052497093115 -119.66021480182764 
177.446778937246 -177.58948873061138 
56.37816780774206 -56.36830246111746 
102.51147397409913 -102.75939371111679 
211.9216920368453 -212.16728985963155 
59.640127290933904 -59.6303655021433 
217.10885571413417 -216.0554717152312 
161.43939652496027 -161.67211468447422 
115.44067530588725 -115.69065976155704 
211.9216920368453 -212.16728985963155 
20.888303015244773 -19.744741173176173 
97.27310628893736 -96.54526583697431 
183.33387911182328 -183.5549882131775 
189.14453520813544 -189.3945196638052 
141.34260688623763 -141.5771235457842 
168.37677533819328 -168.25852761990416 
10.534155778434839 -1.7837719893526582 
159.57693402856518 -159.82616278571047 
185.2133784510304 -185.02416870526832 
146.84205619688197 -147.07603248180138 
109.9526234633429 -110.19822128612915 
54.45575928382739 -54.12483971092486 
42.177721612481136 -41.89971400143098 
117.86286054438382 -117.70594121812027 
124.90862333879728 -124.90069738119946 
23.24554300002069 -22.72246884017423 
127.44442376698939 -126.06901713319277 
151.47729095859052 -151.71180761813704 
27.201491914716506 -27.42880684151759 
164.34535052521727 -164.59533498088703 
187.38185635035757 -187.58735234449028 
30.001497844798127 -30.251326396015646 
90.0317327436884 -90.13464595738384 
48.1306538205032 -47.24440029749266 
52.464260836499406 -52.44084694109184 
81.87326643341589 -81.80999306488677 
221.9616572622901 -216.8429116927852 
17.35352785721107 -15.66385684375901 
144.1023682375757 -143.95463792249868 
33.68710462073195 -33.17289405981572 
170.85485722785356 -171.07596632920777 
124.90862333879728 -124.90069738119946 
39.4755481013902 -37.8913797325858 
40.9187172351227 -40.60715340877404 
136.3517588849789 -136.59370900463483 
194.82300355740117 -195.07291303891142 
134.99562514866815 -134.39852280049442 
44.5592073988082 -44.80764803576066 
37.3628721672799 -37.433431935326716 
154.76360243016512 -155.01348339129427 
165.70719218269755 -165.07661607881695 
50.48559712525261 -50.734856605454965 
75.49407531400351 -75.73991523187833 
15.844482510899685 -13.965940300417035 
63.00835129176581 -61.906486310373474 
65.22746060436187 -65.23536510140787 
203.11231846927416 -203.36200830017063 
217.6026672010882 -216.44783840073302 
174.19155389098052 -173.10006658885345 
157.50694127613735 -157.48352738072978 
139.09534659723897 -139.048571080457 
61.37821206172073 -61.62005244303868 
86.54681333253441 -86.6124114471366 
15.08031953294305 -11.491994269947217 
93.45152183951491 -93.53965943577474 
13.91190967073516 -7.648315635359387 
64.30908748538879 -64.46262045190343 
13.734061553670234 -7.208132119546251 
147.91770281637656 -148.16745677378174 
12.385494182932524 -3.6351103938503435 
196.62852284062697 -195.98201029962647 
91.8869672415317 -91.81216933418959 
203.11231846927416 -203.36200830017063 
156.7423886627621 -156.98489675127456 
46.825336042041855 -47.05155387784184 
10.408382621027684 2.5904535772971444 
100.13157679719137 -100.37946153094072 
32.135140399864 -31.620929838947767 
139.4385985628064 -139.16809990187417 
201.58312654731142 -201.43769460929713 
109.0632965044205 -109.05829107995858 
84.19006500921355 -84.43981896661873 
93.45152183951491 -93.53965943577474 
198.22297147850838 -197.02839409025424 
67.14299245166535 -67.39260224398853 
45.33935601179179 -44.92613698992248 
76.90680798006295 -77.1554317911118 
