10.103943385027597 2.2017810087695873 
222.43377783758928 -217.7115160610067 
222.43377783758928 -217.7115160610067 
10.103943385027597 2.2017810087695873 
196.8626511397562 -197.10913505907178 
23.033242992822846 -22.8257069471013 
216.35130326984012 -215.57146348127986 
202.6890647966611 -202.35297519156094 
110.82392004442477 -111.07132117805136 
38.279661335006466 -38.52478057690264 
92.11354512116982 -92.35607037872356 
10.962037699025316 -3.73554276721626 
162.36885678440157 -162.61093902195358 
88.83963201629342 -89.08648403316445 
125.4289870625935 -125.56187092671152 
114.03266049837808 -114.27252320382102 
27.562752713576902 -27.801297872199147 
12.173254122358555 -7.027893305299382 
21.068719332580883 -18.84967424140523 
150.27896749325538 -149.9428778881552 
212.4417474522064 -211.95973365557873 
63.08869773713505 -63.321919046407785 
147.59057669701258 -147.83583941210387 
105.89624231967846 -106.14442499816458 
120.49984408339893 -120.73243141295877 
156.8479564512578 -156.92813366154633 
137.6087471610927 -137.85702216228916 
15.767279882519261 -12.237199931302648 
182.85712443621907 -182.7712945060257 
65.7749342092955 -65.7696907388523 
14.307835027275523 -10.38933984885034 
56.40272775169424 -56.6500842488335 
152.85801591501027 -152.23688142892308 
194.08761797780016 -194.3115104396117 
35.2512925326648 -35.432164111590986 
44.996492604714504 -45.23197775457673 
207.24335803782796 -207.38704279351487 
101.86781746630705 -102.09490026060827 
77.80925110662066 -77.10636242955697 
17.362021842012176 -16.323659985432037 
128.41768932529868 -127.73119515487153 
205.25169291413408 -205.4137628382577 
143.8754030713012 -143.84139611689852 
145.72478336474586 -145.30308281380073 
184.608467792277 -184.79315315604504 
73.647006469245 -70.78516508235754 
81.29906460151992 -81.33813521500477 
42.01441244771256 -40.73433408283929 
42.1021956952222 -42.20092981665771 
118.07958400773988 -118.21246787185788 
142.07750741022988 -141.22806177424212 
107.914641762223 -107.98021113547208 
135.2512026975603 -135.4132726216839 
10.26145682418293 2.044267569614253 
60.99331529260071 -61.23484671011757 
187.45178238172156 -187.61385230584514 
174.18470007714703 -174.4295097670246 
75.26810530000054 -75.50132660927328 
83.07781050869849 -83.32212740079771 
154.46704051683298 -154.3053134898054 
50.7892942800443 -50.53553289789937 
74.16244240864079 -74.40230511408372 
46.13545273109161 -46.37976962319084 
18.27340225089115 -17.714922582031665 
169.9764774775722 -169.56540187328952 
53.317803176005974 -53.55107167910534 
67.49791524670898 -67.74640195664014 
221.13394313819938 -216.48827370009005 
180.17700348244568 -180.36329705754892 
176.95475819969494 -177.12144912893558 
115.98942094117258 -116.19706905407146 
186.54791825866286 -186.78624155640395 
160.41120853374625 -160.6344796788315 
131.79687325898453 -131.7785255182102 
53.317803176005974 -53.55107167910534 
203.30413926458036 -203.492219110631 
160.41120853374625 -160.6344796788315 
192.20805697247764 -192.01620962714634 
122.76792262966521 -122.90005122213421 
129.36007116317933 -129.4885899465756 
168.3656597700425 -167.95458416575983 
133.42552337984 -133.67301208172913 
98.90794606649878 -99.15657765448921 
139.90618360310754 -139.72508920874066 
31.628470821487525 -31.875419290290004 
96.46775945679369 -96.69316340760363 
211.15788633946272 -211.33870808387803 
96.80802712592391 -97.03343107673385 
171.15508951071598 -171.39903375100957 
99.59911616418415 -99.52429173814 
209.3436799201369 -209.52806723632688 
101.83763398844681 -102.0006712110137 
189.82058490236707 -190.05541084761322 
50.22790107774663 -50.35596533979654 
165.84916888656568 -165.95304639479465 
131.20991611318345 -130.2397910218066 
68.85741524283605 -68.7825908167919 
70.6587080299057 -70.31790132308556 
165.84916888656568 -165.95304639479465 
167.09432141518013 -167.2033242197973 
