223.50968713670193 -217.72639070120428 
10.108603514955693 1.9791009169559741 
10.108603514955693 1.9791009169559741 
223.50968713670193 -217.72639070120428 
199.91117163781664 -198.5776607131179 
193.35191079982067 -193.59896141707452 
186.06408810741195 -186.26655981096246 
191.05842463080228 -191.25727855361828 
39.59604590153978 -39.83086969828453 
99.03162702242841 -98.97971738082387 
208.67610460383472 -208.85925891310296 
74.75965931002771 -75.00647556456028 
35.208007820441814 -35.37826109881238 
212.8869649239522 -213.0172345390001 
94.822225987698 -95.07209460317378 
136.5871067679009 -135.0680724370933 
63.34783419179968 -63.59780307984636 
52.11847567131447 -51.94695508987491 
220.46650562266652 -217.17908260601595 
104.48757535001117 -104.64320842299792 
216.0897218911379 -215.63425230275865 
166.74515004597967 -166.40425481210488 
124.14964328532494 -124.26071996385868 
201.59913161968615 -201.6791217549164 
41.83595241480127 -42.05016650610587 
180.8685851429297 -181.06135365176416 
45.713109369940696 -45.87027016428006 
87.4660142901352 -87.69861883314066 
130.05647789270182 -130.2981741562614 
117.35236642171841 -117.60064230449582 
139.21574574778543 -139.4656172344363 
13.330000850750762 -7.424569356065682 
114.79078116460134 -114.3937754061649 
183.20499265619685 -183.3977611650313 
12.605168469125962 -5.110809162498805 
122.54069808021207 -122.78984226521055 
45.292262564145524 -42.76127066818384 
149.35507367451726 -149.58862989486357 
78.16418323325287 -78.24791300872256 
127.60882594703997 -126.94700554468176 
155.44564759955884 -155.5721729827672 
67.18059636204178 -66.37428906665357 
120.23179867924127 -120.47773783602783 
164.1266545353578 -164.0148186569438 
14.174088058449549 -11.458648709516092 
171.1242606506852 -170.41785952468743 
69.24750641976235 -69.2825167310395 
172.1382073705616 -172.37717409427515 
11.124164111325525 -1.831766498888486 
26.611454857215815 -26.834423782020263 
154.19406908684527 -154.32059447005363 
177.9829513917626 -178.09402807029633 
93.3005399394348 -93.24863029783026 
72.58173418355963 -72.83001985909428 
146.6834918087668 -146.6364194943599 
144.2094823702383 -144.45935385688915 
80.8521811735884 -80.69531313426752 
105.87654913309437 -106.11824539665395 
141.49516541849448 -141.6562037743263 
90.34170251557458 -90.59164270810855 
214.1502038718658 -214.17490993339158 
158.29306770043348 -157.53113379880787 
127.81694454695875 -127.94242387206315 
101.17579451631403 -101.40401563284713 
134.19041629529676 -134.3922259672012 
203.58119174634126 -203.70906506768935 
111.4391250640103 -111.68829190992822 
32.84469350568053 -33.031982101912504 
90.34170251557458 -90.59164270810855 
57.90539870549493 -58.15156293252667 
174.10492399107457 -174.34209057906483 
19.385906377577875 -18.766056513640883 
55.02616004770588 -54.98711298196089 
101.17579451631403 -101.40401563284713 
48.340160750046884 -48.01847069907765 
86.27276712495815 -86.49992539306567 
59.974604701037705 -60.18655616595962 
207.29248528241632 -206.6186571401171 
15.084777643764241 -12.782935458013494 
18.021180913845868 -17.347923202190845 
70.6077717584331 -70.52926894424569 
108.3906194847394 -106.6646254826745 
168.6298336467407 -168.87591696705232 
67.47438507914244 -66.75274651008094 
82.13519887518015 -82.36780341818559 
25.002919935425247 -25.170616038420988 
176.45960740120137 -176.7051588247249 
175.10337483482766 -174.84826131765402 
109.93768347426105 -109.1397371303672 
182.16782431864803 -182.3707260362728 
146.41978744296745 -146.44021289295858 
84.82457968197073 -85.07454857001741 
56.723130547278046 -56.96860985997035 
160.9087612325609 -161.0198379110946 
22.692995537627112 -22.385123057338184 
71.74716014338443 -71.78217045466161 
61.91571133085125 -61.594021279882014 
21.091969528534747 -20.48747971774321 
53.349753591258164 -53.334978612935245 
28.633755783607352 -28.838288901080535 
