10.110440403505368 3.2535779940722476 
222.02924291446817 -217.69735659193304 
10.110440403505368 3.2535779940722476 
222.02924291446817 -217.69735659193304 
74.62495965167942 -74.46715951560158 
18.861060649735755 -18.014029448193863 
13.16387264757126 -8.267329699597413 
173.83486096527366 -174.08225496295452 
106.9096915960466 -107.01895225549893 
200.13735471664026 -199.56038520851436 
116.90138102876455 -116.745940209249 
54.353066427331584 -54.435041650411584 
125.78282129606218 -125.75873009530832 
156.94766957118932 -156.75800448849657 
11.310306870640765 -1.7964936183472053 
38.09585980395345 -37.73577196493497 
134.20922863505396 -133.93700462364657 
214.42267949244103 -214.10140586297803 
203.97730792984464 -203.89649004540513 
47.44176214721969 -47.31777999160633 
209.87093355157842 -210.1077157970838 
123.9413705268743 -123.93957451196262 
129.09015100270625 -129.24553120752614 
194.25819891952227 -194.47426078627268 
177.35951811886457 -177.37002499829495 
120.43415520927087 -120.68026335756353 
100.1429904642918 -99.55592267054166 
71.65730288331393 -71.52920089039641 
111.05045951838477 -110.88977199675585 
78.68985985106272 -77.76275081337337 
94.32880979088026 -94.36010517636709 
11.471670607134103 -5.472516913675751 
15.721988360022698 -13.610686080586168 
180.25416448674795 -180.23890233141162 
192.1243267763479 -192.23744594321676 
57.3378213178472 -56.44861863579361 
130.9370251076237 -131.03744858303878 
68.62018775194475 -68.82015399492421 
163.6391135393662 -163.74420999940855 
16.00270098168368 -13.658534900220973 
171.8470018824683 -170.78120206801213 
50.679127177562165 -50.37322006839741 
205.71830623288938 -205.94569707769062 
196.56569270523383 -196.7227986673422 
65.14506518123221 -64.68222639399184 
45.84254864315611 -46.071491762998306 
25.98395442849763 -26.15036019237056 
143.78519637866947 -143.53042726404695 
137.22850952171905 -137.04899385793385 
121.13719138107379 -121.31906550588296 
86.59709731777407 -85.92078941835493 
139.05869333780936 -139.29177219714722 
217.86821073893873 -216.1278948559962 
51.649746438950075 -51.69580141212488 
43.698562237220344 -43.90504334293193 
158.64881100599752 -158.8059169681059 
197.91114515838905 -198.13942356717678 
21.461046749956072 -21.100958910937592 
141.26474937187433 -141.51316469352068 
166.77638559939436 -166.75253328655413 
182.4050987708286 -182.11061493774727 
84.07949336744062 -84.29039124333232 
104.8762685580035 -105.12393925504996 
42.618995713047944 -42.794704546829635 
96.29116794658015 -96.53217876125723 
33.47358899313039 -33.64929782691209 
80.46338081276822 -80.30273654546231 
169.67050969024532 -169.8545995170732 
167.30522368145594 -167.18114858590098 
61.591723027694954 -61.512974361556125 
160.93916004122488 -160.80783885803746 
187.50243682195466 -187.34179255464875 
28.82520025378824 -29.00090908756993 
178.28453503318445 -178.43609285067132 
70.17047661294077 -70.20198441606762 
87.5015256355941 -87.62343113739729 
153.9746194214 -153.02702121683356 
163.05503015739978 -162.896477394139 
115.23623724743165 -114.74900130069784 
185.74530498983717 -184.71875805818573 
81.78266274962738 -81.80844710800397 
188.03447322743824 -188.2516511637899 
113.34337698771103 -113.5801592332164 
144.74431056221326 -144.9859430020785 
59.48639681023967 -59.64386263764899 
29.99291272713248 -30.189527099430823 
25.52400832861459 -25.293061991480958 
208.17004743049688 -208.08922954605737 
111.64097748308248 -110.91419535490803 
96.29116794658015 -96.53217876125723 
89.55073832222268 -88.66153564016909 
62.74374071788269 -62.853723373137825 
149.91289034654557 -149.6182495363049 
83.17905403975271 -83.1262159860608 
183.27674551318174 -183.50355103744218 
152.0054673740512 -152.2436733810247 
151.42965043681517 -150.84258264306504 
190.09180541691893 -190.01547864308617 
214.85573032843007 -214.53629247918226 
217.1031939769631 -216.08671862332017 
