223.34625670980859 -217.72375786630167 
10.101789632197391 2.650293995691664 
223.34625670980859 -217.72375786630167 
10.101789632197391 2.650293995691664 
66.67664987153435 -66.2821071486756 
73.60481291760583 -73.2631300806635 
139.46209213106818 -138.89259483736234 
135.28260879096226 -135.42707360080337 
86.3103771825063 -85.72127065510342 
142.93168966975745 -142.49083495596776 
48.74634261443685 -48.99236971359602 
179.12726141470307 -179.0883677778626 
23.415465964852096 -23.25188561179999 
181.9033071152723 -182.09440383944144 
157.71576610395633 -157.55895827034706 
64.00991189973966 -64.04620273100942 
74.92690841038092 -75.17614684430157 
147.57744101122563 -147.43531883051165 
145.31599772422288 -145.2173151207854 
220.72113821039207 -216.5951932480034 
78.23306852137895 -78.38334684595058 
216.0731601980152 -215.5430368924089 
130.24522615679743 -130.49451637045902 
114.80010601235224 -114.22793124626568 
17.767418109125366 -17.04006625310246 
26.84369233457999 -27.093667522128275 
154.91326379490704 -155.16026889632738 
39.892756952473746 -39.885834374457694 
11.921939411100121 -6.4294465307587245 
15.80509681751593 -13.951512952537623 
176.1745159238731 -176.42371808898568 
111.57330412132816 -111.80457473219599 
56.87200855827146 -56.86746108107519 
57.824144721790034 -57.86744540517595 
53.61455649925847 -53.64458820651656 
43.36997537800265 -43.619614023400565 
128.1640335117045 -128.4105981453048 
53.61455649925847 -53.64458820651656 
20.609664545315958 -20.561171052767698 
163.57699849252117 -163.82536245562918 
30.389271520162822 -30.481695532073125 
149.97876506858228 -150.1825750171308 
82.61552774168719 -82.28454070903865 
119.81174398104986 -119.98081781818618 
116.80455995842267 -115.63328355149746 
173.88358602020958 -172.940650705803 
25.967657079648546 -25.86980837174891 
94.55316129570214 -93.78199201287433 
61.25994967958859 -60.653880213800285 
10.998545212958003 -3.074758348014358 
101.43802658688338 -101.68543758387402 
160.7409259118521 -160.89836505440604 
126.46451343814019 -126.35146511138083 
184.9078683207364 -183.71300520562676 
211.3185901207016 -211.35618861988362 
204.95694886320905 -204.72221839036922 
207.58948072388327 -207.7434909087939 
165.6798550318308 -165.92817304087 
124.66632972866267 -124.91569940713858 
107.73651219764925 -107.37391670846347 
92.30949277333886 -91.74350198320259 
88.68851297944009 -88.64961934259962 
34.95491647625215 -33.928976673233265 
197.4915897643652 -197.4440909331299 
95.6035638513851 -95.57438439753241 
190.35980432322887 -190.60980396183547 
19.552375189755587 -19.3085589063561 
104.89131112445423 -105.13646157155617 
191.56231711725871 -191.30748415510556 
195.415461724132 -195.34938835225626 
61.69795308093103 -61.091883615142734 
118.10940219691611 -118.27228781947886 
170.93125467848574 -171.18054489214734 
103.64951019407383 -103.74193420598414 
186.4847500014529 -186.68895810567858 
213.74723113895806 -213.43496516981418 
90.81086493276271 -91.02112069940566 
46.46729299160107 -46.59506253917134 
32.48306438329299 -32.49606937128273 
123.18341800850308 -122.94800471913462 
45.06846658118398 -45.24037487858142 
80.26266458686639 -80.511954800528 
132.7453642948989 -132.9355432582046 
132.7453642948989 -132.9355432582046 
100.05671613814874 -100.30412713513938 
201.61239560104275 -201.86239523964935 
97.44286383625032 -97.28458503449406 
47.9117121549389 -47.866266728187625 
185.44627071281246 -185.47849767578458 
89.49616753995008 -89.0307327600154 
214.26921689974347 -213.9569509305996 
123.18341800850308 -122.94800471913462 
99.12477694532919 -99.0955974914765 
110.09755098377936 -110.34692066225526 
11.119705768366204 -3.4535594503900886 
199.4820520348224 -199.68358097456684 
198.5940602424702 -198.55516660562972 
164.9948717585229 -164.34172611086655 
188.29590400430587 -188.21435007987736 
79.57171722111343 -79.74362551851085 
