223.5390533985726 -217.72182522338912 
10.101261255818589 2.479822239796804 
223.5390533985726 -217.72182522338912 
10.101261255818589 2.479822239796804 
110.07582566519969 -110.0061091584966 
28.137944317100466 -28.248926172840143 
33.890763378193526 -34.138736179512804 
19.58546206678558 -17.72084859827907 
11.038232432297866 -2.1865978817398304 
45.371815291452066 -45.11871639279981 
113.10853084573179 -113.35101989329172 
15.986967820646777 -11.84353858589881 
160.44527944285474 -160.67549709739228 
94.96048433435277 -93.94619535987161 
212.44913405034114 -212.63749838490222 
164.20174077521938 -164.44130253103324 
106.17411625367771 -106.35846628600098 
171.424417423947 -171.33781818798363 
73.24554312283334 -73.45116332624949 
79.28587764994002 -79.5338504512593 
23.322809918401184 -23.177973266870566 
150.81096109474393 -151.0058037845471 
189.07640406571102 -188.75600069080184 
115.5702208607359 -115.81856502074332 
196.84953368696569 -196.9304530420152 
71.13586128134983 -71.38126649884451 
100.60007523989596 -100.84841939990338 
200.4077106179029 -200.13923050327983 
76.17472209342078 -76.29147193034618 
144.65878859358497 -144.85363128338815 
65.9574924323091 -65.87269959376641 
82.29225550726903 -82.38809567710179 
50.585234223367266 -50.82964714108629 
182.79617699861538 -183.02381513644724 
41.39962269915877 -41.579645014425566 
39.20797797578351 -39.13826146908042 
122.85983274857932 -122.95839993328755 
174.23747006123986 -173.58720638615944 
130.44318925307476 -130.23270545257373 
25.385384578910493 -24.88190087145494 
91.02292930328065 -91.26691431345 
206.30073173175532 -206.54389871063393 
15.058021328506923 -10.92841321771193 
177.82246048517243 -177.1145492246177 
119.6395031281143 -119.37102301349125 
133.04665365265066 -132.77817353802763 
193.73745374539357 -193.9866822423658 
117.57467601545423 -117.74183450071291 
168.61843944903586 -168.82665360338962 
165.88175666276797 -166.12470835581306 
12.307185274280014 -7.742424767444238 
48.15374420849897 -48.398157126217995 
191.68513305466533 -191.67086819637848 
136.40307145107616 -136.19448879257817 
36.90288646358876 -36.70373674931771 
148.87102927316718 -147.0012981117972 
138.05907631106575 -137.7386729361566 
77.40650945138216 -77.60135214118534 
179.13600070816767 -179.33084339797085 
141.60994160981411 -141.79117876802914 
55.91093135194022 -55.750794327963206 
99.11453087956302 -98.9827515508903 
96.56331443322007 -96.81329290165006 
185.6228153557472 -185.87144386868513 
158.57823962411464 -158.8084572786522 
21.022011678594396 -19.804199499655915 
103.21038120388006 -103.45578642137474 
54.06378194880402 -54.25732710640835 
60.309131452904026 -60.53567887181683 
195.80425593859823 -196.04821470313857 
217.97218589927218 -216.43977998305883 
211.46586659146064 -211.29306777001082 
47.12538328871736 -47.373356090036644 
85.5308192132369 -85.77523213095591 
218.5642719481647 -216.89442827770102 
202.27378402510575 -202.12894737357513 
12.37465062113736 -7.8736782854411596 
148.89954828286236 -147.02981712149239 
223.12612885301286 -217.18087411151828 
59.497175670949744 -59.74011472463092 
187.11578792424643 -186.9317419232163 
208.60462358585414 -208.81078403251504 
167.71906944657576 -167.9674136065832 
127.17351677108046 -127.28373248579629 
124.83926534086464 -125.08195376177773 
153.7490067929229 -153.32751826031745 
152.54802587619895 -152.75654746329167 
203.93222440511255 -204.11518337799865 
158.15646391228742 -156.74987586816343 
180.5544391035666 -180.73567626178163 
69.24821471702955 -68.83637682529181 
27.02043020074416 -27.13064591545999 
87.54011330038202 -87.622651768651 
204.67155546602683 -204.86931485577705 
130.95809690650987 -131.17070766064634 
62.549314565457145 -62.75422971527478 
57.59999722124066 -57.43986019726365 
208.47273960549137 -208.7026037727386 
127.0035315545069 -125.13380039313694 
35.75678188568628 -35.904804017301515 
