10.11328683040275 1.8949924209934865 
221.9875727608039 -217.69299063402912 
10.11328683040275 1.8949924209934865 
221.9875727608039 -217.69299063402912 
50.5505671400626 -50.76963595429033 
102.73834568341759 -102.9234088828635 
45.09989091874223 -44.565409103172584 
209.51588640274943 -203.93815700194835 
213.2676036563464 -212.97844581748467 
11.911366566702888 -6.750380687882348 
35.78058873165238 -35.83520738538423 
24.345220717084423 -24.51499062020509 
76.26910825527851 -73.43347864130456 
217.47586368125383 -215.76004863614625 
17.21387710277968 -14.752435459349535 
150.0021983214875 -149.59408838766277 
22.032916824664653 -21.089878150340525 
163.5516200730883 -163.72721316955207 
145.45283197958278 -145.68556547607406 
98.23469771402242 -98.34246027742526 
194.94474884493556 -195.05743089555824 
140.27409728052672 -140.50928057454684 
14.7700896930493 -11.076098571657488 
121.7070368873433 -121.94390381513035 
11.280235698082477 0.7280435533137588 
38.08043692486271 -38.297473149325484 
210.40751695846262 -210.08738500184361 
105.44775526022333 -105.62083677349575 
171.2266167493369 -171.18406568829892 
200.53261962959456 -200.60618628868394 
157.75306237515707 -157.42811516358248 
52.287593801613525 -52.43097467174488 
85.04690775728318 -85.28694602632531 
115.37266197404425 -115.48014221733764 
127.56949072573003 -127.7988043670187 
174.80759180654485 -175.03014522771667 
70.35492749179048 -70.58491976610304 
168.95620186672917 -168.9638493393545 
109.50401084033297 -109.73919413435307 
187.5085501324085 -187.21461921312056 
150.80248156872761 -151.02961253507004 
167.37990108164672 -167.26421757770652 
154.12785943851136 -152.9937152003897 
173.34378376237458 -173.01705271496272 
203.706589524024 -203.63226021533134 
28.60132016156235 -28.820388975790088 
192.7781960972242 -192.99705104307702 
111.74142751771728 -111.96617226189073 
13.526929322708863 -8.968567422834425 
113.12100035954023 -113.3614774075703 
32.40267317298459 -32.61712504464649 
77.15516595338258 -74.91490676748911 
58.31712404712252 -58.21026697716154 
125.58811090062366 -125.69559114391706 
44.88986101727121 -42.328347313745276 
138.57197247353992 -138.46033298563069 
81.66256435889444 -81.54339923444178 
78.46035969594661 -78.26001143829333 
66.591035235405 -66.05655341983535 
117.00165480758962 -117.24317758031037 
64.21874370700252 -63.741524828065835 
185.66407389154085 -185.09346571808706 
61.06424997381575 -60.964587923885176 
143.39160718783648 -143.11952535971565 
219.90073358538973 -217.2386716523651 
40.57907938622844 -40.28462573726121 
19.293123979834892 -18.998442002611952 
41.34790317426332 -41.50198076647672 
136.87524458699053 -137.1052368613031 
18.85755752057563 -17.846622985932196 
160.02241165274557 -160.23916095102174 
197.93966545521798 -197.82398195127777 
202.11108058207287 -202.18364024735078 
94.43039501021869 -94.6763502927332 
119.48057623343688 -118.51412121742881 
61.4435740691778 -61.658803834003606 
176.99721163266432 -177.06977129794222 
27.09082893613811 -27.249756707865615 
92.6274891734587 -92.85680281474737 
57.42990905645011 -57.5118738075666 
162.02906524295906 -162.2567671829125 
180.8778390074516 -181.11709801349238 
185.66407389154085 -185.09346571808706 
197.99934669884072 -198.2219455827765 
156.02841942835215 -156.21899866514653 
68.16257518696008 -68.28673875291415 
130.92583766875208 -131.17349938736197 
54.508198903609994 -54.73849167671621 
87.3641571487663 -86.79101743071178 
129.38118354443188 -129.60761478486506 
54.508198903609994 -54.73849167671621 
30.93217998252626 -31.166199121968535 
123.589542191107 -123.8203295044739 
181.25442485767812 -181.4770237416139 
64.75054971460916 -65.00035402405008 
69.0383973286746 -68.9248742061443 
83.0905526746714 -83.26363418794381 
135.24039529959725 -135.46833879520648 
132.86348368772252 -132.8711311603479 
70.35492749179048 -70.58491976610304 
