10.103089382934401 2.549236636030151 
224.71229547470176 -217.5906682497511 
224.71229547470176 -217.5906682497511 
10.103089382934401 2.549236636030151 
144.0847733730014 -144.3329304354344 
90.34309921613237 -90.52113075620042 
60.38287021043229 -60.60019730083414 
178.68073472230242 -178.4716099871359 
36.32249792604793 -35.05154436497714 
32.04963724482273 -32.296359380538554 
48.26699301867599 -48.19302158575928 
99.5334736267055 -99.78310855343882 
64.74465093526844 -64.3020128352778 
159.4711453072322 -159.71101294508503 
80.874817565604 -80.60354841431814 
198.17323791134226 -197.67342700510002 
118.69106261800727 -118.59511548960168 
66.88186537521045 -65.34530163259703 
93.82579327232102 -93.94233767287758 
174.97116333226754 -175.1491948723356 
219.29522893239385 -216.92985481031747 
103.12855929748036 -103.18756845225536 
116.44376425602877 -116.56030865658533 
11.464977847971017 -4.280436298016525 
184.99270467004038 -185.1822128665392 
216.6246410090981 -215.26343582699735 
106.48496790709315 -106.03180137879382 
54.969759501740164 -55.168585188685825 
44.01355214318683 -44.032172357678945 
95.77521490508909 -95.96238967069596 
157.15085979740795 -156.3180840210154 
128.99390331811261 -129.23377095596544 
25.63813253396635 -25.584784493047103 
134.43968981458633 -133.6982787151104 
52.80160857331448 -53.00682457925592 
10.438035601581026 -1.2767869874279354 
38.086243150168 -38.33581690786086 
27.613452570051372 -27.778302816343725 
137.0467280335895 -137.0464459819038 
152.41587104440677 -152.54191111573584 
130.84011951335918 -130.62872491724926 
83.08540477169525 -83.1418425820593 
125.9311466312979 -126.12102297764054 
84.37091911755985 -84.54760792475369 
15.152323393837385 -11.090797272487393 
113.89600825019868 -114.13652336197816 
102.73130079888003 -100.38462658163931 
75.45016205137864 -75.55610406217822 
208.75289224504962 -208.78662198757664 
145.94628341836176 -146.19226919567404 
181.25629536957302 -181.50375756043897 
107.62329166988067 -107.872926596614 
188.85864610413893 -189.10864331659968 
200.83169151377044 -200.91383275498205 
58.142059005574005 -58.108469190208965 
39.60270419715596 -39.70108695512624 
71.88485393919362 -71.85022269598922 
69.49991797651512 -69.34688263974533 
18.825597312023344 -18.306298348355366 
41.427326023582836 -41.46085200900499 
13.040919264903438 -7.952077633556495 
181.25629536957302 -181.50375756043897 
50.86792596402714 -51.11756089076045 
78.18496108893274 -77.11946638230971 
112.93506510398382 -112.93641222713912 
163.25610279480088 -163.45050437643516 
224.04918558604368 -217.15568783405865 
57.38897038155368 -57.10676703119985 
162.19287918955365 -162.2381920096998 
204.16911736569187 -204.36351894732616 
213.68831846954754 -213.76822720917295 
20.731707074963218 -20.688896695788213 
86.67433941977953 -86.89444832405087 
154.8043572720351 -153.9344521885182 
49.778026003878345 -49.80999829515497 
150.5300774419411 -150.43507100951575 
138.9354513476076 -139.11214015480144 
138.9354513476076 -139.11214015480144 
196.5692755950542 -194.4708474511741 
29.709238773303582 -29.958873700036897 
110.83551297087617 -111.02377538365327 
16.255611701648476 -13.181122262604884 
206.42723532847393 -206.63973182480999 
110.83551297087617 -111.02377538365327 
69.49991797651512 -69.34688263974533 
18.589762115682674 -16.491333971802593 
190.78039612147026 -190.57127138630375 
211.11881570491929 -211.15234169034144 
147.69186941192766 -147.5040560069216 
165.58432793421994 -165.77872951585425 
43.49377565744147 -42.09569646275148 
123.39391012886455 -123.5199502001936 
202.56675329168547 -202.81646547048214 
155.3037139769226 -155.24024550877283 
212.96290232942155 -213.02581769086328 
191.39680937078626 -191.6411587451328 
173.73401365568446 -173.79356002614918 
185.80026429560982 -185.99873252275955 
23.354312355549695 -23.526971303571372 
170.53223138092054 -168.64005755878614 
