10.112048652269607 1.8810938297986688 
221.9804313384727 -217.68557499179994 
221.9804313384727 -217.68557499179994 
10.112048652269607 1.8810938297986688 
135.47355775905817 -135.61498971440653 
99.90489319741835 -99.53314633333734 
20.60925292149665 -19.92955804123829 
141.63512897749956 -141.74704630829913 
162.70281036763765 -162.6549006097848 
39.821076946669805 -40.059577410051965 
43.378501922784295 -43.40098279412648 
181.49938877075385 -181.7033848061714 
118.5294772090678 -118.58161159006367 
184.1331930543598 -184.3739927307064 
211.13712746805805 -211.28200212147166 
215.05251594794083 -214.7923376417552 
122.15082801200613 -121.1634147487576 
158.46505723401475 -157.66232910029183 
178.02299441509166 -178.15176825363724 
111.45574804775242 -111.24476183226616 
23.031709248723953 -23.19840932807325 
132.6325736642744 -132.79089910968227 
33.87767263472424 -34.089803792052976 
187.3157309624739 -187.56541489015794 
11.977899666378246 -4.21733587467183 
48.716797968137364 -48.966654290662404 
61.845060246204554 -61.92492846082362 
204.4763335844601 -204.52882256471483 
60.200541099274496 -59.81672386070902 
107.77335055144357 -107.95797248042848 
126.04192873328125 -125.46943436424925 
169.43211034891291 -169.68124178147878 
36.87066391145252 -37.091418845257635 
123.76307979789193 -123.97303956598827 
107.77335055144357 -107.95797248042848 
207.03702359986795 -207.28670752755198 
166.16289865336898 -166.3717145901941 
115.70693367580047 -115.90794413657581 
153.73874030888922 -153.87059181359484 
172.97958318778004 -173.22795766883547 
15.019164720436061 -12.753526577437864 
144.46468811257512 -144.7101713155615 
127.96772886449607 -128.2173535860284 
46.18248668897091 -46.39461784629965 
170.3884086924341 -170.53003363007235 
108.08509413787289 -108.13722851886875 
217.04924684992432 -216.1231299215165 
51.73885349235463 -51.73126927793864 
74.89730303330143 -75.13528911985796 
10.73726630490178 -2.879082834259812 
64.52386766924221 -64.70762285808551 
77.63344358832941 -77.76276130144464 
150.92102641401877 -151.17011224250115 
202.54150112296307 -202.5939901032178 
67.45334567375738 -67.13397334755786 
220.50563381549227 -216.21077746881951 
16.556223501402908 -15.028543458115875 
130.54944472512818 -130.73530167456795 
16.556223501402908 -15.028543458115875 
194.42941593028416 -194.67192540533105 
94.46283738234685 -94.6951250099886 
149.68741790830975 -149.1711242612827 
89.76579373757356 -90.00659341392017 
81.97830938203724 -82.22445402146484 
36.157865623591725 -35.36190401872532 
92.3464001072306 -91.8815604177032 
142.5626416252674 -142.81239596842534 
80.35812786500254 -80.16176338716713 
197.16429888576207 -197.40509856210866 
176.8733936983039 -176.2027441458139 
146.36615609059427 -146.61163929358065 
195.83422576976045 -195.8897391189264 
13.654117254454157 -9.394773135158353 
10.401952301519302 1.0711391740097618 
209.3340021697166 -209.4042418481253 
115.37027779120424 -113.64484282496412 
72.55642823626061 -72.49561975893477 
198.59428763201652 -198.82752677649322 
47.24779583774996 -46.87604897366896 
129.616360615264 -129.42362763053703 
69.07369812879556 -69.31914303022356 
83.13923940531262 -83.38552722030221 
74.20664808592903 -74.2905241827352 
26.91365551367488 -27.10174834298379 
52.716584529286166 -52.953768687098744 
13.924332681363428 -9.900463659782144 
95.28336662648884 -95.1798715506712 
54.97629078323633 -55.20746592049727 
188.8809629581335 -189.00302779978773 
157.1150785137349 -155.4767185787805 
191.0725514104972 -190.84517089700435 
208.44263810969125 -208.69131487790605 
174.26623770778602 -174.41843945891145 
175.18281502559847 -175.4328082298548 
85.92796524298934 -85.88899463489241 
69.70113866463433 -69.94349725952245 
87.30466849634723 -87.4915903534325 
98.19337330935791 -98.38029516644318 
28.32699842158936 -28.5391295789181 
189.66121827378157 -189.88239546475666 
