1.0430638181974619 3.682059237652561 
-4.616298082860605 14.2717272179192 
1.0430638181974619 3.682059237652561 
-4.616298082860605 14.2717272179192 
-3.389445438309418 12.044263866240318 
-2.3984437729335406 12.70721282414857 
-2.4712515426006574 8.57007331714643 
-2.139116165158267 8.433142286251597 
-1.9542343945395082 13.142806563159667 
-2.975086831247906 10.377819560666254 
-3.6707594989331533 14.521927522824859 
-2.15262764129419 9.50611347711294 
0.2657247357407124 3.432160188496849 
-2.132465738813858 7.603568220609121 
-2.820684136469161 7.6401654642654915 
0.10715382658801831 3.690079934626169 
-2.9230416754407744 7.828344917063795 
-2.820684136469161 9.908502629593311 
-1.0100443219776878 3.5776483720829786 
-2.796272577413721 12.66338255096983 
-2.981015054581331 14.609137143880304 
-2.048998338363989 7.360207304980336 
-2.701643895625538 8.577943750802358 
-3.131814985827084 14.62919516389541 
-1.3573300752300996 14.371797484022835 
-1.7983922527870062 2.8072340661265645 
-1.7857055403842854 12.2464400583947 
-2.802165337798694 8.905731481158174 
-2.782262281221085 13.460533781547236 
-2.2320356781705746 4.341175969623768 
-1.9778106442747334 5.79868452415508 
-2.967145453592964 10.204349730129737 
-2.975086831247906 3.6686880463075076 
-2.952468929138483 9.925802344292242 
-3.2275833668719063 10.387954492973897 
-3.7712822804606 11.77229262292036 
-2.90525600394021 14.374171270626166 
-2.975086831247906 11.847147496044652 
-1.4580832915641861 12.252631649237196 
-2.398724823335484 13.864047868858254 
-3.1331086101771644 4.86636875520362 
-2.3836009615936598 9.943262371192008 
-2.820684136469161 2.853529813283261 
-2.3127225320349534 11.165568916130045 
-2.408138294596633 11.232874655363858 
-2.29865156103689 11.433154828533272 
-2.762896237895232 11.682490923626652 
-2.820684136469161 14.568094902174131 
-2.9261718313856764 8.653429294359565 
-2.7366187873059946 5.819885744172325 
-2.408138294596633 13.22225976213446 
-2.2092533348630146 9.014081189786069 
-2.294754524802513 2.585124701404271 
-2.096396173873132 11.430077428245667 
-2.620768447536094 12.0928116895893 
-1.7989173582521123 14.576518262178093 
-3.0069674745635138 13.721339143232715 
-1.7913290371546517 12.515058022673475 
-3.1331086101771644 3.800477552348844 
-2.867607894960148 11.428336364308603 
-2.0630693093620525 6.190156099921072 
-0.7253020634607139 3.099628863806822 
-3.111920280256701 4.200124345841578 
-2.5043961388956024 11.428336364308603 
-2.9466869487824003 13.08791227381403 
-2.614328504966081 9.714658293979932 
-2.5385104410763284 14.078200190387944 
-2.3999884664730216 3.1583527408665537 
-2.2092533348630146 9.714658293979932 
-2.15262764129419 9.255345836005608 
-2.452127485834674 10.417244451540833 
-2.790722889205553 10.674977638803261 
-2.53839996326061 13.460533781547236 
-3.1842747207353974 12.471235069823717 
-2.523431800359159 9.416701422204701 
-2.961343079998561 4.52743581736182 
-1.533819952008649 4.248836441868905 
-2.9689115124184005 14.078200190387944 
-2.29795316476871 7.044682517721576 
-2.398160957033895 13.077702694008863 
-0.8120535054917886 3.4917358968388212 
-2.7366187873059946 10.170133670180054 
-2.5053790528127546 3.704362527283819 
-1.565959706738362 11.861016463442116 
-2.6296133061214113 9.569351709193068 
-2.4158497308970603 13.769347474692113 
-2.4158497308970603 13.769347474692113 
-2.2883446082830274 9.811641382813255 
-2.408138294596633 12.226443111380044 
-2.611316300224381 14.388564668109927 
-4.080189392313027 6.449426932500596 
-2.966287285619619 9.218114184222138 
-2.020072179611666 6.975118262774377 
-2.9720022716860615 11.484111580645138 
-2.048998338363989 5.100585170299684 
-1.4287620597678625 8.219060253056613 
-2.618296304524277 14.03175728170348 
-2.9720022716860615 11.484111580645138 
-2.975086831247906 7.129978260139973 
-3.7936221075895094 6.675525305255372 
