1.1948580962892466 3.7334507108265615 
-4.621259797436407 14.270263264285973 
1.1948580962892466 3.7334507108265615 
-4.621259797436407 14.270263264285973 
-2.7268556686756247 7.65860098394344 
-2.466168903755183 10.722361907983347 
0.0945462879073844 4.133885116961684 
-2.4629683383878715 5.979784048617017 
-2.5159202355864494 11.267628292069052 
-1.632986751147396 3.1035483585603476 
-2.0134101091259016 6.700669572635814 
-2.723584851286435 8.304377587652287 
-2.9492926027319823 8.304377587652287 
-2.850180440619464 12.407394988286786 
-2.837034601995096 11.309324115316482 
-2.8327409788613815 11.967781311584822 
-2.4942563268964197 7.514498431904789 
-2.756012144984552 13.355717622990745 
-2.4926697865996834 14.403284917440814 
-2.1365093397432684 3.5104460533765396 
-3.459793836231359 8.524868889642114 
0.57507167440295 3.5369240222339586 
-1.774154178400825 13.784275842749466 
-1.774154178400825 12.6045115165675 
-3.259836977307423 6.3523504756917735 
-2.833966042562689 11.708546811236786 
-2.034502914470343 9.555577760642729 
-2.832817977616952 4.9264192358902505 
-3.9865964736536195 12.744163352196194 
-3.2025838372561406 14.538842932294134 
-0.032185804708150245 3.6117825648393804 
-2.778473735837279 10.767738816601375 
-3.3549389531098224 11.25657484691056 
0.0945462879073844 3.369230557230866 
-1.202797171660892 3.126185100063181 
-1.777358215228492 7.741049712269312 
-2.3297032720793758 12.783182551993864 
-3.216024044521201 13.359154683047628 
-1.9125547177813313 3.46848883767049 
-1.996896414191812 12.423310762955492 
-3.1978252238497893 7.517872247167672 
-2.4623866141432704 14.3168346976397 
-1.9326411295737176 10.767738816601375 
-2.5159202355864494 9.879793831911043 
-1.8714012194871041 11.309324115316482 
-2.028952522716688 11.708546811236786 
-1.8223463832363174 12.733521108909144 
-2.0253132090791524 10.433588746803345 
-2.783631689214378 10.697976858188174 
-2.1080870450282476 9.006304284038837 
-3.644598279695426 13.72608567670156 
-2.2481800532999654 3.8047097780695367 
-1.8253859487979707 7.130260073808513 
-3.8668476216165795 14.489582823308655 
-2.162498515020901 13.00763931013367 
-2.832817977616952 4.057370962090724 
-2.832817977616952 6.194063348809177 
-2.9717659119304374 3.4643253927637865 
-2.249180892973693 8.375092737259223 
-2.466115572780081 9.721334840760463 
-3.1978252238497893 11.708546811236786 
-3.2182674154776905 9.384163721637147 
-2.7518098647345415 14.489582823308655 
-1.6126152888470395 6.313594675685765 
-1.9962575423278102 10.589678652562256 
-2.850180440619464 14.722759185505014 
-2.837034601995096 11.585827385536234 
-1.2884933822425766 8.779624449836806 
-1.4471284539900355 3.061882002997293 
-2.515809466788593 13.806660021865792 
-1.6964880685449075 9.88554039256065 
-1.774154178400825 9.73490960883278 
-2.789039504176959 5.441599162355463 
-2.2794728779271165 5.28228435783878 
-3.0581067224498666 14.444346225552428 
-2.5159628414412443 10.03860733692235 
-3.3079411741222615 14.405726662646382 
-2.4097409648188375 9.633661434661231 
-1.8079641173691274 14.428654375419015 
-2.0560462274403815 13.18375609006294 
-1.8079641173691274 14.476176723189894 
-2.4623866141432704 11.198573642701449 
-1.9870475983956677 7.17522553446188 
-1.3986440411220737 13.18375609006294 
-1.7909739875716353 14.183027463449923 
-1.927762165561433 14.048387907195464 
-2.3051454495529535 14.541164531576525 
-2.783631689214378 13.806660021865792 
-3.4197230883511693 13.392696337327207 
-3.134885040201699 10.15715460809639 
-3.8602703860756598 11.309324115316482 
-3.3135848802426446 13.392696337327207 
-3.1224184643040185 12.735437756346467 
-2.1103501120074775 4.512923352596629 
-1.9332807904544747 12.50236338812812 
-1.9870475983956677 7.791365759513693 
-4.602957745587893 14.270263264285973 
-2.038948056937884 10.589678652562256 
-1.68835473510755 11.432854264749416 
-3.8660546589801945 14.405726662646382 
