-4.8086783836524765 14.208234952352832 
1.1253490193973383 3.7085738471985286 
1.1253490193973383 3.7085738471985286 
-4.8086783836524765 14.208234952352832 
-2.614450480166264 3.9014451473664247 
-2.6170392244121996 4.652743577884306 
-2.614450480166264 13.588472375168166 
-1.9976936066647764 8.566772317767988 
-2.4391715414478634 13.26652402996731 
-3.4499503845083757 10.708421955378045 
-3.7559284408596527 14.48927084043985 
-2.514271846023762 8.604630906546026 
-2.387359627186738 9.959542832766942 
-3.2871568824536457 12.148402062178265 
-2.3885026866667167 13.521943951823598 
-2.569966166405548 5.610497578526088 
-2.435008711247605 6.153881836335542 
-3.835141292993636 8.864255932684422 
-2.812602496444633 11.17415237488721 
-2.4379131039069137 11.96582850148842 
-3.6249197479299453 12.94160274408502 
-2.828861143391391 9.84067422225278 
-2.333472112226657 9.32442867129258 
-3.5107523242926777 6.460978228913748 
-0.9107462894900037 5.492085306267133 
-2.100860007035088 9.322904254339075 
-1.8140077382604396 10.058578828255058 
-2.6237819838092062 11.783865523406732 
-1.903559450073621 3.4897204831187287 
-2.4379131039069137 10.751615747172824 
-2.5298471130894398 11.035822351558206 
-2.944579077856697 14.555550212388464 
-0.7251132734572283 3.1867153766077294 
-2.145134390325829 9.632426695632772 
-2.661832846607754 12.740582558218438 
-2.2849872687638397 13.242136845434185 
-2.91148442840393 14.34917722263123 
-2.6120888861288556 12.257100690850974 
-2.33467233784237 13.793756178508094 
-1.4426419099804142 3.497397585947083 
-2.1789557773626136 3.6767053153173355 
-2.91148442840393 14.696050304597662 
-4.58172211543292 14.254521579178533 
-3.1912426895593997 12.615629265969078 
-1.5824853018873477 10.751615747172824 
-1.4823789485756032 3.917142901965546 
-2.6120888861288556 13.794504854560017 
-3.054247765934046 6.310166971164083 
-2.828731502088575 14.679912232937207 
-2.5638666764894196 12.1970057304952 
-2.5298471130894398 14.268762762661005 
-1.6873300490943917 11.286303913765103 
-2.2993442184970205 10.30844264552536 
0.8829298071001248 3.7085738471985286 
-2.1639104253184454 14.716904487254515 
-2.0674385392583186 12.78109627267576 
-0.6218361055424731 3.783324147419295 
-2.36178546637195 10.526557041800249 
-2.6096072206666854 8.894485347378755 
-2.511344215719339 14.40777550289259 
-3.211640972273669 13.813353134314248 
-3.2232429714477813 13.66306503944316 
-2.5298471130894398 11.564099520401857 
-2.069034255125874 13.232781850308939 
-2.3089717545979047 7.996217326433546 
-3.1972505959310533 6.4905740087406425 
0.03212206060465883 3.8037954178225717 
-3.205753380564012 13.92611996744377 
-1.423108773717936 6.491812702455886 
-2.6170392244121996 2.9688010896841694 
-2.626881845906283 11.680906947220793 
-2.6108886605131425 9.325177347344463 
-1.6873300490943917 11.748003165192276 
-2.5638666764894196 7.977519506999479 
-3.2972160650783087 11.31085744039181 
-2.626919983259126 10.526557041800249 
-0.5802820803527622 4.021914784971907 
-2.387359627186738 7.795848186447815 
-2.626881845906283 7.328429106515951 
-1.836566075991898 14.419810027415494 
-2.2993442184970205 8.822865179433403 
0.01810000702405734 3.6192417989520766 
-2.152290159073787 13.905784208383718 
0.2976072316213929 3.4352284072419783 
-2.6311038875556383 6.460978228913748 
-3.3092113608436318 13.120876228327718 
-1.128742712977151 8.894485347378755 
-2.3554871345891573 7.583042464627769 
-2.2809730197036 5.5786290466448945 
-2.6764222314008475 10.526557041800249 
-3.3215176093971484 3.965857812583079 
-2.325982970689834 6.526508905507697 
-2.2717554160969855 10.52012837372235 
0.2976072316213929 3.648121195260675 
-2.100860007035088 13.108455715633008 
-2.100860007035088 12.833212476223169 
-1.4386538209391153 11.811001783850877 
-1.4426419099804142 3.067631947537496 
-3.2146891351113642 11.19662004205998 
-3.359294941859797 14.153867258133408 
