-4.712947415964825 14.239761521109322 
1.0720164034127968 3.692948640044983 
1.0720164034127968 3.692948640044983 
-4.712947415964825 14.239761521109322 
-2.728741610350232 13.152072973017903 
-0.20879510134107915 3.692948640044983 
-1.9825530798660136 10.002929400284618 
-1.3463363954563001 2.9008711111697467 
-1.4059078681428236 5.028647767815773 
-2.0962692460136 4.847293801215409 
-2.384088378487423 14.33102425596515 
-2.959506224227178 11.763218763810022 
-3.0719183477662373 12.13801897629437 
-2.901096904314578 5.179699228360616 
-2.972662878215364 6.689196986851108 
-2.879574338361998 11.974585686561378 
-2.1497414981835985 6.314754111571405 
-3.2728621699272873 13.542988272813172 
-2.3822342636161498 13.973874991490085 
-1.5582924403412508 10.910726714016304 
-2.0499954366212516 9.637574044564161 
-2.9261428626897765 10.452047746372976 
-3.4928339433620668 13.124559542730655 
-2.972662878215364 12.888318568911583 
-1.8647877462563225 13.00935029864176 
-2.8728774347582187 13.222192018516925 
-3.0897370218225175 8.268024657228203 
-2.7916808507987803 14.33102425596515 
-2.877156243984773 8.162622171660267 
-2.3930539930991666 13.765814533436108 
-1.4059078681428236 13.07711451761021 
-2.002132592292173 12.053774283576942 
-3.660204053306757 14.481182162881472 
-2.1073615173343034 12.64264360452131 
-2.111042093694307 13.030526169554228 
0.5101380786932674 3.7419913244195557 
-1.9825530798660136 11.188580110483954 
-1.4066006336508856 3.2103894441289094 
-3.383587368977078 14.311659106811891 
-2.705155520624451 7.231438140155308 
-2.1895068692722965 8.162622171660267 
-3.0862735914840687 11.990774261031103 
-2.785797589936493 8.696106896204498 
-2.277441614887318 13.694741767704784 
-2.67424941955485 7.671208931697491 
-2.111042093694307 9.45754872746459 
-2.5281813751261066 9.528587872880589 
-3.0456896353112457 13.222192018516925 
-2.367100184060312 10.452047746372976 
-3.079251947055642 10.981894677568246 
-1.363142024965415 3.746901826016746 
-2.4660669418666967 4.670481675412459 
-2.4318632085873246 5.470603483063622 
-1.620674108095199 11.87848102902046 
-2.746301719980803 9.780782276910728 
-1.3644917649506914 10.80858752211887 
-2.1422449519658135 10.981894677568246 
-2.021696706928842 13.124559542730655 
-1.3940354939139743 10.477964807402 
-1.74648608888588 11.427871277876049 
-3.081851188336885 6.175754647825704 
-2.5815464325471424 8.137974017540097 
-1.6595663840852832 14.47012720860123 
-0.16943738550512877 3.317104684771265 
-2.1493054801776132 11.879654163432528 
-3.102422117727591 14.529776388088589 
-3.662532692440746 5.048915163210788 
-2.4014933921515005 13.694741767704784 
-3.294423586748091 14.538179601179626 
-2.553783706797008 6.747478206054189 
-2.5319674033074766 10.89360471616066 
-1.6581411609025283 11.46677645870065 
-2.62424531374918 11.388146375243153 
-3.660204053306757 14.481182162881472 
-2.5991076692829718 12.555560002799872 
-2.1321635898139824 14.186644055387474 
-2.785797589936493 8.829989249057775 
-1.8666229903217368 14.656379311277778 
-2.7913987357383494 7.346655375008192 
-1.787596763627408 14.756924431691406 
-3.6149178006494425 8.029184561498953 
-2.2405575305199026 2.9773183167279935 
-2.751633641121197 10.092764065177459 
-2.1049136888723523 11.763218763810022 
-2.174190302239662 14.239918551357828 
-1.6179889073860267 3.8244933354276642 
-2.1143991351972056 11.91996136497337 
-2.067702944807883 9.757470645614617 
-2.6500241918273417 12.13801897629437 
-1.173582409397946 9.009133104477115 
-2.4398193590787693 3.3433838487114587 
-2.1825160070067926 13.134893725970365 
-2.901096904314578 4.685197518937701 
-3.4576778759140465 6.68407275516408 
0.934318451848287 3.8244933354276642 
-3.0897370218225175 7.267910124134819 
-2.1825160070067926 5.537457113592286 
-1.7785626447218745 14.756924431691406 
-3.4642588171319395 14.450137251963568 
-2.5968306819044837 4.71139240377357 
