1.2004552934928348 3.733617119563479 
-4.933540542356694 14.164799652223971 
-4.933540542356694 14.164799652223971 
1.2004552934928348 3.733617119563479 
-3.136731225967791 14.298156722886784 
-1.5397544590909864 2.904607764710488 
-1.6011084973158654 9.984450967343617 
-3.9445773923646414 14.355264941291255 
-0.91859814086682 3.5694480911907713 
-1.5054576901324142 8.498439713184174 
-2.180184050632022 2.7204456563592334 
-3.954720417281128 14.196735911629965 
-3.903332086050597 14.454149087139514 
-2.435667296637183 12.960535633535784 
-3.605204816047324 9.1415549450644 
-2.85647469872799 3.8892603389259364 
-0.4749610790230112 3.30123169738885 
-2.8868991309530436 2.8461502386140403 
-2.4650399550553264 13.447235981602441 
-2.95831202938522 11.988741893285315 
-2.471828467781068 12.428600205702834 
-2.2848348757485715 7.622155309480956 
-1.4691079668373224 10.786649964574174 
0.5977854899011209 3.5694833282858074 
-2.599999005237886 6.61220020835219 
-2.761286479545401 10.016379458727432 
-1.472725050663895 11.664090304572362 
-2.597653354580814 8.9794191613219 
-2.471828467781068 8.128914964541591 
-2.6510698124749514 14.238209867175144 
-0.9389908605379551 14.016344810039554 
-2.1688097598991254 10.016379458727432 
-2.7743114219854985 11.948605972015294 
0.2566215496281159 3.5680562805683014 
-3.1594959869476726 14.148223104053057 
-2.2018221474831825 14.058467730075689 
-2.059573230167896 9.1415549450644 
-2.774328788930187 13.989848292984382 
-2.471828467781068 6.561895092586996 
-2.958579743194698 11.655150568183014 
-2.622608227424879 13.035229558493802 
-4.933540542356694 14.15311342159786 
-2.699231559751354 11.404187524671949 
-2.3609321393675504 10.821395670953455 
-2.972184841310686 12.428600205702834 
-2.086623546001594 14.315342351218998 
-2.471828467781068 6.28312404412407 
-2.0157207743677525 13.48569378734435 
-2.3609321393675504 9.463524989732868 
-1.983004687091244 13.479745117668918 
-2.833466688448903 10.981554503961663 
-3.282090290404816 13.58377855589281 
-3.6171864586897073 9.954680869356594 
-2.75527194501177 11.895021984838966 
-1.1430732234705552 12.418604358567121 
-2.9236343847793367 14.482317295076852 
-2.5499942012672534 10.931080834885401 
-0.9160793870090926 11.955849132520784 
-3.427154692236415 2.860314029393888 
-3.637131217121532 6.242452601582427 
-2.599999005237886 6.855700755409363 
-2.3581115932275254 7.781700787127378 
-2.95831202938522 12.09969345611894 
-1.732133299176324 13.447235981602441 
-2.471828467781068 11.752448458428917 
-2.5935713991478977 10.632075925754428 
-2.860810995296946 5.679496831208746 
-2.435667296637183 10.021390213049735 
-1.6823436489331534 8.995965888979134 
-2.471828467781068 6.372569668127312 
-2.9173291802583727 13.67783593242589 
-1.8411069489154561 11.674221845419813 
-2.902283500260918 4.331832808105619 
-2.121167565632582 13.80640418707478 
-2.650329067454142 11.559560420148365 
-2.932045889975383 12.540939080351237 
-1.6872041054357316 9.579308546535822 
-0.1219131998644043 3.4638924981363424 
-2.5329502167544256 11.558393923459725 
-1.1699473126235036 12.990008179750966 
-2.471828467781068 7.701658999822927 
-2.8868991309530436 12.704175252732282 
-1.975360744900028 3.3962670845231973 
-3.038628077730041 4.814065260974127 
-2.9885594967364 10.803510154321545 
-2.4620369567033826 8.277734357807638 
-2.159902459161593 12.92165877656676 
-2.650329067454142 13.541974232461172 
-2.59727260031164 5.873432961376777 
-2.622608227424879 11.659002287636193 
-2.2645890140919596 3.5680562805683014 
-2.0293649031080125 13.915483431654536 
-3.136731225967791 12.014022327408815 
-1.4200911782075414 8.9794191613219 
-3.133401468476897 14.150742483702205 
-1.104273614065743 12.990008179750966 
-1.9720999105604897 14.832618311602424 
-2.603126799082701 5.4905109292474465 
-3.133401468476897 12.84518206792573 
-2.9329350000250396 12.497427335682609 
