1.0011825504243899 3.66751767244868 
-4.631802553421587 14.266754224497975 
1.0011825504243899 3.66751767244868 
-4.631802553421587 14.266754224497975 
-2.6758726407723983 6.165925104697004 
-2.2451729987735223 10.094880532140145 
-1.6142902193327364 6.480583648588712 
-4.914069054687764 13.637702936442148 
-3.234273681171902 14.559866617593904 
-0.17384740852614344 3.2772250681799235 
-2.9420196220397345 4.05892641085506 
-2.2167508219264693 3.136406614590693 
-4.256596030387735 6.926560078815952 
-3.9020752637100413 14.440289106368057 
-0.8533544268938309 3.6593694021901237 
-1.6887602488630649 12.592896365787766 
-1.4077369024250022 3.901766018912536 
-2.227223711557937 12.986751009574306 
-2.368597931870355 12.152048425703722 
-2.877143787695302 9.5116488524943 
-2.1294356339617604 14.262447368035147 
-2.6217238923954027 11.81266690243384 
-0.5140515813869149 3.5396130294151615 
-2.385400383015647 11.023736846505376 
1.0011825504243899 3.8779505556047607 
-2.3184407106831832 5.175105597847416 
-3.255070828875685 14.445882177899762 
-2.2226581771034484 10.252940785478135 
-3.040879895205941 12.992336996242452 
-2.9200396896849217 14.203250701305329 
-1.7417472640506917 12.90598126099341 
-2.1734741513009332 6.733210907513911 
-2.4001915286267335 8.980302141440806 
-2.12248211074627 10.817219729669965 
-2.3561724688686745 11.32440081298671 
-2.3343299096753958 13.410526823654108 
-2.358551331970066 8.025521886548532 
-2.9922931315533847 12.917768715467425 
-2.6217238923954027 10.28136192068785 
-3.2375167247513312 13.572866367314916 
-2.34877489078339 12.396957423717065 
-1.8952822940080285 13.25588335990655 
-3.676496595031918 11.950125380337086 
-3.259428105492454 12.986751009574306 
-3.0694991735662764 14.266754224497975 
-2.6758726407723983 3.17658797406365 
-2.6764796139705282 13.996489315093605 
-2.658919022859294 10.382744857244978 
-0.30720226653837557 3.490732226472578 
-2.597585613539774 10.48594786437878 
-2.688542112903443 3.901766018912536 
-0.9219444921380417 9.16194868510252 
-3.0973751501033315 6.50762114040459 
-2.12248211074627 11.32440081298671 
-4.176756900545197 3.17658797406365 
-3.101364687946717 11.514183315603272 
-1.892410398004809 9.031917931129431 
-1.8289200810236717 8.861280475156722 
-1.6142902193327364 8.178296555997163 
-2.592071859323257 10.690950977401602 
-3.3527712934525256 6.793667507459597 
-1.5941257408150942 14.066994070969468 
-3.091322289390967 6.756968587665428 
-1.7774476986952181 12.274861244000242 
-4.206476467175747 14.393296212948602 
-1.7621289753844325 5.942212557023557 
-1.7619742706226704 2.7721945624021984 
-2.1902865715106916 5.667911912502259 
-2.358551331970066 11.76467718389978 
-1.3770865863106665 3.3351324821380475 
-2.6823477494344723 12.666106085841646 
-1.8952822940080285 14.444941104564405 
-2.9212366730498207 14.262447368035147 
-2.5635980934107434 9.461912753747614 
-1.3970698045623782 11.292739818744444 
-2.31353221411141 7.390384488197945 
-2.9212366730498207 13.279195463893139 
-2.198218243970092 3.7323602456731044 
-2.3561724688686745 9.464706172982574 
-2.909921027618138 6.596658338598432 
-2.6493253496448865 12.764898598632652 
-2.39636123331869 13.631304244361473 
-1.5941257408150942 14.066994070969468 
-2.334467175266563 14.312090031448008 
-2.2562362553503315 12.658167624759628 
-2.854734314728558 7.526417847514601 
-2.4516442207165596 11.4455110646111 
-2.3596175691413306 6.788085482648319 
-3.4072704767898716 8.491700951025937 
-2.3464787976636865 11.41581996800501 
-2.3596175691413306 6.788085482648319 
-2.6264154284797594 3.7438039772641742 
-2.6386098359897305 11.0036413860437 
-2.334467175266563 13.667549848499307 
-2.4860110558268924 7.528878504123664 
-3.1029287872794775 7.403008286784345 
-2.2226581771034484 8.953597336678088 
-2.6485143238571847 11.565590843889982 
-2.9922931315533847 11.292739818744444 
-2.358551331970066 8.025521886548532 
