1.297466778158139 3.7661296493042045 
1.297466778158139 3.7661296493042045 
-4.7740884811229005 14.217961472248852 
-3.421514679435442 11.690081128402596 
-0.15400056406509344 3.760008684860911 
-2.7420660808387605 7.252806284081807 
0.6761396071168628 3.798340271949445 
-2.2350697568281355 13.420841652346269 
-1.900176741917119 7.300032128832919 
-3.055892514281252 5.344158467961937 
-1.9481779023167203 11.819704634347604 
-2.350759088281179 12.362731814992742 
-2.8854268799006473 13.326133220258846 
-2.790058065997333 6.272330921813142 
-2.4175564821282682 14.542461264544581 
-1.0044493654264437 3.0871209606797096 
-1.5430106005025848 2.848017150609709 
-2.3470523570190682 13.294259211891825 
-2.3470523570190682 3.9409050538656114 
-3.043028169328336 14.663724058388505 
-4.037963371286223 12.493077038953835 
-2.3211106955030996 10.666930670211489 
-1.3605715563607155 14.591640104598962 
-2.338207300644673 3.288648510255902 
-2.1560345549732 9.21240297617842 
-2.238658747955255 12.932717684108468 
-2.625106374838311 7.632758330256769 
-3.795019832071039 7.766258318691074 
-2.4937562313542747 14.186599825831495 
-1.339504050460576 10.1990870347732 
-2.332407437225303 6.381843616018221 
-2.101420726088758 13.83298696967136 
-2.2337594606714584 9.904961706420412 
-2.494655371876518 10.193910805067869 
-3.3896940958811665 13.748439565105999 
-2.5372240545795868 13.034545135971229 
-2.0037714277612664 2.9905697509152054 
-2.6548503476111054 14.661935376165253 
-2.8695438015403827 10.156050844132448 
-3.056109727949776 2.848017150609709 
-2.332407437225303 5.850617108989846 
-1.5373576889969502 12.257507184092212 
-2.653583778263897 14.714815051501649 
-3.179922223269334 13.27409763003688 
-2.1977848436483614 8.518281247900916 
-2.8689324603356128 12.272218566183142 
-2.4175564821282682 14.412944200234474 
-1.8343964721494523 14.570076470426699 
-2.3538191727116597 12.776323124574954 
-3.043239525489128 13.70546808797558 
-2.254957233206727 11.45138446502341 
-3.366638154183499 10.01061935541912 
-2.6548503476111054 11.690081128402596 
-3.204712682684138 7.707803423299758 
-2.8854268799006473 13.884661223736876 
-2.251082262038393 11.297037476273834 
-2.155946602390126 7.972941321233645 
-2.2616199871400537 14.701827981665527 
-2.9912526694756716 3.5554882571460737 
-2.0646683661039966 11.623911803625946 
-1.4142720310549102 10.05369783272503 
-2.593004400949994 7.900962539333295 
-0.8258984956652142 11.915542900351408 
-2.433241143113711 9.21240297617842 
-1.4077743802514404 11.933579313912464 
-2.2554028108749495 11.111620688289841 
-1.3269774921203585 9.499155060587656 
-3.742893679724964 7.5774293973868385 
-2.239385471643182 2.9138236934488697 
-1.610304561408494 5.674927687868873 
-1.0506714691043562 9.304420986037377 
-3.050456816444142 12.257507184092212 
-3.761984799480558 14.490920422259826 
-3.194097976765593 10.353729086070567 
-2.725289305044452 13.701213720342473 
-3.76883880884806 3.516478566757818 
-3.7271569859988833 8.471362233849463 
-1.4077743802514404 12.389671291744364 
-2.606651192823105 8.761575064491915 
-2.625106374838311 7.17609815280892 
-2.418280000030202 10.938651603555558 
-1.8343964721494523 2.799017193021597 
-0.30422846728091524 3.7661296493042045 
-2.7383079569346056 12.226871086788204 
-2.1482956518387804 10.05369783272503 
-4.130353308343109 14.39341012023862 
-2.254957233206727 11.215159052866838 
-2.093433090333588 7.371143127689262 
-1.7262049673269506 7.531120865666369 
1.0446281683376992 3.7229542261348914 
-2.76202004816219 10.694378116275022 
0.584286514286493 3.5298883165237287 
-2.215503997033277 12.69062014670863 
-1.900176741917119 3.824187452056405 
-2.8081624740894675 9.176406387117343 
-4.728063088039394 14.217961472248852 
-2.76202004816219 10.612499692868026 
-3.0509893722034027 3.7229542261348914 
-2.6479464065154374 12.493077038953835 
-2.206325100961267 6.661407489336254 
