-4.963174410224229 14.154970753725417 
1.0820501804993452 3.6941843635314386 
-4.963174410224229 14.154970753725417 
1.0820501804993452 3.6941843635314386 
-3.0654347943866638 10.07839170828273 
-2.127148629799594 4.017381067191183 
-2.545024423158102 4.351643831180438 
-1.0458289411123207 3.8824274714670937 
0.5168915377517362 3.6150758538722076 
-1.7907053513156546 6.385384687369967 
-2.413334248748001 10.572408874184163 
-0.40394913354948203 3.864960101633786 
-2.3593502738628747 12.808528470246682 
-1.375593945906929 10.031381391941615 
-2.748265312597068 14.707775551544772 
-2.602167725755909 12.875259702390936 
-2.2437775035701524 10.282481820820852 
-3.0801717297175015 12.984000693446497 
-2.7106651290172525 8.003940117183628 
-2.545024423158102 8.52519970783742 
-1.871639712003839 3.5165881384994275 
-2.265144065016829 12.42888914984285 
-1.7447494621589756 14.154970753725417 
-2.4593079861326292 10.67909051231311 
-2.9111941694023784 14.066357775500936 
-2.432215174962832 8.035007457293775 
-2.4593079861326292 9.872127564722552 
-1.7799443669944273 14.569072599125189 
-2.865034468337723 8.106768725328457 
-2.265144065016829 12.15649293901254 
-1.921387142777926 7.969950882808649 
-2.107368072914016 8.963779443259064 
-2.4252532122363744 6.385384687369967 
-2.6495388316395405 13.616575036502235 
-2.764532955854654 5.086422446558075 
-3.0654347943866638 4.398433215409778 
-2.1108563050854166 11.196111670020038 
-1.551177743157118 13.634342353195333 
-1.8214104329559433 11.669583476217346 
-1.6319656069857875 4.192837360183392 
-2.5775563655068576 9.250388295340304 
-2.5826620899892014 14.538830817346494 
-0.40724867440132917 3.6950278566463775 
-3.478729411305662 13.07501488706605 
-1.7799443669944273 11.166195144228809 
-1.7799443669944273 11.805492780760986 
-2.5277759433283054 14.08574410388691 
-2.212177980791377 10.891017777437796 
-2.704415864468137 13.020270829859715 
-2.583954195576616 12.95278714759129 
-0.30574374631498946 3.233994415975414 
-2.4252532122363744 6.154694774289805 
-1.985933021594608 14.183226881231583 
-3.177187314188615 11.373032486446798 
-3.170186328024569 3.8586814787759387 
-3.955929655364564 11.554521837275061 
-1.7447494621589756 12.046987271501937 
-2.265144065016829 8.564063428874316 
-2.265144065016829 13.607321159263748 
-2.237773300777798 12.029561145441326 
-1.8595805874452154 7.2461643462973555 
-1.8821170590858438 10.057797636242361 
-2.495359787718412 9.622937713574437 
-2.4629664063035044 13.79471555807137 
-2.3593502738628747 12.729207339538608 
-1.2884670128558269 3.864960101633786 
-2.432215174962832 10.031381391941615 
-2.2623977222422464 6.822005462572852 
-2.3468576443723235 7.278053844342681 
-2.577725384911501 14.147193093544153 
-3.8350677571619105 14.48792682989501 
-3.1502298220243454 14.525568356701012 
-2.545024423158102 5.946527699468964 
-2.4252532122363744 8.996746414688198 
-3.885584234344374 14.48792682989501 
-1.871639712003839 14.611913530637072 
-0.3203274705368697 3.233994415975414 
-3.955929655364564 11.555872783584089 
-4.989026866366569 14.12553360112339 
-2.584029437215909 7.0401862379969495 
-3.158821676199374 13.58977151648996 
-2.709378970622908 14.580367200370867 
-2.4593079861326292 13.076160057377077 
-2.1261226333619954 11.399453292627374 
-2.4144922279151473 11.166195144228809 
-1.680555961272856 12.755956558649821 
-2.703662497547525 12.33241302571363 
-2.758922820766946 14.389730318086922 
-1.212914904085991 13.076160057377077 
-2.237773300777798 13.672636527367992 
-3.313534198259505 7.2461643462973555 
-2.1261226333619954 3.827638982473193 
-2.090779360575492 9.294916366273476 
-2.271437950985353 14.580367200370867 
-2.306637010098846 11.50766265968587 
-2.7123319339674716 7.192192043983095 
-1.8595805874452154 7.379940039707012 
-2.3580992151086737 14.69232306209434 
-3.955929655364564 10.462052287683463 
-2.8193397381860836 4.245111149656783 
