-4.845958168477998 14.195085203132988 
-4.845958168477998 14.195085203132988 
1.1605781057752433 3.7203512944314476 
-2.729620054585542 14.664899093094988 
-2.938737254524716 13.135404286078739 
-3.5478598432713055 14.524967228377225 
0.3995331544363934 3.5016980727218594 
-2.1489807582750036 13.00942500834992 
-1.8890670465710477 13.335518846434963 
-2.083702913257791 11.088465119811243 
-2.335826291514552 2.842443576456502 
-1.884405223003152 12.250174045575301 
-4.097893128602629 14.41639173812733 
-2.7183913253870227 12.603771713368502 
-1.4066438892742403 3.133563166914023 
-3.348309484549246 10.594929871456689 
-1.7527469437662087 5.816703423704613 
-1.715427741860272 3.2561208856547457 
-2.210776444706146 13.503302839319305 
-1.9832031467231102 13.920888527533327 
-2.090518582760359 8.640374693094893 
-1.3509766107600583 14.020640709805015 
-3.3828156725783045 14.227330762640943 
-3.6518236852258266 2.58340088344984 
-2.646921792204021 5.91050938720068 
-2.923323211867942 9.582318034351303 
-2.3179673103505696 7.3983767293498355 
-0.777622999370883 3.079014741459902 
-2.2802694946799775 11.567243177455326 
-2.087966714627578 9.385355038221972 
-2.155361993032126 7.365104008720352 
-2.641464892614736 4.054171501919301 
-0.28096662214225476 3.341653697098449 
-1.8430413376230732 14.286337020904037 
-2.674969391435838 8.404016545128636 
-3.3828156725783045 14.227330762640943 
-2.459460776659171 5.816703423704613 
-0.7472628950805174 3.589011772497095 
-3.0256071911295983 7.887450318468838 
-2.2794738722713004 14.049159671467146 
-2.3734536030871016 14.41639173812733 
-1.4814903612748678 7.197822800736583 
-2.447076142472658 12.417238870667836 
-2.906572651871933 3.2070685007105495 
-2.967573010460821 13.367223827418908 
-1.8848110625259116 6.0447218064538335 
-2.332594021560543 11.314681943147015 
-0.9631360542527112 12.142684339680372 
-2.310393199097439 10.787086524283174 
-3.4844302115530548 12.078261460727532 
-1.3953579937202054 4.6177868034939324 
-1.737742819021014 11.46116629684373 
-2.13953423627603 10.262846847003567 
-1.4066438892742403 3.5854587418240116 
-2.7942055801114476 12.002871809087868 
-3.1434114195343232 5.635259054904549 
-2.310393199097439 10.787086524283174 
-2.9335321527345615 11.142667794660744 
-2.7111322199219856 11.670930699941925 
-1.5220321868320843 14.616176077414178 
-2.447076142472658 13.490787534767833 
-2.362780030961269 11.442512378125949 
-2.9335321527345615 9.020051455937544 
-1.9625868461183327 9.017183480244707 
-2.5333770079809126 11.870795655561237 
-3.3919755616090317 8.489138534237696 
-1.5726506832170801 10.651762328840324 
-3.1185861218861737 8.625591349512815 
-1.6930096584128531 14.204146057340813 
-3.7892600691615317 12.417238870667836 
-1.501473216767808 10.486255726664485 
-2.0558983213871684 11.806784972409757 
-2.0602414152890702 11.864371090011979 
-2.923323211867942 9.98063640859224 
-2.089575862333665 14.007687605745144 
-2.967573010460821 5.393861197855317 
-2.5333770079809126 11.870795655561237 
-2.674969391435838 6.488499352317014 
-2.735639317539425 13.618115150681964 
-2.8352920706187104 7.178990074512598 
-2.155361993032126 9.605170011449976 
-2.862713080207343 14.309242523374134 
-1.393270974761505 8.728823354372143 
-2.8996178171028197 7.178990074512598 
-2.488319874706429 3.2561208856547457 
-2.332594021560543 7.099219427722476 
-3.004645510826605 8.55550154917847 
-2.1454159233775925 7.064940229996168 
-3.030675155981191 9.263786736227008 
-2.155361993032126 9.605170011449976 
-2.7850321919276873 12.15312033727736 
-2.089575862333665 14.007687605745144 
-2.801877750129177 7.759696698224357 
-2.1489807582750036 4.054171501919301 
-0.28096662214225476 3.34314684442442 
-2.6686884610606576 10.262846847003567 
-1.4814903612748678 12.89907311810097 
-2.3309907925152986 6.46756029828881 
-2.2229926784321243 14.204146057340813 
-2.669171226427916 12.989261247539297 
