-4.528070331307774 14.299531524639717 
1.2157701834601076 3.73867465104561 
-4.528070331307774 14.299531524639717 
1.2157701834601076 3.73867465104561 
-2.8115151567846404 9.390260380417935 
-2.264934183210829 9.308210990479171 
-2.755863941609768 9.687544094839978 
-2.3599438274220805 13.51856162781817 
-1.35810912574378 9.184549937353964 
-2.39842868927888 14.795479559760384 
-2.8730045596960876 11.823312540820867 
-2.8116372704240313 12.803573637832843 
-1.80487325451675 13.4754253385553 
-1.8057018267650389 8.677965117318923 
-1.9146247989684224 13.568787995790686 
-2.3631704801576565 11.873453999228873 
-2.7555670224055477 9.938052876158977 
-0.9714683105428548 3.2475246045982837 
-3.4394412608363307 14.569610637701583 
-2.3599438274220805 10.803564627169166 
-2.8193114742968457 7.33108324732688 
-2.1503077846014444 13.997694532338883 
-1.5125788917108975 4.220001178488618 
-1.8792288652428435 13.338702414191555 
-2.8730045596960876 12.893737159087577 
-2.8513142261223083 10.052429902953506 
-2.6554741268313213 9.578594070061284 
-2.9176072171723084 7.711179758422071 
-2.8183841777796133 14.13561852963462 
-1.5666447722400747 2.9364708069563887 
-3.2420941955559552 6.835849295510855 
-0.3365233880923624 3.6757324682318693 
-2.899573027295374 13.4762471402116 
-2.2696051782816244 8.837327061214893 
-2.8177215839581784 12.416822316110293 
-2.2199079082277624 6.601515500104627 
-2.774653840014464 10.2525552390488 
-2.1845745883053396 8.360221660936665 
-3.062576939832623 13.597059481203202 
-2.800797096919374 7.604255445977422 
-2.5100136621294777 3.3536133265374315 
0.8084918875652647 3.7259495032054137 
-2.3798968313984896 12.728404548646157 
-3.1440018025299015 6.015369962939577 
-2.8567800475186975 10.835011645704421 
-1.5548588057391375 7.82143661870152 
-2.264934183210829 5.812232640358128 
-2.3609005029022883 11.136162813339475 
-2.339793958362774 14.498055838481621 
-2.39842868927888 14.359932268509262 
-0.10677516433061252 3.5746304823629265 
-2.6858296468786684 14.08996010056382 
-2.906999719874785 13.852762649400999 
-3.289834260965586 8.373508050340291 
-2.3033006470380677 10.918234560012875 
-3.716213506430464 14.08996010056382 
-2.264837521247547 10.253029902397966 
-3.8244401849728065 14.08996010056382 
-0.13361884382708267 3.3059910494156926 
-1.3092574795680436 11.999807245698937 
-4.528070331307774 14.213425943225229 
-3.416473541104196 3.640354106771232 
-2.169508277556425 12.299627167558452 
-2.4155422236032082 3.894329896589848 
-2.85928280485222 3.489864561940424 
-3.529419803841116 14.299531524639717 
-3.4416822377466607 11.873453999228873 
-1.3092574795680436 3.894329896589848 
-2.3775875126657904 11.225711579076302 
-2.0054716533029504 10.773191573663787 
-2.847597953607682 12.642495926186937 
-0.9714683105428548 4.096254072166665 
-2.847597953607682 12.642495926186937 
-2.07238182033665 5.791522534339071 
-3.528709979541313 14.299531524639717 
-2.820252175678701 7.625979838799811 
-3.062576939832623 13.513727540999957 
-2.7503546099921623 4.828825587370852 
-2.0054716533029504 10.773191573663787 
-1.9482450672817095 11.520274078076019 
-3.5462809384937923 4.789135938505869 
-1.7391749765000077 3.489864561940424 
-2.526664172968712 6.156045007694248 
-2.1932330386991263 2.8625862106213624 
-3.496604296360709 8.360221660936665 
-2.546379827613366 11.593919019804293 
-2.430522630736229 12.7304557120001 
-2.494282765280684 6.020998776844141 
-2.325948667243383 11.754719922406954 
-2.4001332292171167 14.13561852963462 
-2.0298552067716233 9.341911848690305 
-2.3610730536054674 14.41544871089398 
-2.3588618234845744 14.08996010056382 
-1.6220077841963816 14.682890399757792 
-2.9176072171723084 11.177136048346753 
-3.12990305190361 3.353295557208285 
0.45104764859150426 3.6867877796906594 
-2.2199079082277624 3.877796193952932 
-2.3033006470380677 4.9748134499665015 
-2.4081474042283935 6.942728078074447 
