1.1452936823834168 3.7161829841552816 
-4.94956882453954 14.159656798982155 
-4.94956882453954 14.159656798982155 
1.1452936823834168 3.7161829841552816 
-3.2222367931061124 14.625420955947902 
-2.2950448071511538 3.326171355087315 
0.0370649327481023 3.356547283696715 
-2.113227209316265 4.298352045230794 
-2.321474986458557 13.519393099234334 
-4.870336089007884 14.177702292979307 
-2.719776520745986 11.283237156661418 
-3.336861197379428 13.814361737272607 
-2.5110624304411333 11.207017001684939 
-2.03058289706384 10.50379908302854 
-1.3363399952690158 3.0165459428616233 
-0.534539293224823 3.284182786772001 
-1.165019294870195 3.7813487532277636 
-3.1100249178588277 9.815156790714456 
-2.8547849661115805 10.844872189881052 
-2.934174643264663 5.067285394430722 
-1.8742087874313695 13.385540880513236 
1.1123205907367524 3.885910786366908 
-2.709309950188486 12.479718178702178 
-2.363128265315244 10.932460805426276 
-2.016190958176549 8.269942787517236 
-2.755745582345372 9.102750943987015 
-2.6606806664414693 8.218677134789623 
-2.3988739115996736 12.052188117912316 
-4.007968709257952 7.846953447024284 
-1.714986941808673 14.256808223344237 
-2.2728289555036048 6.579394701844099 
-2.6271272960553524 14.168474392675975 
-1.8804371399938744 13.8197310853194 
-2.4433351737576836 11.136273067193901 
-2.1130321229022826 2.7557451061164313 
-1.7175460025626013 9.102750943987015 
-1.5108030412323412 12.256806172293306 
-2.710604801321641 6.612148498541137 
-2.689875520968486 9.705900632904054 
-2.3037762829628208 11.68184919289121 
-1.7433721503664092 14.005458907266295 
-2.6271272960553524 13.324712820080208 
-1.8804371399938744 14.661804904015495 
-2.5110624304411333 9.427747417355317 
-2.709309950188486 12.816519788860646 
-2.903663781343197 12.884688743051527 
-2.2665336011298542 9.083024321837975 
-1.5971777888722238 12.417928421229014 
-2.845454861057107 10.523891692691553 
-2.514143313733615 9.456959473822144 
-2.4723082042666817 14.79000580933671 
-1.5971777888722238 9.540842490092464 
-2.3689179298072127 13.878548025025058 
-2.321474986458557 12.728601757948304 
-2.710604801321641 13.5527471302415 
-1.191662229460293 5.573911958323185 
-3.3042254866637966 12.379254768757747 
-2.4723082042666817 12.473720289328194 
-2.287026875447606 10.523891692691553 
-2.7023122337220626 8.462823476444711 
-2.8079657596868386 9.475836430540447 
-2.9063172240554067 5.753275406950063 
-2.4723082042666817 7.633702684226954 
-2.1641519856128997 10.692971275049953 
-1.7463302499806832 12.460685127504743 
-1.8967667160950672 7.796451028068384 
-1.8967667160950672 8.506433101289423 
-2.441299857519773 10.040610508435803 
-2.703156874542768 14.20526669073137 
-2.8907737967804774 14.466447721216593 
-3.388839028930558 4.179639312282081 
-2.4894621536352513 5.836201156228511 
-2.0016414175419377 5.679992347703418 
-2.5282174189210975 14.654550311248652 
-2.2728289555036048 7.930163862893506 
-2.83589929745903 6.942939711278301 
-2.3775579040084716 10.836470175013538 
-1.9038206623002631 3.1463741304131405 
-2.8199981952781163 9.480275461752 
-2.7764197176499996 12.148914289944354 
-2.903663781343197 13.082216966545555 
-2.635374830484103 12.908133430693054 
-2.3975259684044756 9.22157883328816 
-2.300877496235274 14.45001998002089 
-2.019590112454103 7.072361228658571 
-2.3336028857870525 11.894268028426463 
-2.4723082042666817 11.682004308948228 
-2.504007573176387 12.417928421229014 
-2.719776520745986 7.964280296654519 
-2.672837407602436 9.785467747744036 
-1.8397048101970281 11.755951319858799 
-0.8711531986032388 3.147903068357606 
-0.8711531986032388 3.147903068357606 
-2.4894621536352513 6.100523916563834 
-1.8020965956371937 14.14433771948638 
-2.3517481842811536 14.37616799245001 
-3.3042254866637966 12.476124694407957 
-1.4667979391297994 5.563211489878894 
-2.113227209316265 7.77501386681026 
-2.159502667220606 13.42209439089083 
