-5.046136100415273 14.125181685335367 
0.9848761489356472 3.662360700762015 
0.9848761489356472 3.662360700762015 
-5.046136100415273 14.125181685335367 
-1.5863977462412557 14.312067482706443 
-2.466851252373396 13.735844121155372 
-2.283859048713083 2.881784189497621 
-1.7970305829884508 2.879274080439039 
-3.4249934548021486 3.2353479840360078 
-2.1349810697828557 14.225068191555728 
-3.1245783784749133 13.037493467632 
-3.1717931100730157 6.973140159212193 
-1.914333803382197 13.728408069515414 
-2.466862288134939 5.341125152733834 
-2.995433916062797 10.179869521030964 
-3.2463688582632146 14.139863810118378 
-2.2665169087016417 14.331878613295643 
-2.8049753419645906 5.654787390031592 
-2.0542677024536444 8.074952280411807 
-1.7295564946685376 10.916400084109526 
-1.7532191319146317 11.819616363403103 
-2.405680910986661 11.883185448767426 
-3.4340463619447847 8.544644747944794 
-2.8811970133066294 12.542719360195667 
-3.630101401942687 9.427273994778753 
-2.7270654753654915 13.037493467632 
-0.9250248486247559 14.125181685335367 
-2.2860074868878333 11.15061048325559 
0.24207804843326586 3.5298815278482967 
-3.12599782601653 12.152332166299786 
-2.3284123299651243 12.345835464739293 
-1.7533550548346726 11.512228502684552 
-2.995433916062797 14.672866925104419 
-2.8257571772123016 14.383700295813185 
-4.0195249002580695 13.728408069515414 
-2.4619691574642406 12.624524046905691 
-2.798725528461734 10.542299775393118 
-2.098074066196303 13.535702762665599 
-0.9210287422990762 3.5454102479985745 
-1.415659472707162 3.0683485748938955 
-2.228502178655523 7.185696581815312 
-3.493741893508803 9.348318939712568 
-0.3702907828760704 3.2247176545964837 
-2.7303483810689246 7.829540530413538 
-2.2780746468114383 3.550979993334545 
-3.758217006715376 14.52105917025614 
-2.512294575466099 10.880266095303732 
0.9442026327286586 3.69509992654244 
-1.7519238082768185 6.312847717367399 
-2.4517180863467374 10.322672926482166 
-4.394611366549179 14.33329318813611 
-3.005259165810051 9.87206244471093 
-2.995433916062797 8.004864041130933 
-3.9235468076549447 14.383700295813185 
-1.915197439991541 11.248784050000907 
-3.381669729285535 14.331878613295643 
-3.2043868957892014 12.756516343265762 
-1.5830634528370187 12.117721188547534 
-2.3299879102689385 14.800982404273945 
-0.894957831745745 3.079932994214646 
-2.8048076579754917 11.910914691920622 
-3.18289551622214 11.305189508717977 
-1.9208665054992036 11.622517835795692 
-1.6060197626211 6.875259275296868 
-0.6310598632700408 3.293730021858379 
-2.1382812621867244 10.408395900849337 
-1.840518863840101 13.037493467632 
-1.5849098139983295 12.469816485467831 
-2.4619691574642406 12.321371434365371 
-2.466862288134939 6.832635600870289 
-2.7284905662263688 7.1806464879775405 
-3.3588469767168854 13.036556009696744 
-2.228502178655523 14.805316211666518 
-3.8050891343185733 7.211436705894371 
-2.4483232355057427 12.542719360195667 
-1.9807534724479146 5.0808338798564 
-2.6091968793270226 6.56344850559828 
-2.745759418776447 6.032391656904139 
-3.488325985371552 7.883769261598619 
-3.381669729285535 14.331878613295643 
-1.9276337578367535 8.212343948453746 
-2.17665146916751 9.579412861770066 
-2.9205048665863096 9.453188519985469 
-2.7547557016790907 12.38396797356422 
-2.8048076579754917 12.82126434960559 
-2.8868111292193537 13.549683912260729 
0.21671289136796945 3.662360700762015 
-2.5954706168240684 6.363852522817619 
-2.2840159371299142 9.348318939712568 
-2.9726265721237333 10.555118177411938 
-1.1915753788327965 5.253792487192225 
-2.100571806100199 14.6225230021552 
-3.8050891343185733 7.178530284256165 
-2.1349810697828557 5.905093099763562 
-2.7521879903317563 9.412912664103825 
-2.9726265721237333 11.090587088514969 
-1.6381683839507861 7.121421827788817 
-1.5849098139983295 12.469816485467831 
-3.179424463626975 4.60667908014728 
-1.846720383464855 5.072777105811136 
