0.9592155079471874 3.653959493241701 
-5.019689747218673 14.134980734958752 
-5.019689747218673 14.134980734958752 
0.9592155079471874 3.653959493241701 
-3.1689835332597878 11.664071507491169 
-1.2662341606362397 12.181260519169895 
-1.7359420138489332 12.439801250419102 
-3.018298034339339 14.673052962042629 
-2.7975110128248737 5.806885119712843 
-4.430815124192313 7.2851120547226635 
-2.334888375869975 14.05059276715551 
-1.5117850528138455 3.221046845460567 
-3.143467491055986 10.370734488758679 
-1.6024181956768917 12.736305414716089 
-2.5536339269910395 8.870298916007059 
-3.5526915032988398 12.155784137905822 
-3.143467491055986 6.287699511926475 
-3.5526915032988398 10.374195651415473 
-2.959381196338515 10.06793163766619 
-2.4726794517966266 10.466716383685068 
-2.5089830544695015 6.384686473122298 
-3.0192048806630116 14.511908786304957 
-2.898498943877695 5.379642317261844 
-3.459688348430695 14.583471271443777 
0.11636925730879932 3.375764692099132 
-2.6487526390058025 3.930916501493087 
-2.5710344131963794 5.144033783265125 
-2.5417770076207225 14.444672242709363 
-0.05367975197450314 3.585382239041632 
-3.0192048806630116 13.400215866356941 
-2.271991065487419 7.207872906518751 
-1.6188254014159833 14.14161314595539 
-3.498195660530959 12.95337260551864 
-2.648523403471774 14.31756983402681 
-2.4726794517966266 12.847816410972692 
-2.5426024909268046 8.477144454980511 
-1.4847947976617577 3.8050017714827793 
-2.8669435965626553 7.790100842465873 
-3.468645102651042 7.09712876818309 
-1.8708518889537868 14.337417234290049 
-2.896651031917708 12.614533668504777 
-2.8981590952588347 14.089488037769911 
0.7604749018221553 3.653959493241701 
-2.707992383897569 13.082313249740071 
-2.0303760889142897 13.110117536512613 
-1.8598445422076646 14.298292123440625 
-2.7279253897727984 7.300927870291836 
-0.33972231678034115 3.6578795580285366 
-1.3859909453502304 10.466716383685068 
-3.5526915032988398 9.614618680735695 
-2.0358339925438065 13.617626013176414 
-2.538968712880905 14.580152199875478 
-2.300048898180159 7.328777376129004 
-2.7279253897727984 12.16095640296345 
-2.5093727666960453 13.110117536512613 
-4.858956193728147 14.134980734958752 
-1.2868235071309946 9.911107388861193 
-1.4692726794360302 13.612154684211834 
-1.6570745221976306 8.575356978643487 
-2.7459724855239456 5.23957206900034 
-3.953655564078675 12.059295101727123 
-2.600913037635006 11.314783473677622 
-2.898498943877695 8.793791599550275 
-1.9323753709631535 7.011128027597426 
-1.2662341606362397 10.39001932943322 
-2.763739428879436 12.926857435898018 
-2.7279253897727984 8.109185738703472 
-2.5726506866034837 4.429034706497328 
-2.5524939425438165 4.905335742618126 
-3.4276826673592704 10.590430202018421 
-2.220741057914374 13.637336868331074 
-2.4410384899684523 3.8958181007549118 
-3.167510693211255 3.9320997118983136 
-1.4597443465170947 14.055634128718458 
-3.1709537770542933 9.284848899588463 
-1.9121930297503202 14.49650805436659 
-2.454460776262689 10.590430202018421 
-2.4375560498863518 10.141109750189575 
-2.8211638320464956 5.23957206900034 
-3.4884998931890565 8.58743679765691 
-3.807537308197377 11.777112300770767 
-3.018298034339339 8.073151181703304 
-2.7186013892262713 7.440280677492831 
-2.017899197006333 13.941309844592139 
-1.108150041459491 3.2041187585898117 
-1.660469394295732 5.486383328535456 
-2.4847087795939764 11.611926604141438 
-2.538968712880905 14.522000804074867 
-3.3917507422915003 9.23913153718986 
-1.9308837322322905 8.017848363460823 
-2.1118344859354656 11.660857365643032 
-1.3859909453502304 10.109080303718958 
-2.5093727666960453 10.587965140224437 
-1.108150041459491 3.2041187585898117 
-2.8804251094002122 11.094681184188001 
-2.4375560498863518 9.127065154667347 
-1.5397728958905574 11.800268837804927 
-2.4375560498863518 3.534813349057842 
-2.7975110128248737 12.170963014336696 
-2.2736248520917446 13.071445470115606 
