-4.996802492839095 14.142830866871204 
1.2084152422029502 3.737463764774043 
-4.996802492839095 14.142830866871204 
1.2084152422029502 3.737463764774043 
-1.6265480624976778 14.781529086035942 
-2.675106538955683 10.081969875994822 
-2.9299614757044243 4.25120675664324 
-2.0096574955151048 5.877015934680107 
-1.9312265159129032 7.0462571866959 
-2.8591554866863267 11.648079043893825 
-2.5773360810960684 14.692119360967375 
-2.52440360105154 6.131343922463445 
-1.9672608538143193 14.063115265433403 
-2.5773360810960684 14.32004863803004 
-1.6300951377021038 13.953230178762716 
-2.7466955524408796 7.786614264815922 
-3.2111677147460886 13.741808155481284 
-2.002668779974737 10.6382980160778 
-2.7564733282785414 13.409427006027157 
-2.478230438715669 11.232503082873054 
-2.680010943645002 9.872409076887113 
-2.592201267240286 8.044460104578466 
-3.890026174443148 9.954825595547657 
-2.6562768665852943 11.55707409128366 
-3.6593997811401078 14.54133576737567 
-2.575042193672894 6.725956568301634 
-1.515593119315878 2.844595140557545 
-1.8122111080952243 13.352178637020694 
-2.5236941618176214 13.3390325919003 
-2.1345636606720246 12.782352961705914 
-1.7487865382581593 2.9165031583123624 
-2.589000562657479 9.249085117560517 
-2.6462135024760167 9.055762609765864 
-2.3490781111814085 14.128202059698344 
-2.3810642200562784 12.543254176892635 
-1.7134028392610836 14.410664346570822 
-4.991061318886913 14.142830866871204 
-1.0118667582432233 13.352178637020694 
-2.4852950543710053 13.25287302920005 
0.504128047799536 3.554844077421272 
-2.7081831620901013 3.2807176754345244 
-0.6854389315738296 3.3483331667853466 
-2.4853418899047486 7.597528308628465 
-3.390916760678869 14.54133576737567 
-1.5242446569241683 8.044460104578466 
-2.4120242697996077 8.81193401197553 
-3.7178283937506573 7.635250135984274 
-0.39208095761339 3.3252127350516854 
-2.5145158283162665 13.016310567411569 
-2.0613268548161505 13.352178637020694 
-2.4688227112632757 3.4028520946028484 
-2.4665699278247804 7.745542638253793 
-3.7600096591729653 11.658574265548598 
-3.657437118892779 4.25120675664324 
-2.5205666346868156 10.560822944204167 
-2.6562768665852943 11.938321389817316 
-2.6562768665852943 13.359813317107266 
-2.8688682241097796 8.03454510468651 
-2.7564733282785414 11.987935078737207 
-3.340383291137704 14.526488164088045 
-3.90761660076103 11.957202422462064 
1.2084152422029502 3.8345376443031154 
0.23137624966439763 3.484377800224165 
-2.0264635835238645 12.523853202076328 
-2.2171437327512193 13.02515225242285 
-2.0264635835238645 12.523853202076328 
-2.52440360105154 11.0097467892262 
-3.613933020690714 10.560822944204167 
-1.994526040840297 8.615113815622141 
-2.5773360810960684 6.9340614529174065 
-1.6723875177589025 3.5093892898573413 
-1.7055956626029658 4.25120675664324 
-2.656248537556274 11.85652394172692 
-1.5318025177987686 14.042845717475178 
-3.8485908839953344 9.797675331905518 
-3.1175271332272616 10.506376918782085 
-3.3270106486713 14.450626706783288 
-3.1567654291410565 10.577614275341936 
-3.1175554622562816 3.5535736300153884 
-3.116748457559686 2.9659305479028104 
-3.1175271332272616 3.4717761819436497 
-2.7029922795004713 9.511287459635293 
-3.6248662355649324 8.347693564296709 
-1.2412493984611714 9.511287459635293 
-2.7801330278354035 10.82888495749341 
-2.836186551951664 3.4717761819436497 
-2.638568674726292 11.330570260954115 
-3.6248662355649324 9.218822524977043 
-2.638568674726292 11.330570260954115 
-3.538087099102256 4.581929158377494 
-2.7801330278354035 11.338741407447596 
-2.3465861782598783 9.467756257913617 
-3.1511597173243677 10.8593697506248 
-2.0829930716293554 2.918341675894851 
-3.340383291137704 12.631438449208213 
-2.613723830852312 12.713669397853547 
-2.783289550922044 14.128202059698344 
-2.5097666460974986 13.767373507655357 
-2.367798458024157 6.030959495731441 
-2.3670890187902383 14.338870581740023 
