-4.69720154310159 14.245277949444848 
1.2371482124738273 3.7460589589608033 
-4.69720154310159 14.245277949444848 
1.2371482124738273 3.7460589589608033 
-2.4065229395356638 11.37582284093249 
-3.837123702906835 14.496382566218088 
-2.531048661936586 11.642653037017919 
-2.6263478928927055 12.023966158185338 
-2.4940097141068875 11.860557973090444 
-2.5773799625968423 13.690227240889342 
-1.6198580186090275 11.467346211237215 
-2.3976436204344886 9.749081688796775 
0.4864769233805337 3.497589068677793 
-1.7655969756074945 13.810844289864935 
-2.5763608139884067 12.252369376874585 
-2.8528543730053832 11.75506473005609 
-2.190347514836071 6.911530329256081 
-2.103707849595226 8.761672223842117 
-2.5618963079928765 7.131152847896264 
-1.1353015967272082 12.651903303445776 
-1.129760545483559 3.6271182766987877 
-3.0839808280660135 3.2988020984813238 
0.044572444534462186 3.5105634648026784 
-2.188334614000171 3.2846564060595496 
-1.7655969756074945 8.711735071818588 
-2.7888759717285696 14.662803189642645 
-2.538601817371198 14.451055410575139 
-0.9199579694134892 3.330394305002777 
-2.6245120272591853 7.792716561186891 
-2.5932815261248043 12.863181846706022 
-2.1310698753409945 14.05154420756168 
-3.349652930636176 10.473404747571433 
-1.7866473278956483 4.472954835216979 
-2.3936738936902575 9.436796364296253 
-2.1229894252003843 7.671333457926471 
-2.3636004018281325 9.095673725562612 
-2.4065229395356638 9.942116083855932 
-2.9334850968043296 5.528968441172819 
-2.8591573611733585 5.415428417629291 
-2.18243999976466 14.494909824195368 
-2.6168526914893713 13.036642646130101 
-3.2581131674356296 9.095673725562612 
-1.9314952436965953 14.396030490952219 
-2.7860451584942467 4.3425711397597215 
-1.4048973262346114 12.023966158185338 
-1.3328335720458195 3.6271182766987877 
-3.045483423581035 9.965403850734123 
-1.7784430629861596 12.866730811369038 
-2.033589230528229 13.415158578465478 
-2.5480549429588564 7.645690050568836 
-2.4065229395356638 10.482972451846493 
-2.5773799625968423 13.745265549878985 
-1.9906880906714453 12.846925954243538 
-2.575499360063636 11.457052054275405 
-2.3596566756302377 12.565204259277577 
-2.2157444660976116 5.676514007706827 
-1.7866473278956483 7.370489658373562 
-3.0395825951863595 5.969875877747233 
-1.2861143944186064 13.810844289864935 
-2.173687619481795 14.39420140907272 
-2.7454153602292224 9.965403850734123 
-2.8591573611733585 3.330394305002777 
-2.6245120272591853 4.527969762982737 
-0.5380035530164958 3.62895639255634 
-2.2036069173513213 10.455160424500495 
-1.73921828958569 5.862926122413406 
-2.094132783437406 7.5326527561330465 
-2.2157444660976116 14.104848589845723 
-2.062527223214749 9.095673725562612 
-1.7722017354309392 3.5105634648026784 
-2.5480549429588564 9.56420202519693 
-2.3068987406869303 10.906075914839178 
-2.4231985907903595 14.06949510677739 
-2.511616447163874 14.551163720675063 
-2.384082530737218 14.159089582293339 
1.1470600361273318 3.7460589589608033 
-2.580698199451355 13.155781610084174 
-2.4160181409389976 10.777903156251345 
-2.4263874127701603 10.564441844137038 
-2.094132783437406 14.462627275018033 
-1.7866473278956483 7.370489658373562 
-3.0424460004705103 9.719895090826784 
-2.8591573611733585 9.084070104606658 
-0.1347012245061141 3.6271182766987877 
-3.762374591310233 11.825043084743573 
-2.7484933874821316 12.715579153833072 
-3.8556889729524135 14.315457705956563 
-2.4598386747952516 13.498652808716328 
-1.9233284820814405 8.571453635007176 
-3.679315510264166 13.39928574724981 
-2.8839419636323904 10.455160424500495 
-1.2283546314955778 8.711735071818588 
-1.596485240043159 9.095673725562612 
-1.73921828958569 5.862926122413406 
-3.8891201476429957 11.857558751360626 
-2.6245120272591853 5.444954957978687 
-2.35253212436871 9.243569642775775 
-2.8528543730053832 7.873849426200987 
-2.5480549429588564 6.099198962677054 
-1.5669992052112969 3.6271182766987877 
