-4.966109703688723 14.152701257008259 
1.2725744220164865 3.7577808819418257 
1.2725744220164865 3.7577808819418257 
-4.966109703688723 14.152701257008259 
-2.3886605769528577 3.2895930686796744 
-3.1178254413952753 14.461406963103354 
0.7210919468774777 3.577602270128116 
-3.366677442267013 14.545669921083732 
-2.4865527993764682 11.755207120996317 
-2.361707612591625 9.33473568435239 
-2.792268095115667 6.73012042934324 
-2.1487645459526017 12.040713847714258 
-3.0916973789738735 10.788754188446317 
-2.7868054141305616 9.846589334829073 
-0.09353294343519902 3.3617896470483934 
-2.181285092811808 14.46722231965755 
-2.7889647190537903 12.938788060278409 
-2.171618542093549 10.428259873170068 
-1.686523730194169 11.254078945511344 
-2.9930845733697273 6.364885780733018 
-0.778679310448191 3.2559566129292223 
-2.8979876050238227 7.661270301072905 
-2.5582574760165433 5.078744161864812 
-2.7968221225649903 8.951028021283772 
-2.8656169548686417 7.21592525484877 
-2.0645802511363893 14.29217457560414 
-2.669085120856639 7.661270301072905 
-2.5976688153925567 14.020873834109949 
-2.8930922082603385 14.307617991802974 
-1.6876710318498094 2.772921505763467 
-2.90213435165899 6.1882183512702795 
-0.048506753183499285 3.7142882364815097 
-3.1271091708725383 13.750960848390614 
-3.00698249090982 6.84368651522053 
-2.4519453562011435 8.48095415330142 
-1.9819062466385167 9.845632608917308 
-2.173982067916831 11.320719543194404 
-2.8656169548686417 5.107085261268854 
-2.4935483805559815 12.910795030808405 
-2.495853440180886 13.8951363507839 
-2.172546253171601 11.616973604444016 
-2.915149522469826 3.576574845440536 
-3.1742804780237734 12.07360034547249 
-2.8926311660572237 13.363697848506884 
-2.8810586191168817 8.378435021311518 
-2.5383794701097417 12.875361790732931 
-3.265711490283702 2.4634780171040527 
-1.8971821263220745 6.636105197355941 
-3.834767210091808 12.738161513975937 
-3.0781605171377313 9.127763808687085 
-0.8274489365950665 3.590188201903403 
-3.0781605171377313 8.3190502868514 
-2.5383794701097417 13.575104276820639 
-3.1042070980496126 14.31288451555821 
-2.177499034893163 8.53137234585395 
-2.7889647190537903 12.651640302084797 
-2.1130599066115 3.4907233222758833 
-3.2044593589253796 7.765849716468874 
-2.0839022968497645 6.3490620741651265 
-2.1773447169538658 12.738772935081125 
-1.332133644464431 3.059751366433876 
-2.8365231597065774 14.503071223710188 
-1.7721784369078462 13.700334104856928 
-3.1999095337618346 12.910795030808405 
-4.042757612186106 14.438184855137187 
-3.265711490283702 2.4634780171040527 
-3.2442782376375114 12.199870548127892 
-2.8930922082603385 8.746900909452915 
-3.27329899911018 11.287371864413275 
-2.490065002720576 13.643258871269506 
-2.8807356170738068 12.550953972489253 
-3.2044593589253796 7.765849716468874 
-3.19010318198508 10.93593560351222 
-2.745789728659177 12.00724274326706 
-3.1734834777094334 10.263308652156631 
-3.3822322672046807 14.57802027113278 
-2.4261915152259634 9.846589334829073 
-1.6831394040078997 12.315654261328557 
-1.6579443785223944 6.962428522458267 
-2.433048994534482 8.86466615962668 
-2.673482433662514 14.503071223710188 
-2.1130599066115 2.9576361975246552 
-2.4261915152259634 9.846589334829073 
-3.9214915111588065 4.098223172898791 
-2.79369410591177 13.015764253719144 
-2.1782991932115734 4.964100743121535 
-2.234559198764768 14.31288451555821 
-3.3253156763323397 6.644001520373724 
-2.1773447169538658 10.675668406985988 
-1.208898928354174 6.136822071048413 
-2.173982067916831 11.506551343451635 
-2.4935483805559815 10.821293226038838 
-2.1130599066115 2.9576361975246552 
-2.1130599066115 3.122993987789015 
-2.5293842735650793 7.407264527710653 
-3.3266421877478076 10.296925269099749 
-1.8971821263220745 6.859263910909503 
-3.0781605171377313 9.135753264382643 
-3.096960845168067 10.085064580492787 
-2.9716011773194513 12.071141397207315 
