1.0919807932343615 3.6978863028450815 
-5.215074073566075 14.063498826411568 
-5.215074073566075 14.063498826411568 
1.0919807932343615 3.6978863028450815 
-2.4570705512845485 12.055283599884422 
-2.231730620584552 9.392589300742618 
-2.680756492547715 7.039320232269912 
-1.8224125627149528 13.730667575689083 
-3.733269460041395 2.2050390967120457 
-2.557252635609018 4.046487429821005 
-1.930815115347646 6.551187760077159 
-2.51910689055509 9.781295265417455 
-1.6677511790391955 8.020844124742055 
-2.600659635143281 12.674976497997566 
-1.778010283116258 9.037503086548199 
-1.63408377642972 14.526517401653411 
-3.088172702873553 10.528985316587475 
-3.836624009440729 6.551187760077159 
-2.865315753073188 9.255573626055241 
-2.231730620584552 13.452454347921723 
-4.117211835869501 14.411746653120613 
-2.937024993821864 9.760955627547636 
-2.865315753073188 10.527458573981136 
0.22663557336775253 3.5139921356930093 
-2.2540491847926662 13.841174798413315 
-3.7693325734813437 14.466233425337066 
-1.6614497461097901 10.543518935057744 
-2.7262174021916437 6.53467510961222 
-2.981019527158599 5.1476495287393265 
-2.249350375238414 9.701622624174771 
-3.540565123571098 12.155850389319298 
-2.600659635143281 11.287265634738704 
-1.949229593279337 3.8357923325823897 
-1.5043037112272 11.961730945159418 
-2.7116222910247387 6.348104707280259 
0.5677758415753082 3.5272058803361688 
-2.520645636515918 4.956008869961946 
-2.208195692787701 3.8115016594792213 
-1.9997180278226077 11.910957049292254 
-2.8520794351718566 12.263800255650361 
-3.1792603301459046 11.100266429453043 
-2.060042968420831 9.037503086548199 
-2.254798748662737 11.287265634738704 
-2.229239602589013 9.030221136522492 
-0.4235785299342545 3.6978863028450815 
-2.5973903908016878 10.526804807739213 
-0.8885800617962101 10.61183676648087 
-2.879549719009807 8.045577094254945 
-2.9650486614033005 14.494487171987934 
-2.563357893649779 12.09603749781092 
-2.4496233274813872 13.627634284105099 
-2.51910689055509 10.230436857571704 
-2.5016695925346166 13.907114975229288 
-2.090294302226126 14.494487171987934 
-3.0325315158420554 6.551187760077159 
-2.889380587638511 4.700900115698834 
-3.033508428428646 7.674477270927769 
-1.8651493586915167 8.249864716773802 
-1.6229031047438496 2.92358270049944 
-2.9652676805644784 4.843623665751458 
-0.1894066495060316 3.4994835042468697 
-2.4496233274813872 13.627634284105099 
-2.51910689055509 6.3334415601715035 
-1.353049823827106 9.058661053045087 
-2.001348942801979 10.742908792651264 
-2.735793168615438 12.78254496528217 
-5.1727322634310084 14.06143550545573 
-3.229522686661517 6.295381275342333 
-2.0475763270408174 12.992080931445235 
-2.735793168615438 14.406766218211878 
-2.912421217173139 14.695124543231241 
-1.958880439112571 2.748991922158326 
-2.6728904153753366 8.927069735133712 
-1.441744320347441 12.87260516084786 
-2.96693437303691 5.8070353584951695 
-3.087372481842112 12.074688197549253 
-2.229239602589013 11.910957049292254 
-2.229239602589013 11.910957049292254 
-0.9675417970201983 14.629489032168166 
-2.51910689055509 3.699428029238988 
-2.2515295043211436 10.526804807739213 
-0.6766817504770063 3.6628906301821385 
-2.3063417864795013 14.633878969189013 
-2.2515295043211436 10.526804807739213 
-1.8651493586915167 8.249864716773802 
-0.9675417970201983 3.7898849077732235 
-1.8224125627149528 14.197331484882433 
-2.9652676805644784 14.581786795751917 
-3.161674697269029 11.910957049292254 
-2.735793168615438 12.880933927865911 
-3.783775367690934 3.8357923325823897 
-2.8520794351718566 10.891978330124207 
-2.516965294083127 14.422510116358042 
-3.0598825485311814 12.300500102738471 
-2.9325328178973997 14.661369709139223 
-2.4248293564384147 14.031411839750406 
-2.9364099329017153 13.139434526782281 
-2.727006107517581 13.706521064205628 
-2.2218974074584636 2.8788013829155013 
-1.0363833076469873 13.621909831319636 
