-5.065304407624732 14.11848733083313 
1.0551874344189518 3.6851262162778435 
-5.065304407624732 14.11848733083313 
1.0551874344189518 3.6851262162778435 
-2.2621770369884073 7.000275497807742 
-3.605813195590702 11.642853910808405 
-2.4345147433792658 6.469094963148581 
-2.0994976707364863 10.409272091543688 
-2.7935201063407686 11.767179523174512 
-2.1886694230772807 14.325454227695925 
-1.9622523141859505 10.26032833444626 
-3.605813195590702 12.035656642910205 
0.0756721427135365 3.365288054571418 
-2.9310877177826242 12.897491209746551 
-2.782291696282857 7.927676327874647 
-2.614290100188718 6.103577324888674 
-1.806853343920741 11.770377162304525 
-1.8090752685852927 14.324958162980995 
-2.916574176352295 8.116163833733433 
-2.2090019814808874 6.148500763581894 
-4.148853978487698 14.403505449775796 
-2.2321938851311676 14.114222662384778 
-2.9752995217138576 10.854829565900207 
-2.8984120922396555 10.142676771873443 
-3.2899181702907083 12.05749167627248 
-2.9911354134092614 10.502440684679781 
-3.3671173025210477 8.731984748173547 
-2.9911354134092614 9.082324708467684 
-2.5664486758952934 7.098399805369082 
-2.8648938622600713 13.266949779752448 
0.97868655082478 3.6851262162778435 
-3.1432557308462705 7.368865570229897 
-2.5480001650638715 13.822967227062497 
-2.8648938622600713 10.741843292040958 
-3.277244937107227 7.460849257948188 
0.15062770237311707 3.7971742636753794 
-2.2090019814808874 10.59262643450349 
-2.2090019814808874 4.683820228321391 
-2.817831534176448 9.330256750752595 
-2.533160235553355 11.576408785537232 
-2.785412039433663 12.646878024561552 
-2.221796106465173 12.420789173206968 
-2.9655314378579054 14.534814364206154 
-3.382254080229998 10.924698560552894 
-3.144469239686215 12.385552993838534 
-3.5735158589368803 14.384568967035499 
-2.9911362196854023 12.657209413632003 
-1.217837246306991 11.09689519686803 
-2.9655314378579054 10.423476668906645 
-2.7615063187307745 14.23866568279172 
-3.4660184458613057 14.164006784650436 
-2.9911354134092614 8.80870963660593 
-1.8153476977522998 11.515071600650094 
-0.5516444093198619 3.5925566695925557 
-3.4300980006477326 3.5450337512646364 
-2.538179120591562 10.854829565900207 
-2.2090019814808874 9.187428059883757 
-1.77683266486409 2.926770719068177 
-1.2830150618589213 9.187428059883757 
-1.00874233412087 3.350158412767935 
-3.2899181702907083 14.122905629770871 
-1.77683266486409 3.2435160983165403 
-2.5552145083600486 13.898825572237953 
-2.8775227469349334 14.47737580727385 
-3.0196367830093007 3.030847403994505 
-2.8648938622600713 10.97160908218198 
-1.2653670381372022 3.396125833200725 
-2.916574176352295 8.63354370161342 
-2.5480001650638715 13.476233792319313 
-2.4282798010208575 7.456831586259578 
-2.374180808616871 13.592721998070843 
-2.5057618516803704 11.770667272662074 
-3.098246388121803 6.768501364662955 
-2.901809899906838 14.337658445406415 
-2.9911354134092614 9.55144362871782 
-2.8648938622600713 4.078886828021769 
-2.2426025984301132 2.716232874670424 
-1.3295318397137645 10.253414801810163 
-2.7935201063407686 3.0704269123554013 
-2.433762026072405 13.348296341481689 
-4.193673038021879 10.854829565900207 
-2.5057618516803704 13.639245234832785 
-3.144469239686215 12.6590708429816 
-3.825294385606492 3.7867900291101595 
-5.044594652211352 14.116588052493709 
-2.437491046217055 11.874603001763688 
-2.8648938622600713 13.002547127186915 
-2.9952890292321266 13.561508616697227 
-3.8501883763268148 3.030847403994505 
-2.08469749212501 10.093510808393038 
-3.144469239686215 12.6590708429816 
-1.7096779666481474 5.534549341965548 
-2.2613473118791783 12.315794913810496 
-2.3810434074860454 5.837577745528373 
-2.181507460011153 14.727480976992187 
-2.4345147433792658 8.72394104116057 
-3.9386277732299715 7.460849257948188 
-2.9360638528024894 14.6959821858525 
-3.605813195590702 14.52548997423813 
-0.28697535790586315 3.6841494916265365 
