1.0747280159241122 3.6916883175822743 
-4.409871551177211 14.336783263455922 
-4.409871551177211 14.336783263455922 
1.0747280159241122 3.6916883175822743 
-2.1629198884163094 7.092162663226708 
-2.3118086663371917 11.092880472255171 
-2.149180555408316 11.410178742622568 
-1.8052977167103865 12.533235484157146 
-2.7450879171446627 6.065122744515658 
-2.0872712423662523 10.500116227925147 
-1.6183723834406658 12.410808575144186 
-1.609930259320263 10.500116227925147 
-2.9980212149722885 6.987017978670458 
-2.9308424292295916 13.659893218681948 
-2.6244861377887876 8.105319588640441 
-2.772741040974587 14.497733742398047 
-3.617602874086394 14.539609629723016 
-1.5570481266974714 10.880560530541903 
-0.18905544261490437 3.3154855888658674 
-2.459192742037688 5.483835337905577 
-3.250342957785915 7.250592541842776 
0.27972652704418854 3.429018131250568 
-3.013217853382341 4.355495793148472 
-1.816268976389418 9.900042246891203 
-1.8166627840723804 9.57175017492148 
-3.927169162698166 3.7050803679483355 
-2.7905279794436613 12.797444569622332 
-2.8473486360853446 4.18448709947558 
-3.4241083576693865 13.763863366869499 
-1.7937567512831434 11.668033967667526 
-2.5821860150529874 6.987017978670458 
-3.175280005631332 14.479829251396389 
-2.1851546271824422 9.881478115408363 
-2.3316273948818753 11.801346203694392 
-2.272494787664121 4.499795928180957 
-1.5534460879184135 3.6848633885241995 
-2.521979169588683 12.822752273078528 
-1.9959513071383572 12.012629970952215 
-0.7291959945206916 3.0989957616992383 
-2.179997520430057 9.589595849407964 
-1.7747502826729735 8.814991962306934 
-3.251188823551377 5.170318783536589 
-2.1764843921548263 7.786641975186086 
-0.8924401169434013 3.7050803679483355 
-1.8152383856265157 9.49131757702184 
-3.2124531716085527 14.258033963810409 
-2.1866726685491003 10.990312022965494 
-3.844496877458955 7.0035083929861095 
-1.014402498229004 13.758787697175993 
-3.250342957785915 12.225452473495663 
-2.1969681128048544 13.257499622615898 
-2.9488103590551913 13.748288880089085 
-2.8943560486200877 11.743925457023408 
-3.0269849365868433 14.660430404833496 
-2.7450879171446627 5.980337737775735 
0.9472495437767483 3.7050803679483355 
-2.272423646001763 2.9113169673529935 
-0.8895062894463914 3.2406754938257185 
-2.3746911404059787 3.7024822322542974 
-2.67837359914732 3.740382550685019 
-1.7747502826729735 8.814991962306934 
-2.8553592826982936 12.258815517045264 
-2.149180555408316 11.760449814270515 
-1.7364635630041168 14.558150483316691 
-2.9572873503463213 7.633045991809743 
-2.941140540202865 12.856000301557083 
-2.3223406724469497 10.697665659749456 
-1.7937567512831434 13.680579362235452 
-2.9580001125610598 10.370934308673467 
-3.773356868215691 13.71674029858423 
-2.941140540202865 12.856000301557083 
-2.459192742037688 9.979699260812708 
-2.196642833034757 10.880560530541903 
-1.7747502826729735 13.789003653828555 
-2.963579652464107 8.587407602266065 
-2.183539284218186 7.73924091544693 
-1.5095733817190364 14.546409892020867 
-2.145261728541608 13.791104687007223 
-2.271302561200331 5.10423270288347 
-2.184829347412345 12.749864278309794 
-2.0942265935125497 13.748288880089085 
-1.7878089691810186 13.583200156901999 
-2.941140540202865 13.288482433421166 
-3.251188823551377 5.200890421795581 
-2.145261728541608 13.791104687007223 
-2.6061153475234655 13.154233491328863 
-2.8473486360853446 8.807389421352543 
-1.4657245606056308 4.55538433686116 
-3.250342957785915 13.748288880089085 
-3.250342957785915 13.748288880089085 
-2.5142968913819854 7.0035083929861095 
-1.0561362220779507 3.6848633885241995 
-2.3316273948818753 9.53132212513287 
-2.6061153475234655 12.70361390671648 
-2.5352194399205423 8.957115126407901 
-3.0140476607978908 11.240872329395701 
-1.7073892777382105 4.018046128110461 
-3.629461116961768 11.457274818408587 
-1.584552180890939 4.55538433686116 
-2.258677135589954 11.644900009327817 
