1.1897179292701516 3.730180098337675 
-4.64053412085282 14.263956781603959 
1.1897179292701516 3.730180098337675 
-4.64053412085282 14.263956781603959 
-3.138592308188755 7.7985166574704206 
-1.452607427207024 3.2227376370886978 
-0.2314006638514048 3.4869104778690305 
-2.5510490187873773 13.293201934153206 
-2.124847576913513 10.375250613358414 
-1.590621361518818 14.610466301888595 
-1.8632576506030578 10.99883099936295 
-2.9099082542716173 6.314684126264423 
-1.9764627990735923 11.390888552171369 
-3.1630724565933472 12.3265331138507 
0.6247101069208902 3.723762945014712 
-1.7189188012642482 5.718633568476868 
-3.2226506842225904 11.243688225714568 
-3.2558264545932585 14.594078408323188 
-1.9248322988557947 14.659172718569122 
-3.1115408045366797 5.3947596920396235 
-2.6149684934867583 14.659172718569122 
-1.9982071992229444 11.29347899006726 
-2.192396691857618 11.464891828433181 
-2.3157769470190814 14.176959750378725 
-2.010619656535307 13.620398095522866 
-2.437615292680584 10.936887124418707 
-3.4149140909124367 9.2958842718742 
-3.114899986109551 7.595081577616038 
-3.1408490630631465 10.089671634838496 
-3.5849465598311028 7.745237710777394 
-2.0323413482964687 9.721756304879131 
-1.692670385957662E-4 3.3390155002326063 
-0.9633470530283912 3.2227376370886978 
-1.9849639281212301 13.7426146052653 
-2.1300259020807646 14.155501238055884 
-3.5673343815569645 5.933822980385588 
-2.8867512438052807 11.249716454067949 
-2.276317731993466 7.952215071974041 
-2.119338024019127 13.0278912442388 
-0.8893584876010705 3.377878994358489 
-3.647083176781961 12.745529084591059 
-1.754408215465893 6.88077768064772 
-2.349636589561324 14.594078408323188 
-2.1952147675959157 14.302851790461283 
-3.3442978071986067 6.88077768064772 
-2.6451098899379515 5.718633568476868 
-2.210873321661472 3.5005000094815655 
-1.7895289487793993 12.288253484265507 
-3.1553744454776966 11.42356099654214 
-2.238990660721053 11.058237895346952 
-3.4624489074330924 8.399915489480748 
-2.63008128482662 11.752722475434194 
-3.9107855552643547 14.451052927507831 
-2.9516027311976836 6.0131204684652975 
-2.2913881731818275 5.825199455389951 
-2.1952147675959157 12.791903326424562 
-2.3526175342442017 14.302851790461283 
-1.7189188012642482 3.372907435944217 
-2.460191981289606 11.925723631042212 
-1.9766909967904018 13.205011852326917 
-1.762108522151562 13.893860486230771 
-2.302257429701395 8.973084370306122 
-2.5482628527289863 10.065846545165492 
-2.772564058926174 5.223935134030122 
-2.5948113143191285 9.554465321245102 
-2.772564058926174 3.9489356209616577 
-1.8591846854936152 8.973084370306122 
-2.75672976682132 13.043422753340568 
-1.8883832118434265 13.255027526664726 
-1.92663391612441 7.646297399036281 
-3.1175120915313412 12.521728604434987 
-1.8591846854936152 14.061743007164328 
-2.772564058926174 3.0119226021977985 
-2.1862450279069017 13.599995539662274 
-2.9674314889619082 7.595081577616038 
-2.1420970827210204 9.26707671386374 
-3.594348301303767 11.985348720231855 
-1.8608186773216953 13.089214585664518 
-1.6413755496529279 10.99883099936295 
-3.6298437642662997 13.330862264245312 
-2.0264858591093566 8.973084370306122 
-2.6811686055815214 13.810977078800672 
-2.6149684934867583 10.489227723678866 
-2.591474368731201 12.03008040240404 
-2.804194300720231 6.865672504595438 
-2.7310533005643043 3.368553861399838 
-1.8064970532624747 4.005759223909774 
-1.9248322988557947 14.811797090037025 
-3.4883228865985334 9.917358878923805 
-2.5948113143191285 9.554465321245102 
-3.5673343815569645 8.52034083045153 
-2.125811084150178 7.612217753204005 
-1.762002161086703 12.565475782972552 
-3.0503072357255654 8.46146439142684 
-2.3477026732357356 13.7426146052653 
-2.391399847944471 12.433331743176373 
-3.4149140909124367 11.959395778274143 
-3.0712501849739557 13.7426146052653 
-3.2546110582596954 14.610466301888595 
-3.625377871491596 14.544678577946978 
