0.9912816505520734 3.663850195002766 
-4.694064156949368 14.244957507266994 
0.9912816505520734 3.663850195002766 
-3.717319905379702 10.046345705257082 
-2.6511133373392513 14.100022091545613 
-2.6321279575565697 14.44519054997231 
-3.328980815000077 10.375173363550136 
-2.7337669625437444 12.281487097338417 
-2.5987483512713307 14.21648770353672 
-3.4147163992584564 9.426134734648276 
-2.7237931622765124 9.426134734648276 
-2.293927675445957 8.704208448940562 
-2.3692624297127916 14.068192754858533 
-2.3366739065235893 7.117739146305043 
-4.529059143414183 14.248269867940447 
-2.557848378906871 10.057975428738612 
-2.1754587282658946 8.164676218900157 
-2.203824375951936 9.300348143690446 
-3.280438049657472 13.037280607804806 
-2.4773603701148046 9.704623833723659 
-2.910335842897855 6.023190289304552 
-3.457503071145065 14.553367303679451 
-2.3972083499932504 10.498702445056065 
-3.4195542960159826 11.002951399757713 
-1.6574011278091496 12.186332845102886 
-0.48493367778775753 3.4997807835645407 
-2.371145437223227 8.823668332968353 
-2.3375671384575134 9.478393023743816 
-2.611913566661802 12.996213107699235 
-2.743372492871732 7.653685555483806 
-2.371145437223227 4.737437519195752 
-3.087922165326813 10.658626498223933 
-3.0209838553926494 14.561851439115197 
-1.8659294357725824 10.111333938483606 
-0.19946429911779562 3.4354638430629922 
-3.212756873537275 12.565938250046166 
-1.8684114304435615 8.778678211993286 
-3.0204123975674833 14.661200858175805 
-2.7274095037500103 14.553367303679451 
-2.611913566661802 12.483225082165799 
0.040284176514407743 3.3860564319697755 
-2.2061021523940147 12.353714908344053 
-2.3972083499932504 11.325543355220692 
0.46943210301876337 3.4997807835645407 
-1.1843397654446202 3.5257453022985192 
-3.3146564154415317 4.398793692195302 
-1.7743764381699725 6.2813182223218025 
-1.4587708136221558 4.529391743245406 
-1.747349155294061 8.124881875389043 
-3.457503071145065 10.644128994942674 
-3.500326231837631 13.1920776778309 
-3.0907692530336326 11.722539969811624 
-3.0441559760221395 6.2813182223218025 
-0.9545514080315478 4.361991254985794 
-3.8984202982628515 6.0354968779825615 
-3.212756873537275 14.179891587006406 
-2.892052499006354 11.855503393268563 
-2.371145437223227 5.9149090040777335 
-2.924021270129179 3.652146443258148 
-2.659074808109333 10.920375896799616 
-4.000426902442511 12.899433362356714 
-3.4430694529732557 5.1600018091008755 
-1.7790243537226824 3.7593694611271165 
-0.9545514080315478 3.4089041511654203 
-1.647925580699832 3.0340520275310148 
-2.7329152394305876 13.772998401908305 
-1.738885701194771 13.980269561522135 
-1.6754383202743957 12.611184799642587 
-2.8954429930758816 14.20726312489281 
-1.8094405966630132 7.618380731579372 
-0.8145085728947052 3.4362428751409118 
-2.7631049666591587 10.057975428738612 
-3.358076390871015 11.395207613889735 
-2.456190539687643 4.938966621387694 
-2.611913566661802 12.899433362356714 
-3.081304181961774 6.0354968779825615 
-2.1786603386953365 12.76116322663962 
-2.0700721942821363 3.0340520275310148 
-1.6653203045722238 10.698455440044057 
-3.465517179548318 5.141215310741934 
-2.2997433408528885 8.277184224035315 
-1.702647423984288 9.314577951451028 
-3.0907692530336326 13.009365465818565 
-1.668803985387611 13.702411267357109 
-2.609635790219723 12.691971770604184 
-2.8706036527861833 14.561851439115197 
-2.9130399899040245 7.117739146305043 
-1.5717806039131315 9.51064337054813 
-3.8660464193033945 3.1711770344364867 
-2.305838093368135 4.347565196969232 
-2.5795367646851557 12.096989069354812 
-2.583418188056241 12.096989069354812 
-2.821384329732671 11.477707363120166 
-2.2000972298896455 14.065552839259134 
-2.698410785787643 13.739236693479558 
-3.0907692530336326 14.155920827537434 
-1.860330371358128 5.723287150198021 
-2.701077717538562 10.340530393924386 
-2.371683659911839 8.933279452918633 
-3.2689230849929056 12.613196965865164 
