-4.878791079520669 14.184034502363284 
1.0993108623307881 3.699896816492479 
1.0993108623307881 3.699896816492479 
-4.878791079520669 14.184034502363284 
-3.2502593656598613 14.434759581626043 
-2.415781596666275 14.448192639588825 
-2.4464736594938303 6.651975966343843 
-3.7321694190443218 14.510878243561109 
-3.045812901096094 13.461859842755992 
-2.5366972760304454 13.816087014821495 
-2.124983306282987 12.25095360119319 
-2.880475501769387 9.481217298273165 
-2.7093032824775807 13.826755877604192 
-1.7293550206227524 11.855179397548994 
-2.183699023878279 7.170201067687904 
-2.615861120483823 11.285614220876397 
-2.6983811402185522 6.026246265493299 
-3.2738416189710904 13.25519708280347 
-2.156858945558816 11.855179397548994 
-3.590439456761596 13.055144755782715 
-2.5052961391346846 11.812427453322673 
-2.4225504511650136 13.347017927055624 
-1.2097451557951968 3.2820900450021533 
-2.8670875428927336 8.90015831893458 
-2.530279597778969 13.169115069230468 
-2.9595892552975016 3.9397213983853154 
-2.608347734626367 14.007134294594687 
-2.681129725355028 10.953437809483148 
-3.052859556906925 12.682279177197248 
-2.502322362138646 8.664614644468353 
0.9918127340247542 3.699896816492479 
-2.646379839974543 12.422402543518164 
-4.599226177842133 8.210882554253592 
-2.415781596666275 14.386528091589728 
-2.535467665023932 14.753177381766235 
-2.187140705988777 12.097005288228004 
-1.6047985270367136 10.593295485760125 
-4.1895729135786794 11.61592671783498 
-2.7939837343173335 10.177079270823612 
-2.5858415563303527 9.828555636239596 
-2.3139280563209015 11.186102774938517 
-4.811026970500075 14.184034502363284 
-3.94044602659633 10.918890481828576 
-3.651707965808634 12.216446134471042 
-2.769432862008787 9.828555636239596 
-2.202934258385228 12.71044819442961 
-2.3910744915072133 3.3627396836340484 
-2.4204885156233145 10.932428060071237 
-2.681129725355028 11.847762612198123 
-2.086337051949823 7.837601175920285 
-3.531318550966911 8.188338505293407 
0.20577337411126995 3.5891633350481476 
-3.218443383020165 10.187224117201687 
-2.7939837343173335 10.247129008366382 
-3.2331747892714775 7.836876005960286 
-0.8881207318320485 13.300233683428944 
-2.4680112536431844 10.838217504726376 
-0.5223686091629725 3.1656584188849486 
-1.4849026963545846 3.6352676422166805 
0.20577337411126995 3.4806882881446564 
-1.3591858616410333 9.18732548356337 
-1.4105944170815663 8.59440400286154 
-2.23027340156752 13.461859842755992 
-2.6915268701561716 7.610104663634427 
-3.256897303273381 10.312938718378618 
-0.9302708991481072 3.0946597481329547 
-2.6277148155394783 10.436140591198232 
-2.646379839974543 12.994351083262242 
-2.965470545496382 14.107683520727072 
-2.7185031202712744 14.136490808453509 
-2.535467665023932 14.753177381766235 
-2.029155861630188 3.1167885038948144 
-0.9900294837829233 8.02475328557604 
-2.512489993352402 8.44921420392289 
-1.393155761663638 3.2576497830590037 
-2.615861120483823 10.615229112741616 
-0.9302708991481072 3.0946597481329547 
-2.7098032599789024 9.297257410657345 
-1.4292802564322362 3.4906694567903234 
-2.7098032599789024 8.037244585849152 
-2.528781390929406 9.280628540150657 
-2.3931075514733298 8.123577039415457 
-2.215897963851376 5.552805809398287 
-2.528781390929406 9.280628540150657 
-2.4464736594938303 7.208817558377702 
-2.606578561683809 3.4906694567903234 
-2.7939837343173335 8.813500526983908 
-1.3837981056144928 9.991621151656302 
-2.7260430976081924 9.980865467625158 
-3.256897303273381 12.658488069772604 
-2.606885400148645 3.8782482147000445 
-2.6915268701561716 7.610104663634427 
-2.369279732431629 14.184034502363284 
-2.6940116727410417 8.77237375693809 
-0.5223686091629725 3.1656584188849486 
-2.505112593518171 3.4906694567903234 
-2.530279597778969 12.216446134471042 
-2.514378388368276 5.353099039725032 
-3.0536273411249475 5.405499805125703 
-2.1039964991853433 13.169115069230468 
