-4.9562769460094795 14.157503493714868 
1.0125068586284165 3.6708539478413593 
1.0125068586284165 3.6708539478413593 
-4.9562769460094795 14.157503493714868 
-1.241623695113928 14.689523273550929 
-2.5543082198766354 14.06178347080462 
-2.7180098540192223 13.720238642603741 
-2.273845015124542 14.068767096306269 
-2.6231917337131585 5.027672292387516 
-3.049463048443233 9.457809996969356 
-2.241454664068817 14.736308344547439 
-2.5564246884566892 8.21100917822534 
-2.7823946203974783 4.215075351408591 
-2.8460207868786167 14.689523273550929 
-2.511462308851685 9.512868718799123 
-1.1699495006551044 12.159683101737135 
-2.4944221909924407 7.414670947204883 
-1.8507538360224551 6.940553052172231 
-4.380803821947031 14.33236093902699 
-2.1928079965017604 10.214550257852093 
-3.3399223704481646 14.622589730617493 
-1.7313028984868128 13.280982400676404 
-2.872724189537343 10.919990033161454 
-2.912322525178689 14.246441749704266 
-2.6891716381897828 5.224644572315856 
-2.7392310413920504 13.506329368733086 
-2.1953047331174544 6.110041836054082 
-2.6318918382408585 9.000724485255878 
-2.4088751601350182 11.422010253067603 
-2.5415224905634775 10.732776576569737 
-2.5113363728387834 11.810346427330035 
-0.018985793131147677 3.693268872185871 
-3.3043666815802633 10.200786665929307 
-2.7392310413920504 13.599392119959711 
0.28286889856981157 3.7670614828057416 
-2.529254315946872 11.00132758296061 
-4.1676306233580895 3.2918540655899164 
-2.3717666983436145 12.324430652786525 
-2.9077624609135917 8.216512375136638 
-3.454892874807539 10.790452986017241 
-2.1486104486589777 12.67196122958076 
-1.4722318863730934 8.288635132128356 
-2.436275254308604 10.927298753802587 
-1.8984720468556593 13.121409581201473 
-0.7779548934672311 3.1111737655415794 
-1.5220423700396035 13.518765042700139 
-2.9636698057053508 7.527594386884907 
-2.394960596505731 13.280982400676404 
0.5890771457568098 3.6708539478413593 
-2.3355887011317145 3.411249773838213 
-2.1486104486589777 12.618222774250924 
-2.872724189537343 13.338537610448826 
-3.049463048443233 9.111933361526164 
-2.5414044015215462 8.068053497632878 
-1.9549565940157456 12.359657131631138 
-2.5113363728387834 12.038900602022835 
-1.8621379151251567 8.996003495380746 
-2.4088751601350182 10.18903525705712 
-2.2017356136442348 12.038142201092002 
-2.4922664713079064 9.255982344114926 
-2.9746513862554482 14.689523273550929 
-3.505949254001227 12.223973918037979 
-2.147125128557434 11.422010253067603 
-2.6475767036727085 9.807713965598154 
-2.280477044262866 11.670891835682498 
-2.8494662768449954 14.34405742553907 
-2.528864408569616 10.430191526835586 
-2.750422450607025 3.8771826578181097 
-2.4922664713079064 9.255982344114926 
-2.5619336174323637 6.924032442149131 
-2.613284650371251 13.280982400676404 
-1.5673425795411322 3.1586971296989983 
-1.9623690245670478 7.109483755675062 
-2.6475767036727085 9.807713965598154 
-3.256101878697072 5.325916526102185 
-2.6511348136349824 8.914525385034205 
-2.6950603370193003 6.994248337597127 
-3.4611597902009907 14.246441749704266 
-0.9025513511380889 3.1586971296989983 
-1.5391369964167514 2.8696765052917796 
-3.073151650252714 7.5475876543938885 
-1.0942994621666715 10.839508642364946 
-2.4374166181131196 13.121846699411531 
-1.5142827134205792 8.288635132128356 
-2.6318918382408585 8.66033790860546 
-2.2131134422733285 3.2918540655899164 
-2.4333023502927267 13.44208333327222 
-1.7892866139056829 13.599392119959711 
-1.4763074954392539 10.790452986017241 
-2.282978613092536 13.72100304686859 
-2.979139384739822 11.937456671013614 
-2.4944221909924407 8.913580027464526 
-2.4327639433956847 6.922308196084462 
-2.872724189537343 12.626062110846412 
-1.7530913842450806 3.570467000202971 
-2.9636698057053508 7.71633398539065 
-3.256101878697072 6.682350250698065 
-1.5756138194501508 3.511365234825841 
-3.0145629002589676 6.118975728659449 
-2.713229647391778 3.102194585321381 
