1.1052400067216674 3.7020245774818115 
-4.5573040425966775 14.290897529229138 
1.1052400067216674 3.7020245774818115 
-4.5573040425966775 14.290897529229138 
-1.8435738632165086 7.181367275394316 
-2.4041532288298204 6.46749902643528 
-2.6679920075937074 8.620701871963544 
-1.0361258212259203 3.2973512973257115 
-1.3174477145709576 3.4043837822206386 
-2.3997768713575898 8.990257355622184 
-2.154257282759903 14.259095147552037 
-3.2020953511642007 11.780301566866298 
-0.5761311645946638 3.319515025865046 
-4.5573040425966775 10.74607825601365 
-2.7855402526605655 11.780301566866298 
-2.3567735113639943 14.077161847456065 
-2.3567735113639943 6.214468930449964 
-3.2121235508152095 12.629226213697413 
-2.645280650892568 6.903726458424444 
-3.882238088467361 14.48307637172595 
0.10184357637269348 3.3788030974059273 
-2.7474388337578204 9.594234023350557 
-2.3811876798080465 10.82484405643318 
-2.411721446312827 7.3461193628850845 
-2.826369503019939 14.648190082317374 
-2.127293435673698 9.75379822124999 
-2.42043055756772 13.578592297848664 
-2.211074178786737 8.711031237363578 
-2.8669459025231614 12.093282715331696 
-3.217542132119224 10.219386172598366 
-2.590998164488235 10.87745402340811 
-3.4990078245418044 10.85909529252437 
-2.2951799102943364 12.447845387308076 
-0.24147573156601654 3.3480131958393295 
-2.830902449287205 7.95483513581059 
0.84447543526121 3.7020245774818115 
-2.4930350766022 13.2087182850892 
-3.1993752696658855 8.668653735581806 
-2.369033947649736 14.291074828106073 
-3.820995669757405 3.26750246887155 
-2.795684199509233 13.340118000314593 
-2.725737690236596 11.903468476922981 
-1.9261974522746208 14.747446579098366 
-2.1455238133764203 13.752487262993709 
-2.724100610313234 4.800931222365419 
-3.8427572245321224 10.369514273921865 
-3.290335720741084 10.281452122975548 
-2.237170659507814 5.050035453384878 
-1.3216782371444582 10.383863511613779 
-2.211074178786737 3.0200003779584756 
-2.5760683022428372 12.956310478000008 
-2.597372308488042 9.272160264001219 
-2.3580223951236627 12.72248040241838 
-1.3324636968668044 13.184856452686985 
-2.466042299878077 7.801265198236009 
-2.5518333670138666 7.93361690724599 
-3.290335720741084 13.656112590843684 
-1.6672111779674328 8.019490926022124 
-2.7184129830319366 9.820035829000533 
-2.645280650892568 3.777928227263496 
-2.863332535704066 6.843574071437903 
-3.622367604317021 4.127132728044589 
-3.162721076209114 14.644709393512123 
-1.712898406528807 3.399668230960474 
-2.2615607730051916 11.283963444029641 
-2.0385564944200767 8.011196053587959 
-3.799740970599381 9.753879894995748 
-2.2615607730051916 11.30038750172773 
-2.7895809555102007 5.305601964581006 
-1.9635468939443435 14.077161847456065 
-2.5758326026817886 7.492928402017218 
-1.2262950732681954 13.81185630556967 
-2.3550662698038933 13.880916361170858 
-2.127974723961843 11.806265624942712 
-2.1891133117792303 10.179248804195549 
-3.585764277389223 11.810643525932576 
-3.882238088467361 13.247232867185868 
-3.184649560909167 14.389319909434438 
-2.826369503019939 12.337088294649217 
-3.180410458084807 12.300170835567762 
-2.6903359163367906 13.088632657514385 
-3.162721076209114 14.644709393512123 
-2.4615093536108112 14.494620144540217 
-1.3324636968668044 13.462055358040377 
-2.595429993262401 14.43334470031636 
-3.013893811471833 2.5842278791952484 
-3.243716873346158 8.752275835360035 
-2.369795645232909 14.747239631120088 
-2.4198200571375246 5.928261601958071 
-1.7299953639571375 3.38097339710394 
-1.961422243289977 13.5199639814266 
-2.369733593765685 11.557352653829753 
-2.4658002560459584 11.557352653829753 
-3.155192992093532 7.999982912504767 
-2.544402729402371 10.970594014698705 
-2.8669459025231614 13.570877775816385 
-4.059249712336895 12.4463832138432 
-1.9090703159316735 11.8573221487841 
-2.2615607730051916 12.820484968031861 
-3.024933443739018 14.128737157630006 
