-4.650454686488056 14.26049681782059 
1.086521729453053 3.6971433495842323 
-4.650454686488056 14.26049681782059 
1.086521729453053 3.6971433495842323 
-2.61046360433125 13.739960671153945 
-2.658013436119158 11.42186858229896 
-3.136356235722249 14.653974400553526 
0.028120459456337843 3.3626990388918414 
-3.0454904601176866 10.758532527195515 
-3.9081914079892557 11.380984263703056 
-2.4569345114248895 11.339536924526973 
-2.6904954769073655 13.012441503138486 
-2.679720539415156 14.682350458901873 
-1.7301331479460285 12.173030285293507 
-4.209581436781237 14.366943352861158 
-2.2801840386618077 9.83065320863604 
-2.7171470121367314 14.292062340701433 
-2.539817926754723 13.948469327238001 
-1.7238443818370377 3.3315661374004284 
-2.161954146122557 3.3626990388918414 
-2.3184073652469204 12.548856852802663 
-2.505616208680587 11.656056098798844 
-2.716702380794353 13.141911890003964 
-2.8710548364887916 12.01091923129868 
-2.76602289821584 6.889946777147005 
-2.4704893394109044 13.662080598654901 
-2.5448360507635797 9.0688101505173 
-2.6859546093264877 9.338926819106852 
-2.519186083375498 10.399591765383118 
-2.5448360507635797 9.203271524638678 
-2.5307771896936897 14.653974400553526 
-2.505616208680587 12.588227701971679 
-3.8339350217103068 11.766155171162112 
-0.3490760602498506 3.2889066858627256 
-2.490139715106106 8.358255637406119 
-3.0755113791135598 14.284344060886541 
-0.3030310028412726 3.6971433495842323 
-2.6102662166730948 12.684167426891872 
-1.7849034406370974 5.995613696426068 
-2.9636753168820587 5.323311504221828 
-2.5907791394688067 6.730564546820494 
-3.8695561144341717 7.506931071213328 
-1.7362844098425805 6.979804145813269 
-2.6859546093264877 9.246264267918562 
-3.0755113791135598 14.092271521022406 
-2.4204546147893984 7.967294744924336 
-2.4704426503899737 8.693439895314015 
-2.4662517551094263 8.838351469950716 
-2.5250061770353733 8.579244691149272 
-1.5633773070519403 8.584628085106424 
-2.538692357172203 10.822644059780371 
-3.7390673191266806 6.674814159619633 
-2.616934568104832 9.830339911179683 
-2.505616208680587 12.218345407123547 
-2.5546766651764194 11.179245366531726 
-2.75523622236081 5.961537980755809 
-2.4894166070467603 4.921444958714971 
-2.5546766651764194 11.179245366531726 
-0.8465669075918845 3.6971433495842323 
-1.0784103770875593 10.73604181704929 
-2.46926264145153 10.305976565551596 
-2.309902401380507 13.05441197926733 
-2.5875050408342544 8.14609316148875 
-2.4943761222031093 5.508695652651544 
-3.8339350217103068 11.71977567629758 
-2.3872485059651907 13.540419366271983 
-3.0755113791135598 13.869715144023573 
-2.9772689958755527 13.086765874619138 
-2.4204546147893984 7.840169708316236 
-1.3561351176803178 3.6971433495842323 
-3.143462576353784 12.598485305835434 
-2.535825380251557 13.56661211187695 
-4.127655878982736 3.3905659266914783 
-3.022137543757828 13.14151903939421 
-0.4693635713818045 4.4835069695576575 
-2.3106022378691113 14.09262304640046 
-3.2147178720630434 5.323311504221828 
-2.5392008838830398 14.124952164936316 
-2.565176028045518 12.530141065903354 
-1.9156532555221548 10.305976565551596 
-2.112197317448544 13.063095246299756 
-2.518540790490772 6.511816946627302 
-3.067217184451504 9.598755097093644 
-3.143462576353784 12.548856852802663 
-3.4475316578262225 14.26049681782059 
-2.1913832778523537 11.899414899630942 
-2.197809421133871 14.604921796485012 
-2.490139715106106 9.603228021746789 
-2.5000425317157493 14.573828620997041 
-2.490139715106106 9.603228021746789 
-1.702755549015044 5.323311504221828 
-3.3400688513643044 13.86999646632642 
-1.9998417626967822 7.706659209346701 
-1.5524168862364647 8.693439895314015 
-3.3255942860328895 10.305976565551596 
-3.828538778117425 8.111403065754505 
-2.539535324432074 5.025167957643962 
-2.5735051260892225 7.4164716780236315 
-2.564115458132055 10.485509039459085 
-2.564115458132055 10.485509039459085 
