-4.923079508601262 14.16877176179962 
0.9985268579358454 3.667202803848536 
-4.923079508601262 14.16877176179962 
0.9985268579358454 3.667202803848536 
-2.853037816396379 10.204254492153787 
-3.671143916549151 7.1395315804184865 
-1.36801318603163 3.0917210139820397 
-2.8051123073099773 13.344568996612928 
-2.882892244843081 12.664218522583303 
-2.518848183710133 14.03927132450115 
-2.680659188974823 10.529759089144381 
0.3519835644106285 3.74073194717826 
-0.9302932830120485 3.0917210139820397 
-3.137062251488217 8.739068694811962 
-2.9987425002627983 13.458955084353013 
-3.787157415701147 14.382164538458692 
-2.62984516220511 9.702641008479056 
-2.4048449914266343 7.914432890565141 
-2.597810155731924 9.985083850010977 
-2.904490277454824 11.637776189899146 
-2.932415700837894 8.7160933926938 
-1.4938191212683316 4.446694860668271 
-1.373390390254439 14.16601184404012 
-2.63122550789493 12.940904645315626 
-2.460003253580707 10.179984816829933 
-2.705676882432277 13.316480848337953 
-2.004317655598639 14.48430367802568 
-1.8177831955826984 7.914432890565141 
-2.4576222088401627 11.560664728781788 
-2.145841322110779 13.406458348142806 
0.8386474284394303 3.667202803848536 
-2.593636476654202 14.233306715221604 
-2.4986270402925386 13.087371283900094 
-1.6610607354951528 9.271479204298336 
-2.5036596893784377 14.16877176179962 
-2.597810155731924 9.543510515351745 
-2.3308096216883465 11.765621420286966 
-2.8825799569672506 14.527701834067841 
-2.3293541181035557 11.07396405183851 
-2.6889652665434163 7.146385452092135 
-2.270239407563821 6.971711753750908 
-2.248209224204773 11.509387183992565 
-3.3916421756734603 2.9067733065632035 
-2.593114338380515 11.932349059718188 
-2.5652720693070465 14.492459404137609 
-3.787157415701147 14.492459404137609 
-1.9187414787352584 13.913332049742339 
-3.0333499242423594 13.700896645250554 
-1.009510187740701 13.659273334709905 
-0.4097377015999487 3.2027706701716085 
-2.9885680853020506 14.594767076654 
-2.4959432381816917 3.5534955562468373 
-3.4932382597918403 13.75465833202395 
-0.3190521733523495 3.5534955562468373 
-1.163942786646118 10.483876515450024 
-2.7120648182263736 12.197363564517861 
-2.853037816396379 10.724264342931189 
-2.460003253580707 8.512468495143104 
-2.705676882432277 7.500474988082509 
-3.0333499242423594 13.700896645250554 
-2.597810155731924 8.262513617033559 
-2.296016691685711 11.236723190810284 
-3.0842397410803573 11.236775312255082 
-2.7085428752294565 11.236775312255082 
-3.5806634353914086 12.127106315114988 
-2.5700910851585466 9.512007991138493 
-2.899679557353185 13.072792927405573 
-2.8852955157831905 14.588538716361665 
-1.2431553064619865 11.270351404113487 
-2.196387067996354 12.617043273933476 
-2.8060331260275184 3.792331266582554 
-2.2720619909888464 5.253132284652527 
-2.806597262973055 12.617043273933476 
-2.0138359807691355 2.8269419985795756 
-2.269298438352192 6.838154154371525 
-2.334775769030382 12.244030251547674 
-2.5329743203807764 12.388816840632252 
-2.656268707948295 9.342657777616564 
-2.5329743203807764 9.291814634000708 
-2.273561688151128 2.8269419985795756 
-1.2202478691392384 3.956749183517459 
-4.775595520821357 14.16877176179962 
-3.3916421756734603 5.710968598216095 
-2.597810155731924 11.932349059718188 
-2.252064037739653 8.863523756392299 
-2.0168043981802968 14.594767076654 
-2.312977610086179 6.4818106296884155 
-2.806284975097224 14.480526585418014 
-2.270239407563821 5.745229761791272 
-2.2069479930855143 6.549043068262405 
-3.31210497085855 3.5457244936747356 
-2.5190376697999906 12.19688652529533 
-2.904490277454824 11.915722313624851 
-2.5269850377415928 8.648048341397232 
-2.597810155731924 8.262513617033559 
-1.8322858513342046 13.24174594907047 
-2.911583888591512 11.05065783551657 
-3.1300761448231187 9.814649289564432 
-3.69705642000266 5.907036757529593 
-2.296016691685711 12.538856192052638 
