-4.8361749552157205 14.19875836972151 
1.2295103378322145 3.7433218644489683 
-4.8361749552157205 14.19875836972151 
1.2295103378322145 3.7433218644489683 
-2.360324019877818 9.72746765303835 
-2.163784163345854 10.861369391756607 
-1.531402752247655 3.7375325423007846 
-3.2130031863449844 9.788146309701927 
-1.7024008730863445 14.825481903712927 
-2.990299877544139 14.256446029399962 
-3.2130031863449844 9.788146309701927 
-2.4624278106879096 11.582081508059312 
-3.0532109504860223 7.808100883628799 
-1.7543469350105418 12.161667419722326 
-2.990299877544139 14.663101343527234 
-2.586691707699956 13.966016026399586 
-2.5496938954907575 10.911161537530017 
-2.5557477181050245 11.723982191134546 
-1.9671414891492285 10.760059937098 
-2.3682153174289344 13.89477011962538 
-4.146480343880013 14.348051828374775 
-1.382397026674613 3.2261318025255434 
-2.3967311216756007 7.194904470034712 
-2.9209583498767393 9.23225825046201 
-2.487183074736334 13.598237968495944 
-2.6039678719520696 8.987200609822828 
-2.663675469718099 12.378690846891512 
-2.66868897003507 5.251857290681774 
-2.5568607105318666 11.961584135462305 
-2.66868897003507 10.743701437136842 
-0.6494332072597802 3.244292993580243 
-2.985729149649087 11.174793224235192 
-2.3378977839424344 6.977707760165758 
-2.5702548607988365 7.194904470034712 
0.7309557868900851 3.7766823477078164 
-1.7419169492792537 13.947613174870222 
-3.0500606904269922 3.19129081175833 
-3.5716669706376503 8.58035207016495 
-2.6028246809559494 9.23225825046201 
-2.284347438871098 8.078251267226534 
-2.587262371552336 11.60472689346415 
-2.673286253139789 6.3903222527473655 
-4.201502694897123 4.214638672319342 
-2.586498578404452 13.256272851752977 
-3.570203679525263 6.619049503476084 
-0.04685750848305137 3.63867980832993 
-3.541797495152529 5.814358013762025 
-4.198610220167341 14.387608590599973 
-2.249990293518313 12.232907636107159 
-2.657300785806671 13.275536777937218 
-2.925059601780201 6.033513629684686 
-2.942816757810562 14.474336449832172 
-1.6446715956898084 13.185849690888197 
-2.6367279751788724 13.998426729256074 
-2.033690931476337 10.591383801670542 
-1.729220230678056 11.582081508059312 
-2.10988220257621 12.387261362976407 
-0.9276138374298033 12.639868167985785 
-2.360324019877818 9.639619406284368 
-2.068271392637132 4.238547277600264 
-2.189124154998693 12.693180058460706 
-0.7790360294548175 3.9155765344369766 
-2.544540720128132 3.63867980832993 
-3.130682836533508 10.773267456528284 
-2.996726572462811 5.172072873225301 
-1.7036908564110271 4.307737965266605 
-1.729220230678056 13.257133926407855 
-2.960515806633609 4.374759043933668 
-2.0658044895076926 12.89422656572648 
-2.63819338859427 4.547682155099352 
-2.9576233319038265 14.547728913133405 
1.0457686648556253 3.7766823477078164 
-2.666126894819958 13.120674367428958 
-2.470220036323533 14.204560865286386 
-3.1264007651484462 12.430494694903514 
-1.1021425560759184 2.9827840353274757 
-2.8768545279948357 4.749884353661346 
-2.63819338859427 4.547682155099352 
-1.8291381758761784 10.760059937098 
-2.390797458534746 11.403195183156985 
0.12723946345229997 3.5655795392606073 
-2.9909098562143743 14.590737699034854 
-1.9211144086117322 4.859781628276277 
-3.0074394781259373 12.636976186935737 
-3.877403203771685 4.295359218279684 
-2.663675469718099 7.790248543722394 
-2.342905216731313 3.244292993580243 
-2.894190136197905 8.58035207016495 
-2.284909203450899 8.436785869938198 
-2.360324019877818 2.6115607146959494 
-2.8613442873873423 13.998426729256074 
-2.8613442873873423 13.373847267511671 
-2.470220036323533 14.256446029399962 
-1.3847444865225818 14.172080017516222 
-2.360324019877818 2.699408961449896 
-2.2655433492875803 12.675762821810343 
-2.996726572462811 5.254020114748189 
-1.1099300150694034 10.861369391756607 
-1.3826025209643076 10.773418670184277 
-2.3992215404157973 14.335193784673027 
