1.0425845588108116 3.6810732921635405 
-4.82822844775083 14.201465444562592 
1.0425845588108116 3.6810732921635405 
-4.82822844775083 14.201465444562592 
-1.7923373795820199 3.2734512752568214 
-2.6200789229338217 5.92432973219599 
-2.035670100198168 9.891112329870069 
-2.4018932122332615 11.663709328386187 
-2.7308743855140545 14.568188003741295 
-0.03152557616879181 3.5699666775319923 
-3.5149343735121548 14.56098350948834 
-2.8237910756666014 5.462080689256895 
-1.3310921884572902 3.2435687695472004 
-3.2867605563867124 11.431569847085154 
-2.6655649741302727 10.043834743289981 
-2.5167955435014484 14.785205439655208 
-3.095475339714306 13.574380004978511 
-2.598224089560138 9.717024716157159 
-2.821777870004565 3.784564492666303 
-1.594900980276617 14.551965071889118 
-2.187948401999116 5.769071329199109 
-2.622712895048523 6.738064832291677 
-2.619168096491384 6.346273546391904 
-2.823901810357465 13.593537052453993 
-2.6208492987121708 12.393339242828754 
-0.44268317488273556 3.7265803029937166 
-2.613538692899136 10.785030837356254 
-2.4497497856834003 10.478428057522178 
-1.9701787280178995 14.551965071889118 
-2.8502699537612357 7.639287219545503 
-2.727608295568652 8.526819635811442 
-2.1893463977653966 5.050394495765948 
-2.613538692899136 7.564826373614903 
-2.5948967906370206 11.920274125163948 
-2.184297202594446 14.8330681637011 
-2.7186259725271396 6.3466196219418505 
-2.0065942044710727 9.359531754049783 
-2.035670100198168 14.285339292796401 
-2.5010814295813253 8.872695540327758 
-2.4150434255351185 12.926661544555468 
-2.1132363125178144 14.143841580182556 
-1.4121066893106344 10.771225727394334 
-2.823901810357465 13.500399527736786 
-2.213122536216096 11.471649999810852 
-4.060288964525485 14.426337892083017 
-3.219032446305196 13.95198887006475 
-1.5602590729244326 7.645125172478532 
-1.4121066893106344 11.866540753231511 
-2.5859193731610945 13.870469853931022 
-2.465994503255085 12.789784985482203 
-2.512547156050203 2.503758686708964 
-2.5010814295813253 8.601743889146551 
-2.715853645809745 7.809863245776339 
0.6550390897700606 3.7265803029937166 
-2.0065942044710727 9.503876315826584 
-1.7033137963480254 9.7727935460937 
-2.1324993992953747 11.309004885426072 
-2.1935564079588414 11.080883524730378 
-1.803605502597101 12.945751991524489 
-3.0251267597063136 10.811581986968703 
-3.1664988462908252 12.926661544555468 
-2.715853645809745 5.047078297058854 
-3.1118309455552224 13.847068250064178 
-1.7033137963480254 9.7727935460937 
-2.2464353713269865 8.431458362817047 
-2.770528460129796 13.381688386920121 
-2.1867071982299127 14.0315265540926 
-1.7904801721477845 10.25915363847691 
-3.55599987406688 14.106932700093235 
-2.5859193731610945 14.392890744127087 
-2.9354609681664092 12.662975936779208 
-3.3824014638811013 11.990104945009449 
-2.625231400489767 7.11726099696075 
-2.465994503255085 11.977871589527581 
-2.193432511875304 10.65684326811156 
-2.2741900543980296 3.8200330311016186 
-2.965907516229539 13.0392917976223 
-1.2791156598701425 5.394849750661651 
-2.0318426574528283 3.819697598834753 
0.6550390897700606 3.7265803029937166 
-2.519570349227385 8.431458362817047 
-2.6570745950877477 8.9261826111543 
-3.252481407239908 11.759877636585834 
-1.131700058108165 3.2649138187779654 
-2.613538692899136 7.403846243972717 
-1.4121066893106344 10.771225727394334 
-3.5161541613326643 10.782946826636568 
-0.5372891079729465 3.2734512752568214 
-2.476600856331695 12.997818253741585 
-4.830672514733701 14.165738485427376 
-2.4150434255351185 13.120834304056988 
-2.5010814295813253 8.431458362817047 
-3.1118309455552224 13.176081379317694 
-2.9354609681664092 13.220435987841554 
-2.977221078346079 12.811656298584895 
-2.1132363125178144 14.65275615436934 
-1.7904801721477845 11.037510854993068 
-1.972070819370281 13.750400545796891 
-1.4121066893106344 11.866540753231511 
-2.8587668458069495 13.159984309972888 
