1.0368653738449298 3.6793545461974877 
-4.981421487739072 14.148029626970843 
-4.981421487739072 14.148029626970843 
1.0368653738449298 3.6793545461974877 
-3.5513430124973833 12.025034140773606 
-4.052531656169959 11.979877452726633 
-2.5312185157249547 13.406526301157353 
-2.765510254988226 12.895821691344125 
-3.6502188527084014 4.083308303612183 
-3.0055632707393736 12.557135998466004 
-2.444000505723393 9.507769918526852 
-2.525982721116766 13.953470348665814 
-3.2165381526705255 12.618656335581406 
-3.5237304506429146 3.6586426563872623 
-2.51894423767172 13.736465700316876 
-1.5330466263453078 11.534915430968937 
-2.712977154093887 14.057656450280536 
-2.765860219960069 11.36759684012913 
-3.371337302567404 13.22208266238437 
-2.1640091666504837 12.116894938627238 
-2.4433536509304683 11.38056957622332 
-3.283151347265526 11.253961485792509 
-2.527554614282377 10.524305776564091 
-0.9258141218863707 3.074813189430971 
-2.97537581916248 9.615552858328511 
-2.6053022982892906 12.082151975158112 
-3.8509343857338627 14.48954332952637 
-2.434620402459357 14.757935590218148 
-3.2127153442875396 14.624700025598747 
-2.911776258467368 13.702110534023927 
-2.102422462142882 7.098445301652417 
-2.6206649029684197 5.920057103861858 
-2.6125747047350676 7.475329690284605 
-2.8155043826543413 14.317709940374522 
0.5241966616200882 3.5187077712778487 
-3.492542815192359 8.432811409026158 
-2.637635750553703 9.909873615499155 
-2.675809434141439 9.081666409718306 
-2.260747038002214 10.777776841624917 
-3.2844780264850773 12.025034140773606 
-2.0333469093273995 6.8004997861996195 
-2.2996566253311452 14.370774868160485 
-1.898878918217398 11.240101662470755 
-2.8219274612729204 6.714115183041505 
-2.0173149717259324 7.436240528334675 
-1.859473781367984 3.901216351352918 
-1.8519551800175948 9.615552858328511 
-2.6147601510812315 4.035434596387507 
-3.0854517158745294 9.302864502010248 
-3.2017004079950184 8.134184638110792 
0.45119439446894594 3.897031441698779 
-2.2364837893131737 7.610977472012667 
-2.3621518314441157 7.939055218966624 
-2.4433536509304683 9.751377781670879 
-2.7213137566157424 10.172263668636603 
-3.6737277930444363 13.93371719183772 
-2.527621782014881 13.237477269169755 
-2.3333619466911397 8.602541919306793 
-1.2810753678771436 3.017153169820137 
-2.8154549772508513 11.757212318103402 
-2.04298877030301 12.021870430648725 
-2.9081729052279504 14.514546880756154 
-2.7849580071715674 10.674014090689841 
-1.7233096347222705 2.814828273949996 
-2.5858460888394332 11.669096422158294 
-2.4433536509304683 8.761688626608116 
-2.3218682111160645 10.967324904019371 
-2.190084933661197 7.939055218966624 
-0.3574425385743082 3.4376870836959315 
-1.512619652741334 13.959107916800678 
-3.212222870739503 12.010616297657112 
-2.765510254988226 11.63456396311802 
-3.492542815192359 7.3793446500035875 
-2.528462879267035 8.348188986099736 
-2.970703628343607 9.891683336863107 
-2.765510254988226 12.116894938627238 
-0.9258141218863707 3.7386726111038935 
-1.438594137368473 4.078881980821929 
-2.5274088386162306 10.717626541616319 
-2.2393276427616216 6.00746904510934 
-1.8720709008912264 2.754685747895204 
-2.7744722260128047 10.174946717242642 
-3.6663461227977883 5.504187473366148 
-3.850311063504593 14.105213210172597 
-3.2127153442875396 3.3989826479826553 
-2.068239109747263 2.754685747895204 
0.38168807206599087 3.706428566130984 
-0.3574425385743082 3.483268278108165 
-1.7697110579116169 7.738478042077314 
-1.6924290365488508 14.42973857480208 
-2.2613804835177507 11.35372425098518 
-1.859473781367984 4.330878192125762 
-2.3095369390588694 8.134184638110792 
-3.218552110684468 12.873108872783924 
-2.5258905801680225 13.160397183832886 
-3.4457139918813238 8.356151545892379 
-3.4349342821843787 14.38112299072179 
-2.722612121486261 6.083765268238838 
-1.8295606922492045 7.738478042077314 
-2.8155043826543413 12.056504407508502 
