1.1088892938755124 3.7029788358962064 
-4.627098915284997 14.268485086669449 
-4.627098915284997 14.268485086669449 
1.1088892938755124 3.7029788358962064 
-2.7123343459789466 10.485984412782287 
-2.400531477563877 11.602781694034393 
-3.485879101870132 5.537669393769553 
-2.454699213355294 10.374002411892619 
-2.9998374832319987 14.692801831724799 
-2.2919483328029617 9.65781150664078 
0.4480718382136324 3.5343084205420974 
-4.405833997804837 14.284160056549101 
-1.9614138175164348 14.080472509186773 
-1.657349478100897 13.263266495385079 
-1.8387356681501084 10.128719461230816 
-2.4139884591368896 8.932840904567502 
-2.491993533204324 11.78575645377241 
-3.246842521027267 4.029848295422043 
-2.44793140796258 11.465845388306933 
-0.7782405373536312 3.3089920823641137 
-3.142039882682121 14.552240731026203 
-1.9686228647185695 14.686081506829979 
-3.54161452354064 4.061083091118442 
-1.9576197670376079 2.864164472740275 
-2.0263187754958545 7.4942483038325545 
-3.1080524617102188 12.574096588636857 
-1.919612458266832 14.504003949025698 
-1.9614138175164348 13.580222488871541 
-3.079194053249357 10.465465999948648 
-2.820423404347521 11.194222926158016 
-1.0968337155308285 3.3089920823641137 
-2.0317071406371587 14.55326997481589 
-2.605259095265503 13.047396335113465 
-0.5401261318994812 3.1830019430988163 
-2.4499264957315297 13.223604563391707 
-2.343744431070946 4.9992616993835775 
-2.020010209203556 10.186858414446293 
-2.2274753251725823 14.65995428432381 
-2.4891636309665532 6.67264431942443 
-1.682634976225252 13.801060308232898 
-2.8295684375148507 14.080472509186773 
-3.079194053249357 11.608090708541857 
-2.3356022637781977 13.601070734345212 
-3.0754991012516064 3.177454577758289 
-2.2441219927448093 7.995222645726023 
-3.1080524617102188 10.70682369628268 
-2.3973777777685297 14.133442531581206 
-2.019461153916316 12.477748019373701 
-2.1754825520472374 13.782428666360747 
-2.186440174886643 6.331638736604211 
-1.9588179288503518 11.46237222663233 
-2.9742480776130478 9.857029282811942 
-2.008218035650764 8.535256219377915 
-2.4961423234273274 14.65995428432381 
-2.413707557604626 9.079812382605056 
-3.5513671658523163 8.045297745550569 
-2.0262289593090306 12.27457758843012 
-3.8632828065929994 7.758488487338747 
-2.2194218773290637 10.399491609685207 
-2.161637355204018 7.153038819334006 
-2.3341002354250278 4.702376507710531 
-1.5160310655085563 8.94308133027431 
-2.2556953408745746 12.522305995024917 
-2.44793140796258 5.8989326879924615 
-2.4782815842829384 14.700312648526268 
-1.7345530264281006 12.262627183558564 
-2.5933865012151247 7.942707033626943 
-2.186440174886643 6.331638736604211 
-0.025773309469594885 3.4971081120090766 
-2.516080937057037 3.7551239818150393 
-2.3504112772244454 3.46566602422278 
-2.2577909620690817 13.125727535545348 
-2.566344370514885 7.503758340890728 
1.1151189094867793 3.7511181042483965 
-2.3356022637781977 13.793773018182524 
-2.251551952379245 8.21552119137868 
-2.2194218773290637 8.673784616940193 
-1.2434415587470045 3.4508597043055165 
-1.9439939072128714 11.121441235960454 
-3.0929325471428677 12.403851686950482 
-2.372715777470485 12.211601661093761 
-2.0605465963235154 2.963481226108758 
-2.1087294551375213 10.033017138256106 
-2.169199391666094 14.15226730724232 
-2.169199391666094 14.15226730724232 
-2.4152653125319934 11.097563485418075 
-2.15230615280217 13.376565163823948 
-2.642556098167083 14.124879484338322 
-2.0605465963235154 3.8260303820459836 
-1.6340700905789034 9.90433674247424 
-1.767318755690503 12.966088256364436 
-2.6284031920782107 12.482445689283047 
-2.309454805913163 13.894736333073151 
-2.2194218773290637 7.848505272030833 
-3.0452177697764355 2.4225642311743867 
-2.257507018729851 12.049677283860282 
-2.4498665992337214 7.476835935880488 
-1.2434415587470045 3.4508597043055165 
-2.3603887045993335 5.686427840415123 
-1.925750420832525 14.54692878177462 
