1.048812075543513 3.6835538506935395 
-4.897314437171822 14.177766718578651 
1.048812075543513 3.6835538506935395 
-4.897314437171822 14.177766718578651 
-4.958900503141674 13.876288590311635 
-2.4436450682106767 14.648221805402414 
-2.7854124599336845 5.958864916699087 
-3.773509652748861 14.514826157210784 
-2.15152983206983 14.26307370102964 
-3.1704643831980763 10.857118783552703 
-2.3327015718514414 11.77037626923788 
0.26423210590810475 3.426338161837453 
-2.7476117342369175 9.427298594688729 
-2.0165013470921886 3.3286416684456075 
-1.46750324066931 14.229479762094964 
-2.918374496502651 10.811928930425342 
-2.277178668956113 14.452331055757206 
-1.9931680950393638 2.7096536579752906 
-3.262886398713004 8.48567669493394 
-2.0956261566312024 7.203294431938359 
-2.585632626369552 13.967088772610836 
-2.605579817580099 12.030938949775809 
-1.3524575764049038 2.896957235570972 
-2.703696875610201 12.29390332723315 
-2.4538092018880864 12.916532977708872 
-1.6640352129182125 2.86490971755948 
-3.067239806409431 14.102631074348324 
-2.1866084472740006 7.469753023705932 
-2.270113435096181 4.406213534374219 
-0.5099403016025263 3.3984448022086733 
-2.284113611592645 8.894633567551153 
-2.4952989226660796 5.600770584261525 
-3.1328597912832916 12.548028861235979 
-0.7869585249865585 8.176391347696498 
-3.310914297596728 3.6835538506935395 
-2.1953199707004325 13.876288590311635 
-2.4390352747847244 14.229479762094964 
-2.605579817580099 12.603682595288582 
-0.7067674796988013 3.4759671297634958 
-1.806020391719514 11.560145559349312 
-2.0671123370207303 6.917448528287859 
-3.6082239044709126 3.657590875145847 
-2.45843614372903 5.958864916699087 
-2.3733231200277642 9.4236045393205 
-2.6350236359575114 9.914017936907873 
-3.060089221870908 7.065306144067052 
-3.773509652748861 14.116175904143867 
-2.807830399453626 12.096939746606852 
-1.8675372265375534 12.765719195679377 
-2.5784563410733523 13.622007110461443 
-2.9072240264939584 12.863977954432096 
-2.686274884358438 6.577251450846068 
-2.79473083652468 11.819897678361823 
-2.7476117342369175 13.318661148760905 
-2.807448351725757 13.140629689431854 
-1.2931085685647796 12.763859057524005 
-2.6762886814030242 10.465134376160155 
-2.284113611592645 11.667673724743345 
-3.3572613202785733 9.427298594688729 
-1.9239985089766574 11.60741017615721 
-3.161417876783375 13.231238324755925 
-1.1060854052239242 12.663628661236414 
-1.6560076463315792 8.358107268790873 
0.9577047312945717 3.6776978968481417 
-1.579911768232694 10.530746747402635 
-3.3835336393565765 2.85500887087631 
-3.0012150719050177 7.190254344497431 
-2.284113611592645 8.153455055589731 
-3.338105299537076 8.568711467164082 
-2.495371783843941 14.488672993086318 
-2.7041909789567566 13.659659297557358 
-2.0020858453579082 9.439854242257688 
-2.0956261566312024 7.9767763396608435 
-2.918374496502651 5.605130458609972 
-2.428814208257629 3.8357455809733683 
-3.0012150719050177 9.045058400150314 
-2.525858973032124 8.39903940080667 
-2.142086197913807 13.324901122302142 
0.061214447085556234 3.651179763970312 
-3.0860132012682193 9.869919084588002 
-2.6858888826418736 11.749887471036462 
-3.385314557112597 11.134629816996014 
-2.398319034215484 13.622007110461443 
-2.137057536550781 10.484545149538294 
-2.494396188881675 13.967088772610836 
-3.2071807274365316 9.406398645760659 
-3.0011674500771592 13.357839208327505 
-2.284113611592645 8.379995635095337 
-2.091317230588935 8.353064656298374 
-1.8670455457026736 10.938994329765018 
-2.0020858453579082 10.670445181302854 
-1.9686511256749815 10.991948194218658 
-2.331253806167529 12.689769817017316 
-2.6384082091665446 2.875517359894517 
-2.3709289869522925 10.478449073423 
-2.185804839963219 3.5049562563135384 
-2.196095108019543 12.940108301612273 
-2.7230476223475386 10.709994005946008 
-3.262886398713004 9.234906376756875 
-1.1029340063544457 6.614113553574086 
