-4.897574749566612 14.177433528742638 
0.9470920599436887 3.65119240257383 
-4.897574749566612 14.177433528742638 
0.9470920599436887 3.65119240257383 
-1.5743544936817697 13.105875148636601 
-2.3250792549649333 13.105875148636601 
-0.7279011326395872 3.431361111363584 
-2.5709538309006454 10.889257577973307 
-1.7591313077729214 14.678518364740945 
-2.321922587088791 10.10248738065971 
-2.6778537801451767 13.705933003916712 
-2.0222429033224794 12.456519758808 
-2.3250792549649333 13.900015684793994 
0.6429371274642499 3.5707528651560967 
-2.6885754092472074 7.4386034055700865 
-2.005331648565319 14.696275237606656 
-2.0309880346313403 13.777063066898005 
-2.2666580763281874 14.066071391173434 
-1.8739500682852455 14.516009994914153 
-3.7400937701119537 9.687999550480779 
-0.18893647676517122 3.323375034596489 
-1.9879636762980777 13.388886833272938 
-2.5403085119666886 8.55709733976363 
-2.4073373068324213 12.190077050085716 
-2.668824980141546 6.692636588029313 
-2.335320608577467 11.93698157900004 
-2.3187015064327863 8.946506731125345 
-2.1812466614127364 6.7825390124317355 
-3.164191785492926 13.220851379539482 
-2.375968843502398 5.364746298365864 
-2.34496657175328 12.559708023232105 
-2.335000673165734 5.561019877155949 
-2.514145768610147 9.834326908980094 
-1.7498310129895898 12.685200773836938 
-3.0296164266776198 14.678518364740945 
-2.265074533673552 9.76744059353374 
-1.5676264918749458 3.1224336744983354 
-2.5956655837694016 13.280736633025437 
-2.265074533673552 10.568449153767496 
-2.5923611403568163 14.596490375720172 
-1.8659588484972098 11.848025233302613 
-2.696479494517127 7.198881796359133 
-2.531127099330152 10.745124563874933 
-2.413816837868362 9.051592511279434 
-1.9874981941590717 6.13610931595759 
-0.18893647676517122 3.323375034596489 
-2.0331749423034613 10.410204253842224 
-2.3250792549649333 12.685200773836938 
-2.488702060876996 8.27891696567925 
-2.150245074778852 11.586589342592218 
-4.029340832632046 4.296724394775773 
-3.1605098189316556 11.680373945753368 
-0.8487159335467194 4.635649864435162 
-2.0443935850527915 3.434279526462885 
-3.0666947091060504 14.599490755734273 
-2.0309880346313403 8.377878825179454 
-3.238831727822687 11.146913983342547 
-1.8666093811170947 14.233327932274904 
-3.605827185432104 11.267595175022839 
-2.3499270580437566 8.49678795671787 
-2.329340488044234 10.6236649854526 
-2.329340488044234 11.138491268212787 
-2.1075075554360714 7.198881796359133 
-3.9555990415435422 14.410106766718314 
-2.3250792549649333 12.685200773836938 
-2.464966636761599 3.768909622746418 
-2.9230391889145118 3.434279526462885 
-2.0331749423034613 10.42531654886129 
-2.0428706030118167 6.263770897465237 
-2.572554981206507 14.083133832648079 
-2.9034334111468683 4.396798900665265 
-2.6916765335139723 7.831354816272402 
-3.027598092874654 7.472265011965242 
-3.3193387659996567 11.287124002794869 
-2.668210883231627 7.165927102442726 
-1.2195124361102276 3.126410957159738 
-2.5880192854507755 9.14769271439963 
-1.5867214595763581 7.132533737491779 
-2.0309880346313403 11.516784069220783 
-2.7001062410803676 2.507627990080059 
-2.325681167615806 11.266397455403135 
-2.960337389296199 11.877288369914506 
-1.68391414118931 13.813332202429145 
-3.9794893135674387 14.459838410470011 
-3.0666947091060504 13.158337802428447 
-2.623912620870673 7.019247011366672 
-1.524354389042803 9.811643776580786 
-2.6752072973913728 14.613765588847757 
-2.329340488044234 14.32216645680982 
-2.5923611403568163 11.686669035649512 
-1.677554362249755 9.154647414312798 
-2.6942691254992406 6.931564359910397 
-2.6567846968346105 6.13610931595759 
-2.376768083325111 13.172612635541931 
-2.544566303974915 11.142461226771031 
-3.2318875342472233 7.212460474947293 
-1.2196135865900564 3.097262673519456 
-3.039401336796292 9.261208072228136 
-2.7001062410803676 3.084604480772719 
-2.351731465996956 12.500560048338503 
