-4.899652208641394 14.176480695723626 
1.1080325144248753 3.70446411128325 
1.1080325144248753 3.70446411128325 
-4.899652208641394 14.176480695723626 
-2.5980404742412193 3.673671711955298 
-2.432631592332576 3.080254832583205 
-1.418037292043699 2.9586113035604273 
-0.09426600283739128 3.3077590565139166 
-2.0067691872511517 11.614363424817421 
-2.6872037144310164 10.660231244316881 
-3.9178674480618496 14.47629380151768 
-2.6039042782517354 14.11526933261084 
-1.7872222777276896 11.282507151220315 
-2.8472908343090606 14.69721366534413 
-2.752248416789073 14.458718623830881 
-0.35044888741419233 3.6767958421093234 
-2.6069332583935325 5.617705954624545 
-2.883417981756291 13.123091512227925 
-1.8216020392140733 2.9076361241074684 
-2.0856448642685534 12.559486075361871 
-2.74861974891099 13.265369295346757 
-1.8017959128440302 5.437428368759912 
-3.169297317441018 14.659413177058077 
-1.0940494004145505 9.164519518647442 
-0.5623931150851018 3.647547071558952 
-2.7082411388238317 11.18861314799215 
-2.847846059413839 14.55213613104987 
-2.3548661011950522 6.583913615007059 
-2.469867386062021 12.175671036152213 
-2.5851291988325587 6.083165504030607 
-2.1527939492101438 2.9217392656781547 
-2.840659206097488 5.147852919173474 
-2.9946148967898805 10.904472987457002 
-2.6069332583935325 6.831182650565679 
-2.6276664318618614 7.296745927202817 
-2.759153987195228 11.74740827533525 
-2.749174974015768 11.97730809147689 
-2.783350189096008 13.831198163324695 
-3.232042976241858 14.45472990204315 
-2.840659206097488 13.330953315581342 
-2.6248669477608573 4.94364810387484 
-2.4927857607788315 7.228781624167599 
-3.169297317441018 13.831198163324695 
-3.961885777095365 6.341147154441691 
-2.2349760602588247 14.575580400687155 
-3.173976088934319 11.692152705388139 
-1.9983676275240647 4.94364810387484 
-2.6276664318618614 13.114868016555448 
-3.3862582884176384 11.325368095734614 
-2.4903411099113626 9.689831861839938 
-3.7900836921136123 12.58911919107777 
-2.3482551183847873 9.375267975950553 
-1.935926556834425 8.926171899354102 
-2.4581430451985744 12.647385690220247 
-2.880947361118723 9.32538371582736 
-2.5980404742412193 11.64753966562116 
-2.749174974015768 12.404836864826246 
-2.3449678992249234 9.491535385497366 
-1.9247052314103872 9.082834945811149 
-2.6069332583935325 6.083165504030607 
-1.6011141209537725 8.582885831805582 
-3.135024245552905 12.461200393449106 
-2.4903411099113626 9.056578209015106 
-2.1990731867927025 9.082834945811149 
-2.452600479382522 10.89907655014954 
-2.782507111084696 4.7191786528673125 
-2.7082411388238317 11.478123544985625 
-4.0859548278539295 6.723759520410019 
-2.6217012641807727 13.730026868867302 
-2.1944860328523244 13.953708429897642 
-3.315727143275349 12.69372731191365 
-2.7082411388238317 11.478123544985625 
-1.806101750549658 10.21937022980883 
-3.0811205413367415 10.235481410313081 
-1.8314704849759966 3.2783856015234125 
-3.3803266565754058 14.039207622499102 
-3.1023297048916803 7.2498064552973736 
0.673016203951666 3.7425534750677274 
-3.7338469206682485 9.032763566792157 
-2.499921564664616 10.30876558290814 
-2.7698568077903385 12.188599621768144 
-3.0811205413367415 10.235481410313081 
-1.9650354904551361 10.263004329114697 
-2.271594790301385 13.596508688039485 
-3.048596644905014 6.253988684062343 
-2.3781004811582624 9.90642678362644 
-2.7565910507341838 10.705282867054521 
-3.9333147381514477 13.067733113999484 
-3.634057556321129 6.998907561656362 
-2.444532741922294 14.42006959887669 
-3.4533659272541746 2.6564513341629423 
-3.0808430396683613 6.083165504030607 
-3.0696262600420408 8.294992574205533 
-2.923975288920039 8.865326398339807 
-2.6665569395948787 12.761818108139188 
-2.752248416789073 8.013315750292556 
-3.3862582884176384 8.307463270643415 
0.7639351025600645 3.6100540291989445 
-2.793346399957715 13.59522459179665 
-2.8583518449455925 14.164258183418996 
