1.2335522004042336 3.7446046990674873 
-4.823421401013368 14.202948660008248 
1.2335522004042336 3.7446046990674873 
-4.823421401013368 14.202948660008248 
-2.073823878629027 6.989741982427862 
-0.9989975040017027 3.419467575931181 
-2.9978526374918033 7.595379939835492 
-1.697107501294302 6.8987259561698515 
-0.5997778936001752 3.155322187927397 
-2.9136720100703024 6.564804061260974 
-2.779456211825356 10.589453922228657 
-2.603019427144823 8.950256446846467 
-3.444620842202945 12.139359631497273 
-1.8564490305232386 13.505849805656862 
-3.632991167826977 10.847787758243308 
-2.5665839221367617 7.575860532697104 
-1.9865496364366364 13.133935178211054 
0.2630596255395812 3.4437116111323673 
-2.254981879644657 7.323234035504658 
-1.350653773670731 8.836703930687754 
-2.877700994808771 4.4242233338290795 
-2.112661876502852 11.96392894739996 
-1.7564744256522813 12.003892771144315 
-2.9032855662713324 11.935469822615051 
-0.193293054669621 3.4190087036498027 
-2.617860342102876 14.610736384611737 
-3.2247108855655937 3.502811745839777 
-1.2575465909569772 10.61294680023821 
-2.66397025931146 5.944870715414552 
-2.4149393311288283 11.565474672328758 
-2.32534391738479 12.090264711269997 
-1.8843490198853727 12.652146781300008 
-2.965034267379475 9.933884252822619 
0.889037616015188 3.7446478546677304 
-3.178650734963798 7.985216549999618 
-2.4130108272257473 13.200540720524003 
-3.887815953781425 14.368633452181225 
-2.191438795060755 14.352842342841955 
-2.112661876502852 9.562809779266004 
-1.687633450640749 14.560125031614858 
-3.882683909387525 7.632543842170803 
-1.7433612944773609 6.491822445218381 
-2.6291449774458724 10.494508588566791 
-3.709328240699341 3.464908476611864 
-2.7934502668208707 10.70514924850367 
-3.3381047176317633 13.429793236715138 
-3.9503639347400465 14.463855182369436 
-3.145551319429638 9.590403124573832 
-1.1764425401891416 6.76668112300889 
-3.0460376886644465 13.641770778727814 
-2.405339711753976 13.686419311205578 
-3.4173067455552006 12.687784479909734 
-2.1673662421096083 10.430487647834088 
-2.97497062208032 13.76348182120521 
-1.3032436570781543 13.260389047369447 
-1.6884964000822333 6.199866619521473 
-2.196199408404048 14.258573620558124 
-2.6214153145103265 14.363102779378302 
-3.593854144894466 14.560125031614858 
-2.609426171567352 14.765518749507386 
-2.853255317305645 9.542886346300453 
-1.8779462954556854 9.562809779266004 
-1.1832850022531995 3.6674869473475704 
-2.530757561437713 14.500973655602344 
-2.640227935995433 9.562809779266004 
-2.840920318095729 2.5533861459572984 
-3.01462484025014 8.389085877165817 
-3.716603483546793 10.430487647834088 
-2.201256070939071 7.6113821910446955 
-2.9906259828296182 10.92183116743419 
-3.593854144894466 6.699641932475 
-1.8919180931538864 14.585764271996165 
-2.7936050629948888 13.274468022862212 
-2.5657142299236444 11.565474672328758 
-1.8779462954556854 9.562809779266004 
-3.2252386313084487 3.0210026269477277 
-2.1575351993195953 11.422058097000276 
-3.07897134101593 2.815078101185267 
-3.7502671081801395 14.294162582916146 
-1.651715723369192 3.842095239642756 
-2.2274818253073088 2.959060484419534 
-3.754404843066268 13.315405880275602 
-2.8151860334633882 12.526286258295537 
-2.5513151608935605 3.518456917226952 
-2.3869480814030997 5.462308204747016 
-2.609426171567352 11.87509143019878 
-2.32534391738479 9.64683614026002 
-3.754021728896523 10.430487647834088 
-1.8779462954556854 9.780179596046374 
-1.687633450640749 14.834231905266414 
-2.0105421082310575 7.623889568520683 
-1.1764425401891416 8.824196553211769 
-2.609426171567352 11.87509143019878 
-1.7191524294953409 3.235424368891506 
-2.3068742205050174 13.607196898658465 
-2.8151860334633882 13.274468022862212 
-2.6271200595664825 10.850259197480373 
-2.1268983077556074 8.676999337598154 
-1.7840613236351577 4.078223389571652 
-2.1161673791722784 13.737711302183772 
