1.0605506681176577 3.687346663520428 
-4.5518561003189335 14.29218200056872 
1.0605506681176577 3.687346663520428 
-4.5518561003189335 14.29218200056872 
-3.279701965100301 13.357343711997117 
-2.4531398598839997 13.156233915043469 
-3.2027477451438853 13.174334960345597 
-2.6565159454934544 13.806461883984133 
-3.5515595496659396 13.66585448009677 
-2.752448396981211 12.645573545321453 
-2.416574915591138 9.262337343662473 
-1.6123136823504065 3.1172917495938743 
-2.927115194141408 13.197515254479576 
-2.2659498281082966 13.858555151052594 
-2.7930997663457524 6.827020039510445 
-2.3890408307109445 7.6321364240489915 
-3.3153280284009616 12.551815557226618 
-0.5599566900029956 3.2789182628682094 
-2.8519749042601514 14.48593687925062 
-1.9883107619314915 3.0575151062836747 
-4.5518561003189335 14.238019164686557 
-2.021983185419039 14.86263268639717 
-3.508873828032604 10.236252153206603 
-2.494441413948253 12.08093945270598 
0.22876489575743175 3.4437740219740087 
-1.0844326319650797 3.1172917495938743 
-3.2027477451438853 14.634785206755001 
-3.290886779303062 11.611523680934377 
-2.494441413948253 8.09229931592846 
-0.14180882311429288 3.443381613477129 
-1.8413059146771769 9.121774442295454 
-3.2065077998024165 4.210685246414721 
-2.055518979342528 8.078303043150802 
-2.947385740229735 12.86110591958974 
-1.161695249050359 3.32764085853868 
-2.4160518769813852 6.834719402621287 
-1.8227825394747734 11.109704386919013 
-1.6743690823059065 6.867041587626886 
-2.3001030900137778 5.8687976092095715 
-3.4887529998416813 10.065018508471189 
-2.342328499961772 12.690255317008369 
-2.7950799221170017 10.18259446080144 
-2.52129143504574 10.033820005957605 
-2.419868529345718 12.996849432471567 
-2.2085729048854565 8.739009988883506 
-2.028452465711161 3.443381613477129 
0.9583719176122163 3.813399472628354 
-2.3750179834978367 14.48593687925062 
-1.7943022369351065 14.543606167938075 
-2.9142267541203926 11.99676694002951 
-2.240132527583055 14.61250855638091 
-3.9729722288803853 14.249255200419045 
-2.4790114809037864 2.8940714148577618 
-2.87830851183744 3.9440509782886597 
-3.510653411633647 8.794149184054401 
-2.040808797589195 8.078303043150802 
-2.2085729048854565 4.536861754108298 
-2.2085729048854565 7.583798130656195 
-2.240132527583055 12.439176915241383 
-2.403522742178141 4.9441413692047504 
-2.045205744074641 14.308789838209645 
-3.2000594858999203 8.471779899176486 
-3.2017421443698106 6.093268814630501 
-1.4052813215929505 5.075844978059046 
-3.2794873335398096 5.195000455309977 
-2.8074897540721984 12.305811538694602 
-2.8074897540721984 12.305811538694602 
-2.87830851183744 6.039057192926801 
-3.290886779303062 10.041270008557735 
-2.495492840610914 11.316286679005128 
-1.4344615198956827 14.457854123820248 
-3.0043240409263423 4.927910352151775 
-3.1930241383875395 11.566266331729938 
-2.810143470144409 8.85361111266674 
-2.5888325142838085 11.566266331729938 
-2.6222837113515163 11.560662950049736 
-3.2868375018765636 11.12855160932917 
-2.416574915591138 5.97461822535768 
-2.927115194141408 14.685309262812467 
-2.5902019539872367 12.189133760716306 
-2.4528723864169577 9.908793975865192 
-2.4528723864169577 9.908793975865192 
-2.810143470144409 8.85361111266674 
-2.4553548645357424 9.687966104680743 
-2.5971510363486483 3.0436916665475344 
-2.8716422944832742 6.196677847156359 
-3.202135004374215 8.070601624513426 
-2.6111803175300987 11.168293868326213 
-2.5902019539872367 11.36442335783309 
-2.773185513975767 10.914770117969896 
-2.87830851183744 4.927910352151775 
-1.818121461048496 8.794149184054401 
-2.328862563818963 12.645573545321453 
-1.666784554671792 4.607949560568466 
-2.328862563818963 12.645573545321453 
-2.0368104180080433 11.989248641647436 
-2.4531398598839997 14.249255200419045 
-2.4160518769813852 8.39484386036686 
-3.0082074345290426 14.308789838209645 
-2.8715058266042215 6.934376083851925 
