0.39034576327193016 8.934016338616503 
1.0 1.0 
1.0 1.0 
0.39034576327193016 8.934016338616503 
0.5870281912761024 2.9872355195442624 
0.5092735868846184 4.7493618281346315 
0.41329179326968274 7.963439953725379 
0.4550353752619431 6.4293194574936035 
0.6636550964575646 1.5614127079508062 
0.8620354701491362 1.1600450731198355 
0.5467844959209115 3.8734661635894434 
0.518012692439729 4.614472102532645 
0.6534354780651984 1.7146786554618307 
0.6421638032338812 1.9065564389774248 
0.40838171743620916 8.192291938469882 
0.40003449492081 8.519298928034623 
0.5948952963652381 2.773762578504501 
0.4045441309745923 8.30375877875564 
0.8457227517643445 1.1824330869556183 
0.4227737646456615 7.559851518429407 
0.6182806719286053 2.3247995947475597 
0.8319826104196774 1.201948202580815 
0.6347817211517165 2.099849124814383 
0.8163763280576106 1.2271829875675075 
0.46439565334541294 6.076876581789595 
0.496685703621893 5.10072028604316 
0.5536362072803533 3.71678537820633 
0.42879611641120147 7.3289052225656635 
0.5761062483498152 3.1859145786592267 
0.4436680745816734 6.798284289889655 
0.9298699096237387 1.0762676842910328 
0.8033248032761611 1.2448320937571742 
0.46900729002850794 5.9253189204862675 
0.43853381047081186 6.971081443452053 
0.5808675437048645 3.118439856772816 
0.6485445542491929 1.823590128208082 
0.9392073176667237 1.0647281458071634 
0.6117055899647138 2.5634968322437404 
0.672545516447534 1.4868887922851795 
0.5326945582593844 4.156407274043978 
0.45021538549008405 6.55564809675588 
0.5212351070547839 4.439376967635053 
0.613661581012216 2.4315855873924472 
0.5557015804426201 3.6046730597212693 
0.4201879613556688 7.797387691483415 
0.5252274533490932 4.382160916132378 
0.8991955888015071 1.1121051275905594 
0.6298079492095389 2.2146452766304234 
0.47987544475407395 5.639014342911967 
0.4909230697934538 5.324654589743319 
0.4272883210463538 7.4621678997209075 
0.434955805078908 7.195765455841057 
0.6025948183071352 2.6208351711503 
0.7171923378164754 1.394327639506581 
0.8788080502957849 1.137904915276212 
0.6818109541574376 1.4667272427314013 
0.8827545566484962 1.132817716617384 
0.5608003989757908 3.4876351951654354 
0.7461403006076672 1.3423118706080037 
0.46028943893626656 6.210213723568611 
0.5661034048166941 3.4549645741206976 
0.9663445761841465 1.0361051137171717 
0.5416214457866685 4.029821341285174 
0.6016848811255144 2.734375890264386 
0.47429927682876427 5.810825023350998 
0.953715482190054 1.0491531193940469 
0.540057884707643 4.04148837177038 
0.6918278206437984 1.4454463527512866 
0.48385338313287163 5.624100475951044 
0.44213356562222217 6.946003492640616 
0.5017575652783764 5.077131432416879 
0.502340778821782 4.937214866099351 
0.7797901719110962 1.2867793643347425 
0.6977178582171379 1.433246908201717 
0.9143497490588359 1.0936735968147515 
0.9924115691882873 1.0076469248395903 
0.48428240233132497 5.455856428048015 
0.7598530843995455 1.3160438806017418 
0.5695204503788316 3.3338234496331385 
0.4909230697934538 5.324654589743319 
0.46028943893626656 6.210213723568611 
0.7273709765145994 1.37482008932642 
0.792089956790906 1.2624828690453374 
0.3935675685182084 8.860881093203725 
0.502340778821782 4.937214866099351 
0.5695204503788316 3.3338234496331385 
0.5295901681118127 4.234043861140418 
0.9748199192533461 1.0258367977908922 
0.3986525317055199 8.672414152076453 
0.47254356070779796 5.832414904195698 
0.9843943155615922 1.0158962690324724 
0.434955805078908 7.195765455841057 
0.6307299034590286 2.1747788062887157 
0.9564354570524936 1.0455640965062198 
0.7603984822428153 1.3150999446117442 
0.7409509839997289 1.3496322123868396 
0.4842610076888808 5.456097467685011 
0.4476394100820434 6.660298034495834 
0.7718944574563233 1.2955139016502966 
0.41823601422756673 7.822957187019968 
