1.0 1.0000000000000002 
0.38981472989268956 8.959708990859667 
0.38981472989268956 8.959708990859667 
1.0 1.0000000000000002 
0.9479912868925631 1.0554346890355557 
0.5462944588768449 3.8231618668518883 
0.5172862034366277 4.550525045711634 
0.9249143967203076 1.0816872990208544 
0.4849293192050823 5.496442629794066 
0.5688879388819439 3.326021073575131 
0.6269555025478735 2.1765507728413476 
0.7630222948993631 1.3105882340030333 
0.6235686492754042 2.340636248696388 
0.42563940805967315 7.451786465781468 
0.43360453955884715 7.196595331437352 
0.6407280100247215 1.9306547819309403 
0.40045586804470323 8.48423650678581 
0.8667684263235004 1.1537388894828327 
0.3937622616114063 8.801464523633957 
0.6628134657466348 1.65504617768632 
0.46292267287867317 6.159515290301569 
0.5565356974680882 3.674463680238287 
0.6710172589198677 1.5055791836693904 
0.4407139036340956 6.893054352204833 
0.7761197922081384 1.288513451605931 
0.40485932592137436 8.351184744394176 
0.5605783205834305 3.4991171061838116 
0.5307618978365126 4.211209237627882 
0.41688020839675044 7.799990276172604 
0.8112122714525755 1.240013459941525 
0.5001106270162546 5.020188919344402 
0.4132073035316495 7.987487632304358 
0.9813960985362218 1.019025433900863 
0.45565888072394334 6.378934426546704 
0.5393311113197012 4.08222205397998 
0.8944299414535198 1.1180305506934625 
0.8452869403389964 1.1830302302118076 
0.49044737248600057 5.296597496601109 
0.7484241052453814 1.3361600403353417 
0.5946175601955885 2.83643031592751 
0.9654449206521825 1.0357922660790198 
0.41998492328428044 7.742329287431277 
0.6051928445058884 2.6067237923872026 
0.580309091922382 3.1037304224930082 
0.8193378910431693 1.2206418941979638 
0.5880129537114074 2.9048749948517307 
0.46731999729738083 5.9920060903893315 
0.5242024799390994 4.40579808018717 
0.566382650744328 3.4632579022882752 
0.4695456799929469 5.961031295680942 
0.6069156928925569 2.556521312542988 
0.48768899327986803 5.365904221406923 
0.88449770057322 1.1315015969510516 
0.9122367490594272 1.0970952022378284 
0.7966737679423355 1.2552352229907418 
0.4380177985476188 6.992094323514222 
0.4450355442429996 6.734192876558779 
0.6558993653180127 1.754023806722924 
0.5071525633090405 4.88435312132338 
0.4085426780211811 8.245588525358254 
0.5105410295052132 4.720946364168509 
0.5758488877168224 3.1726845132949877 
0.47845794302924954 5.670447832876309 
0.5349473819264893 4.207023120739861 
0.3990429787997046 8.65286199027577 
0.6127413473658427 2.424976065240213 
0.4733216495041176 5.789209021553368 
0.4450355442429996 6.734192876558779 
0.4108704919223384 8.176816654037056 
0.5242024799390994 4.40579808018717 
0.5049968594496936 4.905203189352562 
0.6146072732389145 2.4176139239530356 
0.9691860463863372 1.0318179612327556 
0.6339858665530756 2.0627950706124234 
0.734552789470304 1.3613921245520486 
0.7271493651997007 1.3752332788644182 
0.5976738403389599 2.729078784504047 
0.6342206771822845 2.047082891163284 
0.7172042043554148 1.394303036869478 
0.41140235805069714 8.050201843000302 
0.3975040868868092 8.686360562440203 
0.5393311113197012 4.08222205397998 
0.685011060711753 1.4599133436399792 
0.5105410295052132 4.720946364168509 
0.4511516351469108 6.528564543774564 
0.8320770774921575 1.201839097431832 
0.4303950824226626 7.2851897735494076 
0.45173390833617133 6.514683108274855 
0.7866636763050299 1.2712416742569193 
0.5545230307742042 3.773744270671499 
0.7420978632398322 1.3475628818944714 
0.47845794302924954 5.670447832876309 
0.42270484313578366 7.581281392837037 
0.4961670970016383 5.119600748185562 
0.6468593882004087 1.8236610688028443 
0.8451882094649354 1.1832153332761302 
0.6974374541335888 1.4338507918976424 
0.6559015091640903 1.678417177333917 
0.7050146921152534 1.4184101653930383 
0.6920188443011848 1.4452157563995494 
