1.0 1.0000000000000002 
0.3890395695602135 8.99556097958378 
0.3890395695602135 8.99556097958378 
1.0 1.0000000000000002 
0.7807065077763331 1.2812660958363682 
0.6002136493465932 2.6626289664164693 
0.835177118513564 1.1973724659292448 
0.5888819742102429 2.9563928985638706 
0.414772713098456 8.008390575107718 
0.5264760988500693 4.320126726827428 
0.5345500437746613 4.157584680821275 
0.5125757511180252 4.725872804799415 
0.507183219903288 4.849536944149347 
0.47670916712221667 5.696300125858431 
0.7602904881024949 1.315286745675611 
0.6481373718393187 1.8167114450789237 
0.632206039464986 2.1318021852632363 
0.8822856199887152 1.1334218684981163 
0.39673563464345674 8.693199391077997 
0.4370398167896785 7.036759754334019 
0.7985983368605492 1.2521939426430277 
0.8992185450901191 1.1120767127527416 
0.5379007950726916 4.014784273587676 
0.5715111116129732 3.2688663563753093 
0.5445064322343336 3.894517898411223 
0.5206343931593531 4.574871390486082 
0.6117524378268464 2.444678059570967 
0.8100174501165437 1.2345471684911102 
0.604642786939945 2.5984549767668295 
0.44908217176593157 6.647285740267154 
0.5026572310799724 5.0430881052319 
0.44256758787489786 6.846096921890695 
0.4709743448663205 5.882535531349808 
0.7021242282422908 1.4242537727668168 
0.6190927496236739 2.4156925816905974 
0.42708936864423963 7.405053312244917 
0.6864232732812088 1.4574501814211456 
0.5795300967600342 3.0798890650728286 
0.7156400237647401 1.3973548820877768 
0.4305472506194305 7.280488896627063 
0.45845028286246153 6.272713678643196 
0.4361216616926843 7.179906570469814 
0.4637759345240297 6.257263629956855 
0.9894004277597054 1.0111454332404706 
0.489010601063434 5.3774722043170895 
0.7514010532297332 1.3418317814224499 
0.9269205776350398 1.0791676263407597 
0.6688137403087926 1.4952793143109298 
0.6562835425809677 1.6798871800411035 
0.4919322580216759 5.2515007575014545 
0.8480799904162396 1.179135562918999 
0.4097117931323474 8.104307924477116 
0.5625580313969886 3.4499977801651727 
0.6231157948719587 2.237074314573951 
0.576398054959647 3.2411515427079167 
0.5561615419937437 3.6315526445171478 
0.4182800782139333 7.756088967665344 
0.46559257477641924 6.038233666470442 
0.6370166453026972 1.9959515768247942 
0.8565616582222826 1.1683334814261468 
0.4008047114040889 8.465969214795493 
0.4845212661321797 5.4806127035069805 
0.4245731789768648 7.558194847725555 
0.45316806540808097 6.447896947884983 
0.5625580313969886 3.4499977801651727 
0.9609352518593908 1.0406534821568199 
0.4736514881818173 5.7847724421259 
0.407153597131271 8.215488673563243 
0.5876650553256559 3.0372546261113444 
0.6537187185073079 1.7793370763916503 
0.6370166453026972 1.9959515768247942 
0.496740295141493 5.168082017618235 
0.6920285268886461 1.4450315878177404 
0.935586959434999 1.0688490971525433 
0.913084904455205 1.0951948786472419 
0.9435315736550138 1.0598479456561707 
0.5547069320096721 3.641075678085987 
0.45316806540808097 6.447896947884983 
0.7384212314029506 1.3542447569189386 
0.394433547806947 8.801780146254861 
0.4044249635426769 8.359272215076183 
0.8698926930429978 1.149590264786646 
0.5487165432862177 3.7665918287741493 
0.4845212661321797 5.4806127035069805 
0.49727579991422716 5.08207097100383 
0.9762934230850183 1.0242828769094903 
0.523310601566061 4.468502433019619 
0.9104276714305543 1.0988546982578231 
0.8671729654783691 1.1531957419586014 
0.4214220654589006 7.6136706524312485 
0.9521213154913962 1.0502863277290388 
0.6624215347633853 1.5822325975340195 
0.4182800782139333 7.756088967665344 
0.7354886862888017 1.359640223577533 
0.4488758014233837 6.754087668388134 
0.9768773075675256 1.0236704640422014 
0.5487165432862177 3.7665918287741493 
0.4049727172524585 8.299999685323623 
0.46559257477641924 6.038233666470442 
0.394433547806947 8.801780146254861 
