1.0 1.0 
0.38925904842230347 8.983182206179277 
1.0 1.0 
0.38925904842230347 8.983182206179277 
0.6444505647787263 1.870229405811305 
0.8936217406557114 1.119046190216616 
0.49821364504325183 5.05134608261467 
0.5078426030099641 4.841326245092836 
0.6033229194150933 2.633685124559871 
0.5450757943857919 3.860977907056346 
0.7634521652351441 1.3098400161677985 
0.48799923393121397 5.359346822186037 
0.7781965665400028 1.2850224941254509 
0.4599881485771996 6.251735644889062 
0.49661884600580336 5.310083039180998 
0.7153441107974047 1.4044977885460395 
0.7321471396872852 1.366010975484855 
0.42653161276294715 7.421440681186669 
0.7029504552400809 1.4225753645733725 
0.8685119266989693 1.1513946663291277 
0.5520558540070339 3.72998800735754 
0.6606626832760953 1.6087813578946726 
0.4160720490015137 7.903105185633024 
0.7955290014769809 1.2570252935453545 
0.5881987463018605 2.962304764032884 
0.5295783381318344 4.287056153622375 
0.4052098434268913 8.453510563493982 
0.6869179757788889 1.455777888191508 
0.973181576636823 1.0275574716670788 
0.39268766149861684 8.843891429013643 
0.9951576178181035 1.0048659449470059 
0.46891980003026995 6.054210293726307 
0.6679660281842689 1.5289335125715084 
0.40636222151388396 8.257780685782874 
0.4568069816356374 6.366723940421236 
0.5344003443029343 4.113753386092019 
0.4372242818094044 7.015291188280965 
0.41245678646847866 8.029342506961802 
0.5241415123444887 4.3653546794702 
0.47295393828929155 5.863566976548428 
0.44092381858080903 6.881322407646075 
0.40017042847143774 8.559967074342326 
0.5218230383726601 4.526867778272 
0.4190693407790493 7.712278689950458 
0.5745991225477021 3.183711270242764 
0.677720332585813 1.475536092307145 
0.4083193523531177 8.144385604902837 
0.6309997581184862 2.0961592812409138 
0.6118261976059437 2.5099056385321346 
0.4523344696839939 6.499641699801517 
0.5156786542696035 4.580806048128933 
0.48093550934402635 5.577365719385985 
0.4320673237260151 7.212402424884962 
0.591781788522623 2.829545747728021 
0.4314780684285437 7.230569349507394 
0.7440770013910267 1.3439472365654075 
0.4458270134249122 6.709517216320951 
0.6309997581184862 2.0961592812409138 
0.562635420229043 3.4916619540601928 
0.6276558110053014 2.2271720091033815 
0.9343076513351437 1.0703112606334477 
0.48093550934402635 5.577365719385985 
0.6222694536493846 2.250762223604328 
0.8283663277766852 1.2071960328307865 
0.4458270134249122 6.709517216320951 
0.6534589679688552 1.7454734736979833 
0.9252938824746115 1.0807377246892858 
0.9128794285505973 1.095437798181638 
0.569815101129081 3.339340122279239 
0.9532279504516489 1.049067014375932 
0.5645498971908428 3.439139974341612 
0.4691977819940007 6.010997433659145 
0.591781788522623 2.829545747728021 
0.8550633066447402 1.1705111185429609 
0.6075861699400396 2.5274209637200586 
0.3958762065574085 8.690334836675484 
0.8381269492043025 1.193136869554692 
0.6534589679688552 1.7454734736979833 
0.5742721434606955 3.3134228277453865 
0.6188997078771603 2.37605310752766 
0.5815012738222083 3.086137245076352 
0.9664815062434591 1.0346809472317133 
0.5369648642744326 4.037878474687288 
0.8077521900819888 1.2380034576495336 
0.4220314630643467 7.658148335753516 
0.9441439141155501 1.059160572417085 
0.47529182671589243 5.749789169459765 
0.8653795722587884 1.1695514291105855 
0.4248113623043826 7.577490905704032 
0.5570746036714931 3.6104235156816133 
0.45236027370229015 6.499270940291694 
0.7440770013910267 1.3439472365654075 
0.47529182671589243 5.749789169459765 
0.39669571317230046 8.6723820667115 
0.5124689501514408 4.697266243876131 
0.5815012738222083 3.086137245076352 
0.8193762033970504 1.2204422462059976 
0.5570746036714931 3.6104235156816133 
0.44044971156772406 6.977775684753192 
0.5369648642744326 4.037878474687288 
