0.38928899639699804 8.98167049320508 
1.0 1.0 
0.38928899639699804 8.98167049320508 
1.0 1.0 
0.9415833012092651 1.0625406066946437 
0.5289108092091751 4.25533316134257 
0.5890684425300916 2.8935922161133547 
0.9662811593928118 1.0348955037450942 
0.4077472088222221 8.24929718995539 
0.6327741272536671 2.073722998719108 
0.5987576365935308 2.6986983762065444 
0.5833685567878869 3.072899257614084 
0.41393097591648687 7.93594446766746 
0.6442193925811271 1.8915625254371868 
0.42800828453488127 7.45763194620264 
0.6311930843122495 2.2101814945615335 
0.395354544766751 8.716242868831408 
0.7789228506710568 1.2838241927791556 
0.6191142350998101 2.307814529150251 
0.866103009577265 1.154597084740065 
0.5011321638174222 4.9760322662719565 
0.669449619193069 1.5284100336293012 
0.5074776585436706 4.832361625002955 
0.4502700475710688 6.562493492798699 
0.7117444371121507 1.4057899245029097 
0.8773288772658023 1.139823418986635 
0.516299994906278 4.6120086482541085 
0.9782545628410557 1.0222288586445054 
0.5197150011559908 4.474048138917554 
0.481833004217412 5.581688717817713 
0.797271132253871 1.2544994088938164 
0.4202061930432992 7.724021444094014 
0.4622014518703478 6.150459864021774 
0.6784702467029017 1.4739039918524173 
0.4681098434748212 5.957387806613697 
0.3930842514950102 8.886351247091108 
0.8987491678954757 1.112659730955928 
0.5623518352444828 3.516701212358132 
0.5433938475259282 4.002220088397984 
0.6631741298109928 1.6686487851619802 
0.5270597684274813 4.39685121690372 
0.511154116050324 4.723639069038706 
0.9157612553092258 1.0919879306554439 
0.5555126257629643 3.6173219922233186 
0.4040344611690429 8.32544054682688 
0.6999781739141401 1.4286159729927588 
0.68995017891107 1.4493800140582818 
0.4402364513623637 6.900786663115781 
0.4584298263570231 6.299554443000505 
0.7694795639628903 1.2995796728561853 
0.476480946404008 5.710580342288678 
0.891732102080691 1.1214536758683702 
0.7579330112993212 1.3193778627988684 
0.3991147691613394 8.55639087845182 
0.40193573652861553 8.502100931214537 
0.4335880547490606 7.2118438821219595 
0.5715995676589442 3.3632071529825067 
0.6104225759494726 2.567873870928652 
0.6035736566337329 2.6022515426219166 
0.5772002883243502 3.20490168724481 
0.9229910122400314 1.0834343420425097 
0.44395046204251243 6.789818296424042 
0.8275275732383317 1.2100789992568397 
0.565170796107564 3.4014633590982544 
0.5433938475259282 4.002220088397984 
0.5449602007497011 3.8501071703870715 
0.42261420540994543 7.61087824451177 
0.5547788090342799 3.750340430898061 
0.7248508372536694 1.379676219045182 
0.48825142929307797 5.372566939018615 
0.4919097896341581 5.2643567802787095 
0.7433810393484747 1.345352096952535 
0.6558142814553379 1.6900082917369785 
0.43697644431149163 7.088040918420968 
0.5732743030855173 3.2208425131290275 
0.6547763091325268 1.8012278180208086 
0.6512004569436769 1.8608493202189667 
0.5491990388201006 3.8059554852331927 
0.6125905173528541 2.4336674310049067 
0.8495171469494806 1.1776441162742386 
0.425342858181295 7.51934117007702 
0.9916959031470566 1.0083736463859037 
0.41659526138912867 7.885191078187235 
0.8165500114393449 1.2246648530093547 
0.4514510503697115 6.505988936732273 
0.4971140960201949 5.098035437192101 
0.8030749844366223 1.2452137342979739 
0.749313120039519 1.3365970432131165 
0.614863929285359 2.3990250421553725 
0.7248508372536694 1.379676219045182 
0.8449547905845223 1.1851210843942928 
0.4592321785822018 6.288548111648507 
0.4335880547490606 7.2118438821219595 
0.8121310681718524 1.2313324760504218 
0.44395046204251243 6.789818296424042 
0.4971140960201949 5.098035437192101 
0.4750825234525818 5.801154219983909 
0.4750825234525818 5.801154219983909 
0.484724451022429 5.462612082247144 
0.49148757742538896 5.28496282923505 
