1.0 1.0 
0.3893996866670209 8.977175251915714 
0.3893996866670209 8.977175251915714 
1.0 1.0 
0.44312733728639575 6.808250856303069 
0.39452188302739993 8.771921495790655 
0.5234185796207133 4.397316802226745 
0.39878659155304563 8.579318593539172 
0.5610383380438975 3.5794703827047467 
0.5179455861549145 4.611900864622058 
0.45504024085272343 6.396555403218689 
0.6716052565912848 1.488975938534929 
0.5991575467188809 2.7062177440856363 
0.4607694717200836 6.297187192224552 
0.5094811669483424 4.89255422331595 
0.42767726752883994 7.5012885575300645 
0.4304304805129669 7.295607437509377 
0.5309464348623798 4.270671157890723 
0.48437880384877796 5.461119048293893 
0.7527072418643621 1.3285377692453129 
0.9756898945407853 1.024915835153257 
0.8899014740392499 1.123719905149743 
0.4336352051983565 7.147120358819324 
0.873104820567234 1.1527474283726513 
0.7846252000138728 1.2744938720753443 
0.49669854148409687 5.146646208535091 
0.4025289199767541 8.392454203056609 
0.9259686801569392 1.0799502967092514 
0.4213641251103366 7.614852412512441 
0.6613037012115117 1.5852930320570238 
0.4687843412551596 5.935589527801477 
0.7993736080954088 1.2509884930877528 
0.9084299413450664 1.1008003574733893 
0.5825371607614024 3.0186643628462395 
0.7345913776504213 1.3613108128275373 
0.686790771743502 1.4560475200640552 
0.4102858935926976 8.074404218840428 
0.41381126105703026 7.919673888587922 
0.47866298966774756 5.676459639500952 
0.9601683252536165 1.041484059266045 
0.5787164603394795 3.1179947253504796 
0.8217261919273431 1.2169533520477274 
0.9896820849726162 1.0116891502976888 
0.7160891357633211 1.3964742773700987 
0.5517736578021691 3.688140851558991 
0.6181040288290005 2.3861767856411937 
0.8095035328999852 1.235326632837028 
0.8331911766848634 1.202172568718673 
0.534865545291717 4.116241866618603 
0.6086839773837813 2.542752427451118 
0.8624207587555277 1.1595268456492345 
0.5458516415708154 3.8436572659102324 
0.4488654759720687 6.612490707617936 
0.48342121867047744 5.605229230535485 
0.6068537432316863 2.5568441375995112 
0.5902574839896945 2.911684231432055 
0.4488654759720687 6.612490707617936 
0.4909250796102749 5.275307270783239 
0.5108212632537932 4.713029788725345 
0.4066581544596365 8.307236653841787 
0.43902875855579626 7.005099648698256 
0.9007857115479351 1.110967859763229 
0.4997457459230993 5.010085044876988 
0.4756410754825793 5.850023410884646 
0.8508688961598537 1.1752693950417388 
0.9345794258106861 1.0728481620966528 
0.8442032274980416 1.1845517454146297 
0.4197444411163674 7.764530385889334 
0.6224043188392646 2.2503205488774594 
0.567255060309353 3.407186105625138 
0.6269881618845369 2.1983703268675923 
0.655574537821371 1.6868767579265445 
0.5379752967535453 4.042917701162565 
0.567255060309353 3.407186105625138 
0.46692780305875153 6.101629400803385 
0.5729377033149582 3.2366305226870566 
0.5965046444688571 2.8785022083693597 
0.6947235950780253 1.4419475222651403 
0.94413439947308 1.059171245082178 
0.6353407363800974 2.1694692177893193 
0.5517145105880141 3.790196998605613 
0.41706140238596917 7.814481150044238 
0.7631517647004722 1.3103553549507698 
0.951205216320287 1.0512978733176142 
0.46692780305875153 6.101629400803385 
0.4910220633918233 5.273492208735394 
0.6353812918166415 2.069396100254617 
0.6493113531158908 1.844154619906685 
0.43902875855579626 7.005099648698256 
0.7026249623770658 1.423234385549316 
0.7732958329216817 1.2931661563748251 
0.7247600028846749 1.3797670960542305 
0.5729377033149582 3.2366305226870566 
0.6212623359524458 2.375693944816293 
0.6513386068063687 1.8397751307686998 
0.6575558407400458 1.6720130764169447 
0.4092595931845368 8.20890245123148 
0.6431370446048007 1.9330995120628416 
0.5416123874084293 3.956592643068441 
0.4997457459230993 5.010085044876988 
