1.0 1.0 
0.3894116149836544 8.977778049090032 
0.3894116149836544 8.977778049090032 
1.0 1.0 
0.5087339370562186 4.792717137977503 
0.6153216728743931 2.3847946026681015 
0.4023021380978904 8.463237873534231 
0.6285251083687885 2.1504259578619904 
0.42411218477570733 7.5072470473383435 
0.5534709537055239 3.670188007656586 
0.4497345228490648 6.632639790705459 
0.5695315656861955 3.291297632186985 
0.5490471711546695 3.7498243714598902 
0.4854475075525562 5.431496249381519 
0.6067542507379606 2.5570662911003517 
0.4817768570646134 5.531232111976721 
0.6253244926134977 2.3284861789949067 
0.4167086001604496 7.800868865730412 
0.5012550052201822 5.003409011791052 
0.4318842239138489 7.2257681631363075 
0.44443160337786713 6.844898684265356 
0.6666845532387391 1.4999637755877442 
0.4200018738270879 7.746802875917568 
0.8627989204667496 1.1590186216164706 
0.4275555722206085 7.396537688400657 
0.4052249904844272 8.298156895935879 
0.9663857800214027 1.0371928419272238 
0.6816281684261563 1.4673497693674438 
0.44041666884544317 6.907298275476207 
0.39863336637396884 8.674458625825233 
0.5146908687990347 4.626756155615169 
0.5640495054125764 3.497911176040516 
0.45859823965381663 6.413776820445637 
0.5215223262619005 4.435884785844809 
0.7736972218176905 1.2924952879794533 
0.47435251448183685 5.772522573556547 
0.8260928458968904 1.218263534210792 
0.7598376438525105 1.318500988770517 
0.4098137827282898 8.179120995030962 
0.4762138783533333 5.7204125292385175 
0.9527892087036296 1.049630378827687 
0.9425814416710284 1.0632500409983054 
0.45234057640405384 6.502504778084424 
0.5270018740991698 4.328256972625604 
0.5798708992563417 3.217592805388108 
0.5416855193601197 3.9552943614604854 
0.5301020258539837 4.220077004901388 
0.7336704926704349 1.3643604665191649 
0.902190954617113 1.1087093082720167 
0.812229964769968 1.2315185253349128 
0.6598935302661936 1.6654827521098021 
0.58038930866624 3.1096891754925555 
0.8357916569289894 1.1964707348771388 
0.5972734261387381 2.8193717790628923 
0.7831760557521465 1.2768647588833717 
0.651107380245199 1.7537609960931229 
0.5198195111708612 4.581107661947917 
0.5648212058622376 3.4647066728690357 
0.591053972123473 2.8490390412061792 
0.9291420160625569 1.0762617368631324 
0.7132427030758449 1.4049993517486377 
0.691253597788853 1.4466510033602278 
0.6486574340210374 1.7998872321795039 
0.49528320527766945 5.140280485016935 
0.6652807964592159 1.6476589350494026 
0.9858068910276364 1.0152637598671979 
0.41111486337836683 8.034654800473712 
0.8508555430759892 1.175287651385777 
0.4671852988240469 6.128022532240925 
0.46824927385048604 5.962041249809251 
0.5998053525781724 2.677774028390897 
0.7263092613765059 1.3770233993452246 
0.8896398311438649 1.1243148406778316 
0.392518328778853 8.906720508918314 
0.5412563768311682 3.958279320637215 
0.5842515309598547 2.9855309240078713 
0.4349715893779077 7.095091398805834 
0.5871781821713452 2.9650557560515924 
0.9794276478652749 1.021660373101799 
0.49372139740316 5.2541175107988884 
0.4625030646694328 6.13573221714613 
0.8454729181166144 1.1828624170704736 
0.41111486337836683 8.034654800473712 
0.5005665242755171 5.0860264743635835 
0.6025256022718265 2.6441330197175454 
0.8776645050884222 1.1394765695694737 
0.46824927385048604 5.962041249809251 
0.4349715893779077 7.095091398805834 
0.7173524877510001 1.3940148238012053 
0.39387705555910946 8.796363067601702 
0.49372139740316 5.2541175107988884 
0.6994049018835714 1.4297869504809888 
0.9104828164847545 1.0983183696843297 
0.923214443431134 1.0849669931767416 
0.7506902145913539 1.3334275526637578 
0.6365506338917855 2.008568401655142 
0.39507144112781234 8.74182230805811 
0.6425445050032055 1.9055954343632122 
0.8000299317165775 1.2512022200151662 
0.6425445050032055 1.9055954343632122 
