1.0 1.0 
0.38913813263690394 8.98854737207225 
0.38913813263690394 8.98854737207225 
1.0 1.0 
0.4006712984903517 8.48622140197027 
0.5433124749053961 3.888303292854549 
0.4588624737665143 6.27419761599142 
0.5335831338248627 4.125846357896544 
0.5509150314685266 3.7257695814486897 
0.6068153156156115 2.618585415996364 
0.4069975045346458 8.2184527847501 
0.47133279767555303 5.862508989474057 
0.5895473741009445 2.8904579853379055 
0.44411382820846124 7.049098918910246 
0.4547586258297658 6.446235214767448 
0.4173523846847158 7.875340580825613 
0.5110421417092591 4.697629320955643 
0.5585208129886847 3.5441357891283283 
0.49647074353069215 5.104056797445831 
0.4664445871453218 6.016840956025418 
0.7757621475298636 1.2890549166919465 
0.5192546774450608 4.4922581315288195 
0.9697311253272378 1.0312138615207314 
0.8695491854207881 1.150021214697543 
0.7873621998457432 1.2700635111562322 
0.9114929404397978 1.097101397080533 
0.47861178813058997 5.640486477395878 
0.43557937327882973 7.109197067912225 
0.4255761308677778 7.4562143583840905 
0.5277791695924414 4.395936568731089 
0.7593833560383116 1.3170644673410101 
0.5672470568474635 3.3405765335631 
0.530156546531107 4.279892222958028 
0.5987301610493458 2.758297583103747 
0.6340657084715589 2.131746974217668 
0.7400517140448614 1.3512569301701889 
0.6493936559517381 1.9341422740187824 
0.39187374520706447 8.925799654269591 
0.4122658260139177 7.979665630539491 
0.8871567513970647 1.1271965170349398 
0.48605260002813944 5.438253973498435 
0.5632089512703655 3.467232918394905 
0.5146649145277136 4.63335562829537 
0.6227730048260288 2.2623666739489607 
0.5043181304386211 4.91751333818521 
0.4102347448689157 8.104938252518686 
0.5865671981129562 3.051786221175456 
0.6172028109755889 2.3895932331747916 
0.4800254464484838 5.598565238727047 
0.8363090216358467 1.1957302566528984 
0.8590983837863561 1.1640111741478834 
0.4441693767856283 6.7735866775110045 
0.9184516326736873 1.088788962246252 
0.504275285991153 4.917931142007337 
0.39541176543700884 8.70750136780384 
0.7517852832421953 1.33016703344782 
0.8221354384727465 1.2163445987168082 
0.6269022256886766 2.2073243436919205 
0.4205813562144021 7.662495821395144 
0.7292763191822256 1.3712223905983392 
0.7038202054664127 1.4208174312560116 
0.6691380935754184 1.494459828434248 
0.39541176543700884 8.70750136780384 
0.7157640455042499 1.397108455565386 
0.8018356302513966 1.247138450735762 
0.6557068492077353 1.6852502840928756 
0.4919284866608351 5.288135644903757 
0.6172028109755889 2.3895932331747916 
0.891953707332035 1.1211344173866467 
0.6664941473696488 1.6123720290613588 
0.9876645170713989 1.0124895475289302 
0.5732665274209606 3.2521958261681 
0.5805757733454824 3.0804043941423096 
0.4205813562144021 7.662495821395144 
0.6368326898736923 2.000841652659375 
0.6005393555208874 2.6909615766603006 
0.43278946991705664 7.27627093051028 
0.49550740326391474 5.217257776967854 
0.8089433811723739 1.2361804587000074 
0.6502322004455706 1.7683095412511045 
0.45024522506630216 6.682180300103027 
0.42721727868699394 7.391229739013811 
0.640583937497108 1.9698264432517145 
0.48989038786090994 5.408182590777184 
0.4702920998865302 6.009966830222098 
0.6827797852516633 1.4646010642548208 
0.6592024729018447 1.6200907373272226 
0.9437887180491733 1.0595598872700358 
0.6766744719580028 1.477815469936405 
0.8287072879793305 1.2131764080763923 
0.9590346894330979 1.042715152142345 
0.7215399913430558 1.3859245673906797 
0.9319538788801599 1.0730144729730244 
0.4313912722516154 7.299854312193124 
0.5732665274209606 3.2521958261681 
0.45123162319001353 6.614262869156389 
0.6910730363849031 1.4478955026368434 
0.9553419740633785 1.0467455939873507 
0.9879303244499067 1.012217572029291 
0.44474666956010195 6.764794385372952 
