1.0 1.0 
0.3889074842070046 8.999733944555684 
1.0 1.0 
0.3889074842070046 8.999733944555684 
0.7891648298865709 1.2671625034271954 
0.41756553382832134 7.804283477658656 
0.7622471788475184 1.3119283735992369 
0.6384264413770528 1.968906166738115 
0.5318004236581036 4.37395988275241 
0.3957841950258604 8.855454982979783 
0.4505245731034339 6.578230509530378 
0.5426197711620724 3.909303690978894 
0.5623328992481175 3.510557702196941 
0.963052416178108 1.0420245040528016 
0.40802507194620996 8.158726766770451 
0.9193600710501777 1.0877131077261188 
0.4619649110575201 6.1728671078168365 
0.6335439931048374 2.0583287466890683 
0.6577172380359513 1.6461711595083084 
0.44546020768857775 6.717433485678824 
0.7262297682189228 1.3771061401549904 
0.5187909316665218 4.59381044663469 
0.9819581224865279 1.018373367560509 
0.5209946505872082 4.466674697416613 
0.39708469438952576 8.646583670987875 
0.5324136571263498 4.152610134604754 
0.49033723905758697 5.400627481051745 
0.5376263497750666 4.0635212541338355 
0.5502012829010978 3.7710701037527112 
0.935580000596348 1.0688556824243678 
0.42439419013160923 7.598709201382791 
0.4282721467239036 7.359577660605895 
0.5017743826287061 5.021705400280074 
0.51034310524524 4.722305414796724 
0.6141285604348327 2.410374102443308 
0.6078058377608772 2.5769993373745352 
0.7039613674006087 1.4205325737878218 
0.49534316590094524 5.199788141894993 
0.9056677349686993 1.104157702010877 
0.7461135535001843 1.3402785612316075 
0.6515647439985819 1.82575282227155 
0.4552583708759549 6.386398811125048 
0.4831821617943513 5.494820491056137 
0.8272836487630059 1.2196498184346596 
0.5079074404177827 4.7968409704339905 
0.5986524859874244 2.7081067873313884 
0.4059213541758436 8.331071135070683 
0.5043002067035202 4.963404733177251 
0.6261533453748988 2.2128551387863675 
0.45675350148893085 6.335664732346342 
0.8075663972355195 1.2385760959151035 
0.4716944425057678 5.982715739837639 
0.5542440881996719 3.6601033134850263 
0.8752665685972967 1.1425090826184723 
0.5970241070429783 2.8392759783269796 
0.5800781682263665 3.075688490198265 
0.5901625708924407 2.872286873506562 
0.49229340155217016 5.232000900478259 
0.4781285202882053 5.649550870774697 
0.6519864850396065 1.8207884012995337 
0.43381211524036944 7.23279967877163 
0.4367470755332559 7.041161240122921 
0.6811498358988156 1.468107067542141 
0.5730512279299201 3.224189926857065 
0.9907339293285895 1.0093528291284775 
0.6032567629922188 2.6095902438066507 
0.6930578861951476 1.4430186754934529 
0.9503745184575971 1.0522167635796278 
0.7987567911048117 1.2522826179290094 
0.47442424776691017 5.816641311904258 
0.5738898083173807 3.1987263647748536 
0.4029634086684708 8.403580374150701 
0.8349359176497787 1.197972993233724 
0.413975268575435 7.970545286904796 
0.7320644589383227 1.3661313317693184 
0.6629620551446813 1.5605105561401889 
0.6706701860842551 1.4910459326056174 
0.5872741291946544 2.983526620157882 
0.46717578441145 6.048519197135253 
0.6181694326083117 2.370765153406669 
0.5677394745023261 3.372897229154893 
0.44232825024916367 6.871212184093959 
0.4258473054325352 7.520330270441318 
0.48052457260039694 5.595808285649109 
0.47499532113116083 5.784073513635696 
0.8460802587730611 1.1819209699993105 
0.6212295922159872 2.274028267135858 
0.9453541486659549 1.0578046348145391 
0.8628509999002827 1.158948648447868 
0.43244209322525323 7.2444292533022105 
0.40089318405134916 8.535099507965949 
0.8610476409337453 1.161376256951286 
0.4367470755332559 7.041161240122921 
0.41327599593947345 7.984031635658623 
0.6873780121942408 1.4548036555146835 
0.8857254256245843 1.1290183750091534 
0.8960839610856817 1.1159668553114255 
0.8497223788113395 1.1769637685462477 
0.7037894438445657 1.42087984415958 
0.5528023959663271 3.6696487542406997 
