1.0 1.0000000000000002 
0.3890155544275802 8.995099013261884 
0.3890155544275802 8.995099013261884 
1.0 1.0000000000000002 
0.471788193755659 5.849232197176877 
0.3953662184599273 8.721421356918865 
0.4886992407114389 5.338773659961374 
0.6100339649176638 2.5101559951230596 
0.6654806337944725 1.5459841211850032 
0.5137716968683734 4.630282677027553 
0.7621166367956848 1.312135113867705 
0.4489865429574925 6.609276985223727 
0.48102153491827154 5.558557949568603 
0.40695605971286103 8.226389353451301 
0.526285548387311 4.302815064834173 
0.655487174076368 1.7487799490727816 
0.5970464812353039 2.7260948368874396 
0.5695355049413917 3.2976680140506995 
0.44340417169917024 6.8491067030064015 
0.6084436820669926 2.69614188259919 
0.5636555520631376 3.468599826255972 
0.776659904612259 1.2875890447544047 
0.4418153423025222 6.906677530546022 
0.45720930515823066 6.550080106037476 
0.49386093258805047 5.176610182911588 
0.5857895537174305 2.9866501934891407 
0.39256465502808074 8.912923363702582 
0.5006684990981214 4.986742659115208 
0.42717223377195307 7.604309944317995 
0.4622710190752442 6.156746816250592 
0.4329533300689944 7.215979894196054 
0.8065785164451069 1.2398049045990616 
0.4029584714280577 8.372558166957436 
0.4162290690893561 7.829864939751808 
0.7442448187489044 1.3436438863140565 
0.5234435766387797 4.4406209678852315 
0.48186738999617734 5.54168899767479 
0.5213480496818963 4.562994317151826 
0.45763242376359653 6.360539242428081 
0.9042413181060067 1.1059325249218062 
0.6367655732926804 2.0567066418424287 
0.46658202968843593 6.017995632352915 
0.685996888915305 1.4580912303665368 
0.8652561661442635 1.1557624334824905 
0.41300843182298386 7.963295766254191 
0.6505407662534461 1.7620768541545033 
0.5060509490649389 4.850613556352938 
0.5449409952461611 3.8586075693261157 
0.9293977547955405 1.0759727209913075 
0.7230942655861533 1.3829455556522283 
0.6461980223099348 1.918173301928535 
0.9176916921222993 1.089710355618861 
0.5000113744717128 5.125333504830821 
0.4282703677526643 7.360685931420562 
0.9574718819519927 1.0444213270194362 
0.5745673908449448 3.21084656132409 
0.6195716802116271 2.324843261692323 
0.6195716802116271 2.324843261692323 
0.40083497843027405 8.483186490674724 
0.46138102718342355 6.290528998255459 
0.5583492721070671 3.679913832914007 
0.539495139650317 4.023620041779567 
0.427466462843101 7.422781422138197 
0.6336045435773763 2.0669674754750607 
0.881343518196401 1.1346322561317117 
0.5514030445574076 3.7027796512883384 
0.5799325153546476 3.084314810211605 
0.9709525051162164 1.0300081414405213 
0.8388298515891484 1.1921369835409836 
0.5488709449239595 3.8078440921799324 
0.6264606953206795 2.178492512564293 
0.5339926042212612 4.1616938845165565 
0.8228447538907661 1.2152961820606247 
0.9438070686882242 1.0596000786059003 
0.9859595992421408 1.0142577864142606 
0.5060509490649389 4.850613556352938 
0.4686498450181724 5.940513594799219 
0.5422943630893098 4.010416119521211 
0.8229370582556269 1.215161301954255 
0.435088931260248 7.109485621462251 
0.6995892764432304 1.4294866786609906 
0.852779767464959 1.172635803502635 
0.5902643674902049 2.8591516857104495 
0.5339926042212612 4.1616938845165565 
0.9831826757445992 1.0171049956853009 
0.42035860069159714 7.675778548813484 
0.41986800403336866 7.7208339684211085 
0.5588239146717042 3.53679130398215 
0.6264606953206795 2.178492512564293 
0.7996280281995524 1.2505851619194994 
0.6461980223099348 1.918173301928535 
0.435088931260248 7.109485621462251 
0.673527745877037 1.4847199615740612 
0.946114676742079 1.0569859115970748 
0.8957401747971887 1.1163991827649462 
0.4111687753078835 8.058717491383684 
0.5902643674902049 2.8591516857104495 
0.9657205292477682 1.035500461309478 
0.845484347196544 1.1827544597367212 
0.8907942097413216 1.1226079462618825 
