1.0 1.0 
0.3893781177200948 8.99690656184334 
0.3893781177200948 8.99690656184334 
1.0 1.0 
0.40808898218337203 8.15435963672119 
0.42612304079882596 7.5666490896859235 
0.6417466020149324 1.930312135233758 
0.4411619602905489 6.9995790112619405 
0.41937709268211953 7.754409498404776 
0.5408731310064722 3.948540003584243 
0.5364820766476373 4.180231377904259 
0.5587283724763962 3.5388315493301725 
0.7407357464124339 1.3500241787827407 
0.43423500122458886 7.126367429078045 
0.7263284307504316 1.3767876316872452 
0.40469571275647936 8.358554873681696 
0.5897417167467955 2.8776242612056633 
0.4478294366871452 6.631438226418289 
0.8317585620739283 1.202486257534314 
0.5682822396058896 3.352619944600438 
0.6659030520020166 1.704089455776435 
0.4554452118024566 6.520549933129158 
0.4007911292718028 8.475110209270769 
0.6663008480574109 1.5074073910329304 
0.5165507325983437 4.579748374656594 
0.6044608596485104 2.606360808641781 
0.889367940494766 1.1245523124525625 
0.4711380035221014 5.86458997759503 
0.4148127567493718 7.926752292591626 
0.4869193087472663 5.425810590316095 
0.9600772322804187 1.0415828795252209 
0.5243617615289624 4.3556279939970235 
0.4907572313542417 5.27964424534479 
0.4292641971139191 7.3677482635615466 
0.5490587446546488 3.8896734009513314 
0.5239670324978322 4.514925999766455 
0.9386198643370239 1.0674208475562148 
0.5987432758017971 2.7000967715420408 
0.6178842264453042 2.3336193915637415 
0.45661020403268665 6.365046521340334 
0.5011613080850371 4.998333771579757 
0.5162321931215239 4.7767425103975825 
0.555511119236239 3.622989757173925 
0.803287102908305 1.2483933384753074 
0.6771663701055174 1.4767487196086364 
0.5051317286170747 4.925867862330353 
0.6102438357860706 2.4887209580550924 
0.7692009543709399 1.3000508366710015 
0.5959389759494057 2.8124189496012795 
0.5105172455979894 4.812988539516331 
0.7756669239471514 1.2893682411515828 
0.4680096422965769 5.973042258006607 
0.4801401603938187 5.584171361227898 
0.6861357690477444 1.458286770746922 
0.46105702473060584 6.280684117395014 
0.9886180826513455 1.0115129568722125 
0.8542653368234112 1.170596857021273 
0.9766708484375712 1.0342006997036588 
0.9184978718968146 1.08873415132703 
0.7127692727615623 1.4029785497149485 
0.49802083345983233 5.145444847017337 
0.6263319678840642 2.201837964214653 
0.5699305197373309 3.295858174541096 
0.6322930803984825 2.077289058411094 
0.4656751766032784 6.085180887778781 
0.3937090666441579 8.784851986660216 
0.4627643033079341 6.161385165349477 
0.6165078541965981 2.4585366079531936 
0.4446245203670432 6.787314081403952 
0.8198695665087754 1.2197062220748687 
0.9060573047735242 1.1036829617070212 
0.5816949046808573 3.035185264702967 
0.5816949046808573 3.035185264702967 
0.6240135394385906 2.2391717805221876 
0.9010220706699626 1.11004854713127 
0.4152529429656529 7.897975528307572 
0.4944176645225021 5.18294331920365 
0.7079550016207082 1.4125191548772364 
0.7554196711373999 1.3239220759384436 
0.6366616055331724 2.0630355061553627 
0.5290847159908338 4.238676988213252 
0.8471787365081508 1.1804025147904131 
0.3894159302032193 8.99603295768091 
0.5505635495021978 3.7431594542893167 
0.7890580023662742 1.2673540133698713 
0.6533374523243045 1.7215796818973765 
0.5751491920670363 3.17512118571479 
0.3971557546120572 8.637028297415137 
0.7554196711373999 1.3239220759384436 
0.5751491920670363 3.17512118571479 
0.4756576370584801 5.7170966111078485 
0.7900476215053273 1.266428577340325 
0.3937090666441579 8.784851986660216 
0.4446245203670432 6.787314081403952 
0.431094154346037 7.298666787451546 
0.3971557546120572 8.637028297415137 
0.4756576370584801 5.7170966111078485 
0.6527393288158884 1.7677408922953832 
0.8758803790337725 1.1418457604364651 
0.9286284706983174 1.0768569535241905 
