1.0 1.0 
0.3890379366267831 8.996645883608192 
0.3890379366267831 8.996645883608192 
1.0 1.0 
0.7540563903217252 1.3261626448418722 
0.6049051383938147 2.6058419617462243 
0.5278501523522369 4.294038776622577 
0.783346237364709 1.2766768299677052 
0.6474208938242348 1.8124920326764173 
0.6331349813092527 2.103539863679469 
0.5017466793652114 4.955754990924893 
0.4909704952054531 5.2724630940099235 
0.4972359476255552 5.212544930182777 
0.5371287903563359 4.056174801331664 
0.517892705239887 4.562491398236031 
0.42945627134412817 7.348307071364115 
0.4001392424766447 8.593646729420971 
0.549889330034984 3.7363319120285574 
0.5118297269795513 4.691228254721889 
0.4107670204232289 8.14654415475922 
0.613077825425123 2.418145847544002 
0.5244216920436904 4.4173967641175675 
0.6668674561867914 1.4996764370599032 
0.5642230413483909 3.4163929542971947 
0.5718682171497874 3.31378272990101 
0.43328061550884883 7.169527201025509 
0.5804854037833326 3.0594600838232355 
0.47690283087122787 5.699183919390318 
0.5759857497435689 3.178034359215788 
0.450055758264489 6.626371055600883 
0.8092415099635419 1.2370593054223349 
0.5902368931198505 2.983171384428075 
0.44560488055157077 6.841603738115661 
0.43693680115026096 7.059119348131492 
0.7083434823270729 1.4117444819706833 
0.9576634225908678 1.044208204411562 
0.6274310248756017 2.2528259745703534 
0.4231198829974728 7.6581566899746285 
0.41845845726123737 7.74772417353454 
0.9104867175597255 1.098315171987396 
0.39584105033058986 8.695606539534484 
0.45990781980152706 6.353276188047141 
0.6738875281650898 1.4855294071997946 
0.8509532427570221 1.1751527717800405 
0.6598003197764063 1.6992994613754493 
0.4133838301373006 7.945133820559978 
0.4088221904852795 8.289226406062904 
0.5576152778642085 3.5567009610373703 
0.7236685308345083 1.3971511310138045 
0.46207345620879825 6.1782090513337735 
0.840356511747614 1.193218944310884 
0.5916285167774508 2.843233916559993 
0.47065914161625366 5.913887144758502 
0.9268188450287486 1.0789595191406098 
0.47986343645466345 5.665361033825892 
0.4513303244422381 6.54983180446118 
0.7297105203001841 1.378265558383581 
0.6583536750830609 1.7085541871121581 
0.9312067861206856 1.0738754487324642 
0.48343649022757795 5.490610131612906 
0.9900377878966752 1.0100628216239587 
0.46543769655459283 6.095096184911193 
0.48343649022757795 5.490610131612906 
0.41640956562313514 7.900792543001558 
0.6883808243229154 1.4590989891809727 
0.6397743851133448 1.942595622907774 
0.5477783675742648 3.8498530188018285 
0.5439126123019359 3.9092678509452106 
0.4705677609290699 5.915230574204183 
0.4403659650927835 6.910297417574613 
0.4053420854066671 8.391547094579254 
0.6213510918696035 2.2849660545706674 
0.6193579111409993 2.3928526229515557 
0.5074716882439467 4.843805221766312 
0.870188635069109 1.1491761250517756 
0.8843803685395639 1.1307351990794006 
0.8623862578941527 1.1595734740051884 
0.5399031800082158 3.9964152410618783 
0.7967232152160514 1.25514598513129 
0.42452054032818803 7.492907863420071 
0.8223011174532309 1.2237225018014675 
0.6997581818964124 1.4358821395672658 
0.5593897119824037 3.5454187879864634 
0.8297237676282004 1.2052203890414057 
0.8991053834752718 1.1122166753192344 
0.5965919089739663 2.762959051114694 
0.38958023680240184 8.984122448942447 
0.9461437908135822 1.0569218564125715 
0.6397743851133448 1.942595622907774 
0.9712810449731832 1.0295721577930157 
0.458533022435807 6.458647248523346 
0.3929195483890352 8.827251118932471 
0.7422948304796659 1.347173604013337 
0.5965919089739663 2.762959051114694 
0.5060900472135363 4.857028955515979 
0.8882589338784174 1.1257994011076589 
0.3929195483890352 8.827251118932471 
0.4053420854066671 8.391547094579254 
0.42452054032818803 7.492907863420071 
0.9038075561123696 1.1064302445800143 
