1.0 1.0 
0.38898369811487005 8.996652049310786 
0.38898369811487005 8.996652049310786 
1.0 1.0 
0.5272436285613789 4.279314703776434 
0.4735548520295333 5.788688238329781 
0.46869911931638486 5.992282030028406 
0.5453556462655416 3.837918485313532 
0.45205964183720165 6.493124846278347 
0.6247158722657773 2.2080502515305227 
0.5696877243476608 3.332046267768501 
0.5224437683967742 4.537490173473414 
0.6162943623784002 2.3709058255277733 
0.5008463002917565 5.07892648197437 
0.4861188885934007 5.416164275605218 
0.5934942853512042 2.8816997592532947 
0.3945327339337624 8.75477628822027 
0.6020630845237314 2.650948087684949 
0.8125956569189147 1.230624353254686 
0.46424545578181753 6.167538678844464 
0.42189214624024524 7.611206978740741 
0.5771310278574109 3.137389507951525 
0.634119356535964 2.1258528429926393 
0.5853898534132894 2.9661627103898502 
0.555474949365891 3.6538903493622255 
0.40883728778221096 8.304250322083453 
0.49592508087889453 5.129326255172561 
0.41252275511752456 8.016097940067777 
0.44774698262626333 6.7284931781814485 
0.432596526118487 7.281017216586522 
0.6488510008385521 1.8302638782367495 
0.7488784053139148 1.3353306273228955 
0.5155029528695984 4.589835673900366 
0.5979103459641655 2.709112140909922 
0.4366895108943335 7.054459667248418 
0.3972772869144262 8.63326895798714 
0.4101848554887042 8.067742062466927 
0.426665757239023 7.447493930333667 
0.7392553415933619 1.3527127149520342 
0.45952278677105346 6.385723271643576 
0.7266544126186858 1.3761815881780441 
0.5534134367902758 3.71452954645127 
0.3904747320518219 8.962586182520269 
0.6415870329712906 1.913800659332462 
0.6390712480809029 2.0131076678516884 
0.5066513198375683 4.822859091175801 
0.7175296643937674 1.3937844796930485 
0.9493656535015202 1.053401282055561 
0.403506660884402 8.357772838406829 
0.8364839728722449 1.1954801702539255 
0.6943099256920372 1.4403360874389346 
0.48072854058766085 5.599421892168863 
0.908158363128118 1.104219951142403 
0.47912752552569576 5.610086257561686 
0.9200238018179006 1.087754073617551 
0.43294116895789664 7.171285257049846 
0.4183877636818587 7.814257982752551 
0.5817635104240848 3.1071548039205963 
0.4457415962191149 6.769413466577575 
0.972401166189704 1.0283821534694007 
0.8630077926228541 1.1597226801766083 
0.5109657351344896 4.738075163373167 
0.762872419114266 1.310965327417793 
0.6533706475951635 1.715334413676265 
0.4183877636818587 7.814257982752551 
0.6871367743777886 1.4553143457112994 
0.9858024539343184 1.0144020764897053 
0.9361968491103486 1.0703432052393576 
0.6116149866784656 2.484207094627951 
0.8974773199563643 1.1142342861472345 
0.8505156852382734 1.1757586106209723 
0.7978427247337088 1.2533798626629957 
0.6116149866784656 2.484207094627951 
0.6734479906888193 1.495571126723886 
0.42449218270154 7.5088134990115165 
0.40237440457890256 8.515946946008118 
0.6783485146063655 1.4741685602966066 
0.8840222046614907 1.1311933056963421 
0.5639687926879162 3.4344556441470178 
0.5355995076903811 4.097297230122506 
0.4897756190887734 5.295926791898611 
0.5381719134029423 4.013976006696597 
0.8247696124307844 1.212459802826805 
0.6650544018106861 1.5273431749564883 
0.8470083988527298 1.1806258409140973 
0.4448692912696482 6.984976776350769 
0.4453360851934069 6.964685932488732 
0.4897756190887734 5.295926791898611 
0.6602360851015642 1.6542983640273556 
0.5633126366105403 3.466344296530058 
0.5355995076903811 4.097297230122506 
0.7658737519445393 1.305699176366175 
0.6641394327455483 1.5794087689307115 
0.8714836213597466 1.14822405907326 
0.7757859541896485 1.2890216662662062 
0.7063373098698811 1.4157661072701722 
0.9571678128739716 1.0447494152089358 
0.9277588311750313 1.0779342248582104 
0.5381719134029423 4.013976006696597 
0.7874622955700452 1.2710995616826348 
