0.3893257124536732 8.983816484771378 
1.0 1.0 
0.3893257124536732 8.983816484771378 
0.5412141086066127 3.958660884773468 
0.5326322572183131 4.218502404235306 
0.5257911816451203 4.403448060052817 
0.9140384683667415 1.0940458577017063 
0.5636927656561816 3.5816815642115003 
0.6491272956687808 1.8335772744337853 
0.6142276060683716 2.405023340076438 
0.6594947347134263 1.64696391444609 
0.3967093676051077 8.816607418679059 
0.4236291694169131 7.540522280599225 
0.8763485232340933 1.1463562192897176 
0.6679131617673616 1.4972006201434744 
0.71184872323784 1.4047928547794033 
0.858444524422169 1.1648979715376766 
0.7341549212442661 1.3621103272115613 
0.5544485346564245 3.7132932385663815 
0.49855529628454914 5.084582702796703 
0.47453263931793643 5.805873764099049 
0.41083104729338316 8.094382251319345 
0.6074128742072886 2.5340801366695773 
0.5659123623602336 3.3775799858450717 
0.43704770940789933 7.149927811873119 
0.8132940458868037 1.2295679078190893 
0.7828666590810679 1.2773567364017493 
0.8938400145977742 1.1187684472922637 
0.7718128430655464 1.2956508977708476 
0.4886547208940439 5.434462612044302 
0.9760565437011369 1.0245309448523054 
0.7583136722010055 1.3187155087123543 
0.6936705464598775 1.441606545215847 
0.8278419801990478 1.2079603141197526 
0.48257457764372963 5.683213551432829 
0.4585754269750807 6.277425188017425 
0.4088805083299673 8.186875286464932 
0.45202515522773723 6.500656181529953 
0.9905654916090441 1.0098774570997822 
0.6366385350983803 2.0038657454866606 
0.4683448570188728 5.983884393851876 
0.4293643584769357 7.352401187760312 
0.4037276606261637 8.430988683789925 
0.48262019854154303 5.559708142514351 
0.4201015237651031 7.6671428144694005 
0.5185157202456995 4.5680874636040665 
0.49673527378291776 5.24031130912753 
0.6548176303246208 1.7730623185701095 
0.40639145124822035 8.377738333397103 
0.5840775679773997 3.0647001552305246 
0.45506572316417543 6.421706103329177 
0.39986007611727714 8.62494021082637 
0.43008645979291477 7.292188470251371 
0.8485323158697854 1.1789176924057767 
0.4913142733113272 5.314579637710871 
0.8375061971147697 1.1940210157300963 
0.5151566252096672 4.591232300585247 
0.5885004805344716 2.901257250463647 
0.796896553733379 1.254868145700513 
0.622274426728197 2.2643557084569603 
0.5031300893811022 4.937095862411716 
0.5962095356447048 2.7449804762471497 
0.41518233961023576 7.8861946832312055 
0.41801516514614545 7.794073365968812 
0.5706985302739191 3.29703752523985 
0.44161921325919173 6.971807142133028 
0.46383531184571836 6.157650085363973 
0.602408418956903 2.6310447300854176 
0.579329776178109 3.090749759527114 
0.47224227822849413 5.934499323883117 
0.5909199263175458 2.863554473717854 
0.8884342777399262 1.127262392298735 
0.5118520596215551 4.772920305029386 
0.8025397976097951 1.246044125335003 
0.442622339538223 6.8164959172515776 
0.9429333153013113 1.060520385045897 
0.437304217257247 7.016475373304026 
0.6785942772860966 1.4736346757331147 
0.3968570052630787 8.64641598182953 
0.6295657722130408 2.18556322584221 
0.683382344033451 1.463899892477901 
0.5498626943923706 3.790104242751899 
0.9651896248889607 1.0360658405493395 
0.9504519363075153 1.0521310593578554 
0.4459986651350286 6.790430175910442 
0.9302026324843129 1.0750345932402394 
0.6341570634306063 2.14624435392889 
0.5063708182310332 4.90549888166135 
0.7477676817653583 1.3373137464823124 
0.6018309126054476 2.725018919432564 
0.5781511063562375 3.2477199957862695 
0.4473051953109447 6.661014674451722 
0.5498626943923706 3.790104242751899 
0.4625833313805703 6.174315747732491 
0.7068382148310278 1.4147508992951268 
0.933657799414212 1.0710565329339963 
0.4473051953109447 6.661014674451722 
0.6364510968768076 2.0044558945703024 
0.6249204397320348 2.2580344768869205 
0.7382364600730671 1.3545795339084516 
