1.0 1.0000000000000002 
0.38938402623526963 8.97939200280716 
1.0 1.0000000000000002 
0.38938402623526963 8.97939200280716 
0.5065973458724486 4.868810343124396 
0.8005632368960134 1.2491213981029612 
0.4263682681722514 7.48850016945448 
0.5154902881813166 4.590343839151337 
0.535707924523551 4.080004359968562 
0.4069743626198689 8.204263834666435 
0.6666951037732343 1.5003833241207327 
0.7459740106891423 1.340529299819536 
0.44656056658724363 6.679727865599999 
0.6297780576284648 2.1296528308152896 
0.40443370734610823 8.36157222234697 
0.8131182981932723 1.2298362337373343 
0.3960327421620564 8.833212894312762 
0.8288932847342272 1.2073861446699892 
0.490899227367655 5.404338388929369 
0.620144957901904 2.2920311865026863 
0.6147096840512037 2.4230379856424156 
0.5657221388463426 3.4206637747219077 
0.596238044766533 2.8323387853702116 
0.530455336871937 4.287416014991232 
0.5880377354745291 2.9158776913601003 
0.7810885300272055 1.2802649476869044 
0.46097750101029855 6.191787846976495 
0.7180409193321673 1.3926869965428899 
0.9855572873453489 1.0146560557198079 
0.4645272090285756 6.072874709277723 
0.6482388435920711 1.8463860235203695 
0.5823151814449414 3.023312270394321 
0.5777781454242696 3.124943147565178 
0.6782266824528383 1.4744426418467582 
0.9572865393750132 1.0453851461639958 
0.6420191503920363 1.9657068302369702 
0.43159557169928 7.256238584225649 
0.4835764051084206 5.496371629984089 
0.8631031145699611 1.15946655939986 
0.47861296977577605 5.684609858121076 
0.5510168092099954 3.726855014960311 
0.8477974674872509 1.1844670262124435 
0.6051503663956825 2.5870594069128208 
0.4709470463845247 5.976865708969766 
0.6581175792934664 1.6447509463019594 
0.9057596168031326 1.1040829930294096 
0.5484737986920759 3.8743036500648893 
0.7094131213285442 1.4251607589551596 
0.9753175785807546 1.0253080945153317 
0.5582254248991562 3.6793439010271625 
0.9120757178396444 1.0964003801559004 
0.4194805889711919 7.798664376747078 
0.6885318941702099 1.4523656525103799 
0.3987324223127452 8.557483018188883 
0.875636085577931 1.142028091934936 
0.6109077594143002 2.5607997506453417 
0.6264202603260375 2.1795962651936196 
0.4170128908738019 7.844813427929541 
0.7761326712307556 1.2930868005432745 
0.4326198858610084 7.23905798715737 
0.4927238606447353 5.216897075896717 
0.42231026878412137 7.57998100762919 
0.39999832064923235 8.530400645693769 
0.49680702770716334 5.2093752698101365 
0.6557811370156743 1.7925583036834682 
0.45733877196013484 6.340975237736154 
0.43637858558829956 7.046095899888646 
0.5725579943577029 3.236190946408281 
0.4500280807280415 6.557523166135505 
0.49965379718461644 5.038350578101132 
0.5218718833383915 4.41555330521858 
0.4114745946123382 8.017464809271157 
0.9639387474368896 1.0374113611481441 
0.4732631780389621 5.823785783044597 
0.437108629413203 7.034327752441415 
0.45733877196013484 6.340975237736154 
0.7613552972003621 1.31852269770629 
0.5132408739650971 4.745454920445687 
0.5402808633598679 3.977059158364214 
0.4413415472002786 6.8628692301654715 
0.4413415472002786 6.8628692301654715 
0.9405111919714212 1.064096910326514 
0.3932802495716892 8.89043325975739 
0.4114745946123382 8.017464809271157 
0.7624643195398362 1.3115367819487238 
0.4500280807280415 6.557523166135505 
0.8904238190202485 1.127764244054021 
0.8904238190202485 1.127764244054021 
0.7322107985743013 1.3657302880183866 
0.7316137221668406 1.3668448725446516 
0.5424520681054387 3.928192523131499 
0.49965379718461644 5.038350578101132 
0.9266106708700246 1.0792750608092687 
0.6425190983880434 1.9641773018650042 
0.9405111919714212 1.064096910326514 
0.9266106708700246 1.0792750608092687 
0.5595580133572197 3.5341083746266775 
0.48321309606972584 5.63049310612929 
0.47154479758115353 5.845860261950351 
0.6559463745478956 1.6783665970978878 
