1.0 1.0000000000000002 
0.38896087416581177 8.996876350485085 
1.0 1.0000000000000002 
0.38896087416581177 8.996876350485085 
0.5039798597359365 4.970917301156748 
0.9693114812745682 1.0318215348942188 
0.5115396337841017 4.6877801570234094 
0.49108073120606677 5.261909216076103 
0.4200252326989852 7.678042956008275 
0.41096520098368855 8.042245972723686 
0.5871804176907527 2.9216791732287533 
0.6862436925116114 1.4579587773451157 
0.6070853111587685 2.5849841057102503 
0.48239843235481494 5.666289884183109 
0.3978467151272924 8.795597101812655 
0.4323957954216458 7.242445766047734 
0.5980360653209453 2.869120173717212 
0.9242635434562954 1.084674163196471 
0.6237566059350494 2.2229591494487844 
0.9483415126397841 1.0551947888972144 
0.532888712939926 4.138618630306236 
0.5718830953059121 3.322196999270998 
0.6141433349215576 2.4136193533627464 
0.6563407044157789 1.6936464156169637 
0.5259020350293521 4.375065791454426 
0.4155602197056317 7.85867385742037 
0.5438614438324244 3.8715267876632486 
0.6627556182008818 1.5742628759352424 
0.4681548256591118 5.956058734838595 
0.77773125596407 1.2865573901192566 
0.6998995675001927 1.4287764354122745 
0.8256063275673395 1.211231027663828 
0.3997401823669044 8.536830191636081 
0.8713863098820825 1.1475982627777845 
0.5618352438990211 3.464599879867397 
0.40524423473086024 8.365222867870209 
0.5191887978001174 4.5635715571302455 
0.42760206218505337 7.403646217291732 
0.7382241960707654 1.3546020425466678 
0.7100809080492823 1.4137944399332893 
0.6425990874591008 1.9079235335503764 
0.5298990520393869 4.327576398199547 
0.47412560410192545 5.765158712690532 
0.639424129859757 2.0285949221320596 
0.39360578925465656 8.890704825945333 
0.8053779991935857 1.2416535067298635 
0.4660381414639965 6.138620382393916 
0.44751482995350794 6.657696150799156 
0.6693116032183708 1.4940739781637262 
0.43590840378501955 7.097989389277401 
0.9869246932450052 1.0133741343814284 
0.5508924832729708 3.78668515102629 
0.8138275208288867 1.2339878647248552 
0.5805407843036695 3.106928322509133 
0.5997052061306772 2.6735873514350104 
0.4517163516065774 6.51975034813606 
0.4452692772925583 6.743402068614231 
0.44199259685223885 6.869099434541052 
0.48548986219113777 5.479693509811001 
0.9122218392496365 1.0962245771517234 
0.886269117791521 1.1283263993076458 
0.47393070956589095 5.880641169044461 
0.5618352438990211 3.464599879867397 
0.8995840113255003 1.1117627082357457 
0.4971583536169626 5.087043141812909 
0.42760206218505337 7.403646217291732 
0.7218167002199986 1.3853932846036028 
0.7267038396005451 1.3760764139544912 
0.4008956554389865 8.482128808282763 
0.5396553727898519 4.012856127799655 
0.41968174016466336 7.781497078007695 
0.45740652990328245 6.313472651448195 
0.5523328121560348 3.682071599831794 
0.45649996268229015 6.487033876781411 
0.4619717437610343 6.183892278554787 
0.8416967227733219 1.1880763882188434 
0.8378218582663564 1.193571155979545 
0.6319411596224342 2.0886509058697826 
0.5523328121560348 3.682071599831794 
0.9411127396664447 1.062572305242222 
0.7919606094125554 1.2627098372692436 
0.6502064811179437 1.7907514237692395 
0.5771091913139124 3.268032458008087 
0.5156495892327104 4.582234740528902 
0.8561540084213232 1.1680158074280838 
0.6478246766252265 1.8095988444129731 
0.5375547652858227 4.028537201132087 
0.8804158524145562 1.135828498188101 
0.7521281636492151 1.3303529148975908 
0.7898483963223946 1.2660905914954734 
0.8539921822511916 1.1709709069165195 
0.579103327193775 3.1093484835459893 
0.4072392898851908 8.21880015954162 
0.44161317769580277 6.975762930690955 
0.437409202857029 7.00631418270707 
0.622922770510998 2.379601949194181 
0.4971583536169626 5.087043141812909 
0.4072392898851908 8.21880015954162 
0.7654698145436626 1.3063877434887783 
0.7491534119174404 1.3348406352250317 
