1.0 1.0000000000000002 
0.38965064159674495 8.968472161124899 
0.38965064159674495 8.968472161124899 
1.0 1.0000000000000002 
0.6689954970054854 1.5039377423249745 
0.9701718208740557 1.0307452541346063 
0.3948418332276663 8.73933199437719 
0.8434840319140009 1.1855589631645191 
0.5724424965852832 3.2306841866214007 
0.9471405078063005 1.0562880617723385 
0.4785419084978214 5.683090824566463 
0.655525654955527 1.6819709104015224 
0.5559856710961376 3.6710752533143185 
0.6349160520731072 2.032787541958948 
0.452469301116703 6.4857773820967335 
0.48345389535233524 5.519225718168975 
0.4496403962842599 6.646032931498468 
0.4091222332845853 8.1153968591815 
0.582646437896527 3.132176711655258 
0.8687793200781858 1.1511746659704902 
0.5036067423018165 4.965839519593005 
0.6078250129401498 2.5289997558713737 
0.8858064312563072 1.128914872410135 
0.4735831530313571 5.862984393226774 
0.6129205985256414 2.4207566308925577 
0.8023745367784579 1.2463007663423666 
0.4871306777386538 5.373107281050244 
0.5480585978515041 3.773804070830263 
0.4411349662944481 6.870669321204311 
0.858380530410993 1.165009832415236 
0.5199240144890555 4.473017589847578 
0.49315704006121236 5.27341825519374 
0.42980743576987746 7.299171910939776 
0.8213343019077581 1.2175310322325148 
0.5441187366286024 3.8840715078567842 
0.7047179475373747 1.4208853452353523 
0.46931485742458057 5.941228667013419 
0.6516141532403175 1.7478579106317915 
0.6011357498087381 2.6501053388961773 
0.44354939276617117 6.79143447480692 
0.6852467054664702 1.4593286212334842 
0.5076825788936229 4.894670245517078 
0.5124650865530456 4.752002502879476 
0.529607632285634 4.321513581603697 
0.41452043700731434 7.891502026682268 
0.4620620480042691 6.152303448423132 
0.9096826702069408 1.1013644924829478 
0.9184757110171353 1.0887604190344713 
0.4650364119886383 6.096302761531915 
0.586032320642084 3.003719187028061 
0.401820155488473 8.590935201459427 
0.6446861525427775 1.8774740177400793 
0.9851480359179907 1.0150758703875544 
0.4132264897853309 8.067393533243928 
0.6901174497614614 1.449712056128537 
0.5324096108756179 4.147918291884712 
0.6426667900756315 1.9266580591516536 
0.5609207321098368 3.499139477048219 
0.819436788784635 1.2203504434214298 
0.42131209154361066 7.652326815143611 
0.40346727764329104 8.356476572928324 
0.4029292175746355 8.541539024799519 
0.5403858542805304 4.0222009297006585 
0.42531455749382174 7.472407182812525 
0.4956256389238367 5.1271955264100635 
0.40346727764329104 8.356476572928324 
0.5998494655677928 2.7618642997303384 
0.6271057676034534 2.165343151325036 
0.7638232252881644 1.314212575934756 
0.9311863034878171 1.07395246850676 
0.7495176144858451 1.3341914595204407 
0.7131117030956503 1.4023048512094585 
0.45767647913605497 6.318869180573454 
0.42467442720787546 7.483670668061895 
0.6271057676034534 2.165343151325036 
0.7205662672568544 1.3930819804125973 
0.6196059300028339 2.304206947625451 
0.9353041886263289 1.0691710130016063 
0.45767647913605497 6.318869180573454 
0.5897148590941377 2.9197422507762956 
0.43626468599327767 7.061214641627937 
0.6196059300028339 2.304206947625451 
0.43626468599327767 7.061214641627937 
0.5316613275479677 4.304820488634942 
0.757591155461304 1.3200812022963944 
0.5897148590941377 2.9197422507762956 
0.4344722446340241 7.212288703826545 
0.565071211890836 3.40245442104729 
0.419776469215253 7.680320485067969 
0.4187617568871304 7.81997104988029 
0.4956256389238367 5.1271955264100635 
0.7936741486356305 1.2605380386893674 
0.5998494655677928 2.7618642997303384 
0.5156892019219834 4.657674976184187 
0.565071211890836 3.40245442104729 
0.7738456557821991 1.2922475204469248 
0.8967542800605628 1.1159063014746378 
0.7307151507199761 1.368522330118796 
0.517632844448273 4.523828512255985 
0.5373282078364643 4.092106764184661 
