1.0 1.0 
0.38891447850045313 8.99916165671242 
0.38891447850045313 8.99916165671242 
1.0 1.0 
0.5530104028468809 3.6818383231657412 
0.53159968867754 4.187245899510739 
0.5395110156556286 4.051903116301277 
0.9304743753770435 1.074720670525643 
0.4212427727542563 7.655173534517076 
0.5238026913133593 4.385814182977387 
0.5026681231227178 4.93867031757212 
0.39436379866675086 8.775970661629064 
0.6440218830933488 1.8954572417733988 
0.3982782568298691 8.69176929162216 
0.6608149615738488 1.6200721818836816 
0.9066133901112582 1.1031517615732167 
0.40579305852774056 8.324428074929227 
0.6682093252839993 1.4973282501511744 
0.6058329452660328 2.5654803239813813 
0.5076809606950625 4.79838637082936 
0.4447770225711101 6.790911548109773 
0.6138605850805727 2.5077499629751734 
0.5946525335255013 2.791286372036693 
0.4324880432345746 7.192298444457326 
0.4609943269523875 6.192332349249759 
0.855272760845617 1.169217672507657 
0.8975467239375459 1.1141481256491024 
0.6806218290463101 1.4967065604636554 
0.41509552278613526 7.8732898617434826 
0.8793214257401099 1.13783476653754 
0.49307695368365856 5.197469850404868 
0.4794067630303492 5.615491516023043 
0.9495349565037956 1.0531471159144212 
0.5841704666817034 2.9844762939185863 
0.5627952220113114 3.4735003864545235 
0.5451001345351951 3.879908629412551 
0.470121684334093 5.928687525859859 
0.4142425123937099 7.905478457822765 
0.8237037469363461 1.2140287141863706 
0.6906245841862723 1.4479648234025448 
0.6359558016047919 2.176220614719417 
0.6173063365497199 2.3485806589541722 
0.7323880462903944 1.3653963975316181 
0.47605677043010275 5.766935113128153 
0.5719510564025311 3.2981273709446373 
0.6254861178830475 2.191983547465536 
0.45379599338360466 6.522901324621273 
0.5627952220113114 3.4735003864545235 
0.5483894204471087 3.841625868743639 
0.5012862424466875 5.158023759301243 
0.963637350405276 1.0381630737587686 
0.7111828411274073 1.40629399435683 
0.40209649384388163 8.450831053704935 
0.4497759569458661 6.581202131055679 
0.7619345963223697 1.3124489994278064 
0.7766773514628752 1.2875359351171902 
0.7460933946152386 1.3403194750243015 
0.6529631592636091 1.7236607175716057 
0.5124496040961004 4.696315369871527 
0.5192664864133545 4.484501968396552 
0.9402750432760323 1.0635186288121197 
0.8793214257401099 1.13783476653754 
0.4364644698651513 7.116016907902991 
0.7840451459602348 1.2754367591619191 
0.6245638866827177 2.3354573126655875 
0.4878764536147527 5.376401363424444 
0.5782159042761718 3.1074658465041676 
0.8540665277968409 1.1714756290248807 
0.4563105319211883 6.3477704008412195 
0.7947449055468111 1.258439145378829 
0.4102578380303642 8.135214859930947 
0.43786164592414717 6.994165430982257 
0.6366045011621104 2.0008177049165803 
0.4085347439284534 8.150717415373819 
0.8373761505348762 1.1942064583851606 
0.6529631592636091 1.7236607175716057 
0.765018104887443 1.3071589968708694 
0.4582767734717868 6.327621409772719 
0.6032286698643343 2.7395935547913126 
0.4262085257814561 7.487228087746854 
0.8156040591938312 1.2260851198082965 
0.8013184550975923 1.2479433044404777 
0.8091667791154784 1.2358391693249429 
0.7432094720816709 1.3455157164079479 
0.6406400387483385 1.9892263847570144 
0.4655450307916401 6.071221153504002 
0.8373761505348762 1.1942064583851606 
0.5782159042761718 3.1074658465041676 
0.4403515714135065 6.917522714167515 
0.4872053162032627 5.5375889243198895 
0.5124496040961004 4.696315369871527 
0.42798159826372634 7.357568347776823 
0.42798159826372634 7.357568347776823 
0.5192664864133545 4.484501968396552 
0.5722841873346374 3.2891776806000705 
0.4422137545878198 6.850763803364737 
0.9831097139239078 1.0171804940570413 
0.9764772824642257 1.024089364861016 
0.5887062746278553 2.914368792982434 
0.9701475022132079 1.030771091921961 
