1.0 1.0000000000000002 
0.3897012545001885 8.962687440915797 
1.0 1.0000000000000002 
0.3897012545001885 8.962687440915797 
0.6034120554397331 2.60220262737118 
0.7814435458196103 1.279686323027843 
0.46085617044280075 6.248788939497438 
0.504897712351313 4.871898242854762 
0.6235207874562512 2.290547981286805 
0.4335774414446379 7.151845852282651 
0.4912405354196628 5.358735191539839 
0.40409368266334333 8.326759156538836 
0.4291423174590638 7.315215838680689 
0.39932084659417505 8.55860038722981 
0.629305432407712 2.130313929621848 
0.4249884923989687 7.479639652124226 
0.5173463893397457 4.533051390651025 
0.4920590419852323 5.235699297728807 
0.7061673788802894 1.4238836194038178 
0.4142797038962718 7.951557766991967 
0.798560737735528 1.2522729248419608 
0.8830946516942937 1.1323875398828518 
0.4216294291541655 7.630231771600772 
0.8418676535420168 1.1878352532174214 
0.5758298188025149 3.222660162628676 
0.6681127527168584 1.5205864487253011 
0.5700667431443052 3.2996837368635124 
0.4680148358299018 6.081875033701704 
0.4114131103324609 8.058138717603423 
0.3925608142540028 8.859732787010005 
0.6881587176339046 1.4531532505450737 
0.4720165682871775 5.906027209065405 
0.5934426720749927 2.802747090386223 
0.6834170799254093 1.4632543071076636 
0.4840279091708446 5.586913706315197 
0.5805859845177598 3.066363918000675 
0.5934284333967667 2.802814339293965 
0.9798355577182407 1.0230995139189825 
0.7375929455630478 1.3557613413706635 
0.8295279974689901 1.2055058177718037 
0.612589332777588 2.4332943144541144 
0.9096942908622225 1.0992842593406622 
0.9596004326683591 1.0421004280880461 
0.6663537357610108 1.6108935120352676 
0.5430671931435777 3.9127224807581116 
0.8202201728952094 1.2191869969800544 
0.5498700531647422 3.796491695973003 
0.44938592260616267 6.60983348011173 
0.6570779016937629 1.6756862550599685 
0.5249397915578382 4.4674795230996125 
0.6414696712074341 1.9260172246891352 
0.5640974379600718 3.4366500577741594 
0.5549815877317502 3.641226952612676 
0.44770300556472786 6.646899184987788 
0.8705049163542714 1.148760007143581 
0.7609148649941843 1.314219785216747 
0.7485708655854434 1.335900880683718 
0.5119960363159651 4.709787616493076 
0.5849657498925509 3.0140199744762532 
0.49810345660629984 5.057466738969071 
0.4537640611108148 6.437528233338145 
0.4840279091708446 5.586913706315197 
0.49810345660629984 5.057466738969071 
0.612589332777588 2.4332943144541144 
0.5354110801512653 4.122621523017286 
0.5253253610389914 4.350982122510161 
0.39733643000899016 8.717247699403346 
0.6529345471157096 1.7231716150251377 
0.5588731601778236 3.5489071410701 
0.5307496935848549 4.285000613353473 
0.4763840833118792 5.75741350234618 
0.9758773412208848 1.0247189454751287 
0.6414696712074341 1.9260172246891352 
0.9208712612152808 1.0859281995252137 
0.4537640611108148 6.437528233338145 
0.43936066728167583 6.9598760938109425 
0.5119960363159651 4.709787616493076 
0.8551915351430326 1.1693296509127837 
0.9269976077668318 1.0787612639257684 
0.4183196643120656 7.764006197337705 
0.43936066728167583 6.9598760938109425 
0.47110272459460417 6.021295886194123 
0.4763840833118792 5.75741350234618 
0.531504505412663 4.176840172736863 
0.4084443718198396 8.223451152981243 
0.5510682316421749 3.7280252889447927 
0.4430417991520513 6.806836931725377 
0.8969491238062726 1.114890437765805 
0.5430671931435777 3.9127224807581116 
0.9545932201875048 1.0475666276026208 
0.44302756047382535 6.80705569996793 
0.718171135585545 1.3924257766872912 
0.6529345471157096 1.7231716150251377 
0.9446017477371867 1.0608203557689928 
0.9371382211725255 1.0670784592467508 
0.6351292071637641 2.0237120669161586 
0.713975056249796 1.4006092489006203 
0.4183196643120656 7.764006197337705 
0.39931308363250884 8.690491922489679 
0.7561049572179288 1.3225693861243508 
