1.0 1.0 
0.38912496898724874 8.989287833597416 
0.38912496898724874 8.989287833597416 
1.0 1.0 
0.43399868871087993 7.171687214058269 
0.844945300112283 1.1835085654541186 
0.3933541632062936 8.800621254330466 
0.8715267955742815 1.1475355688665312 
0.49142792273042324 5.254586708663221 
0.5989178975299311 2.7287910904697408 
0.42645082442089616 7.508667357696037 
0.8218426587799965 1.2167779188916152 
0.4004188572090023 8.564685444556913 
0.574151910042558 3.1938130552977744 
0.6187075741198576 2.3349247540887594 
0.4530009516598671 6.476524995835195 
0.6269906430186807 2.1944156410512075 
0.4291162995290256 7.345589729890722 
0.4760421491328586 5.714898001653342 
0.5004335491375863 4.991695971463326 
0.5061765086310828 4.832270247315075 
0.5352493086072595 4.0836355703208955 
0.48738305739344845 5.377932839422658 
0.7982731561939603 1.2527040303165928 
0.41509527506246147 7.88004254620045 
0.6375542494879701 1.9816249061364168 
0.44402182986096317 6.924278434561633 
0.6043359438543221 2.5871145300422165 
0.5442585954704834 3.9994598505230283 
0.458125135764601 6.308641903141953 
0.5129873627134394 4.65632882286272 
0.705349639359937 1.4228615047117463 
0.529007112910958 4.33645355433556 
0.6325149031557962 2.076348215108049 
0.9849448244408403 1.0152852984101994 
0.40966554749695494 8.095080905460373 
0.8300259629913835 1.204781605711886 
0.5297519686911303 4.221415439026164 
0.6454688326454684 1.8458362245772244 
0.6628215364309817 1.5613495712588266 
0.5604814863926294 3.5012223891548166 
0.6504705214836344 1.8203803522790398 
0.9080484630421146 1.1012628118700347 
0.586639321517171 2.9444678685978487 
0.5531926129558586 3.661663620461066 
0.4044117345385048 8.49007610682255 
0.9470351499115994 1.0567725701936759 
0.40635522639602645 8.269805403883355 
0.7281978691423755 1.373253132055297 
0.4118081238004617 8.002253823445523 
0.5480442580647318 3.7820401263879386 
0.566085537352633 3.3970304877747184 
0.46633861134086335 6.016347710928084 
0.9408537545967204 1.062864497972839 
0.5225038160107889 4.484983844715715 
0.5453626623059002 3.8376869249368144 
0.41962692925496586 7.704232464982497 
0.6117815923584099 2.447656785372124 
0.9279603013303989 1.0776323276186066 
0.5182342955941583 4.6186341784774605 
0.41962692925496586 7.704232464982497 
0.9617591359442884 1.040331247143654 
0.4445182774412479 6.748524366594592 
0.7538733583770207 1.3404438666451108 
0.404502680844165 8.320984103375533 
0.7813397909599955 1.2798868753050772 
0.7721053112874572 1.2951601103541828 
0.4820773893978302 5.542272467649934 
0.4820773893978302 5.542272467649934 
0.6901127681558448 1.4501633368319118 
0.6103920521428214 2.490585367878971 
0.8836785984084962 1.1316331546420548 
0.5889779783337387 2.932776260243421 
0.6562594314550421 1.674060008030448 
0.6893108518859906 1.451684235923601 
0.7380205184028867 1.3584230878307513 
0.47194316473275794 5.912481817358226 
0.7434762549437121 1.3450328687959077 
0.887905190917564 1.1262463722046974 
0.6751823374527214 1.484302412855538 
0.5786010681519939 3.106492232879854 
0.9995723255664111 1.00042785754995 
0.566085537352633 3.3970304877747184 
0.7185012614416004 1.3917860070538928 
0.559537975131939 3.624476821682638 
0.9222693706892732 1.084281915654028 
0.7145885374153615 1.4024501095740254 
0.4735605708251345 5.862759098021915 
0.5039822741866449 4.956547599311141 
0.5786010681519939 3.106492232879854 
0.5208864099184123 4.498476977689526 
0.7887436234275272 1.2678727458456558 
0.6562594314550421 1.674060008030448 
0.4441780587094062 6.916426935712151 
0.899355563992854 1.1119072853503447 
0.76026065100899 1.3153732766204753 
0.7647722155161106 1.3075788841236669 
0.4465731650077256 6.696568620253602 
0.44807968587717745 6.6228887358510296 
0.9648341233309257 1.036447643552421 
