1.0 1.0 
0.3893059305391029 8.980957611350098 
1.0 1.0 
0.3893059305391029 8.980957611350098 
0.6090658253887826 2.5006587626071166 
0.5343521941186183 4.103385586229489 
0.6930409626229164 1.442949684577783 
0.542649031029118 3.908468005789872 
0.4895423511309136 5.308572313641073 
0.7874609091356332 1.2704198220908451 
0.5550984263028104 3.6910975978880654 
0.8214107848614934 1.2174177581345034 
0.4843011419889921 5.458278761535986 
0.6148431343942152 2.3919617088316554 
0.6389086928939376 1.997755905976205 
0.577379196184884 3.126558954261578 
0.7096413626050566 1.4091657583839436 
0.3962950581896462 8.676727802801521 
0.4625192554240009 6.136146533886697 
0.39254578311186067 8.873252451652254 
0.4137260416863077 7.942578160419816 
0.6781248058057138 1.4749277452159568 
0.43415175900126235 7.244744730096159 
0.5324391563903904 4.293761012551235 
0.5688528697183581 3.365763784604033 
0.6572370607105689 1.7473257334609233 
0.4738935745958774 5.841337770408066 
0.5193192577100725 4.479285614658784 
0.838358588324275 1.1928095412664692 
0.969949886400887 1.0309810991479338 
0.9143624831958037 1.0936813678217026 
0.4273153603162321 7.38272640465824 
0.8864050685144301 1.1281547891325079 
0.7201976903668768 1.3885127671806803 
0.526127128154761 4.381239918441602 
0.40557449471272494 8.464130947945035 
0.576408174013962 3.304311793514298 
0.7754649456432822 1.2895494086126835 
0.7502628729610884 1.3328664941116561 
0.5161584292816077 4.631854400094327 
0.5075464533043678 4.8499378927596535 
0.4005669775490773 8.569941669678839 
0.5108876650225384 4.716689303085882 
0.42477076010474074 7.483717545010139 
0.4419039338586617 6.888573194221943 
0.9354425793898891 1.0692918938884273 
0.4057083670070805 8.285693588908671 
0.8062836545049024 1.2414134391105298 
0.6674348203156378 1.4982782956110108 
0.4235340458990836 7.661424351074656 
0.8531617261185539 1.1721109368407263 
0.9544062251154533 1.0481796763216542 
0.47944908512301143 5.600675229183843 
0.562201454924314 3.5029415049154333 
0.5909726725335473 2.8910360393283874 
0.5589626989532791 3.523238338204087 
0.4998454842237351 5.11589222456559 
0.4515456316479521 6.530618378371107 
0.630680322118286 2.12932650189606 
0.7637596930117073 1.3093126729462747 
0.4080350154431346 8.182252421467103 
0.5947297658910526 2.836652925544043 
0.44881599799705335 6.743764229354027 
0.5982109363628484 2.7155769165358934 
0.5982109363628484 2.7155769165358934 
0.6238060221152778 2.270297023886501 
0.4679481542424096 5.973388201154892 
0.45592641116078997 6.367965895579049 
0.46014671955371056 6.276329717530933 
0.7336140363128856 1.3631180323178784 
0.8685402236226774 1.1513577932691603 
0.4416944752793124 6.99222484493337 
0.6340146848673134 2.128751575479296 
0.8950548653787936 1.1172501965959267 
0.44817307034454 6.750889957244328 
0.9806771309391479 1.019703797201867 
0.584977346815764 3.0032865780468145 
0.502599242524059 4.954541836566223 
0.6451695377482383 1.8576596689627645 
0.808863674894663 1.2363029596624389 
0.47676580069953933 5.686681602109736 
0.43504126748928 7.095966129308256 
0.4174784548657742 7.791810799585252 
0.8699997999176423 1.1495736493610416 
0.6579362008415954 1.639881219678373 
0.8473836228957173 1.1801031438551646 
0.6238060221152778 2.270297023886501 
0.46873675444262797 5.963338604901203 
0.41992422192114265 7.730085636145129 
0.7336140363128856 1.3631180323178784 
0.9028582277251287 1.1075942208062313 
0.49630971202213553 5.15233847793488 
0.7570324585267173 1.3209479631345191 
0.41652916294587866 7.902544941890638 
0.5481794786738546 3.8164324764290454 
0.5855113290231041 3.0005476018447723 
0.9926384271474804 1.0074163631981854 
0.5481794786738546 3.8164324764290454 
0.45334830259788145 6.52311320550703 
0.4080350154431346 8.182252421467103 
