1.0 1.0 
0.38979524715566133 8.970129235830957 
1.0 1.0 
0.44396860225524876 6.785905991451994 
0.5158084029936136 4.593940169892623 
0.6069304110731544 2.547439766839984 
0.4212484660081883 7.636796967989278 
0.4171375317125839 7.783063514314317 
0.42807768208340696 7.399561573200951 
0.5736325799044418 3.2029952326507485 
0.5484944276064473 3.7644604299214808 
0.4378820782338457 7.091360079376584 
0.679231881183486 1.4722512864454702 
0.5859233108605714 2.9481112220346897 
0.9759772361982604 1.0246141245665248 
0.4701187374308014 5.896680980626041 
0.6326835807177246 2.087760742615537 
0.48051846291816824 5.58803315512375 
0.5798557061979059 3.124994185757878 
0.5213388911382785 4.4278403741506285 
0.8288942990349208 1.206426442854702 
0.882156938340765 1.1335851444512346 
0.5072534213819194 4.805701383018606 
0.39786888348526245 8.59684591833139 
0.4311604183186465 7.2834487228911025 
0.659039406263512 1.748811583164867 
0.6025671228703467 2.7269151695434632 
0.5542407195205779 3.6922357351832136 
0.9450306444502728 1.059788057325059 
0.5346454341267132 4.1556589070204355 
0.7722296502534529 1.294966436778783 
0.6471888036566309 1.903673474575331 
0.9619500168929576 1.0401214352125068 
0.46133011649287803 6.3777636583836035 
0.6665263950760697 1.503766375255341 
0.6471888036566309 1.903673474575331 
0.725419536736162 1.3841962695502439 
0.8523279643960211 1.1732750139615478 
0.8046919040164486 1.24271164536173 
0.5653125875955931 3.4007192147963026 
0.8966620098091316 1.1176483811119493 
0.499975053623185 5.0173264832523525 
0.5408101997032857 3.973891258271665 
0.7558198569814929 1.3230665889225675 
0.41000450535254057 8.082475106349222 
0.5941350766926083 2.875405804660663 
0.5057934058624223 4.859243269278319 
0.6659549257640349 1.6410739479717908 
0.41251250738615036 8.031015583764251 
0.4370697946234787 7.148434146988102 
0.47579682332885675 5.7294969630998125 
0.7793016271579821 1.2832071199096244 
0.6961547837761766 1.4519492210151976 
0.4050866700689604 8.312336145952319 
0.7419359285230326 1.3501996250066692 
0.3936892914499931 8.90542404530124 
0.44846927039051293 6.611332795630567 
0.5402218054264225 3.9782195079827223 
0.5262613794021455 4.3265330060027445 
0.4539329803097405 6.438998455672752 
0.48607479644141227 5.405927481901318 
0.8684931979255955 1.151419762734003 
0.49146688349458456 5.24477827541798 
0.6244424828937087 2.219550265437435 
0.6173914943945055 2.3600451660197796 
0.632377927652691 2.132783095289886 
0.48607479644141227 5.405927481901318 
0.5586046260087136 3.533999828639194 
0.8651613894797738 1.1572501646458073 
0.4677237445094861 6.050518440046806 
0.5643687207909578 3.4084323366930467 
0.45383283936758373 6.533197551981939 
0.7083357294973894 1.4121399928140845 
0.5952763193190368 2.761175665109483 
0.4963881510076803 5.178632276270714 
0.7910854517920407 1.2667925333805312 
0.47725328226174074 5.712011955991445 
0.9692232799375059 1.0317540675752397 
0.6628802260232106 1.7422812573513744 
0.4626227471541707 6.210132043866974 
0.39416674240334576 8.759443428846218 
0.40107276321866964 8.464458870379708 
0.9169875511339917 1.0909068201478869 
0.5305637600089116 4.200484701751088 
0.7512875683729959 1.3314284990128662 
0.46310107858873933 6.20371767450628 
0.40107276321866964 8.464458870379708 
0.5586046260087136 3.533999828639194 
0.5304555411241368 4.292324334934376 
0.40586696563177427 8.253633567530457 
0.908941685417502 1.1025491071052003 
0.6244424828937087 2.219550265437435 
0.6172895724647208 2.370136881029581 
0.9282987720467876 1.082515186139498 
0.9043955710445255 1.10572261020117 
0.39416674240334576 8.759443428846218 
0.7144191377465553 1.400115365214719 
0.8420885411936401 1.1875237028814007 
0.7008972850083988 1.4329964200823868 
0.7196469986524808 1.392106700313215 
