1.0 1.0 
0.3890822725778378 8.993842362620768 
0.3890822725778378 8.993842362620768 
1.0 1.0 
0.5420999745378025 4.0065899253201325 
0.4583706357885804 6.294510212624265 
0.6966075216199595 1.4475325721698917 
0.5873378860747042 2.9341845893331717 
0.7294029049939305 1.371955020078287 
0.9254724618669735 1.0805502854992666 
0.4122509421787624 8.110312997696019 
0.9461660771153946 1.0598516993424698 
0.5131652679451313 4.648464771779215 
0.9596198449563524 1.0420793253340377 
0.6406879099476284 2.0353143068178214 
0.47207299335506636 5.829407482449058 
0.8264039277258146 1.2100999029317603 
0.4651800895725921 6.117010423918364 
0.4524258955295567 6.484441673763026 
0.6019305015688556 2.6491263564977547 
0.5651452248856859 3.4058474206670355 
0.48877531117226286 5.3969136258677635 
0.6330660213349864 2.0598187635655854 
0.4131526162014726 7.9432465357676545 
0.46904682269407827 6.0118392971695815 
0.53343861939378 4.227162482052796 
0.6558294626496077 1.6755841031279868 
0.4475286725210926 6.758829741314611 
0.5798011902631671 3.092879425562257 
0.4302539033155907 7.299410883451808 
0.48346362236773277 5.479966361818933 
0.493976050064385 5.223739843979117 
0.5511528239295194 3.7214476257853524 
0.6223343361206981 2.2494663100161643 
0.42141196622290084 7.622624555559151 
0.9096834662342738 1.0992834728981293 
0.8404725703818321 1.189820751592194 
0.7921280675823867 1.262422140312353 
0.4491532233071218 6.591455934675883 
0.7668522016661495 1.304032247449108 
0.5358151821368735 4.067873480396929 
0.5187850064428047 4.514440750341313 
0.44181418483787266 6.862164762893606 
0.6248707630168249 2.2203861096477486 
0.6673448493951071 1.4985248157358746 
0.3934143900767777 8.89480586862213 
0.6847122740747185 1.4608075269017695 
0.3946981158806774 8.741300641505555 
0.6481766516600341 1.8263271119921713 
0.526434768159509 4.321919732344897 
0.5578352174751353 3.5896678484853672 
0.4779215410929569 5.697244167334679 
0.8708546681068416 1.1490348909012955 
0.4788613933796106 5.623426460497656 
0.7472671486897251 1.3385210971527473 
0.614892601614505 2.439822391527939 
0.8094447413148782 1.2354147966350673 
0.438287125318002 6.99015121019575 
0.4027821731277322 8.465061316725288 
0.7304804556291046 1.3689620341965545 
0.5706490406506779 3.34533629228857 
0.6637532738220758 1.653393030964861 
0.976481235947005 1.0241056273318765 
0.5722659406111993 3.2331545211708232 
0.7472671486897251 1.3385210971527473 
0.5962755172288476 2.785133122954287 
0.7862825934818904 1.2721035058159573 
0.6481766516600341 1.8263271119921713 
0.49945008748435515 5.114708848440939 
0.5017031949472022 4.961665795751236 
0.5511528239295194 3.7214476257853524 
0.8111967653691796 1.2327465369351638 
0.40444867086083025 8.320324037058977 
0.7749750690483979 1.2906645435169612 
0.578847424288871 3.189800191372045 
0.4179134010772143 7.797951691643509 
0.8628614065444189 1.1590930495819267 
0.40444867086083025 8.320324037058977 
0.42601216728896063 7.560060554135691 
0.5962755172288476 2.785133122954287 
0.5563641390924907 3.5921382346407738 
0.43295019552487835 7.169856430509591 
0.8833014251088902 1.1330088079163037 
0.42992256982636656 7.491297288262549 
0.6078460854313842 2.519839785794845 
0.3977591810374477 8.635617467266517 
0.5071600936862797 4.806358309853056 
0.6649409300806144 1.5298205470595168 
0.8499288943766817 1.1765690125565123 
0.43295019552487835 7.169856430509591 
0.5071600936862797 4.806358309853056 
0.4179134010772143 7.797951691643509 
0.8543862739449688 1.1704307881524216 
0.4961426354094667 5.137160353201427 
0.9017549969706985 1.1136401431503753 
0.4016553894340615 8.551848728763304 
0.614892601614505 2.439822391527939 
0.43903145623685164 6.978300155791175 
0.6080237941023553 2.5191033057693306 
0.5221033481629349 4.432191533121245 
