1.0 1.0 
0.3889293170732915 8.999681109284074 
0.3889293170732915 8.999681109284074 
1.0 1.0 
0.46600491870549204 6.0225336052265535 
0.5515227860233731 3.695413010616465 
0.5268586500347352 4.337800499509438 
0.452892412560559 6.502199839924502 
0.43181576697229374 7.21148374627936 
0.4209196287990906 7.703790675836161 
0.5012737410875349 4.968803366992646 
0.48411500530983087 5.45954969071812 
0.4738952683053431 5.773620222539713 
0.4001725361226643 8.49281357097702 
0.5708192906777821 3.3285135926701876 
0.5196267052040051 4.477912553514991 
0.5659790738649992 3.504871102697379 
0.39244163352528055 8.852105945369393 
0.42719166270362446 7.4287989217714445 
0.5160705792610621 4.619355553746596 
0.4466225617540011 6.706397320364575 
0.41519579997808626 7.8634139844064626 
0.6373392294953 1.9884546833558543 
0.6143595648878878 2.398201422843357 
0.5749864256892736 3.194521872573866 
0.4087438836874774 8.152602716636876 
0.5575653019601309 3.575321652492013 
0.622652236935149 2.257100472584967 
0.543963848651688 3.933876715889681 
0.9047108933818653 1.105334709259646 
0.42383783642973283 7.522196747898761 
0.4815372788712566 5.584457026173652 
0.6798789757907091 1.557788739759591 
0.6903214293570924 1.4486069936328159 
0.590228147187066 2.8634096655477363 
0.6305124323901138 2.105868186356423 
0.6475761902728504 1.8142597136402108 
0.584787916362199 2.9854951557076936 
0.5805436479582421 3.0743278463211507 
0.7838180742617562 1.275816306033725 
0.5340220401660603 4.126168521887606 
0.45613192327817703 6.351123183695721 
0.437955188690446 7.1137178388275855 
0.5099247823449153 4.791478270673684 
0.6630760987026837 1.5907173444695692 
0.5337787109137332 4.128049483943375 
0.5985250919384868 2.8237161721324666 
0.7400332044726909 1.3513527286043117 
0.7471154186497617 1.3384889153300494 
0.6070433281660589 2.5412249485694436 
0.543963848651688 3.933876715889681 
0.4786682262700669 5.739597971699961 
0.9879664077550389 1.014348508250015 
0.8264172814607491 1.2101961424305416 
0.8429144264818164 1.186367053445279 
0.4910919680541163 5.258330773417816 
0.7147186275794597 1.3992162111526638 
0.8546084423097574 1.1701362902495411 
0.4910919680541163 5.258330773417816 
0.4588473756878274 6.2567047193777245 
0.4436723695235234 6.780702111672895 
0.4416520943217094 6.907418894741157 
0.4382219098763807 6.9742194980513315 
0.626810381083321 2.189178836342724 
0.8935538786099818 1.1191267299918188 
0.64751238741512 1.9316995540463209 
0.9322171519282072 1.072711440776802 
0.3961287137551411 8.67413076589831 
0.680333159014784 1.4699356471729617 
0.40545644812515097 8.347489323936156 
0.6019244904182727 2.6739783051905284 
0.6129862231604616 2.521572704597156 
0.7271580136292932 1.3752200524417033 
0.40634273225810946 8.329619291665134 
0.39670608900373816 8.661506234674448 
0.6548423247772764 1.6899530846519755 
0.49725180911473166 5.079445357077769 
0.7600303615992519 1.31579729001572 
0.5113164090358764 4.778676233358353 
0.8119710989405131 1.2323850584174052 
0.823470623464714 1.2143728322102887 
0.9189677466292344 1.0881865614634467 
0.4143278702837261 8.016642166102173 
0.7967887937717248 1.2550377314860302 
0.6548423247772764 1.6899530846519755 
0.5996527799055638 2.684108341822083 
0.8085321775290654 1.236809519166052 
0.9692954502393439 1.0318063719066914 
0.49725180911473166 5.079445357077769 
0.9189677466292344 1.0881865614634467 
0.8872073984801905 1.1271415838205576 
0.4588473756878274 6.2567047193777245 
0.7240867190865884 1.3810834201543403 
0.8688676044513168 1.1509329467195133 
0.7056634170718994 1.4173430532095845 
0.7031088251481024 1.4224926587720184 
0.8458435300637039 1.1823107395274408 
0.9434317259938692 1.0599607373394946 
0.8772567614672514 1.1399216889506534 
0.7986880357715891 1.2520540571509151 
