1.0 1.0 
0.3893139014853147 8.982174588971409 
0.3893139014853147 8.982174588971409 
1.0 1.0 
0.45086238593717287 6.541622048595082 
0.7569931467190296 1.3210159224484028 
0.42551147313094184 7.5612373559418655 
0.6631976325265033 1.6042199020115986 
0.5492105207751409 3.757841525960589 
0.6947167268468523 1.4394356167356253 
0.7844492373869879 1.2747797614223786 
0.40595723216977586 8.277601349075606 
0.7195326900151537 1.399276756560505 
0.5099503752316569 4.758499749072032 
0.5005382348041381 5.015171328181946 
0.8729459897369787 1.1455462442771551 
0.5431527483377866 3.901386126805379 
0.46592508576591135 6.02621401912094 
0.8375173500197273 1.1940051152115436 
0.8247885178756282 1.212432009329684 
0.44024867783847527 6.947548951477713 
0.4284306206948952 7.347683160633636 
0.46516035438017117 6.2050229902769765 
0.3992663505644231 8.55795463794811 
0.43717919810882844 7.1110160843830075 
0.5060476700104941 4.960570224138092 
0.4184264934601139 7.751059639608376 
0.5568452905165636 3.58318736799049 
0.48346944014484927 5.482677057952934 
0.4036862185891062 8.464255551085163 
0.472005995799519 5.882422259017265 
0.6426644958092995 1.9011300784627447 
0.6517988296397688 1.7408897740032665 
0.4471334532171784 6.717405967551069 
0.8097478322574344 1.2349523750196667 
0.6007844374157252 2.662539524416817 
0.5777293576392857 3.1253113943926425 
0.5413491407789148 4.075491912270777 
0.5240343951138242 4.358089388629924 
0.3982663495083965 8.78026837409468 
0.5908575067768272 2.8518849196942533 
0.44350699784766096 6.793659503116892 
0.5965174319585067 2.791300297960638 
0.3932920053912064 8.801983671493774 
0.5622986907031331 3.556725919517889 
0.4763369617169424 5.795040261300758 
0.6399338691860814 2.0102607923876024 
0.4876449510198244 5.402516335217236 
0.6078573320713475 2.5956746891702 
0.45889990832317745 6.327715092148556 
0.6179225725351026 2.450980922245808 
0.8540952694539446 1.170838701086934 
0.5857880528050694 2.971791353614258 
0.6517032667355109 1.8062364513818552 
0.6098527425835929 2.4834133405589998 
0.41029990403707206 8.069288150862869 
0.5195891921178185 4.497587156681715 
0.9161264699471302 1.0960976049967495 
0.9462318163445083 1.0568805950226579 
0.5857078455954261 3.0718519405644233 
0.5158536049287192 4.655055481538321 
0.9034571528984716 1.1068593533094508 
0.49381601059237673 5.230569684080315 
0.6711698019596468 1.4904528850992345 
0.6279392814680728 2.2513195919101827 
0.4906898927933885 5.2721640916167765 
0.5665853309546313 3.395709497187063 
0.964350666502286 1.0369671891522767 
0.5311708229213782 4.182103126802424 
0.9409817943989864 1.0627198168202998 
0.8527214258570779 1.1727159300551904 
0.5391855300073428 4.181618189733537 
0.5667783156350079 3.3632288913784008 
0.6313948835326423 2.1000709427270436 
0.6192574030300969 2.3115519438186305 
0.45889990832317745 6.327715092148556 
0.4177375710478248 7.836183381613439 
0.8011998988733975 1.2481279804082543 
0.9288291346840005 1.0766824680061153 
0.4783854854780394 5.652650453515872 
0.8977454321015099 1.1139015184508274 
0.5722720170194923 3.232623943730629 
0.889411990100038 1.1279634417241473 
0.6338382206503188 2.0919755311268178 
0.5299398857553747 4.304978455448783 
0.4783854854780394 5.652650453515872 
0.41029990403707206 8.069288150862869 
0.7307072577968329 1.3685371115873726 
0.6865906057234172 1.4625605733426335 
0.9822835208136802 1.018314085930213 
0.5722720170194923 3.232623943730629 
0.7242263323458802 1.3807838177731206 
0.9888590802940819 1.0115623052661167 
0.6262564995816624 2.2857178403010576 
0.43155737735747146 7.243374945412423 
0.41544689935268 7.929634068301969 
0.7481282168049544 1.3366692734461032 
0.6735925512921996 1.484576986711108 
0.9733392270521821 1.0273910392254113 
0.41544689935268 7.929634068301969 
