1.0 1.0 
0.3893327184124059 8.990781748094825 
1.0 1.0 
0.3893327184124059 8.990781748094825 
0.6423392912869689 1.9109772005673717 
0.4409591402262392 6.882559689182307 
0.4893250358829828 5.320444240289004 
0.4278277302726041 7.530858446153729 
0.42922326408483635 7.309651858933799 
0.8426586326203349 1.1867201750374237 
0.5301713724221684 4.238467650546489 
0.6287809817968342 2.214177638841817 
0.5365423053147427 4.069573446043071 
0.4202415038796037 7.666805982460208 
0.516865102033619 4.586913732738144 
0.5735658783704551 3.212116462805987 
0.8067777261318704 1.239498773861483 
0.5801058893961422 3.0760334123496884 
0.6127442479624511 2.531691558532576 
0.6014628631542264 2.7043386084196257 
0.40200723424300633 8.42020485055029 
0.9091279816966915 1.099955151801757 
0.7700194447389184 1.298680027271398 
0.6772436318737226 1.4765735015899513 
0.5870826344928102 2.968003943397422 
0.9876923228260659 1.0179836557437936 
0.495932159088673 5.143943235103094 
0.5731188406121586 3.407233892402174 
0.4811354915895766 5.5493912505398395 
0.43438698698553474 7.115813423101897 
0.549144918579666 3.7618983812973363 
0.825152923444931 1.2118965729541968 
0.4475650117475119 6.702493637192202 
0.5247983666517934 4.369483336729475 
0.6173196379100324 2.344525298744524 
0.48469194602267773 5.48985451301289 
0.8893692809119383 1.124392332384894 
0.8857173541471566 1.1290283468213937 
0.6598053172405342 1.6613846505619707 
0.5213643222409988 4.4626999848745275 
0.6042017588364887 2.5919358119465734 
0.5050277560972938 4.864753259073264 
0.8568828997489435 1.167020616958986 
0.9171153847697029 1.0903849475110539 
0.5572917218037204 3.5634427046391015 
0.407250260516289 8.319207802924163 
0.6287809817968342 2.214177638841817 
0.41750732388877493 7.826231174624366 
0.45259507854543557 6.473480720086103 
0.4645444496882966 6.089263752421422 
0.7018925514212888 1.424719494536764 
0.8662433321332835 1.1544100414613663 
0.4583567235517681 6.313770963876615 
0.546795040696843 3.9116194458833293 
0.541268195262439 3.951560673291166 
0.7303140774448422 1.3692792896147132 
0.7874105230920128 1.2700005203679676 
0.953082858916635 1.0492267179666244 
0.4645444496882966 6.089263752421422 
0.7895358617156482 1.2665719059122995 
0.5029816020665514 4.970243017347304 
0.7161659125154778 1.3963244864424131 
0.47064226970544687 5.884954051987529 
0.6514487200322682 1.7577370669625534 
0.9314983631992456 1.0735613282074694 
0.4127533916630071 8.015698227278763 
0.6494008359151603 1.8033479685905918 
0.4763266809307069 5.744335095625888 
0.8184970248827633 1.2236020478104415 
0.7606765018533533 1.314619286450409 
0.4452903047342337 6.729366580953629 
0.4981835202755231 5.055798103019483 
0.6635154193733843 1.5847491716294027 
0.3930638736055077 8.825300566451338 
0.43424681071343924 7.150646728334589 
0.6960458880600244 1.4366869247748388 
0.5916440359662379 2.841267818589928 
0.4154214337673182 7.908278752232494 
0.40794664206904907 8.18318259111888 
0.4583567235517681 6.313770963876615 
0.39808207477127694 8.597419472622137 
0.9438048120995378 1.0622979121408074 
0.4109331130682759 8.122950412279287 
0.45259507854543557 6.473480720086103 
0.9728989267711426 1.0278560007486153 
0.5566408089563715 3.685847079230881 
0.47064226970544687 5.884954051987529 
0.3958322242376931 8.708361343538233 
0.5098665388130184 4.740077085746144 
0.5098665388130184 4.740077085746144 
0.3898205466972502 8.97953052576511 
0.7204617538592026 1.3879987408265164 
0.4763266809307069 5.744335095625888 
0.5916440359662379 2.841267818589928 
0.6173196379100324 2.344525298744524 
0.7398388012418505 1.3516510297991309 
0.5655208021549988 3.4839861031526813 
0.6676150593044671 1.4978691877221526 
0.5655208021549988 3.4839861031526813 
0.9366056260477277 1.0678652874060623 
