1.0 1.0000000000000002 
0.38914192934689196 8.989325456230253 
0.38914192934689196 8.989325456230253 
1.0 1.0000000000000002 
0.6051058347810377 2.611885378872713 
0.7503173585453914 1.3351079465522058 
0.7010405923115515 1.4264517874981155 
0.5732800902829333 3.2104572923578405 
0.6201908263015339 2.3613630248574458 
0.6271432052042043 2.1891740774177015 
0.5134213278853127 4.716005476766433 
0.6331000930588027 2.083985085096993 
0.525180664590075 4.381090123754293 
0.9190546278260184 1.0880746037539186 
0.8701582974629076 1.1492236870115589 
0.4918438921785283 5.296343900083565 
0.6539097196883878 1.7439747596729016 
0.6610916109390768 1.5906370480057905 
0.4564709566340839 6.357666265332967 
0.531140135808676 4.204720184380389 
0.8305382619392108 1.2040384484722766 
0.7335231465046196 1.3648840986011608 
0.3934662567953357 8.890529724342143 
0.41395007038862275 7.9940663426753495 
0.5487395049475853 3.762001862444042 
0.42283220488596746 7.556537969982793 
0.4969111634815434 5.0994234166560695 
0.547444731459729 3.909248296065085 
0.5882888138743205 2.9169776548389743 
0.6843609042561064 1.4630693390000782 
0.47231425732188026 5.820914288226597 
0.5383707966415915 4.004724071504432 
0.5567531891692343 3.636838779887372 
0.45926760342046524 6.261659936806602 
0.4391583916198044 7.037818285673549 
0.767388735133495 1.3031207690279218 
0.48829423823334206 5.406571413833317 
0.6499537378776425 1.8632974935339672 
0.47010982944299345 5.963089256538562 
0.4314673282327628 7.252389768329016 
0.8503809244110563 1.17611364857317 
0.45152330610626595 6.565407569032038 
0.48333498503373007 5.530373340266907 
0.5792781740409775 3.0876692398208596 
0.40427144442896634 8.344757492272707 
0.8194283393148775 1.2229660966312652 
0.8983697274786067 1.1131274456527296 
0.6667205229913533 1.5010463429755336 
0.4343064072453765 7.1335185643957 
0.5065716907883535 4.913529209786919 
0.7176209643089058 1.393496072849217 
0.5199714796210065 4.484937123366887 
0.5666073506929767 3.4038817350790773 
0.4766683136415978 5.686864165802258 
0.39590798098161983 8.681173414556586 
0.586509088846955 3.056680266712446 
0.41398315699843785 7.919075899328811 
0.8468745673187127 1.1809869526357535 
0.5092073809652117 4.780889420564664 
0.8084490185190611 1.2369368751534318 
0.5941117198675935 2.783128582769392 
0.39730567317560855 8.650633683726149 
0.4187070049223419 7.76840566661169 
0.4072744481080732 8.226970856716136 
0.46388192419794355 6.102141977071818 
0.6768036757915722 1.4775333759828349 
0.6406706037069212 1.938931423175091 
0.6128271082455119 2.457078443362554 
0.9827184852491108 1.0175854179090165 
0.5941117198675935 2.783128582769392 
0.44152236475274187 6.871503963087923 
0.8862394022545834 1.1284421767133808 
0.4807174201272372 5.638963429085445 
0.5382701389819465 4.149411232863135 
0.8795616071227853 1.1370107047215074 
0.42670066037503357 7.488030621616789 
0.46593377301412425 6.079985438504822 
0.5666073506929767 3.4038817350790773 
0.44633130447300673 6.691234809783057 
0.7738866592241684 1.292179404785631 
0.4072744481080732 8.226970856716136 
0.5585804244812032 3.537101637998806 
0.4187070049223419 7.76840566661169 
0.7998531137669589 1.250312880724325 
0.40173747647547686 8.480598704542093 
0.4296273139253658 7.414400496806772 
0.7947399398450062 1.2610025264868294 
0.441347617504261 6.873202238053424 
0.6422820573249438 1.9366072122589653 
0.972096125050902 1.0288536142799065 
0.6128271082455119 2.457078443362554 
0.40173747647547686 8.480598704542093 
0.5048798516314424 5.032094590205841 
0.9422086333286067 1.0613360620209578 
0.5199714796210065 4.484937123366887 
0.7234512786433737 1.3822631295898427 
0.9909191346743504 1.0091640836340958 
0.7815031157479213 1.279586154485721 
0.8965573293952391 1.1153998283992894 
0.9594061363634608 1.0423114493404624 
