1.0 1.0 
1.0 1.0 
0.3893040276078549 8.9855543117031 
0.41769731480719074 7.774816975500063 
0.4276400227987229 7.4188699126632205 
0.9657557480194346 1.0354586862062438 
0.4666664220870441 6.119885238855047 
0.9418291816146451 1.0617640921390414 
0.5992609008402667 2.684130501021457 
0.4704435244214639 5.880627235366955 
0.70630871203793 1.4210993945770958 
0.5085355565702857 4.773962080608256 
0.6891909408027823 1.4510158969874503 
0.48392979382676193 5.469201492576064 
0.9110246855440312 1.0976650971898045 
0.9280968352771749 1.0774737767208333 
0.880477371042031 1.1357484071910517 
0.6465385601738733 1.8343351586877261 
0.5305355665087113 4.217010504439398 
0.7226980331260177 1.394108468326595 
0.42988168668983623 7.294536866702683 
0.4142440051832172 7.901936932610056 
0.5619288249841214 3.476421320879238 
0.576127734400977 3.1657186304535183 
0.8651518938146103 1.1558812671637702 
0.402080948852361 8.529862124991762 
0.6242280743127833 2.233625562223976 
0.47849336011761656 5.701321704265723 
0.447159074500673 6.731195674558692 
0.6522263170872001 1.7326880920281722 
0.8285536350721574 1.2069250555343014 
0.593782355731743 2.7965596215270145 
0.48932364687735563 5.377003159564545 
0.44173170391249594 6.921457191141841 
0.6750344587621396 1.4814497917983058 
0.7332645467769805 1.3637643728233038 
0.7522413179445411 1.3297973963968999 
0.39685936959732526 8.814969250978372 
0.41011525926195175 8.165989550975306 
0.5059296318504636 4.986663047370409 
0.5222780341351111 4.435848047996188 
0.9835197377572982 1.0168410536812682 
0.5855487511150468 2.9644350447883765 
0.4121138234701833 8.085606306434762 
0.8175086317977924 1.2232287043957095 
0.44937056434596817 6.5793198738239145 
0.7856957807438012 1.272757248426766 
0.45621352319338654 6.376567800800311 
0.8546038202407011 1.1701346508516062 
0.6101722997753625 2.4826556836592593 
0.5164418234364048 4.628834336978673 
0.4522004122839854 6.486823125050041 
0.4041679777341142 8.325186155822747 
0.7695574948539354 1.2998749966754453 
0.6593864744926099 1.6376158322347771 
0.5909429044945139 2.9362637273096213 
0.43467413211737677 7.111472357019769 
0.39821482260758045 8.619770432638687 
0.6728995771537182 1.5924166804153799 
0.3893902836130391 8.98410518428725 
0.6101722997753625 2.4826556836592593 
0.5559332834071841 3.7175821828559035 
0.5535028414939107 3.8251206231660375 
0.49237133803393623 5.2222163270409405 
0.5411791832936388 4.045668568637649 
0.5424889700033652 3.9262113523322943 
0.43467413211737677 7.111472357019769 
0.5678576932605557 3.3334128141859067 
0.6384451717199446 1.9772756290592817 
0.5012528855273871 5.129685463540994 
0.5153572000008849 4.638576205727218 
0.6384451717199446 1.9772756290592817 
0.5678576932605557 3.3334128141859067 
0.5462751731925086 3.8563289406818337 
0.7981172957502344 1.2530151557737323 
0.8947938273965594 1.1175762513806842 
0.842609031383584 1.1867901838537886 
0.8968790798756755 1.114978892681987 
0.8068918604914048 1.239323444887093 
0.5257233091005536 4.409110543762485 
0.6301989597502937 2.118487981081241 
0.663235022152643 1.6004955373001282 
0.6301989597502937 2.118487981081241 
0.7775773431826699 1.2860476859070202 
0.39748098407235194 8.745056995932698 
0.6198871877727757 2.355792884107803 
0.5804941179631226 3.1188238135562507 
0.4948812059264353 5.186800710738184 
0.5026663680560279 5.038814913436217 
0.4588400737665765 6.2764871141635235 
0.5581002803211855 3.5891819051191067 
0.7454813889940892 1.3424498640332587 
0.4588400737665765 6.2764871141635235 
0.47544926081223937 5.729744396041043 
0.5411791832936388 4.045668568637649 
0.4041679777341142 8.325186155822747 
0.844581706835047 1.1840180960746645 
0.5276588570076106 4.281996613535941 
0.9900559752156076 1.0100439015907428 
0.6173706749469151 2.356608281080406 
