0.3893715690339364 8.978079145215435 
1.0 1.0000000000000002 
0.3893715690339364 8.978079145215435 
1.0 1.0000000000000002 
0.5969176328261763 2.731680239093064 
0.6088358042447166 2.67820665373036 
0.5416628489130935 3.96469571354472 
0.5344062388306033 4.144322996456991 
0.5728634618663697 3.3950610698334733 
0.4372895341210061 7.011994484085153 
0.490954648787517 5.25880394298572 
0.5617590265257286 3.4621721162916947 
0.4470071591201346 6.745272179291974 
0.6689168223601002 1.4953869573290424 
0.4863346626861937 5.436360072427397 
0.5757831904728139 3.2096969580045385 
0.65608229466761 1.6707976710088361 
0.5560252105087193 3.5970760944054376 
0.44260211626150264 6.818979997283542 
0.6841696108722809 1.462700678710179 
0.77567062513532 1.2944831416157099 
0.7322126030206846 1.3657243065597484 
0.42060355749420963 7.645982229403326 
0.5802946301755539 3.093328435975161 
0.5877779981221488 2.912876707058953 
0.6114018689871069 2.45417844574378 
0.5459364815349828 3.8290569018224403 
0.48142134424190236 5.541337532038553 
0.4986588174950016 5.166974765993656 
0.7891961707067314 1.2671663793194394 
0.4069582436897635 8.331021583469445 
0.9276444941635864 1.0783600526570556 
0.6615743297923339 1.5834800713955917 
0.621210784641618 2.3897764225082057 
0.5213671409021936 4.504672764442885 
0.4286787805498765 7.340990581729359 
0.47738077174349913 5.684486028114214 
0.7152938468127306 1.3980477945393852 
0.8831025532555887 1.1332034786380847 
0.5004687244885556 5.020607893530373 
0.46919470945703284 5.930783078110357 
0.7548109108610913 1.3257096955267273 
0.5040268247833386 4.914198272080782 
0.7629287046907118 1.3120111548484437 
0.6947468884295749 1.4401318753697918 
0.8555070699813474 1.168898993036008 
0.4259860009118193 7.449596936172474 
0.8651434259963272 1.1565356239590672 
0.9594085366871067 1.0430755436466101 
0.4165232895884293 7.849697809642335 
0.6508998941140467 1.839212527425144 
0.8092766156903731 1.2356714692563615 
0.5871868319650131 2.9814336270594244 
0.9476668006304861 1.0552232316031505 
0.8322717113657994 1.2128806008507094 
0.4684537330161054 6.096726915054992 
0.4245034183259924 7.575739528568208 
0.6258903011013937 2.1872486069402806 
0.986389095396699 1.0145437434514004 
0.6423394035656742 1.94217407043094 
0.9694725455376269 1.0314887250834361 
0.8760514378457511 1.1481333512850425 
0.5168473187338716 4.544066061232433 
0.39425383069561876 8.815551647616976 
0.8981608384268094 1.113387324504654 
0.716361324516068 1.39600430838091 
0.4012741396694699 8.449031663348396 
0.8190597122772886 1.2210889373744642 
0.4155099688661681 7.862643732851561 
0.4369436034636634 7.176762504722241 
0.4539663258825743 6.551017921195575 
0.511466586265021 4.858658526599686 
0.39895807584133525 8.622462586968457 
0.5153589709302945 4.683412372616204 
0.9097926468119598 1.099934814123506 
0.41116133943416794 8.026579664896724 
0.5120661988764722 4.7135284189612126 
0.6423394035656742 1.94217407043094 
0.39425383069561876 8.815551647616976 
0.39895807584133525 8.622462586968457 
0.5259701160184148 4.3241591168679 
0.4747058797094262 5.86269658122449 
0.4539663258825743 6.551017921195575 
0.45531524193239303 6.398711056310178 
0.43228124466503626 7.193806416797738 
0.4088773639968937 8.199446814585828 
0.41116133943416794 8.026579664896724 
0.45917934288371587 6.26176748152147 
0.9881551836190565 1.0125727964367615 
0.9169107529508863 1.0909837869758903 
0.465027494010656 6.167690483715324 
0.5543870147806375 3.7607443778589014 
0.625959717587442 2.187006049618872 
0.6328484488819291 2.091761144830707 
0.7421937025535782 1.3473835414675652 
0.8270304613572143 1.2205671502060853 
0.8449558512611006 1.1836455698755834 
0.6947468884295749 1.4401318753697918 
0.5542352136573038 3.762832047181781 
0.9476668006304861 1.0552232316031505 
