1.0 1.0 
0.3891173659830241 8.989681670688057 
1.0 1.0 
0.3891173659830241 8.989681670688057 
0.43183559930381676 7.216178959042957 
0.5848743859476301 2.971509913228652 
0.4003643847745826 8.4917114849228 
0.4817375078365795 5.565382622801787 
0.42257939685532575 7.699911849248503 
0.6172506615445547 2.3449137247974394 
0.6138014082324115 2.4967372730758775 
0.6058625983695716 2.6447855265343843 
0.8893611260044897 1.124620729527924 
0.7143479576511834 1.3998926726327021 
0.4868380957317375 5.392849844402928 
0.6621283450140081 1.5720486789254453 
0.7681762707788694 1.3017845717144207 
0.5942977598509491 2.8776383362810924 
0.4767209598275841 5.733695161264731 
0.5507859866354011 3.8447056589147506 
0.6464132884173861 1.8432116731225083 
0.5696611767336967 3.288061352731782 
0.5427354228461202 3.9040137427371198 
0.9741405584365467 1.0265459038118243 
0.5537479412182115 3.645542996137214 
0.43623619395148416 7.053020280772251 
0.4161351200810699 7.824239470375372 
0.5011632816419961 5.053343621619065 
0.9575001194010035 1.0444573751897797 
0.5591535197000765 3.5791792299132856 
0.8730910535596516 1.1453585260205332 
0.5310043186830063 4.25637502486219 
0.4106731731802591 8.05037967171247 
0.5045382758174515 4.912416191236056 
0.7368477024563459 1.3651937169859918 
0.5146912840424517 4.7090371498508645 
0.49089113352305663 5.264127476518 
0.4251962962820389 7.465538580241855 
0.4958033434024899 5.16285454437351 
0.9038530598738242 1.1063745252348847 
0.6968010297185834 1.4351331865721657 
0.6417243099645972 2.0341316539522976 
0.7249852826887835 1.3817668840586268 
0.6759808334331281 1.4795717080418918 
0.8258354604361537 1.2108949852176547 
0.5165293911225656 4.558220003597763 
0.39876420142308905 8.662874453790955 
0.5213550864194497 4.473709024143838 
0.9250042814898205 1.0812698156675593 
0.45616229746072756 6.409132833450713 
0.9130796144294835 1.0951947634215136 
0.460948460018104 6.1955347923357245 
0.8146490448523095 1.2343125588231285 
0.7882741778234922 1.275674398544134 
0.4394921943977767 6.9402680981203035 
0.41476580814986275 7.970943843793086 
0.7597010447637839 1.3165516119270677 
0.6308530028137297 2.103997193505018 
0.44531161875430236 6.721074324798059 
0.5368683567882041 4.079055748796133 
0.6572122506864423 1.6513442089209522 
0.5653328774861094 3.440060573965678 
0.8366821540395035 1.1994968276489815 
0.4076175969614392 8.226512836396617 
0.4582179482322246 6.338276684709734 
0.42498535931611303 7.473673831879545 
0.8590614593649584 1.1648278987543614 
0.47227997210248196 5.848439123676612 
0.5768328513494393 3.1403842893515646 
0.5768328513494393 3.1403842893515646 
0.538646879870036 4.0655873800513564 
0.405731461713249 8.264755657805875 
0.4514766846905571 6.554358533982622 
0.7987934887452247 1.251890878276485 
0.4508980076512469 6.588843613128252 
0.526602703611408 4.374336769783804 
0.9351519768570422 1.0693449030187647 
0.9731070476515933 1.0276361705665453 
0.39046411426675304 8.953474944529514 
0.8053555380599299 1.2417779487639775 
0.9475988281563782 1.0555191198505707 
0.46557238029560577 6.135004489528275 
0.6257875239092859 2.1978534575473194 
0.6369912947881184 2.04924579455027 
0.5688230106062285 3.4189533593830297 
0.44531161875430236 6.721074324798059 
0.6257875239092859 2.1978534575473194 
0.864887777281115 1.1562193688800038 
0.3955016372774231 8.842328979069215 
0.39740007633616714 8.773935917961506 
0.846475695186827 1.1830579886386037 
0.5083153499295334 4.79826224308281 
0.5990724605689137 2.7480212705605496 
0.5991485787123513 2.747672151352604 
0.6553072333210559 1.8120993533072218 
0.6563342775969012 1.7842852464428618 
0.46821975052450365 5.9804077775771445 
0.4703604448635033 5.913990685941194 
0.9416853230558824 1.0619258636790467 
0.7483008330698708 1.3386102549077172 
