1.0 1.0000000000000002 
0.3897253857352129 8.969366402621834 
1.0 1.0000000000000002 
0.39899402751589214 8.555933465746113 
0.4827208127340466 5.5056367313781145 
0.39225609651625115 8.856413397400221 
0.4036954522517587 8.357876878231354 
0.40927024439478843 8.157899180365758 
0.6538991061049665 1.723169809129685 
0.6625928327711785 1.56457052733453 
0.6299483889857221 2.227124271707788 
0.5787783779634015 3.099803494786773 
0.4906341617692681 5.270079778787512 
0.42059429798268355 7.711041123598793 
0.5279632393982445 4.267923768330793 
0.6455132266082875 1.8507745538906142 
0.4519510865218165 6.500553193589598 
0.6348540456704203 2.02963571124627 
0.5330285069076302 4.1543066647387965 
0.620579177393187 2.286867713036438 
0.5590715545604898 3.601267464088619 
0.49332281113027776 5.221650205795213 
0.9566881147017757 1.0452808765978927 
0.9363316645406838 1.0680239239801532 
0.6187277747091509 2.4746679673805674 
0.5623905893301834 3.4740286047483058 
0.5736686640820601 3.29962800519542 
0.4680226426299353 5.975090936529464 
0.5010893895573358 5.018895010345291 
0.5406896487893692 4.030113571888915 
0.43809415379432165 7.098085560554943 
0.4148889485648762 7.886039224061506 
0.4134617946338044 7.970100034904892 
0.5514439403043815 3.7197665220337983 
0.9850811384522343 1.0178915656279144 
0.5924593535579146 2.823673463767258 
0.8553960951035122 1.1691447104377546 
0.5240170251560075 4.452475380624284 
0.454256058991997 6.415889862617655 
0.5424459511837496 3.911406441368566 
0.5676896989797763 3.334380019771405 
0.6452812168079607 2.021713366236484 
0.42272080521590494 7.56750633129105 
0.4717255560037217 5.845553448655381 
0.5019575924595763 4.968444012946647 
0.5488142170354403 3.80626007192306 
0.8435157336660475 1.1861646187250479 
0.6747865095777438 1.546256654726076 
0.5141228677498358 4.683665357995008 
0.9759399932854664 1.0246532664518269 
0.46694970458354645 6.151279964221941 
0.7808993728114968 1.2805805092198073 
0.4304430864607536 7.264512085029022 
0.4468639354212892 6.729748897532252 
0.7124462522992637 1.4037045288441632 
0.5872897370525657 2.9577483708167924 
0.9296228681936743 1.0757144433897259 
0.6864959303634447 1.4569900796592623 
0.7562679299801288 1.322282708245744 
0.9635881897065739 1.0378126386181108 
0.4811073028792794 5.697500085136044 
0.8176861758108894 1.223386304513593 
0.47498657319714993 5.753116898714112 
0.5152890562029827 4.592553000940134 
0.8343290086915095 1.1987408853992232 
0.8066270854957324 1.241891313326585 
0.5077890437939122 4.795806909663859 
0.7995935956694815 1.2528154002188499 
0.5216383524832691 4.51580732015865 
0.5840032531021502 3.001148655196499 
0.7415608857276554 1.3485200646904631 
0.6788161120132337 1.4731596654630958 
0.8251389119276833 1.2119184984339113 
0.7205403791391976 1.3878630655453457 
0.4255325915613196 7.459940245010578 
0.4304430864607536 7.264512085029022 
0.7012262888273199 1.426210874935949 
0.45909709018225986 6.263915453486535 
0.9027105875027803 1.1077797583506184 
0.6975015047761508 1.4374679528167362 
0.7689349896609926 1.3005059334408178 
0.7501765446930273 1.3330285914785442 
0.44189763513420116 6.86543150668165 
0.5990389378274752 2.757274555317117 
0.6051298804594535 2.6420874304387283 
0.4468639354212892 6.729748897532252 
0.7334208019187848 1.3634742875840271 
0.4630999037056594 6.209773171689424 
0.7280299125475155 1.3738690444270925 
0.8664794739792702 1.154494825230065 
0.5077890437939122 4.795806909663859 
0.9160994895991427 1.091624989497721 
0.6086204379086034 2.515430516975469 
0.44031575546103974 6.990932931551546 
0.8944246205211877 1.1180543939780903 
0.8782867795769705 1.1386685798353087 
0.6088892529592089 2.514319993873888 
0.4255325915613196 7.459940245010578 
0.8685277721565315 1.1514678654848365 
0.8905673176962785 1.122962330967268 
