1.0 1.0 
0.3899959838414279 8.95173537908444 
0.3899959838414279 8.95173537908444 
1.0 1.0 
0.6298894682029479 2.1262683725917584 
0.4835878532822595 5.483495452665981 
0.6057963299812469 2.5650739839033894 
0.7389085711101029 1.3533474112997337 
0.47776781013882147 5.685136459901564 
0.41029593575871387 8.178505854137955 
0.42731735521603426 7.45117550564795 
0.8072266771884651 1.2404889939188888 
0.9823396210823533 1.021049587266838 
0.662835558000525 1.5687299126132892 
0.4029166071491373 8.37519594193777 
0.6207356652221674 2.2869125510669934 
0.4119789891287797 8.00402992231171 
0.8244169985503592 1.2129784723383992 
0.49017198015295615 5.303457009066886 
0.645445280560999 1.8658928238456598 
0.5117581570763422 4.679009168442417 
0.3944808039641488 8.749533479749859 
0.4760818544972867 5.875967858434658 
0.438055048859848 7.033379891773295 
0.9464252477169268 1.0566140386934366 
0.7704937014710866 1.2978691429893892 
0.5410081424423202 3.990999152133532 
0.4311114176958506 7.284175151764811 
0.39792169389313087 8.625434195626495 
0.7120187681314506 1.4047106539167367 
0.43292547430956263 7.173151698031105 
0.6129358950295463 2.446126561661407 
0.726368356123018 1.3771614026170689 
0.5209252725283177 4.453076398577439 
0.5724609017365949 3.286528994101134 
0.5632437229592414 3.4394474509898587 
0.8353182860951415 1.19714954483895 
0.7920575607120861 1.2625345069618548 
0.9133373727413583 1.0949167487483873 
0.4005304603556469 8.480726964575585 
0.4157590418695899 7.83969065804592 
0.532140576801527 4.344656699048118 
0.8599316747784558 1.1628832179257313 
0.44046563311228626 6.900153299887546 
0.5530664254468997 3.688023496465322 
0.7605664620805812 1.3148139843231377 
0.5157936194143975 4.5813991849826206 
0.8721715027814828 1.1500232023899302 
0.9668527499254129 1.0343348274733082 
0.4698550271446089 5.953840042982117 
0.5596520542066498 3.644625185992959 
0.9612511939903225 1.0403108632281244 
0.44444226912336765 6.809176484483166 
0.45275579489323764 6.532321335062192 
0.6692187698353788 1.494279996303563 
0.5031743534551159 4.920669862666033 
0.534332594041005 4.1483107712332155 
0.652839457251593 1.7243006073839866 
0.6933392496727471 1.4422981628071048 
0.45688294883304176 6.323885542372027 
0.9038988932363595 1.1063185149322234 
0.9356779645586913 1.0687437820463257 
0.45331669864405844 6.494433326350354 
0.6190795146951366 2.4008396200853923 
0.39088891337264753 8.921680340660666 
0.5004978584158273 5.00126836037141 
0.5258032174740708 4.382548400560965 
0.5935171877426287 2.838714185205099 
0.5836699477534808 3.0206367492241197 
0.6393344114702844 1.9530012133919032 
0.652839457251593 1.7243006073839866 
0.9991475975470655 1.00387316861336 
0.49442623462239205 5.216420534798383 
0.5444158005907522 3.928028080733624 
0.8806112266846551 1.1355752731288062 
0.6806331315036687 1.4692202827238552 
0.420959332655521 7.6348011485262095 
0.5328003824119669 4.160240361027753 
0.5891882099221925 2.937111548797037 
0.894422095824542 1.1180690502751538 
0.8470840538071188 1.1838468537400337 
0.4590261477602011 6.2848442573293815 
0.5486215239155082 3.8058935754638603 
0.7163608301793833 1.396196312314375 
0.420959332655521 7.6348011485262095 
0.6393344114702844 1.9530012133919032 
0.5962827586858351 2.768987893320567 
0.4630155063913841 6.133700470117925 
0.44623674614271586 6.688277322624219 
0.9270942724368326 1.0870481245780714 
0.6933392496727471 1.4422981628071048 
0.7850709848532205 1.2737713216868076 
0.5632437229592414 3.4394474509898587 
0.8886628946299349 1.1253385623725367 
0.578254711515854 3.1158960362467365 
0.5031743534551159 4.920669862666033 
0.8508878632105131 1.1825392925630724 
0.4982600762198551 5.113870536194098 
0.44623674614271586 6.688277322624219 
0.4682412509932786 6.065246116612414 
