1.0 1.0 
0.3891519450495621 8.987905840336328 
0.3891519450495621 8.987905840336328 
1.0 1.0 
0.624857636860354 2.32399872669923 
0.4491429176061528 6.596279736807986 
0.45480515554390966 6.397418917871381 
0.77064610604174 1.2976127199606646 
0.4260554635924584 7.486822284039601 
0.6118970534239102 2.460423084098226 
0.39820747547801577 8.689924352092211 
0.5218617510886636 4.416066533660146 
0.4374469243680808 7.104070738852652 
0.4601396843756415 6.227116131728082 
0.4830142148608015 5.501349938183941 
0.46974697465356335 5.912895572171638 
0.47821423403170144 5.711117463043759 
0.7904909072137892 1.2650366894128042 
0.6656210562194456 1.5215953443384473 
0.5014645504926085 4.996245780810503 
0.9435721973977049 1.059802464067789 
0.5923701541287908 2.822345678951761 
0.8141288195859329 1.2283070758955794 
0.6399807573087131 1.9747499838220446 
0.6931645728486077 1.4427658236318075 
0.5882795503083053 2.969361463514634 
0.571415591657225 3.2637651275306747 
0.44196635161823955 6.854577072800862 
0.5499234636177428 3.745578506860224 
0.40296903087353775 8.394857578317298 
0.9627665986268634 1.0386733844197413 
0.5413299391033257 3.952987397623894 
0.49138657085424486 5.247703852681123 
0.4149318320157733 7.872427112165434 
0.7987110991723048 1.2521294134361165 
0.4078070608852067 8.264193976432102 
0.4181767602182378 7.789493839857547 
0.5142934914623657 4.72092487934035 
0.9285458445192729 1.0771201567390731 
0.7235057945776963 1.3821633236878292 
0.3928627978310699 8.820628140790133 
0.41234863871639926 8.061942743851981 
0.6315658358132872 2.0899998865785117 
0.5319106447599342 4.166433622953872 
0.8599029987544305 1.1638624418136723 
0.7566806949244234 1.3216125358379454 
0.6072414571070479 2.5372620981860057 
0.4299229439409571 7.298724768101746 
0.4736448238535187 5.792674297471609 
0.8256603381837848 1.2218629179049538 
0.441677354831076 6.859062135776668 
0.5347632314849748 4.0910573780709845 
0.5983472546868369 2.7172804759295173 
0.6049342869225067 2.687692445501682 
0.9815419844662572 1.0188051210223432 
0.4329707453646651 7.180569596371556 
0.7044566979190876 1.4195336704794472 
0.6571424259465729 1.6671204218336009 
0.8415726659202357 1.1882516519420714 
0.7124068879894052 1.4036922114670816 
0.563245198942196 3.43564895192309 
0.5761146068690431 3.1844475928940916 
0.9570651760637668 1.0561799896835768 
0.4089997667564176 8.127953573667302 
0.655933580168993 1.6852675888496917 
0.5577024410437516 3.5937105619477174 
0.6794443931931787 1.4718999315871486 
0.6485543905414367 1.8159019398749017 
0.4658539942393386 6.105400195228971 
0.6485543905414367 1.8159019398749017 
0.870686613141717 1.1485203868405274 
0.5810936649234469 3.0490201353733846 
0.4287412096670433 7.439922888536915 
0.9899299843845578 1.0105239929676286 
0.6386667339502375 2.066762608806051 
0.5519094970843814 3.732100129869351 
0.5403871494141975 3.9735197441202383 
0.9081745273208178 1.1012811034664745 
0.8933217826163203 1.1194190800752912 
0.489656734156499 5.392088951034179 
0.5562438359627547 3.603134135111843 
0.5150839476566083 4.595472478572094 
0.5084429990178781 4.849157919073864 
0.7462551082029795 1.340028581042442 
0.4969092826279093 5.1354982860454745 
0.39593938077196705 8.73970361724264 
0.5799589290056919 3.0995374566017255 
0.8355194161496897 1.196860277503711 
0.465528259556673 6.109672203542781 
0.48802624261260114 5.418278772008313 
0.526221003607419 4.305420484689466 
0.8846903058096135 1.1303390502182176 
0.40296903087353775 8.394857578317298 
0.9197202104235166 1.0876481002800888 
0.5150839476566083 4.595472478572094 
0.4181767602182378 7.789493839857547 
0.526221003607419 4.305420484689466 
0.6739802955585349 1.4837231835675637 
0.49824468858531623 5.121173844399957 
0.7350144917381163 1.3605484365603595 
