0.3893257124536732 2.4976307534866704 
1.0 0.0 
0.3893257124536732 2.4976307534866704 
0.5412141086066127 1.1424831220285372 
0.5326322572183131 1.2469104576487315 
0.5257911816451203 1.3152941588080833 
0.9140384683667415 9.664547263912797E-11 
0.5636927656561816 1.0189679866301395 
0.6491272956687808 0.19022505755293687 
0.6142276060683716 0.47723172871370956 
0.6594947347134263 0.0861640298402102 
0.3967093676051077 2.4976307534866704 
0.4236291694169131 2.1943851906999767 
0.8763485232340933 0.0046075798747624575 
0.6679131617673616 8.262163105856988E-14 
0.71184872323784 8.835867371172005E-11 
0.858444524422169 2.8517701026462863E-7 
0.7341549212442661 5.374778365763921E-15 
0.5544485346564245 1.0588299948727393 
0.49855529628454914 1.5349456358761038 
0.47453263931793643 1.7550766008246843 
0.41083104729338316 2.325423537502499 
0.6074128742072886 0.5392328992860667 
0.5659123623602336 0.9114142688502287 
0.43704770940789933 2.1248595726109802 
0.8132940458868037 2.584427595693325E-7 
0.7828666590810679 6.81533676716306E-10 
0.8938400145977742 5.259246062629987E-9 
0.7718128430655464 3.0289456176623337E-9 
0.4886547208940439 1.655575810897625 
0.9760565437011369 1.3294740131594533E-7 
0.7583136722010055 8.262163105856988E-14 
0.6936705464598775 1.2591228025827438E-14 
0.8278419801990478 2.584427595693325E-7 
0.48257457764372963 1.7425743792418178 
0.4585754269750807 1.878672935899217 
0.4088805083299673 2.347453728763828 
0.45202515522773723 1.9384601195382267 
0.9905654916090441 3.497597569370114E-4 
0.6366385350983803 0.27573815274045155 
0.4683448570188728 1.8025214808560213 
0.4293643584769357 2.1568590192477664 
0.4037276606261637 2.403823338072166 
0.48262019854154303 1.6832274475733093 
0.4201015237651031 2.2209783792832565 
0.5185157202456995 1.3686251613360132 
0.49673527378291776 1.6030474728471837 
0.6548176303246208 0.16103246586395703 
0.40639145124822035 2.4046412394870957 
0.5840775679773997 0.7900226132470043 
0.45506572316417543 1.922298331859291 
0.39986007611727714 2.448769249207997 
0.43008645979291477 2.136271523313123 
0.8485323158697854 3.497597569370114E-4 
0.4913142733113272 1.6111288326570936 
0.8375061971147697 1.592274326246962E-10 
0.5151566252096672 1.365203737523112 
0.5885004805344716 0.707391286051976 
0.796896553733379 1.0069853466477785E-7 
0.622274426728197 0.4090506503887755 
0.5031300893811022 1.4840014825382761 
0.5962095356447048 0.6365835350970939 
0.41518233961023576 2.274208759205734 
0.41801516514614545 2.2580408652366266 
0.5706985302739191 0.8816144699123418 
0.44161921325919173 2.0788839851036016 
0.46383531184571836 1.8561355475816126 
0.602408418956903 0.584963496055648 
0.579329776178109 0.7905633664093868 
0.47224227822849413 1.8025214808560213 
0.5909199263175458 0.6921313986156328 
0.8884342777399262 0.001498549325308171 
0.5118520596215551 1.4430290885388326 
0.8025397976097951 1.592274326246962E-10 
0.442622339538223 2.0171333703466385 
0.9429333153013113 2.615951035325227E-9 
0.437304217257247 2.068334271027467 
0.6785942772860966 5.776284436984254E-8 
0.3968570052630787 2.43139075280769 
0.6295657722130408 0.3759557999977755 
0.683382344033451 4.0333995186486726E-4 
0.5498626943923706 1.0840369309475144 
0.9651896248889607 8.262163105856988E-14 
0.9504519363075153 2.615951035325227E-9 
0.4459986651350286 2.028522794148675 
0.9302026324843129 8.643773165653047E-9 
0.6341570634306063 0.3610560168920638 
0.5063708182310332 1.4840014825382761 
0.7477676817653583 2.480368129670416E-14 
0.6018309126054476 0.6400006231492106 
0.5781511063562375 0.8776729086991067 
0.4473051953109447 1.9795064699246963 
0.5498626943923706 1.0840369309475144 
0.4625833313805703 1.8561355475816126 
0.7068382148310278 8.835867371172005E-11 
0.933657799414212 2.8558737036431813E-7 
0.4473051953109447 1.9795064699246963 
0.6364510968768076 0.27573815274045155 
0.6249204397320348 0.41109189822626946 
0.7382364600730671 3.787747549507163E-16 
