0.38914638452387706 2.4977948878232876 
1.0 0.0 
0.38914638452387706 2.4977948878232876 
1.0 0.0 
0.397386422785535 2.430704500443192 
0.8203490300944193 4.93135498719982E-7 
0.5862351954759312 0.7344884304160099 
0.5995213447288906 0.6322721046975334 
0.40363206863656836 2.370064251989259 
0.649987155825431 0.1876717041705374 
0.45914460073463725 1.8907806419461495 
0.6433731830906473 0.2684332880577034 
0.39079833874942543 2.4927421929012663 
0.6239083879864995 0.41223717041608343 
0.4530169316596695 1.9295336821222335 
0.7324221871631127 0.03131713990967574 
0.6137762845782604 0.47619205729051 
0.544285363026321 1.1184500216626225 
0.8415626074546446 1.2090085211687816E-8 
0.42213559712198895 2.215073660192115 
0.5084710438958511 1.4530173127969397 
0.463815073184894 1.8440074422393853 
0.44860310880953785 1.9666491296192814 
0.6091921955155913 0.5266234443415942 
0.6604000132642787 0.12823261316052417 
0.7077715373473942 0.0015426084392710093 
0.4797648120011662 1.684581672017134 
0.7783268606915461 3.434066355231191E-7 
0.5121552906112852 1.3922363367251398 
0.6358878540954471 0.34718510076251075 
0.42471249647751264 2.1935709233014196 
0.5724982325818797 0.8709059392033492 
0.9834346058302808 4.668241516511083E-9 
0.6049202204780609 0.6266528222881762 
0.4933715830166992 1.6040246419636768 
0.5792786950397363 0.8096697664443357 
0.5019997586242002 1.4866672759455297 
0.5504583694981059 1.0488417516095798 
0.9754656214946574 0.001288461971233168 
0.686162844292442 4.187869953721625E-5 
0.5412263278232029 1.181705714360224 
0.5264223808903217 1.2975931934011404 
0.9372319874115231 3.36162837518274E-4 
0.5219507915866355 1.3040731406163486 
0.8561480281942158 5.036893364876096E-4 
0.8026803862625687 3.673315813919292E-4 
0.4133925212302324 2.290894894717036 
0.7901384132635956 0.0051163455361207255 
0.6621877116390714 0.053198774177279334 
0.9027192524028987 1.3035944354105629E-5 
0.6287816553318187 0.34718510076251075 
0.4797197184066074 1.7759495988186795 
0.9227429472132888 0.001560663316018271 
0.7376590917407878 0.002025260985731192 
0.5629251857619146 0.9404193777583942 
0.4113960897505352 2.321477226160466 
0.44358735834904733 2.0197409654355263 
0.43889658228901296 2.0697666072861693 
0.5698309495298348 0.9136839394456823 
0.49752554868669846 1.531214342069319 
0.4457167302277618 2.0197253544273983 
0.48441209463856194 1.64143224461191 
0.4726783323861163 1.7759495988186795 
0.5836088141950692 0.795345283149331 
0.667590845500944 2.8656137281762514E-6 
0.41617683037902675 2.2579936550667705 
0.44001340000591804 2.0697666072861693 
0.4091939143070432 2.348053183339856 
0.49547848881289874 1.6040246419636768 
0.42876697249356366 2.1485526131645902 
0.40903526970183196 2.3907440453348086 
0.48441209463856194 1.64143224461191 
0.9602484718492846 0.0 
0.4320863533103778 2.1250568115698925 
0.8708939345451527 5.6365751598841385E-5 
0.530404719317909 1.2295743883760597 
0.7636134485523975 8.692525052314856E-6 
0.7636134485523975 8.692525052314856E-6 
0.46711114232021755 1.7962667920730493 
0.7487746216039723 0.0015841418855504497 
0.8494558997373292 7.773736736994743E-6 
0.41617683037902675 2.2579936550667705 
0.9233931985673736 1.4313878433218352E-4 
0.8910177887988278 1.3035944354105629E-5 
0.5170202876388249 1.3533383891966506 
0.6955660242783922 4.741660942222947E-4 
0.5543877901795956 1.0488417516095798 
0.6744426758885184 0.0017674764042312496 
0.9502464358013372 0.0 
0.5007146870681087 1.531214342069319 
0.535037967107645 1.1897739325234982 
0.7992742007155816 2.3139523994311238E-4 
0.8837650549156036 7.137214608815279E-4 
0.9452241639638757 1.4313878433218352E-4 
0.8718580421993471 1.3035944354105629E-5 
0.5170202876388249 1.3533383891966506 
0.5563609506263377 1.0051372281550868 
0.4332933287639851 2.102059552129199 
0.564164945476586 0.9341150813225614 
0.475083315807313 1.7708985312137044 
