1.0 0.0 
0.38912496898724874 2.4979563494660466 
0.38912496898724874 2.4979563494660466 
1.0 0.0 
0.43399868871087993 2.1125028467458726 
0.844945300112283 2.3087780424069036E-11 
0.3933541632062936 2.4617610091926823 
0.8715267955742815 1.0799714175813158E-4 
0.49142792273042324 1.5822506310452584 
0.5989178975299311 0.6343218227025451 
0.42645082442089616 2.202077384991747 
0.8218426587799965 6.676037385662546E-12 
0.4004188572090023 2.4294615580640544 
0.574151910042558 0.8337338660180749 
0.6187075741198576 0.44463563035466136 
0.4530009516598671 1.9338719865622602 
0.6269906430186807 0.3758780738329471 
0.4291162995290256 2.152112282749121 
0.4760421491328586 1.720532326782136 
0.5004335491375863 1.4980121312151835 
0.5061765086310828 1.4459816825478036 
0.5352493086072595 1.185763115618271 
0.48738305739344845 1.6211133497344443 
0.7982731561939603 5.772119305914408E-11 
0.41509527506246147 2.270968428218975 
0.6375542494879701 0.26339337979847255 
0.44402182986096317 2.074530780980862 
0.6043359438543221 0.563486301372294 
0.5442585954704834 1.1767404008862528 
0.458125135764601 1.890147428367158 
0.5129873627134394 1.3886378427669206 
0.705349639359937 0.0036148492075676053 
0.529007112910958 1.294014775051517 
0.6325149031557962 0.3133211901967778 
0.9849448244408403 0.0 
0.40966554749695494 2.316275751167569 
0.8300259629913835 1.247531358743165E-8 
0.5297519686911303 1.2363031394872426 
0.6454688326454684 0.19142975313257982 
0.6628215364309817 0.034896121727630125 
0.5604814863926294 0.9623703288646449 
0.6504705214836344 0.18410375704550908 
0.9080484630421146 3.7240223790125076E-9 
0.586639321517171 0.7273406326633527 
0.5531926129558586 1.0256052659682666 
0.4044117345385048 2.4334864047240234 
0.9470351499115994 8.007694358340334E-4 
0.40635522639602645 2.3604786471461034 
0.7281978691423755 4.555760538680186E-9 
0.4118081238004617 2.295393133208172 
0.5480442580647318 1.0727253750373222 
0.566085537352633 0.9230098290752284 
0.46633861134086335 1.8056552368579848 
0.9408537545967204 5.354530403811099E-8 
0.5225038160107889 1.3434211736107005 
0.5453626623059002 1.0929311584800847 
0.41962692925496586 2.2329034115470217 
0.6117815923584099 0.4974313657018248 
0.9279603013303989 1.9460341407978934E-8 
0.5182342955941583 1.3935346300903708 
0.41962692925496586 2.2329034115470217 
0.9617591359442884 5.480813487246383E-4 
0.4445182774412479 1.9998424267089163 
0.7538733583770207 0.010524919463629101 
0.404502680844165 2.365860377077084 
0.7813397909599955 2.6543603310794606E-5 
0.7721053112874572 1.7211360902511033E-10 
0.4820773893978302 1.6718042425361506 
0.4820773893978302 1.6718042425361506 
0.6901127681558448 7.762346591873998E-4 
0.6103920521428214 0.520233513736529 
0.8836785984084962 6.676037385662546E-12 
0.5889779783337387 0.7273406326633527 
0.6562594314550421 0.09861766909168496 
0.6893108518859906 6.616973339608756E-4 
0.7380205184028867 0.0025441114913012583 
0.47194316473275794 1.7903553803089294 
0.7434762549437121 6.85786191284658E-11 
0.887905190917564 1.3262566123265203E-10 
0.6751823374527214 0.0021747725985165056 
0.5786010681519939 0.7974197241501558 
0.9995723255664111 1.3262566123265203E-10 
0.566085537352633 0.9230098290752284 
0.7185012614416004 1.724990102569667E-9 
0.559537975131939 1.0280324217169494 
0.9222693706892732 0.0 
0.7145885374153615 0.0021747725985165056 
0.4735605708251345 1.7763715450695083 
0.5039822741866449 1.4980121312151835 
0.5786010681519939 0.7974197241501558 
0.5208864099184123 1.3431955230093267 
0.7887436234275272 2.6543603310794606E-5 
0.6562594314550421 0.09861766909168496 
0.4441780587094062 2.0721250895100702 
0.899355563992854 3.7240223790125076E-9 
0.76026065100899 2.6543603310794606E-5 
0.7647722155161106 1.733403685732269E-10 
0.4465731650077256 1.9905078434380692 
0.44807968587717745 1.9675819043596263 
0.9648341233309257 5.354530403811099E-8 
