1.0 0.0 
0.389544886160694 2.4942394634029745 
1.0 0.0 
0.389544886160694 2.4942394634029745 
0.4699051843786964 1.776964089858595 
0.43428446600347553 2.1160396114501903 
0.6130882400092948 0.49865195024576714 
0.44678974868274 1.9915508559206936 
0.45424808229274605 1.9534534455528152 
0.530768547922596 1.2465835640202316 
0.9148228484917017 2.297730008225511E-8 
0.41157888056265307 2.349140856481884 
0.5770486427238551 0.8123889679420626 
0.5390158435656606 1.1722810961527916 
0.6784648917985198 3.236932525523708E-11 
0.4262784850442364 2.18664618841508 
0.6207420552956124 0.41628371165381334 
0.40476992044941384 2.3627048077188473 
0.43994961128024285 2.040887842527145 
0.49244549612761546 1.5915886929334648 
0.4310191262372633 2.162342652210415 
0.5967401064024469 0.6344374366993344 
0.5199270430196445 1.3724953037115322 
0.8947488264100368 3.6294873256183377E-6 
0.4227755612021266 2.243683106720619 
0.9577012709465696 0.0022696284418897896 
0.6652076334835477 0.013248701210455405 
0.5121268310642195 1.3968848390151196 
0.41378720282088277 2.293420051689261 
0.6060480867157827 0.5921930436415307 
0.553573848358968 1.0221832171019192 
0.5633000214036009 0.9768738231495055 
0.7298319911397125 4.1149615165197366E-10 
0.9873677343391202 5.607288280257914E-5 
0.5832226022879217 0.751575392933496 
0.7741632532883065 6.042254247674367E-5 
0.48124453366088804 1.6701248412563587 
0.6936338480743918 1.5870967567018635E-9 
0.4431213613233274 2.040887842527145 
0.5704382699740294 0.900343098985799 
0.7414038014156934 3.236932525523708E-11 
0.5252107507845771 1.275663195583065 
0.5219100802651462 1.3050678346335816 
0.5085107905075956 1.4383392583712784 
0.47530756422635945 1.7317767574046226 
0.6503759872490681 0.18230233949750468 
0.7005397911734887 9.273355673959946E-12 
0.5729092946858833 0.9078519411237868 
0.47741448095575567 1.7317767574046226 
0.6282676585481618 0.38909204801175773 
0.5610593579939623 1.0055577820365527 
0.7887270286780906 1.3291033289281127E-4 
0.635019656552757 0.3942002264592904 
0.5044661025286824 1.461251050846443 
0.4027706963985795 2.4043694836324425 
0.41634115634187707 2.2556248345095833 
0.8700853731571455 2.0025609819118717E-4 
0.4565990192297931 1.891832439886785 
0.8184995091515417 0.012517516426044373 
0.641427294275932 0.22833650304977682 
0.7122944190479348 3.583352714631253E-11 
0.8874343282899162 3.2974901720447103E-9 
0.6529091463631366 0.1309556080986357 
0.971556574408223 0.0 
0.6529091463631366 0.1309556080986357 
0.48404516437755896 1.6461768094273121 
0.49680952963488706 1.529298347588257 
0.46351930942444985 1.8469083776102613 
0.6352681588076936 0.29426584982559534 
0.39872600101412187 2.435373597859072 
0.6005276283153056 0.5959455615965302 
0.4190573581749086 2.2555920948665515 
0.4947104008261174 1.5661421091084602 
0.8528250990530707 0.010444454885488952 
0.46296844705935336 1.8895701533582883 
0.5479845641950698 1.0698103992045307 
0.9748457939902789 6.191284054066767E-5 
0.8025020297054785 2.4012540212203315E-4 
0.3958134149669338 2.460934306021363 
0.9286980651053579 0.007628402181545368 
0.4000922303425636 2.4043694836324425 
0.6444505122683813 0.22833650304977682 
0.6652076334835477 0.013248701210455405 
0.9444503636995877 1.0877525563984108E-5 
0.5426845372771452 1.1318824759656363 
0.7924416583583882 2.4012540212203315E-4 
0.49680952963488706 1.529298347588257 
0.8565451833374785 5.292536942926593E-7 
0.5479845641950698 1.0698103992045307 
0.48404516437755896 1.6461768094273121 
0.7173572909020741 4.1149615165197366E-10 
0.8775129090072624 6.633155249530993E-9 
0.5044661025286824 1.461251050846443 
0.8323565921892391 1.689516368524386E-8 
0.7522752119190952 3.583352714631253E-11 
0.46351930942444985 1.8469083776102613 
0.5894597220008485 0.739220645797224 
0.8409996257752526 2.3226535495380086E-8 
0.8269434068343112 2.874517674909897E-7 
0.9350545765558402 3.678028941380395E-8 
