1.0 0.0 
0.3889975337245358 2.500427552751919 
0.3889975337245358 2.500427552751919 
1.0 0.0 
0.45344278388089554 1.9211175842004429 
0.5148866271231769 1.3666438868950386 
0.47923025772979305 1.689696886760588 
0.6120028110770029 0.5083491607139735 
0.5220276471361556 1.3087436019919536 
0.6022722599655631 0.5828800280474911 
0.6373481397652446 0.2831184522284601 
0.6532588682751838 0.15148453642252804 
0.5367495430004746 1.200213770580019 
0.4323691330078478 2.1386312504033147 
0.6273835524217074 0.3602805258192241 
0.5683283660878689 0.8999479559771181 
0.3955218017727645 2.4717401703961093 
0.5640160797527226 0.9834120453529243 
0.5098156386819559 1.4520956393119073 
0.5558810319213698 1.001089499628872 
0.8102349859646735 2.474317036632671E-9 
0.544884780261515 1.1450496107526273 
0.8764486144819694 1.1383511757802449E-11 
0.5812432576973526 0.7697570885899107 
0.48404058372141584 1.6452647998943655 
0.4519250474067043 2.001456193478813 
0.5050872341586539 1.4649016025980384 
0.9189112007940139 0.001799621394834916 
0.4354382405629679 2.08647922622094 
0.460977554706414 1.8590739617235914 
0.7143443532291922 1.218613670480118E-4 
0.7406535268422201 6.47012070352569E-6 
0.6191221402918329 0.4381815258093189 
0.6663425875707161 0.0030084751661759246 
0.9921866112756327 4.7339324506963706E-11 
0.5303934953509222 1.284665216302297 
0.8397522189430147 1.1819551370269256E-6 
0.8594691612876685 0.0010558908159107178 
0.7946266639005726 2.4449632979742252E-5 
0.6847674071455219 5.1422209073789284E-5 
0.4384339983865573 2.0561225793601645 
0.6933226166519176 2.693245343206663E-4 
0.7061869352420878 0.0017122407461086031 
0.772231310399772 2.474317036632671E-9 
0.5877476099779579 0.7578360132106918 
0.472498742597026 1.7680961626010778 
0.3934357164023484 2.509394401093603 
0.5904922928704318 0.6870706520211319 
0.9012144356184664 6.37561923720959E-11 
0.4436857181616711 2.0489393331556625 
0.41172063844879814 2.295892733812502 
0.40356541046385935 2.383643886324525 
0.5309583712215251 1.229319201684043 
0.42235461878519887 2.2098894691168485 
0.7596021548345344 5.368830213264841E-6 
0.6720718389761559 0.0011851689254838982 
0.8472261830784872 6.163611643087985E-4 
0.40655497010209224 2.394890895161923 
0.752804519475766 5.368830213264841E-6 
0.8974916199671343 2.3946925378111658E-11 
0.46610796315431974 1.8053584285233493 
0.9724989550575347 1.0203002092302354E-10 
0.49787984560177106 1.5203151813044002 
0.39937240059869344 2.424844954334387 
0.5002685513876431 1.530353719508644 
0.6257890222366743 0.4381815258093189 
0.5470220060161605 1.0958876566204956 
0.42713022694244984 2.167548687570775 
0.93161971741426 7.675996283752207E-12 
0.8240602454758885 1.1647449545489374E-13 
0.6423740053434578 0.22258814101861024 
0.4619178223173415 1.8590739617235914 
0.5975845547907062 0.6406673037020687 
0.4259438671043725 2.167548687570775 
0.4001897057425386 2.4265719589216572 
0.8698384812410864 2.0340635490953355E-10 
0.4678638958829129 1.8015187159257593 
0.4915163545859913 1.6441623568180863 
0.6593334194719809 0.09881960019358915 
0.9451584361815286 1.0203002092302354E-10 
0.7808880061368096 1.3801022393923727E-11 
0.40856283423092726 2.336538187765311 
0.9619280837443422 0.0 
0.472498742597026 1.7680961626010778 
0.7293573600504166 9.402445010290097E-5 
0.49261450900357545 1.5788239282044874 
0.5751179698284645 0.8583284250555685 
0.4171170337458722 2.248943553377935 
0.6423740053434578 0.22258814101861024 
0.5954580141336868 0.6587226804275536 
0.7879597356740313 9.61828865609069E-9 
0.8221521819502313 1.1647449545489374E-13 
0.9548426549463673 0.0 
0.41470487229068653 2.295892733812502 
0.5756770439081513 0.8583284250555685 
0.6593334194719809 0.09881960019358915 
0.40856283423092726 2.336538187765311 
0.49261450900357545 1.5788239282044874 
0.9271435842348745 2.158869953134047E-5 
0.549929296396681 1.0568197038323213 
