1.0 0.0 
0.3895232994494463 2.4955361081491647 
0.3895232994494463 2.4955361081491647 
1.0 0.0 
0.663847192805766 0.02721476452953197 
0.42125752831795216 2.266146701291291 
0.5131361101090833 1.488871410845812 
0.9531762250961878 0.0 
0.4063565133929068 2.3472706077911827 
0.5575297712656526 0.9932499388988596 
0.5004407166760236 1.5012787071858056 
0.5133736641538476 1.3861611864777217 
0.5734370583371332 0.8875994483599785 
0.6527717651642821 0.12602649012315983 
0.454184690330517 1.937431973970124 
0.5433571758007436 1.1464585051672116 
0.926690899830395 5.816685339969131E-5 
0.5835329094285886 0.8010516264096588 
0.6342673118286499 0.30120024816508995 
0.4928678645663143 1.6237039001414368 
0.49928295281885504 1.5732721031138865 
0.523603109573238 1.3591424799992886 
0.6209734737918756 0.41589254272791043 
0.6418743079968185 0.23485780481576246 
0.6274333543016865 0.36238025761713033 
0.735224831279442 8.831832112178323E-5 
0.4763018546673564 1.7217726417872343 
0.8512250917725818 1.5025601675268526E-6 
0.7657465544685965 8.831832112178323E-5 
0.4447462396805272 2.021031553192439 
0.6005835208809651 0.6283562264548506 
0.7000073308775264 1.248133656566594E-6 
0.9627969881380615 0.0 
0.48597866412457097 1.628119568638136 
0.4262205735988814 2.2040922001725622 
0.8390115885812344 0.0022322888660413764 
0.7178093105782491 3.5946421412499886E-4 
0.8038927106681453 8.831832112178323E-5 
0.5654133657680603 0.9541642219332773 
0.6486397295290076 0.18600346529295705 
0.8172088768213166 1.0499301252477142E-5 
0.7509206748309585 7.487667707823421E-4 
0.8261732408790571 8.831832112178323E-5 
0.7827517902976819 0.002154719507997678 
0.433837572207227 2.0967698368384475 
0.6758252128072494 3.505292567827814E-4 
0.5397910874857658 1.1950646657930402 
0.9105110111200297 0.004940526670197355 
0.6176897118437865 0.5194382138802379 
0.45925970078736367 1.8701868279994438 
0.5501456455086678 1.0591269878469936 
0.5352920277852347 1.224740103859917 
0.4039073867945286 2.4108978540609733 
0.485061113888621 1.71420968861556 
0.3944913995674516 2.454436055176416 
0.46821606939314175 1.8352953162340115 
0.5673971879873166 0.9040242167387607 
0.8758004852572483 0.0047533815264511545 
0.44990113422622696 1.963440765213275 
0.7240174278515835 1.290814450552731E-4 
0.5911665461295749 0.7784056729651253 
0.5501456455086678 1.0591269878469936 
0.8972270177322569 7.536264251689073E-4 
0.4709769316441079 1.7731454999736385 
0.43879961119020894 2.102696621252684 
0.411056582884167 2.301095512251186 
0.9797079110807351 0.0 
0.3944913995674516 2.454436055176416 
0.7932920075379084 5.787021639998529E-5 
0.43284376028551774 2.1619127647452125 
0.42747239132009457 2.1910025632745738 
0.6926228399624242 5.036372863336666E-6 
0.5937032633357447 0.6868928124140212 
0.9959332272167201 0.0 
0.4418205787311843 2.031541325792153 
0.4827196718934591 1.7267786623756338 
0.6048289157106314 0.5664375079552095 
0.42908252169718497 2.1391746201525823 
0.3991172887705617 2.422082113741211 
0.41444813926527535 2.2732738733900546 
0.7567426940924791 5.969399859747065E-5 
0.9833521468177632 7.812352340605747E-7 
0.8657043668368679 2.2528458187095847E-6 
0.4630797124131718 1.8444112300609206 
0.47051468548498765 1.7731454999736385 
0.5250161986577626 1.3017312418282394 
0.592855066655743 0.6868928124140212 
0.411056582884167 2.301095512251186 
0.4025696707346445 2.4108978540609733 
0.5310709322140102 1.2569327723035681 
0.41444813926527535 2.2732738733900546 
0.44990113422622696 1.963440765213275 
0.6038168895976747 0.5664375079552095 
0.5310709322140102 1.2569327723035681 
0.6146795389495634 0.5390149874788548 
0.6844011228340301 6.132479905133423E-4 
0.3991172887705617 2.422082113741211 
0.7870407465265566 5.036372863336666E-6 
0.4600040092990484 1.8701868279994438 
0.9194983919203997 0.009990569296299434 
