1.0 0.0 
0.3889428855851752 2.49977936219703 
0.3889428855851752 2.49977936219703 
1.0 0.0 
0.5459243605220381 1.112329514739442 
0.5368011216976725 1.1785310401908706 
0.4431869711688003 2.011634526327237 
0.5555272402925544 1.0488720709227433 
0.46232821775806954 1.8403256550436995 
0.401423154420584 2.390337251049265 
0.6909738756798046 3.290286014303982E-5 
0.6017914408079637 0.6022532177432598 
0.9865898775960359 8.901102869870867E-6 
0.6201820998901255 0.4670225203011401 
0.7083428451013445 0.0014063895868688114 
0.5671915899422064 0.8971839257948513 
0.7541579258209554 0.011317080507398936 
0.43132132587119854 2.124274294458454 
0.45177649979813006 1.9390119210247492 
0.5214306763729731 1.3253004873032612 
0.5087910709838472 1.4687061813606503 
0.5292751844320764 1.2387648200702392 
0.4282523358998967 2.1558371702383408 
0.4982741875919039 1.5258845800189635 
0.8130534940800859 3.1496781781366746E-7 
0.7804606650939279 2.11150636594451E-4 
0.4129678834184196 2.3152188599901202 
0.42498464630960525 2.209274945872548 
0.8309737161382761 4.9422070869100656E-5 
0.39201357937823567 2.4737298635647336 
0.4940534373510264 1.5987703629255976 
0.46840132900250697 1.7974816430762262 
0.9694743545604727 4.926091542234244E-4 
0.5128095852405985 1.4220469915105758 
0.4756107119441861 1.7281173849360598 
0.792209021562061 1.40709569359132E-6 
0.43641576045730757 2.079446891864249 
0.5017569565785367 1.4964688923284386 
0.6677949657469883 1.2928603632588907E-4 
0.9608969508609627 1.3847586368238304E-4 
0.3977936982577226 2.4485452305480755 
0.861501060768785 4.453626313979039E-6 
0.8482258601101856 0.0018758614946090546 
0.6658495642934731 0.09961822197398276 
0.5270461643241965 1.2793785251725 
0.47073229370587033 1.7721072716213067 
0.41864810496770616 2.2449769403340567 
0.6545134283671694 0.21409185841155756 
0.5594184982388122 0.9780218429674769 
0.7380851745999228 1.9134397991243942E-6 
0.6093975799660346 0.5224733188113679 
0.8047755045793601 4.740723364371757E-4 
0.4828336235979498 1.6549911940176045 
0.5921962250329825 0.677626008893045 
0.4129255348548169 2.4028046982680893 
0.5990882464904289 0.677626008893045 
0.5654280147938727 0.9780218429674769 
0.6315987616559695 0.33342329667830195 
0.42289879864042995 2.2449769403340567 
0.6400928436847393 0.3196181936357049 
0.4583488757998918 1.900961831001322 
0.6225734788697532 0.39684828421412044 
0.4890653838126727 1.5987703629255976 
0.9338656452129447 1.1331506465662587E-4 
0.6443368034831064 0.21409185841155756 
0.40640168169917046 2.386462010142939 
0.5866862052640166 0.7232005662936074 
0.4872974542896108 1.6545743253901564 
0.43597284446209866 2.0767505162750153 
0.6301915840118566 0.39684828421412044 
0.7189930758352381 3.480316727329513E-6 
0.8384848833264411 3.1496781781366746E-7 
0.48120539061774253 1.7281173849360598 
0.45835490333734463 1.89285181896561 
0.5755654076350032 0.8497952094287529 
0.6402948280813825 0.24396077295292784 
0.6093975799660346 0.5224733188113679 
0.4502932331848994 1.987546220921371 
0.8792704978255725 5.5365166351770665E-5 
0.9445526946727529 2.15532822641668E-13 
0.8984912280997258 6.73180488542096E-14 
0.586087041670257 0.7707988011938517 
0.7663785459579189 3.4238548097380717E-6 
0.5800516637097555 0.7899693685443616 
0.7318756927244269 3.1496781781366746E-7 
0.6556903964774734 0.12297505727950275 
0.5165787023872853 1.3718597926120033 
0.6582626990231218 0.12297505727950275 
0.4145820602956072 2.270171201077384 
0.7248815902304498 4.740723364371757E-4 
0.5755654076350032 0.8497952094287529 
0.9164018498374905 1.3847586368238304E-4 
0.9252288221669759 2.15532822641668E-13 
0.5165787023872853 1.3718597926120033 
0.3952125518539796 2.4441522212597047 
0.6792555665881446 2.5296451384075364E-5 
0.40869025687778593 2.380098619784508 
0.6792555665881446 2.5296451384075364E-5 
0.9080451274257851 1.1331506465662587E-4 
0.4469791048002839 1.981667022641564 
