1.0 0.0 
0.3890379366267831 2.5000365511207727 
0.3890379366267831 2.5000365511207727 
1.0 0.0 
0.7540563903217252 1.4169489741978473E-6 
0.6049051383938147 0.5762871925025093 
0.5278501523522369 1.2666090224466404 
0.783346237364709 7.999108590617254E-5 
0.6474208938242348 0.17344521184467032 
0.6331349813092527 0.3318246722739687 
0.5017466793652114 1.4865336104441387 
0.4909704952054531 1.5886238162185276 
0.4972359476255552 1.5918647179002168 
0.5371287903563359 1.1786882645131276 
0.517892705239887 1.3628810128661728 
0.42945627134412817 2.155776555559723 
0.4001392424766447 2.4386552924224025 
0.549889330034984 1.0545690518937139 
0.5118297269795513 1.4011100768130613 
0.4107670204232289 2.346331669196716 
0.613077825425123 0.48251159777306785 
0.5244216920436904 1.3165786854668573 
0.6668674561867914 8.541068540839775E-5 
0.5642230413483909 0.9276076231147773 
0.5718682171497874 0.8950470217702462 
0.43328061550884883 2.1064171585677665 
0.5804854037833326 0.7759719221171195 
0.47690283087122787 1.7179569448130223 
0.5759857497435689 0.830502503103728 
0.450055758264489 1.9822364499703178 
0.8092415099635419 0.0010797402344207424 
0.5902368931198505 0.7607778095888702 
0.44560488055157077 2.0486520165042093 
0.43693680115026096 2.0843890269104897 
0.7083434823270729 2.515143419694564E-9 
0.9576634225908678 2.934240787353668E-9 
0.6274310248756017 0.41349291009105293 
0.4231198829974728 2.2403183626383782 
0.41845845726123737 2.242100704942859 
0.9104867175597255 1.3757888498126723E-6 
0.39584105033058986 2.442078025870876 
0.45990781980152706 1.921921400241717 
0.6738875281650898 0.0010797402344207424 
0.8509532427570221 6.188112812879027E-8 
0.6598003197764063 0.12119832801139652 
0.4133838301373006 2.2843898496964883 
0.4088221904852795 2.388819696755057 
0.5576152778642085 0.9832707946687507 
0.7236685308345083 0.011074306334531638 
0.46207345620879825 1.8547864095302775 
0.840356511747614 0.002729309792265197 
0.5916285167774508 0.6821382649057307 
0.47065914161625366 1.783425047167434 
0.9268188450287486 1.5362674069883406E-8 
0.47986343645466345 1.7185996144480375 
0.4513303244422381 1.956137713349554 
0.7297105203001841 0.005734877719906661 
0.6583536750830609 0.12483292816384095 
0.9312067861206856 1.0530806719986781E-7 
0.48343649022757795 1.6543612912349233 
0.9900377878966752 3.615572580322201E-7 
0.46543769655459283 1.8368875285837523 
0.48343649022757795 1.6543612912349233 
0.41640956562313514 2.2899655909097842 
0.6883808243229154 0.00441576494113046 
0.6397743851133448 0.24282292016969625 
0.5477783675742648 1.108866202040121 
0.5439126123019359 1.1263000889955843 
0.4705677609290699 1.783516806682439 
0.4403659650927835 2.043059791368414 
0.4053420854066671 2.4014471991050135 
0.6213510918696035 0.4197661528924641 
0.6193579111409993 0.4820322022195367 
0.5074716882439467 1.4580940134145948 
0.870188635069109 3.712812350039391E-9 
0.8843803685395639 1.208249742512731E-8 
0.8623862578941527 2.2900065699178653E-7 
0.5399031800082158 1.1576772972826084 
0.7967232152160514 3.944839319644729E-6 
0.42452054032818803 2.1808932948084174 
0.8223011174532309 0.0062683806840100375 
0.6997581818964124 0.004770275401120495 
0.5593897119824037 0.9832707946687507 
0.8297237676282004 2.017760622659324E-9 
0.8991053834752718 3.704921686701347E-10 
0.5965919089739663 0.6483590147214139 
0.38958023680240184 2.5000365511207727 
0.9461437908135822 5.181991907055956E-8 
0.6397743851133448 0.24282292016969625 
0.9712810449731832 3.921296495197906E-6 
0.458533022435807 1.9615030437121186 
0.3929195483890352 2.468399523167552 
0.7422948304796659 2.017760622659324E-9 
0.5965919089739663 0.6483590147214139 
0.5060900472135363 1.4580940134145948 
0.8882589338784174 1.3757888498126723E-6 
0.3929195483890352 2.468399523167552 
0.4053420854066671 2.4014471991050135 
0.42452054032818803 2.1808932948084174 
0.9038075561123696 1.5362674069883406E-8 
