1.0 1.0373866614907593E-16 
0.3894116149836544 2.4960510490609518 
0.3894116149836544 2.4960510490609518 
1.0 1.0373866614907593E-16 
0.5087339370562186 1.4382178588001073 
0.6153216728743931 0.4674158043755598 
0.4023021380978904 2.4047786917538643 
0.6285251083687885 0.3515967082042635 
0.42411218477570733 2.1839149468976427 
0.5534709537055239 1.0313424568762675 
0.4497345228490648 1.9829270915026402 
0.5695315656861955 0.8744978935987215 
0.5490471711546695 1.0588304634768892 
0.4854475075525562 1.6367063165433158 
0.6067542507379606 0.5515108415438899 
0.4817768570646134 1.6648196226030083 
0.6253244926134977 0.45605943843753194 
0.4167086001604496 2.2506891450737543 
0.5012550052201822 1.5079838103240302 
0.4318842239138489 2.1206952753175217 
0.44443160337786713 2.0420892972071054 
0.6666845532387391 2.6796020076103803E-6 
0.4200018738270879 2.2536717240544526 
0.8627989204667496 1.5531550947674006E-8 
0.4275555722206085 2.16243090381544 
0.4052249904844272 2.3626205491939007 
0.9663857800214027 0.002328413578455632 
0.6816281684261563 1.869357344734082E-4 
0.44041666884544317 2.0420892972071054 
0.39863336637396884 2.4579286434844247 
0.5146908687990347 1.3813491454548532 
0.5640495054125764 0.9729950688227765 
0.45859823965381663 1.9413467593888225 
0.5215223262619005 1.3134129525435572 
0.7736972218176905 1.3522158921286474E-8 
0.47435251448183685 1.738210597669712 
0.8260928458968904 0.006398790028596557 
0.7598376438525105 0.0018466847245950328 
0.4098137827282898 2.351916514366012 
0.4762138783533333 1.7241398363296747 
0.9527892087036296 7.649807452302321E-5 
0.9425814416710284 0.0021997565009627632 
0.45234057640405384 1.9413467593888225 
0.5270018740991698 1.2809995361564923 
0.5798708992563417 0.8657884335011374 
0.5416855193601197 1.1425256804098762 
0.5301020258539837 1.2370713695580373 
0.7336704926704349 9.910156511800383E-4 
0.902190954617113 2.6750922280970263E-4 
0.812229964769968 2.7624844633921986E-4 
0.6598935302661936 0.09904129288719313 
0.58038930866624 0.804830350731014 
0.8357916569289894 2.5797000933914E-7 
0.5972734261387381 0.6839358420397631 
0.7831760557521465 9.905591194578368E-6 
0.651107380245199 0.14188672774240385 
0.5198195111708612 1.3813491454548532 
0.5648212058622376 0.9569398009288299 
0.591053972123473 0.6839358420397631 
0.9291420160625569 1.0373866614907593E-16 
0.7132427030758449 0.00210553546100817 
0.691253597788853 2.710817611409409E-6 
0.6486574340210374 0.167510233552784 
0.49528320527766945 1.5458945946454412 
0.6652807964592159 0.09615584860280996 
0.9858068910276364 8.540106877109946E-4 
0.41111486337836683 2.3031660105890897 
0.8508555430759892 1.2890349245882177E-8 
0.4671852988240469 1.8629220379254692 
0.46824927385048604 1.7917214858898258 
0.5998053525781724 0.6061431952236749 
0.7263092613765059 1.448480765952791E-4 
0.8896398311438649 2.3526501316750714E-4 
0.392518328778853 2.4960510490609518 
0.5412563768311682 1.142443923573837 
0.5842515309598547 0.7443010130795886 
0.4349715893779077 2.086163182520096 
0.5871781821713452 0.7410160488750577 
0.9794276478652749 6.424161442541293E-4 
0.49372139740316 1.5940702395520396 
0.4625030646694328 1.8377949544210592 
0.8454729181166144 7.813949104514261E-5 
0.41111486337836683 2.3031660105890897 
0.5005665242755171 1.5458945946454412 
0.6025256022718265 0.5931578401921375 
0.8776645050884222 7.813949104514261E-5 
0.46824927385048604 1.7917214858898258 
0.4349715893779077 2.086163182520096 
0.7173524877510001 1.8155667295812364E-9 
0.39387705555910946 2.464685584695854 
0.49372139740316 1.5940702395520396 
0.6994049018835714 1.8155667295812364E-9 
0.9104828164847545 2.6271323029082365E-9 
0.923214443431134 0.0016571987468165187 
0.7506902145913539 9.910156511800383E-4 
0.6365506338917855 0.278555489288591 
0.39507144112781234 2.453644337327776 
0.6425445050032055 0.22442987510927853 
0.8000299317165775 9.992266423638223E-4 
0.6425445050032055 0.22442987510927853 
