0.39015323867677476 2.488662017679103 
1.0 0.0 
0.39015323867677476 2.488662017679103 
1.0 0.0 
0.7601417165194854 5.183612530546924E-7 
0.9223716802052117 5.606076954694138E-6 
0.9063285163098745 0.0 
0.9553561220706599 0.0 
0.4097363572990254 2.3143413367710015 
0.8445931319864256 2.7401794195882267E-7 
0.47897495476569657 1.69388676190355 
0.44022120089253497 2.0828166401113686 
0.5493730685875249 1.0566431588377347 
0.4163287777445023 2.2550266216123154 
0.7745682194608794 3.502908485058935E-9 
0.4977272202032984 1.53458537952763 
0.4490015578997665 1.9703649053977845 
0.5309103890609306 1.2218294408405346 
0.40567414177161903 2.3510801945691564 
0.4677771824513063 1.7958395698738037 
0.3970331958469535 2.4347671780641758 
0.7416243853054894 0.0 
0.46477327165949506 1.8270107384403327 
0.6187991021823211 0.484244189794791 
0.572537346529131 0.8704806125445345 
0.41558301219798693 2.3085726106724254 
0.5794481563026709 0.8293154687160196 
0.4489288050945467 2.077884280088598 
0.8197901976733152 3.9321313671884225E-8 
0.8823411466629778 4.188949377964563E-11 
0.5454079995426246 1.107719614722523 
0.7871578368396781 5.027681434535464E-9 
0.5103744063366283 1.4226571251082243 
0.8916716038396767 2.816880252981563E-11 
0.4030636498938692 2.377553379277974 
0.7979737057949248 7.003481997699338E-5 
0.6063896729022905 0.5511857231199265 
0.6566742137243221 0.0902816336149969 
0.6673044566049162 1.0840102940012605E-5 
0.52323097905906 1.2999924606575493 
0.6096617254399798 0.5130810406990901 
0.43031572697959086 2.1284732907086568 
0.8098455071286922 3.162573035372311E-5 
0.4525133041452625 1.9455388151620605 
0.5981302742064334 0.6834765943038603 
0.6453602725564417 0.2220003211227814 
0.5252928807427851 1.284232826210298 
0.5381065550362576 1.2218294408405346 
0.5011103506356386 1.4989593037409554 
0.636682738929759 0.28636036153631467 
0.49158705285300613 1.584855509144565 
0.5899448580625547 0.6929299030702941 
0.6961335605801698 1.0840102940012605E-5 
0.6636425207823109 0.0660933334799827 
0.4359990774975347 2.0924877951555314 
0.6224508759791453 0.4248205269342023 
0.7266065168128396 0.0 
0.472754674655631 1.7468784996695728 
0.48407617550490534 1.6525025106051678 
0.5818979653123085 0.7646280011704248 
0.8634523553795228 5.183612530546924E-7 
0.973097657343539 1.6593713185175362E-4 
0.9881062383161374 1.4960034686405273E-7 
0.6049511894753643 0.6639143808133066 
0.7157820530142315 4.435917941545961E-7 
0.423498822992904 2.246531022502791 
0.39522443713488037 2.490568948371297 
0.5886812832123971 0.7615015769467957 
0.47403706664132533 1.733757123744181 
0.49158705285300613 1.584855509144565 
0.5562350168093795 1.0038023018326552 
0.5178547790654257 1.3698141817760188 
0.4245422053380046 2.17969498746774 
0.5165802731870603 1.3698141817760188 
0.43356297477711714 2.1284732907086568 
0.6784186703684463 0.0 
0.9223716802052117 5.606076954694138E-6 
0.48407617550490534 1.6525025106051678 
0.5631039849000744 0.9609512938549374 
0.8675969718856358 7.003304300475985E-7 
0.6522402536338522 0.16583687503389521 
0.7355106809262937 6.149078936886973E-6 
0.45967995820672514 1.8648293359807782 
0.6268674521760147 0.3817642346164079 
0.8339806766884366 5.183612530546924E-7 
0.9799009542716406 0.0 
0.5579008473007423 1.0037458598669022 
0.5698693001237284 0.9317064727679228 
0.5080043813736409 1.447695682697907 
0.5416847859773738 1.1595266377955553 
0.45967995820672514 1.8648293359807782 
0.6489930058363262 0.1630409449423584 
0.6300614374145093 0.36948872616713463 
0.40053851887945485 2.4160758085532708 
0.45562134994788067 1.9097348683290818 
0.42630617020163364 2.172251013249139 
0.5400790357659248 1.1595266377955553 
0.6871492642943845 1.9718226481901487E-5 
0.7070791501541931 1.993293399755704E-5 
0.9598493730829952 2.7498622935089108E-5 
