1.0 0.0 
0.38982538724505394 2.492125292138362 
0.38982538724505394 2.492125292138362 
1.0 0.0 
0.6211918818678324 0.41549319799447804 
0.6861696645092955 0.0018229985289994755 
0.64121054488937 0.2656344204124238 
0.5140080771366728 1.39188192095148 
0.4232096937195569 2.239169518485261 
0.5736462727676679 0.8382580099833253 
0.4353001512621727 2.0886636150908338 
0.4644817020792682 1.822243749375071 
0.44928622044221694 1.9592171436497776 
0.44091375211542366 2.0513669435744184 
0.6148468423724999 0.4808835458154671 
0.7080137379662039 6.558800408686424E-13 
0.5579448856079249 1.0078916866844732 
0.591351362865423 0.7476468389767135 
0.5291852791042112 1.2394876963323211 
0.5807399990343575 0.7916120213472444 
0.5243814193485637 1.3422782380839777 
0.7662779874376697 2.6531163969169833E-7 
0.4542916441054388 1.92189632559412 
0.5663802156570032 0.9295769990018791 
0.6117024903032904 0.5722884783227289 
0.4133607539809981 2.3109615715810623 
0.7578180070548881 6.558800408686424E-13 
0.6666117958486253 4.942549481130201E-4 
0.4283010404515546 2.1970293409151016 
0.4771371027147403 1.7214158228327556 
0.40920113129051205 2.3310746334489805 
0.7848341804346736 0.00868073413491234 
0.6033478787587359 0.5807832832456629 
0.5487092517039223 1.104399672147354 
0.9804888029954323 9.005723015758062E-4 
0.7261231496900225 0.004379870304009204 
0.4059064788472442 2.347367830376145 
0.49176753199534023 1.6195071441930802 
0.5630396999136752 0.9345500333997314 
0.8137668355286459 1.2498250897688382E-5 
0.5259160757503654 1.3219012983300877 
0.9071708760744556 0.0024828338924839377 
0.5983884859669841 0.63101589786644 
0.7422759320959074 2.63693035912815E-6 
0.4576140583477453 1.8909021650389346 
0.6485558817725583 0.16325658295077036 
0.4735699644954011 1.7760639249397507 
0.5025968594282207 1.5085153925045698 
0.6647920615050621 0.018610425128731196 
0.39867802255823487 2.41733261877458 
0.643724115544615 0.2655216640188901 
0.4465332988821028 2.0150783612105303 
0.5871687322314334 0.7532710516844798 
0.5369160349690205 1.2295291584727843 
0.4166027134058666 2.281358297710274 
0.8772097105627649 8.532926169310504E-8 
0.39386772120838043 2.455992541563872 
0.4672271179676672 1.8039565159258297 
0.8631278586469923 3.2980025013126063E-7 
0.39867802255823487 2.41733261877458 
0.9356859260668607 6.113053449840773E-7 
0.5073850467065882 1.4487346812674802 
0.8892195046667195 3.2871537656573227E-9 
0.7379792547865647 3.737140188786164E-7 
0.39386772120838043 2.455992541563872 
0.4290691633094775 2.1679293809565925 
0.8310548772886741 3.737140188786164E-7 
0.4849326745592686 1.636165913084964 
0.501405714079761 1.5222143265074108 
0.4440097077441085 2.0150783612105303 
0.7982364018917506 1.7942816098961554E-5 
0.4836428892736927 1.6967951314729646 
0.8534403466845905 3.2980025013126063E-7 
0.6571046022628485 0.08808599991646526 
0.5073850467065882 1.4487346812674802 
0.6571046022628485 0.08808599991646526 
0.49466082703411257 1.5585248059982426 
0.4954574951574404 1.5475180414226266 
0.9186020732635765 3.2871537656573227E-9 
0.8411156876001978 2.0007190128269685E-7 
0.5516543578515603 1.038062343162419 
0.4703399303614455 1.774017912378838 
0.4166027134058666 2.281358297710274 
0.9607064416149982 0.0 
0.5412772343011651 1.1290439018856926 
0.47941772975839003 1.6864119888668816 
0.9468875215783508 4.084875393700615E-5 
0.4044416701226163 2.3901295985021003 
0.4044416701226163 2.3901295985021003 
0.4576140583477453 1.8909021650389346 
0.8710726862175961 3.0920520530938947E-9 
0.6485558817725583 0.16325658295077036 
0.977796163149507 2.6529385109262375E-7 
0.4869946984761974 1.6175746038320027 
0.5983884859669841 0.63101589786644 
0.5439122984492362 1.1284391876564257 
0.7889700212817663 1.6409593525254241E-7 
0.4313609664741103 2.131011011432131 
0.5402849140940561 1.2038417499881262 
0.7173101264754083 3.0920520530938947E-9 
