1.0 0.0 
0.3898066924218345 2.4919908200477714 
0.3898066924218345 2.4919908200477714 
1.0 0.0 
0.7465133863900257 2.704536300183097E-4 
0.6363744872554994 0.2749972760004512 
0.422482671793539 2.203971275159576 
0.7708770899701174 8.522016024849481E-6 
0.6277377894462867 0.3676548865482629 
0.5247033627029293 1.307908694944028 
0.44327778660552886 2.0125512713018265 
0.6522309044375412 0.16422749828650685 
0.9827849523360124 0.0 
0.45255994124492005 1.927069739470654 
0.6430932611734538 0.21254122892263239 
0.6010238661147181 0.6134666082424167 
0.5537297923337658 1.0165627516128541 
0.8340811403465455 4.15017069506219E-6 
0.6129904045465998 0.4901908320236179 
0.6112204083604597 0.5548875871607639 
0.7270830119705334 4.928938296203837E-6 
0.6577983324954495 0.08063392576181463 
0.43885460627931605 2.066915415934776 
0.5100774796497907 1.4389451309458203 
0.5201538250523264 1.3807609540657386 
0.779046505533861 0.0014438952345127154 
0.7972885859595277 0.0014438952345127154 
0.4171139921189738 2.256744107453993 
0.4813664317242481 1.6900232509620674 
0.5043941038220682 1.4748897783800536 
0.48635858824732786 1.6595540148894126 
0.4108087091733757 2.3057086053323257 
0.6270686468290066 0.4668134519745456 
0.5928348545424498 0.6914741667675133 
0.4922530369348048 1.5728259904336657 
0.43172428683971964 2.1194564984233892 
0.5134109444641312 1.3806765786639539 
0.5686483993239991 0.9601828369585862 
0.4038875431877392 2.383801869801156 
0.4651945738425481 1.8161093790176939 
0.40237792618400414 2.425202853876658 
0.48867108315995866 1.6026423245669186 
0.4773034282083774 1.7299081577998168 
0.4686543374869296 1.8019204430791889 
0.9208979176380603 0.0 
0.8516124027716059 3.4346360765380304E-6 
0.582191476322294 0.8384081845070692 
0.5711854876915047 0.8855605556625958 
0.8706046675584196 3.87055745591118E-7 
0.5331856562406203 1.2103372831816661 
0.8856198775861237 3.2784462303654996E-5 
0.46035257252316286 1.9444808355857992 
0.5020104766809824 1.5286343019221462 
0.4281559487414561 2.177170790732991 
0.5877884142943467 0.7660299923438714 
0.598715528427274 0.6791995540175156 
0.5606038120027905 0.9601828369585862 
0.9654853804274011 2.277655259561426E-7 
0.9049959451829941 1.79180130240435E-4 
0.8048044544114883 2.3010448793781447E-4 
0.6955902403719851 2.9484339173748194E-6 
0.849108956887445 3.4442231176247714E-6 
0.5456154541424949 1.0900666088508513 
0.5410051378874037 1.1444265450280489 
0.47225630658657114 1.7545527255841609 
0.44735955553551665 1.9766768895540514 
0.5456154541424949 1.0900666088508513 
0.6849421775905364 2.9484339173748194E-6 
0.41436437832661127 2.3088628236899362 
0.42684741785713387 2.178209475790331 
0.5410051378874037 1.1444265450280489 
0.3980686112644372 2.433110756111952 
0.5305090413174031 1.2617186301196956 
0.8204541522004524 6.305392329477536E-5 
0.3935297176113158 2.464196666010685 
0.9133498948336226 1.6193949918696795E-6 
0.40636470679733167 2.346270803336624 
0.4610406347617279 1.8600429414327755 
0.9352008892566359 7.617386551846323E-6 
0.3935297176113158 2.464196666010685 
0.41508290108686335 2.2647262405369784 
0.7145729364284343 4.233978963458045E-5 
0.5786337008638925 0.8938097706574568 
0.44735955553551665 1.9766768895540514 
0.9962736608072713 2.85302215035331E-6 
0.46049403472207817 1.8600429414327755 
0.40636470679733167 2.346270803336624 
0.6799138277741921 2.9484339173748194E-6 
0.8150155312452243 6.305392329477536E-5 
0.4341825990406907 2.1100165798554382 
0.5601439902658801 1.0174257828507378 
0.7053435834485 0.002870031159179831 
0.7192723109137016 2.89777289264034E-7 
0.6645303854760345 0.023455686193174063 
0.4741660559397987 1.7545527255841609 
0.8738984207765917 1.6193949918696795E-6 
0.3980686112644372 2.433110756111952 
0.8848020790897068 7.617386551846323E-6 
0.4981569179007047 1.5455251073115923 
0.583281963189521 0.7660299923438714 
