1.0 1.214428279020569E-16 
0.38914192934689196 2.4981234515645703 
0.38914192934689196 2.4981234515645703 
1.0 1.214428279020569E-16 
0.6051058347810377 0.5804670825351601 
0.7503173585453914 0.0017546678300127683 
0.7010405923115515 6.060115503681794E-7 
0.5732800902829333 0.8404912464124044 
0.6201908263015339 0.4644956855842289 
0.6271432052042043 0.37292564766169417 
0.5134213278853127 1.4212977941958294 
0.6331000930588027 0.31937115130806326 
0.525180664590075 1.3008638228222935 
0.9190546278260184 1.214428279020569E-16 
0.8701582974629076 6.526894023461581E-6 
0.4918438921785283 1.6049743981331075 
0.6539097196883878 0.14040204624133068 
0.6610916109390768 0.051556808485525574 
0.4564709566340839 1.902090002096783 
0.531140135808676 1.233295649769281 
0.8305382619392108 3.0214856483267703E-10 
0.7335231465046196 0.0011740786200450382 
0.3934662567953357 2.4981234515645703 
0.41395007038862275 2.309144325241781 
0.5487395049475853 1.0643590396094376 
0.42283220488596746 2.195147611152357 
0.4969111634815434 1.5339604230555948 
0.547444731459729 1.140097383648754 
0.5882888138743205 0.7160253246631173 
0.6843609042561064 0.0012674558274774206 
0.47231425732188026 1.7493008089780666 
0.5383707966415915 1.1560264887055989 
0.5567531891692343 1.0248215891966415 
0.45926760342046524 1.87577755261111 
0.4391583916198044 2.0907169588488452 
0.767388735133495 1.9867052429938773E-7 
0.48829423823334206 1.6399976699719028 
0.6499537378776425 0.21105717070044444 
0.47010982944299345 1.80330687334469 
0.4314673282327628 2.129169236643546 
0.8503809244110563 1.4461168611257236E-4 
0.45152330610626595 1.9644345315044482 
0.48333498503373007 1.6730229156488452 
0.5792781740409775 0.7886193992859205 
0.40427144442896634 2.3735471648105264 
0.8194283393148775 0.0021330776009556044 
0.8983697274786067 1.214428279020569E-16 
0.6667205229913533 7.784028229061435E-4 
0.4343064072453765 2.0981328187208925 
0.5065716907883535 1.4890547995397223 
0.7176209643089058 1.995558728153991E-6 
0.5199714796210065 1.3320393920442608 
0.5666073506929767 0.928664411985369 
0.4766683136415978 1.7107479518217943 
0.39590798098161983 2.4369458391084122 
0.586509088846955 0.792770758125984 
0.41398315699843785 2.2783640413143846 
0.8468745673187127 1.4781452244869625E-4 
0.5092073809652117 1.434464180530021 
0.8084490185190611 4.026878263997056E-7 
0.5941117198675935 0.6534893089217814 
0.39730567317560855 2.4369458391084122 
0.4187070049223419 2.2526858696887295 
0.4072744481080732 2.3506350152702664 
0.46388192419794355 1.8306733620531181 
0.6768036757915722 1.9969913653418495E-8 
0.6406706037069212 0.2422163654319054 
0.6128271082455119 0.5057642771782579 
0.9827184852491108 4.991320418362881E-10 
0.5941117198675935 0.6534893089217814 
0.44152236475274187 2.0339226791904172 
0.8862394022545834 6.992016932756752E-5 
0.4807174201272372 1.7107479518217943 
0.5382701389819465 1.2335041610064894 
0.8795616071227853 7.09627606597967E-5 
0.42670066037503357 2.195147611152357 
0.46593377301412425 1.8328705552334865 
0.5666073506929767 0.928664411985369 
0.44633130447300673 1.9865075611856626 
0.7738866592241684 4.026878263997056E-7 
0.4072744481080732 2.3506350152702664 
0.5585804244812032 0.9757557343865318 
0.4187070049223419 2.2526858696887295 
0.7998531137669589 6.665083028759391E-5 
0.40173747647547686 2.4069743225639386 
0.4296273139253658 2.1854289698099914 
0.7947399398450062 0.0021690720445437517 
0.441347617504261 2.0334714323898333 
0.6422820573249438 0.2438480645200123 
0.972096125050902 1.4461168611257236E-4 
0.6128271082455119 0.5057642771782579 
0.40173747647547686 2.4069743225639386 
0.5048798516314424 1.5406031700985097 
0.9422086333286067 4.991320418362881E-10 
0.5199714796210065 1.3320393920442608 
0.7234512786433737 2.8523363098187176E-8 
0.9909191346743504 4.991320418362881E-10 
0.7815031157479213 5.665984919282384E-7 
0.8965573293952391 1.989135757488427E-5 
0.9594061363634608 4.991320418362881E-10 
