1.0 0.0 
0.39083510463628784 2.4835553109444466 
0.39083510463628784 2.4835553109444466 
1.0 0.0 
0.8395138133031852 7.827891901216006E-7 
0.5003121162111225 1.501363850219302 
0.5077137333165812 1.4329830559518197 
0.8159248624456793 3.2328260940747877E-6 
0.45111725164663113 1.9456114004081817 
0.615133650122643 0.47771988925052244 
0.7033536126485147 3.644595646542341E-4 
0.44042486907343825 2.0385389785797474 
0.4725192378638615 1.7572128793948585 
0.4573342983098892 1.8853470588681782 
0.6586351008419064 0.08215859997900579 
0.582577782863509 0.7888499516390227 
0.8595103136277131 1.5182233094903995E-9 
0.4104383330442608 2.306194015760807 
0.5438616185807768 1.1052465248693903 
0.5498026528297555 1.0589305725629616 
0.6404664052486784 0.2393881279395253 
0.6036291711074951 0.5691802646454271 
0.4363418132010983 2.107312239320761 
0.7395267988115223 3.3262486827157147E-9 
0.42995625541729166 2.13271461756189 
0.7548813642514567 3.2328260940747877E-6 
0.4873818154318813 1.6322697837683608 
0.5123059016460526 1.3910113636175216 
0.4953080356431355 1.5757624969163513 
0.4289406759281449 2.2192193645132923 
0.5885742533439404 0.758735107129142 
0.6533852145972651 0.18593175968923853 
0.4451442771556885 2.0150901300853366 
0.419430092875835 2.231538612732485 
0.46596991237320956 1.8200023494970679 
0.5918479472914906 0.6816023794028707 
0.4625270164760722 1.88042123882534 
0.4016415266341684 2.391206350294357 
0.9301212494902645 8.037943638033182E-8 
0.5167823994115079 1.3491128146041433 
0.4160821342292275 2.302528693074754 
0.786954674594369 9.064887682942716E-7 
0.42314311637249147 2.196673708031257 
0.44970918653062664 2.0020970079408498 
0.39926566156961935 2.41059699223095 
0.4914492612252857 1.5786257303396118 
0.3980827669119991 2.486426782927183 
0.40711867242772387 2.3618591708577834 
0.7294910557193036 2.217224143845641E-9 
0.5659772274420145 0.9068474628698158 
0.625459410092701 0.4248622996908762 
0.6679958235664387 2.8913844248236627E-6 
0.5556680273041396 1.0051820641474751 
0.47559584682185363 1.7199022107858006 
0.4788235995423843 1.6942123186019338 
0.9792753083523711 5.2939682123627875E-6 
0.5378989294725706 1.16227748877408 
0.9414123102137806 2.0874563729149333E-7 
0.6842435988303762 4.6336429576527977E-7 
0.6372244606408685 0.2742901862321682 
0.41722322659049343 2.2620644349663146 
0.9672061958038045 3.6958549540222485E-6 
0.5368390415935633 1.2674505826770979 
0.40546754604267893 2.3618591708577834 
0.773495877502705 3.9760352553464603E-4 
0.9874578377063309 7.230771748418859E-7 
0.43324437955211204 2.1143572726310595 
0.5972680862175989 0.6487443260253237 
0.6698159908747928 2.8913844248236627E-6 
0.9181262836505005 8.338460079915233E-6 
0.7956297711345067 6.8139803455499925E-6 
0.9601085372872784 5.2939682123627875E-6 
0.5206867243033018 1.3174768776836276 
0.6577348857745635 0.19069516459273889 
0.5206867243033018 1.3174768776836276 
0.8886632202182819 4.906242573607566E-7 
0.8977210796395497 0.0015529104430191953 
0.8810366056057897 4.457467859977773E-7 
0.3981892627906465 2.466554829092634 
0.6336342950624881 0.34555165654240916 
0.6842435988303762 4.6336429576527977E-7 
0.57301847833196 0.8713763019088163 
0.629241335455031 0.33699571082883556 
0.5319591539851452 1.2674505826770979 
0.5581255887847589 0.9861009886533882 
0.71506674483489 5.985211540521905E-7 
0.46459352029652284 1.820003227066787 
0.7645765302861004 8.372326790435213E-7 
0.5749607122805825 0.8713763019088163 
0.6092362914047491 0.5429913698625296 
0.6278127821483523 0.4248622996908762 
0.5663889117246514 0.9068474628698158 
0.9128316546876278 3.416894809593618E-6 
0.8703408924346785 1.0588401087743695E-6 
0.4867041789395148 1.7024170497849194 
0.4862176576488549 1.7067327061129012 
0.9971999009316249 0.0 
0.7193861223015704 3.3118663052121166E-7 
0.5319591539851452 1.2674505826770979 
0.5378989294725706 1.16227748877408 
