1.0 0.0 
0.38916547142738106 2.4975403588844944 
1.0 0.0 
0.38916547142738106 2.4975403588844944 
0.4894140109215752 1.5958594701853426 
0.6565124420956636 0.10336717776235696 
0.983029067098488 3.6519171380608767E-10 
0.4127432801515939 2.2880761478090115 
0.5464051838051986 1.0923286682965745 
0.5932581709646951 0.7401275541241188 
0.6347055619937912 0.29006975894011433 
0.45600943662454013 1.8968287595063926 
0.5177243284704833 1.3790580184343588 
0.9655891008725068 3.6519171380608767E-10 
0.8377051519676376 0.007218670431778373 
0.5401740124207401 1.1478920750087476 
0.40843913299453016 2.359167414706262 
0.5634386201254473 0.9334286140797249 
0.5533752117516311 1.0369593077547514 
0.4163448021225193 2.271474870553505 
0.431907562901428 2.1137192758552663 
0.6847763452496162 4.6252331665597914E-11 
0.44868276557371095 1.994504794644051 
0.7457104552440181 2.8235882763150144E-4 
0.6340183289190445 0.39818655145339665 
0.5827140353008046 0.7582022111019732 
0.8552812596906796 0.007218670431778373 
0.572917636592007 0.8524434399374747 
0.5786764408984163 0.7952897393276384 
0.49791608079823557 1.5262350064349313 
0.4732077495165625 1.747726003077749 
0.7848615320648368 7.955211907394316E-4 
0.7319267249696798 8.835040178168576E-12 
0.6230244639536838 0.39726325738374463 
0.5725252017227568 0.9304931165813355 
0.4448159328375129 2.0513358899947396 
0.4618694469315346 1.8894960926655235 
0.5265398009685246 1.3169964394869487 
0.5355699094342339 1.196748887179083 
0.826076758418085 1.5256668906979615E-9 
0.5296960238019187 1.25324360166095 
0.4027267843621471 2.3760480888469067 
0.9171705142712185 0.0 
0.7123860773991372 9.101457981663931E-7 
0.8164866414848236 1.5256668906979615E-9 
0.6134282353003806 0.48011649995409156 
0.3915653013240178 2.49410999074933 
0.9061385484680561 0.006407446419834817 
0.8975141575190378 1.462988694731236E-9 
0.4785892489787919 1.7094787700146183 
0.509713029831847 1.4158298576486075 
0.6734092670064327 5.253400927435984E-6 
0.46322009545256326 1.8394026640411902 
0.6671422363370861 3.641353522136978E-11 
0.43847421001574255 2.1027752910772093 
0.9512658300399408 0.0 
0.4410546114673234 2.041075842643555 
0.6018096144880241 0.5838954195980353 
0.4201516458684128 2.2216506540927257 
0.39398442705091047 2.454484938276024 
0.42482291805990946 2.1809274712274296 
0.5034955616000713 1.4700372514428044 
0.9263845861128163 0.0 
0.49797531253651595 1.5262350064349313 
0.9348866362233785 0.0 
0.5034955616000713 1.4700372514428044 
0.5974868276637787 0.645462527105043 
0.6120880265272169 0.5490700987728642 
0.39709667067294246 2.42655217332988 
0.8862362174781936 2.8719046792711386E-11 
0.8065784885021562 0.0033733326101756944 
0.47132801786660405 1.8010539968910904 
0.40780076868123327 2.388420714273783 
0.7960653504217241 1.7482134416520862E-10 
0.5316211159308317 1.2155957879722272 
0.42360031205264015 2.189378585131702 
0.509713029831847 1.4158298576486075 
0.4507228642903861 1.9515558551381267 
0.7733195053684857 1.1840624663967954E-6 
0.520647414439116 1.3177271700612634 
0.4679924124563924 1.8394026640411902 
0.6438420592005699 0.21776860750734417 
0.6438420592005699 0.21776860750734417 
0.47835050655135986 1.7242657772869228 
0.4399608070698025 2.1027752910772093 
0.6991165028747759 6.609043013795137E-12 
0.6991165028747759 6.609043013795137E-12 
0.9532200064308971 0.0 
0.7235475805263537 1.242690455172113E-5 
0.40073025394429124 2.4117384520628997 
0.42947715347612453 2.1592520882983295 
0.4507228642903861 1.9515558551381267 
0.5572898056676119 0.992196628766289 
0.8695486171404829 0.0 
0.6495512053481846 0.163361318773593 
0.5572898056676119 0.992196628766289 
0.6495512053481846 0.163361318773593 
0.7576836808181941 3.594224818903591E-5 
0.42057452730168715 2.2216506540927257 
0.4864608907812097 1.65311005503256 
