1.0 0.0 
0.3891446403034643 2.4977960445475187 
1.0 0.0 
0.3891446403034643 2.4977960445475187 
0.6626890197704094 0.058599048772945514 
0.5195708198593341 1.3486132517203113 
0.6531987095575076 0.15610346885956689 
0.6200919461715453 0.4363506409499471 
0.8810850913003276 2.0684239645369194E-8 
0.5769753939987065 0.8111208302716725 
0.6772364492440053 3.646157166373886E-7 
0.4336837934734352 2.100137303959859 
0.75054893519802 2.2209468080484236E-10 
0.9589271914395873 1.8102051810837825E-10 
0.7731600905206627 0.002045350090575049 
0.45718779613857774 1.9035779409522091 
0.6311431761681209 0.3311248647647264 
0.502798307162809 1.49616159370936 
0.5305278976836414 1.23212100062893 
0.5076084476369366 1.4352744946907734 
0.975141223987223 0.0016787114536363067 
0.47619653462453976 1.7689972014181443 
0.6414909482055114 0.22835739946749178 
0.5499343731681877 1.0681612488054393 
0.5894180767531803 0.7761007775678302 
0.9030925193568886 2.2209468080484236E-10 
0.4134001087340447 2.2826683558638052 
0.9862586765694997 7.066445068869124E-10 
0.6283003090929811 0.4153497210935051 
0.407620764071177 2.3314283608867172 
0.7409558227071922 1.6086535749208086E-6 
0.5608793100505708 0.9522803665457298 
0.45359924436561855 1.959132578797333 
0.443910425725709 2.026920947170253 
0.42466165536234657 2.1818953140760393 
0.48832177631842144 1.6564895027376518 
0.6386333409922058 0.2541036796550197 
0.7948078573597933 3.0898662948397604E-4 
0.4625224414056721 1.8714274866207337 
0.7812756998156848 0.006981524075038364 
0.564678251981696 0.9416931637732471 
0.8456720012270404 3.611036951914615E-9 
0.4094792103100953 2.3208034761533427 
0.4466010802505015 1.9861682856526097 
0.6003357449797798 0.6003107081119965 
0.4386465335943573 2.083196561111232 
0.4773713813222108 1.70464359771016 
0.8618786537988115 3.8483469653908795E-9 
0.40420833797810307 2.3920272465624928 
0.9420004908073197 2.0684239645369194E-8 
0.40344681581384095 2.3920272465624928 
0.39379016966270536 2.4580254370252934 
0.44248647158535626 2.083196561111232 
0.8658597820338994 3.611036951914615E-9 
0.48832177631842144 1.6564895027376518 
0.5270530026550228 1.264338386348621 
0.49193228747912576 1.5839668466276895 
0.42815675562924804 2.154591191650006 
0.5370063744115505 1.1676378712519524 
0.4687728891765527 1.7835840507723648 
0.39797917691790946 2.4216142629296122 
0.4492300566636799 1.9586308475554288 
0.42020698455503513 2.2184428227430173 
0.39797917691790946 2.4216142629296122 
0.608220411921325 0.601689509566861 
0.6095169486962778 0.5497093807718675 
0.4773713813222108 1.70464359771016 
0.5370063744115505 1.1676378712519524 
0.5711755207923 0.8864450422055374 
0.5911265191422318 0.6868038015033803 
0.7050685369378875 3.15556971667998E-9 
0.5440774167139161 1.111836941266167 
0.6095169486962778 0.5497093807718675 
0.5725178223311382 0.8864450422055374 
0.9325686193690078 1.2988970564693433E-4 
0.5114509438579191 1.3992208604986962 
0.4980190014270084 1.5280125395055497 
0.4684954591901328 1.798823619616289 
0.553909672548737 1.014854890596633 
0.688960096250624 2.405015621827241E-12 
0.5440774167139161 1.111836941266167 
0.5114509438579191 1.3992208604986962 
0.8404231200488042 2.2738312256015414E-4 
0.553909672548737 1.014854890596633 
0.7023598490753032 1.6064946452191297E-6 
0.4669633192988103 1.8624228637334128 
0.6913067441895848 2.0684239645369194E-8 
0.42815675562924804 2.154591191650006 
0.7272051163733677 1.0353762219318211E-11 
0.7179640217175929 0.0013558592847765505 
0.9195411233662976 0.0016977145875757271 
0.8205027340817657 0.0025754597126019796 
0.9228937890618485 2.2209468080484236E-10 
0.5270530026550228 1.264338386348621 
0.8137853624403092 1.2988970564693433E-4 
0.8028656763482632 3.1971429620114566E-4 
0.41589291236001213 2.258204989243893 
0.9092520961939423 3.0456247903795643E-9 
0.5896691289392799 0.7306918877352738 
0.4980190014270084 1.5280125395055497 
