1.0 9.561275767519722E-18 
0.3899844142708599 2.490386480178977 
0.3899844142708599 2.490386480178977 
1.0 9.561275767519722E-18 
0.4498323509281463 1.9659380826783526 
0.45979497588322216 1.8807753473155284 
0.4342188085053087 2.095184242494628 
0.6568673826959487 0.10648250932426812 
0.4309895497616699 2.1385244416023923 
0.4794716351316751 1.720221655947249 
0.44109144080266693 2.032418568581583 
0.7473054048962902 0.0019597083050883687 
0.41853359095765724 2.25762177425713 
0.6478056417298248 0.2097963806189409 
0.4240543614045494 2.1871170579221744 
0.8828487865639557 1.7509317640635023E-7 
0.5838145628553972 0.7649691959556467 
0.44461039811892406 2.032418568581583 
0.4075420865768201 2.332585337810619 
0.5461119604346308 1.1552699257767798 
0.5020435924100054 1.484864782418641 
0.47221701494902707 1.7524011287690842 
0.817781812741138 1.272113316287179E-6 
0.5606308756133861 0.9692458719543076 
0.6181396861011839 0.5058164195188543 
0.6054280434887895 0.5572160278951177 
0.39763241604477223 2.4733836754307483 
0.5508816751476789 1.0437358730506867 
0.628383715630803 0.35195626168945093 
0.7314949760953895 3.2634791779526803E-7 
0.5325840456473252 1.207460421203077 
0.4112475313474385 2.301772132960406 
0.413957164108662 2.2785457544362067 
0.42380461986743734 2.2245262484411414 
0.66524374796663 0.04217766806479345 
0.6340923065481808 0.30084774378820767 
0.6680696526709832 3.1578987544852535E-7 
0.9529877815747182 0.011181334855713487 
0.5762153768093544 0.8477996327736511 
0.5128910115038066 1.3871203846754283 
0.49945988322979346 1.5671865498145423 
0.3929178904792431 2.4997601061414167 
0.5390714411723869 1.1552699257767798 
0.4922422315803041 1.6238188669778313 
0.7613052610970696 2.161900312544604E-5 
0.5280244632080957 1.304871778560397 
0.5071804580593904 1.4594460316174007 
0.4827450885121252 1.66599230571465 
0.8065698348723569 1.2211408107797913E-9 
0.9391078052684129 2.254244041663806E-4 
0.39808120047088075 2.424106109861577 
0.6095422599295367 0.538863432310159 
0.5503045831980863 1.0637131351976445 
0.5972999491133828 0.6354169401874523 
0.4664821655600997 1.8095145315257666 
0.5211421664374509 1.3486879058230388 
0.5687231592229749 0.9130268321472085 
0.7063838766350832 6.7985461432655656E-9 
0.49426445380489586 1.551783939422663 
0.7681434673199069 3.504690513680883E-5 
0.5778380350569903 0.823801947228422 
0.4009462530867868 2.397616911019472 
0.991952734824478 4.724852820106382E-11 
0.682786362830461 0.0011026610445313834 
0.5108258731335049 1.428884968756173 
0.4714284058887125 1.8095145315257666 
0.8644230126406723 8.090807038066352E-11 
0.4053715461007197 2.3836846135087684 
0.8937070807825641 7.295178387611845E-5 
0.9758837108783057 9.561275767519722E-18 
0.5178007730702735 1.341772700725612 
0.9305209197972234 5.049335633213845E-12 
0.5923101950036059 0.7130928501265834 
0.7805553739968232 2.8358638548579095E-11 
0.8625392072794458 1.946082157083123E-9 
0.589733072687921 0.7132047285021361 
0.6202504071673345 0.4200200278460279 
0.5356266878053941 1.207460421203077 
0.4660395259901702 1.8807753473155284 
0.847397284633114 1.272113316287179E-6 
0.6403530783699822 0.2650091409284261 
0.8334863679033092 1.9072484513862314E-9 
0.5646988194598647 0.9818611765974108 
0.9164499390002816 4.724852820106382E-11 
0.5961625464201443 0.636302861451459 
0.9018830674958149 4.6151802006837026E-7 
0.6445646596384969 0.2650091409284261 
0.5280244632080957 1.304871778560397 
0.8467671899407218 3.174568812374776E-9 
0.48695090772494015 1.6191523716554777 
0.9623053414808767 6.339369974673881E-4 
0.7965895475073932 9.561275767519722E-18 
0.5672946646864085 0.9159013786043964 
0.7246590386200545 0.007649262446856209 
0.8334863679033092 1.9072484513862314E-9 
0.40336410290053193 2.3836846135087684 
0.6245558457697586 0.4232705003375934 
0.7847425902998881 1.3902979656447244E-11 
0.7157214220820464 8.84246689895251E-9 
0.7929711195785095 4.724852820106382E-11 
