1.0 9.514551689918105E-17 
0.38997740698178585 2.491131537093223 
1.0 9.514551689918105E-17 
0.38997740698178585 2.491131537093223 
0.7561215245433729 3.42532624516001E-5 
0.49568783309529396 1.5511455615777212 
0.6239871353399697 0.38568226041577514 
0.5039658850307709 1.4896584176124166 
0.6173833563806541 0.5058365699230346 
0.4526450534537107 1.929655161322367 
0.687192347402268 1.42466892853077E-4 
0.457852057267391 1.8901871927178873 
0.5797815607957418 0.8134201591628467 
0.5084014343920163 1.440511002527547 
0.7292914476584523 3.2592028394617945E-5 
0.46427613353154984 1.8650934699076736 
0.9668729885921026 3.8153304674655737E-10 
0.7041366070819846 9.514551689918105E-17 
0.39729683967271984 2.426915853198215 
0.5993131422580588 0.6242266873437091 
0.5491175855151293 1.0687327636664827 
0.87678127404318 3.777141358191072E-4 
0.5920434943262455 0.7316538103035095 
0.9190567721848133 8.511601652514702E-5 
0.42672635719970403 2.1635467401688624 
0.46732680203860155 1.8062916551191035 
0.5642002819395698 0.9310436401056161 
0.4497234447420663 2.0035638923679433 
0.4135947711850202 2.2823580331714948 
0.5247812055066694 1.3551429878960017 
0.40147038158637666 2.3927460472064683 
0.9540462795804368 0.0027800260398679333 
0.5873495942388921 0.7316538103035095 
0.6079234559437355 0.5328741677805933 
0.941058640253139 9.662982089986283E-5 
0.5566277975324304 1.0112106385673585 
0.48379130474259713 1.6622817110269024 
0.8887715765152853 9.514551689918105E-17 
0.5140349242609997 1.383232789945759 
0.648098442943683 0.2194559274558298 
0.41119352232042816 2.327962924585082 
0.7144688499324794 1.2106061573870226E-7 
0.5690695969027069 0.8788555382875312 
0.4407304612794642 2.03348916686574 
0.9838635101991016 9.514551689918105E-17 
0.4046637520229027 2.3816129569086266 
0.489508136477022 1.6019021031227403 
0.8239789564368261 7.861870170888796E-4 
0.5744862702221062 0.8485856797387805 
0.9287741775160838 2.0454941039313318E-8 
0.5451566392697255 1.1047590376420964 
0.4168027467537848 2.2494799918709845 
0.43597346305464435 2.0966453682738844 
0.5328604764989111 1.254485940180094 
0.6733209999823855 3.221983575798243E-5 
0.6598719961071224 0.061564921369904824 
0.5590537716943018 0.9826249737079504 
0.470613774835131 1.7664107105140476 
0.5163157627936801 1.3541204273061913 
0.5356498944341325 1.1930094652135725 
0.7901766764429339 2.1367882495183783E-7 
0.6378715056739661 0.2631071304008453 
0.4247920628702353 2.2083600002629113 
0.4455219558626581 2.008356245519153 
0.7701398155165393 1.6119054589680548E-4 
0.4764762046836075 1.765065138285698 
0.48763510293692297 1.6166214486804433 
0.9015018765001083 2.381094930981617E-8 
0.6325975180648692 0.343829073034134 
0.5409558264629442 1.144151955070365 
0.6680598187052013 6.47466780527961E-4 
0.652359222752521 0.14154151059928116 
0.5328604764989111 1.254485940180094 
0.39427460308713047 2.4674770329529756 
0.42059967847645197 2.2494799918709845 
0.8611821480212164 8.753675427410064E-8 
0.6398866818020775 0.24408979765050215 
0.7773262653615592 1.42466892853077E-4 
0.42133239257276944 2.2083600002629113 
0.8121655412868706 4.1163760216789136E-4 
0.7268514480899524 1.42466892853077E-4 
0.6622140405503556 0.05144725015964979 
0.4808161923617767 1.7042720715175432 
0.4353858335865907 2.0966453682738844 
0.4337649590266351 2.1635467401688624 
0.40728275835393546 2.338594801366417 
0.3950611573087761 2.4674770329529756 
0.605313154689265 0.5969778314565806 
0.8468433819078802 9.623283362953512E-5 
0.4338381648958615 2.1635467401688624 
0.5385896731065203 1.1677847598051163 
0.8083069889355711 1.7806946421561332E-4 
0.4421516664505989 2.0284530275714547 
0.8350998012043995 2.4616022568122083E-16 
0.900947193134965 9.514551689918105E-17 
0.6515158494944426 0.14154151059928116 
0.4808161923617767 1.7042720715175432 
0.5247812055066694 1.3551429878960017 
0.7987489305195281 9.514551689918105E-17 
0.6325975180648692 0.343829073034134 
