1.0 0.0 
0.3893681658223811 2.4971472512254254 
1.0 0.0 
0.3893681658223811 2.4971472512254254 
0.9082330357136915 1.5083759631616902E-9 
0.582076369683044 0.780197841853181 
0.5658278140604442 0.9144507904939057 
0.8823441858145556 0.001315099252430167 
0.5954856645781431 0.7270006552034518 
0.39565195118498175 2.441660318541003 
0.48413813537629813 1.6438751952044095 
0.40086449801151675 2.4312338370487456 
0.9514462671708839 2.2977767858013264E-6 
0.44742804889635934 1.9842229952047215 
0.6343043029901131 0.4018992304735505 
0.6698340259591133 0.13101231407946223 
0.6202319116578956 0.4222341097545714 
0.9334112802252333 4.6230843771214976E-5 
0.6738602146495826 2.645981903679243E-7 
0.4586416826901556 1.8978630585112148 
0.5155533944618773 1.3935883326440963 
0.5296539798881398 1.2482615389537015 
0.7614508126867187 4.0570105406175654E-8 
0.4089878992753015 2.3387589301117124 
0.45515041636802717 1.952839349237326 
0.7728970520609794 2.0253016985667102E-4 
0.5043291142943326 1.4638320004572494 
0.5258876728525831 1.3312362277225809 
0.3937538086472577 2.5217648911725257 
0.64240201406647 0.2254247907104331 
0.9217744770320018 2.025569299165938E-8 
0.8001945770553862 7.037830212175776E-10 
0.4037936961905608 2.3679378488564478 
0.8571657648503846 3.2760038053014336E-4 
0.6019200208702655 0.5991180428633385 
0.5194708151142492 1.3334322797695368 
0.5479998916609043 1.112214337584341 
0.4342327532081777 2.1006366531139555 
0.6005337527215765 0.6937921658016326 
0.5343570269645486 1.2146151538075145 
0.4629236947384838 1.8642861386033782 
0.6903003275472849 1.4104745627304773E-9 
0.6087452044804204 0.5715435429175384 
0.5398236628995633 1.1487452073269369 
0.44038430427328773 2.106699876717369 
0.6572622029080407 0.11873254202074823 
0.5491291958454221 1.0634612114048474 
0.5748017357218375 0.8318046198366058 
0.47699060062274795 1.7074158587206965 
0.7461218533058409 2.3283285963157166E-8 
0.4761748708291045 1.7963167542317753 
0.44938147145718405 1.9594421936490152 
0.4645732809082815 1.8228876514635926 
0.8281640125173347 8.898970428054993E-5 
0.4681033579389584 1.7963167542317753 
0.6111604551295206 0.5043209488820467 
0.7424252225922361 0.0028121525164058747 
0.4137158065331442 2.302311574339291 
0.44055612038202246 2.050357216880967 
0.4260576909938593 2.169439126622325 
0.6842031673111587 4.064670982636823E-6 
0.489678558342332 1.6274992254569738 
0.8451203974737578 6.17221848986816E-5 
0.5748017357218375 0.8318046198366058 
0.406580403693914 2.3679378488564478 
0.8692209611049941 0.001315099252430167 
0.5379799056715044 1.1664447862733045 
0.5003950126761099 1.5138145829473477 
0.6347693046273812 0.28925701917189334 
0.9657763678914867 0.0 
0.6183756680946988 0.5043219239690735 
0.7280419392926287 1.4104745627304773E-9 
0.4186096163410804 2.2398275399814382 
0.5595943770320382 0.9643638433361702 
0.4260576909938593 2.169439126622325 
0.4213498217231527 2.216375043796227 
0.8159406373441621 0.002802402164533424 
0.9815832449395805 9.85241027064805E-8 
0.8123894559979756 2.373481172852543E-9 
0.47699060062274795 1.7074158587206965 
0.9680152710092428 2.0322137247656534E-8 
0.6522097113022343 0.14251801727042934 
0.7874342530962427 6.1141884892753386E-9 
0.44055612038202246 2.050357216880967 
0.7053073570229385 2.0253016985667102E-4 
0.43070548329704067 2.1310936752944745 
0.49343948809840443 1.5618134302873514 
0.4965815863732909 1.5618134302873514 
0.470963070374486 1.770662905652653 
0.5558037444700216 1.0342745382463971 
0.5099123724702151 1.4307671017449164 
0.7166853205747139 1.4104745627304773E-9 
0.5099123724702151 1.4307671017449164 
0.43070548329704067 2.1310936752944745 
0.8738018186685134 2.0220002252890169E-4 
0.9968226530888945 0.0 
0.7879051771957073 6.1141884892753386E-9 
0.4986314247550079 1.5162125456039823 
0.5556198515555337 1.0342745382463971 
0.7053073570229385 2.0253016985667102E-4 
