1.0 0.0 
0.3893781177200948 2.5031985423541294 
0.3893781177200948 2.5031985423541294 
1.0 0.0 
0.40808898218337203 2.327704324506722 
0.42612304079882596 2.224323518754634 
0.6417466020149324 0.23877125361445273 
0.4411619602905489 2.0879479978168995 
0.41937709268211953 2.252021710907608 
0.5408731310064722 1.1356591946429164 
0.5364820766476373 1.242619210485691 
0.5587283724763962 0.9772455920253709 
0.7407357464124339 1.1167745466658316E-5 
0.43423500122458886 2.094518169292575 
0.7263284307504316 0.0 
0.40469571275647936 2.382671322218758 
0.5897417167467955 0.6970550719556571 
0.4478294366871452 1.9697532453625033 
0.8317585620739283 1.7824048040039273E-4 
0.5682822396058896 0.9052343706649106 
0.6659030520020166 0.13475836948598358 
0.4554452118024566 1.9697532453625033 
0.4007911292718028 2.3967489914766165 
0.6663008480574109 0.0043868230132507735 
0.5165507325983437 1.3656723780449376 
0.6044608596485104 0.5754430949457976 
0.889367940494766 1.4077410456193526E-4 
0.4711380035221014 1.7630312135198476 
0.4148127567493718 2.2881179705593353 
0.4869193087472663 1.6419319420303098 
0.9600772322804187 8.165242978922312E-9 
0.5243617615289624 1.2839247674971404 
0.4907572313542417 1.5910235923807636 
0.4292641971139191 2.162710542895219 
0.5490587446546488 1.1356591946429164 
0.5239670324978322 1.3656723780449376 
0.9386198643370239 0.0019024111237252546 
0.5987432758017971 0.6166647859749381 
0.6178842264453042 0.4419066125741237 
0.45661020403268665 1.9063451907867521 
0.5011613080850371 1.504971491210528 
0.5162321931215239 1.4659082621193575 
0.555511119236239 1.0126110949891167 
0.803287102908305 0.002818268153856607 
0.6771663701055174 4.570015350707378E-6 
0.5051317286170747 1.4882121482382256 
0.6102438357860706 0.5187266236447239 
0.7692009543709399 3.4429807338646337E-7 
0.5959389759494057 0.6760300687660896 
0.5105172455979894 1.4571136522885668 
0.7756669239471514 1.2029744919723402E-4 
0.4680096422965769 1.7954413705920098 
0.4801401603938187 1.6811849330465316 
0.6861357690477444 5.82714938591012E-4 
0.46105702473060584 1.8957535324389159 
0.9886180826513455 0.0 
0.8542653368234112 3.183477045086541E-7 
0.9766708484375712 0.010073674834302215 
0.9184978718968146 1.0552615843134751E-9 
0.7127692727615623 5.803953268862662E-10 
0.49802083345983233 1.5625387312331736 
0.6263319678840642 0.3790815050884053 
0.5699305197373309 0.8784101623967375 
0.6322930803984825 0.31345549762081426 
0.4656751766032784 1.8337176845792786 
0.3937090666441579 2.4586758762750702 
0.4627643033079341 1.8512691134547912 
0.6165078541965981 0.5157071286330065 
0.4446245203670432 2.0178062680247106 
0.8198695665087754 1.156057865820161E-8 
0.9060573047735242 9.608724311807831E-9 
0.5816949046808573 0.7655518032401349 
0.5816949046808573 0.7655518032401349 
0.6240135394385906 0.3972735081746612 
0.9010220706699626 1.7824048040039273E-4 
0.4152529429656529 2.2796575816004263 
0.4944176645225021 1.5625387312331736 
0.7079550016207082 5.803953268862662E-10 
0.7554196711373999 1.1677921696288951E-4 
0.6366616055331724 0.31345549762081426 
0.5290847159908338 1.242619210485691 
0.8471787365081508 1.191105118614178E-5 
0.3894159302032193 2.5031985423541294 
0.5505635495021978 1.0608471555062358 
0.7890580023662742 1.582608051103017E-5 
0.6533374523243045 0.12477248334411861 
0.5751491920670363 0.8261683846787921 
0.3971557546120572 2.4302454910656004 
0.7554196711373999 1.1677921696288951E-4 
0.5751491920670363 0.8261683846787921 
0.4756576370584801 1.7193806648746035 
0.7900476215053273 5.388853340991158E-4 
0.3937090666441579 2.4586758762750702 
0.4446245203670432 2.0178062680247106 
0.431094154346037 2.1464125865899306 
0.3971557546120572 2.4302454910656004 
0.4756576370584801 1.7193806648746035 
0.6527393288158884 0.15387400355728809 
0.8758803790337725 1.2029744919723402E-4 
0.9286284706983174 2.5912018026855404E-8 
