1.0 0.0 
0.38907678421502806 2.498913977742154 
1.0 0.0 
0.38907678421502806 2.498913977742154 
0.4193484442930125 2.2305063791069744 
0.9212225164514705 6.181605544341995E-5 
0.48427116657764985 1.6565941768832662 
0.5428410616023123 1.117273876861663 
0.60902564187685 0.5786833788091666 
0.4237076999276199 2.187710615184495 
0.4144028128541624 2.297920051967824 
0.7237673694181217 8.624725408886542E-6 
0.44579835893773123 1.9964064258645418 
0.5154597988101673 1.4188997258880995 
0.8346668690540588 3.37258100042893E-5 
0.851982228040892 2.760939295618948E-4 
0.9453452902493056 0.0011852858731485182 
0.9650167745356945 0.006578314298799737 
0.4510296289493232 1.975352956058368 
0.5255034857559031 1.2807438338316528 
0.47825517208851165 1.730261390719042 
0.4655321801139751 1.8153142017428627 
0.5637423635885738 0.9969936384249537 
0.6659143839868209 0.00733764441194662 
0.4425356008991109 2.060621008471261 
0.5326840086704707 1.2510533270138642 
0.5912586897122079 0.6847522890998334 
0.7780891555751887 4.882912551429082E-5 
0.6383484906563329 0.2556183256949362 
0.6210974917426251 0.42428817508666417 
0.5560856356131658 1.0012600119147308 
0.4362644468967487 2.1211529864479792 
0.6576744585201093 0.10120580766058129 
0.4941821595057793 1.5614387898350133 
0.7664478061442999 6.041736814218544E-7 
0.9081596507101849 0.008075419195517464 
0.5879697641056483 0.7641350512502114 
0.4309691794108485 2.1284774653991922 
0.581106522741375 0.773188189007026 
0.4375688560030921 2.0625579013695496 
0.412815759540348 2.326834064838172 
0.4028422218075321 2.3848632911110546 
0.39538513256249785 2.446296932430966 
0.6463539216905662 0.19929587025176376 
0.5687903243303781 0.9004275299870026 
0.8629119357148185 3.88751503511887E-5 
0.7912776040921392 3.901072194660229E-6 
0.8732166828916036 0.0011852858731485182 
0.5177381343207111 1.3407953641856065 
0.45434590342656883 1.9231632788286435 
0.693755022650469 9.83304220475243E-5 
0.5381186970787378 1.18677086114342 
0.6737084498666752 0.008572705477676412 
0.4570749720565924 1.916790850325719 
0.4598464717333892 1.8626773693419836 
0.986888662646618 2.506383085972273E-7 
0.5964556832095704 0.6324660129518613 
0.9498973430748605 5.488079340116416E-4 
0.5032358301368974 1.5081781912340815 
0.614693239283069 0.515292119189592 
0.5668671173053502 0.9004275299870026 
0.4708626737538496 1.7727671427967184 
0.4973256281336147 1.539525122860401 
0.8229809370049308 2.506383085972273E-7 
0.63615419081647 0.32568716088302374 
0.39336875481626044 2.491985272745096 
0.6522902269669671 0.19929587025176376 
0.4645101823241616 1.8804280105385591 
0.5756874562511537 0.8191813381767676 
0.7087593847572847 2.457893493505649E-4 
0.4077400614795362 2.3393603901888387 
0.49012740005994854 1.6239335714052734 
0.47452480524350404 1.730261390719042 
0.5508715902545878 1.0565243213822415 
0.5508715902545878 1.0565243213822415 
0.657168406675555 0.1440346208242132 
0.5350593500849397 1.18677086114342 
0.5081004750189533 1.4493323953272956 
0.507711511241536 1.4493323953272956 
0.40639681583271803 2.3848632911110546 
0.4000605922894475 2.4263713305812833 
0.6839121235167696 4.365006387029045E-5 
0.8052746959995064 4.882912551429082E-5 
0.7378324943432388 2.5577900711486233E-4 
0.5964556832095704 0.6324660129518613 
0.7448934641670513 2.5577900711486233E-4 
0.9786182083923112 0.0 
0.7551874797564577 1.736155605399171E-5 
0.7986076159401966 6.309949198176463E-6 
0.6139150132192351 0.515292119189592 
0.7065540825131718 9.83304220475243E-5 
0.5028350595367924 1.5302790935278308 
0.5756874562511537 0.8191813381767676 
0.4000605922894475 2.4263713305812833 
0.42822984782964935 2.156764669442623 
0.3944869309107116 2.4743132131062415 
0.5215394309641133 1.33479147045306 
0.49012740005994854 1.6239335714052734 
0.9997162762384864 0.008830040069428141 
0.6284082840405161 0.3876620071724998 
