1.0 1.1367775075215789E-16 
0.3897253857352129 2.495589781062253 
1.0 1.1367775075215789E-16 
0.39899402751589214 2.413766352656047 
0.4827208127340466 1.6576854375892633 
0.39225609651625115 2.4739821483984406 
0.4036954522517587 2.374036886222123 
0.40927024439478843 2.338785391296338 
0.6538991061049665 0.12677919785696667 
0.6625928327711785 0.036673217776882885 
0.6299483889857221 0.4029733470333208 
0.5787783779634015 0.7940992387179717 
0.4906341617692681 1.5856811747225805 
0.42059429798268355 2.243219928095638 
0.5279632393982445 1.253306858232689 
0.6455132266082875 0.19469945400644412 
0.4519510865218165 1.9379320788356829 
0.6348540456704203 0.28852244252185544 
0.5330285069076302 1.2143638787421376 
0.620579177393187 0.4191824841631915 
0.5590715545604898 1.0133661995361376 
0.49332281113027776 1.5759591582618881 
0.9566881147017757 7.791166257512037E-6 
0.9363316645406838 2.4618509609578075E-5 
0.6187277747091509 0.5311458046013959 
0.5623905893301834 0.9537609943743145 
0.5736686640820601 0.8928931897082093 
0.4680226426299353 1.7964778500686946 
0.5010893895573358 1.5149150369862812 
0.5406896487893692 1.179040691765888 
0.43809415379432165 2.109629787211011 
0.4148889485648762 2.27183052201225 
0.4134617946338044 2.2953318638427236 
0.5514439403043815 1.0512427079226423 
0.9850811384522343 0.0027057822896729977 
0.5924593535579146 0.672911755002187 
0.8553960951035122 8.181991938167107E-5 
0.5240170251560075 1.3331729035350994 
0.454256058991997 1.914456843919401 
0.5424459511837496 1.121726587554417 
0.5676896989797763 0.8928931897082093 
0.6452812168079607 0.3045736610019967 
0.42272080521590494 2.1989423698398114 
0.4717255560037217 1.7574969507164324 
0.5019575924595763 1.4939481950088946 
0.5488142170354403 1.0889296412057128 
0.8435157336660475 5.485186125662486E-4 
0.6747865095777438 0.043393130953967386 
0.5141228677498358 1.4079794654329554 
0.9759399932854664 1.0198092717547642E-7 
0.46694970458354645 1.8723383621041239 
0.7808993728114968 4.516484374716967E-6 
0.4304430864607536 2.1269590035113364 
0.4468639354212892 2.0072820767483446 
0.7124462522992637 6.403091052773098E-5 
0.5872897370525657 0.7370552629646487 
0.9296228681936743 8.74622131902974E-6 
0.6864959303634447 2.1776026599474902E-4 
0.7562679299801288 6.613527477576989E-9 
0.9635881897065739 2.4001700628077947E-5 
0.4811073028792794 1.7411088991142667 
0.8176861758108894 3.460688771361603E-4 
0.47498657319714993 1.7326532809228308 
0.5152890562029827 1.3664923014166175 
0.8343290086915095 1.442945931162537E-4 
0.8066270854957324 0.0017431705710906353 
0.5077890437939122 1.4352582048784481 
0.7995935956694815 0.0017431705710906353 
0.5216383524832691 1.3556182906194447 
0.5840032531021502 0.7526805776778985 
0.7415608857276554 9.73359337508306E-6 
0.6788161120132337 4.516484374716967E-6 
0.8251389119276833 1.1111427893875018E-6 
0.7205403791391976 1.1379441332448614E-5 
0.4255325915613196 2.1744477053519367 
0.4304430864607536 2.1269590035113364 
0.7012262888273199 9.655891650030041E-5 
0.45909709018225986 1.8757453578433592 
0.9027105875027803 4.516484374716967E-6 
0.6975015047761508 0.0026360601571664977 
0.7689349896609926 4.516484374716967E-6 
0.7501765446930273 6.7827323873004275E-6 
0.44189763513420116 2.0338179469784565 
0.5990389378274752 0.6517148209158895 
0.6051298804594535 0.5988060509448123 
0.4468639354212892 2.0072820767483446 
0.7334208019187848 4.053955209304405E-7 
0.4630999037056594 1.8757453578433592 
0.7280299125475155 2.1776026599474902E-4 
0.8664794739792702 3.460688771361603E-4 
0.5077890437939122 1.4352582048784481 
0.9160994895991427 3.7095712531743036E-5 
0.6086204379086034 0.5309424227702746 
0.44031575546103974 2.07821791513358 
0.8944246205211877 1.5377055899712605E-5 
0.8782867795769705 7.755998903600157E-5 
0.6088892529592089 0.5309424227702746 
0.4255325915613196 2.1744477053519367 
0.8685277721565315 8.181991938167107E-5 
0.8905673176962785 7.355096348027356E-5 
