1.0 0.0 
0.3893779668876868 2.497009055420325 
0.3893779668876868 2.497009055420325 
1.0 0.0 
0.4859148176928401 1.6356280217509718 
0.5413224996328709 1.13210941479371 
0.64214604437635 0.23693070424761992 
0.5936617882733906 0.6735586550670263 
0.7130556666746269 3.5270851950143685E-8 
0.6590121546453823 0.07115422190302731 
0.5187642599072602 1.345973860829683 
0.48263447202336474 1.722067137284056 
0.49373501219123594 1.587979691274913 
0.46089518193368917 1.856204125839949 
0.7422694006595846 0.004165560814319624 
0.410480365816324 2.3070279024893936 
0.7290163227361284 1.3089714028162872E-6 
0.5695098581606487 0.8875323314379167 
0.5571318169030753 1.0177962687821855 
0.40006340940345186 2.403808549123197 
0.46648929916532 1.8094286625453626 
0.9173738454673983 3.677323809869737E-5 
0.43691596484103357 2.0722315910620654 
0.5859104975094216 0.7484745201146951 
0.4396400464310268 2.0566645322185 
0.4270307531089552 2.1669310538266613 
0.5494404850823037 1.1017801244585934 
0.5378984773395763 1.2321608013642131 
0.41494494079833333 2.2846886903222194 
0.4527594031424775 1.9888125369023086 
0.636096977820066 0.3091063511959082 
0.6908975497633849 1.834257766129351E-5 
0.602077867755099 0.6508187068452279 
0.6049846601349211 0.5671101536310326 
0.4754104283572994 1.7246990727247857 
0.4050944524151088 2.403808549123197 
0.3952501980181348 2.5194045844823068 
0.6130035606044284 0.5438745716798572 
0.699016640434125 3.5270851950143685E-8 
0.7661875548781858 0.003991258056721514 
0.5142403532794504 1.371851431060175 
0.5313484184168441 1.2296354408822463 
0.9319588106359108 0.0022573401634846113 
0.6153484077491752 0.4696183227031947 
0.5033254572757906 1.4731735830254973 
0.9829316650798127 4.000835282258475E-5 
0.5519807907686275 1.0337515578874314 
0.5807735807991001 0.7732998031671203 
0.7854859049372171 2.7143580639005796E-7 
0.4321942721085128 2.1378457715666785 
0.9497595342661318 1.8493401636554405E-5 
0.4228770478828615 2.287104239193116 
0.44486329822375087 1.9978500558927217 
0.563818130300619 0.9281705313766295 
0.5259510739218097 1.2724945755548678 
0.3973579288966888 2.464580851223547 
0.6497701599466136 0.15366389967865052 
0.8214012274513738 3.749104257801398E-6 
0.878798888276313 6.058254398374731E-5 
0.758673088108487 0.003400832103374388 
0.4532805005784074 1.9266462531898738 
0.8053131398657105 8.956191208230707E-7 
0.6740149552721753 1.834257766129351E-5 
0.6288297672453498 0.34216066786790705 
0.898414347342506 4.106849066383661E-5 
0.6497701599466136 0.15366389967865052 
0.4640311864103808 1.8581092140359843 
0.41851585529612634 2.253470596818111 
0.42449958927996834 2.209998664211652 
0.4532805005784074 1.9266462531898738 
0.4451088769969039 1.9978500558927217 
0.8089605620283624 3.623534849229171E-4 
0.9932871313844877 2.349355988425189E-5 
0.49599962181347573 1.5370610934499693 
0.8499410423668469 3.677323809869737E-5 
0.4714820128718526 1.7567451945272996 
0.8941299492789059 5.424784797192217E-4 
0.9582708485692574 0.001999984096988039 
0.43194869333535973 2.1378457715666785 
0.49599962181347573 1.5370610934499693 
0.6200718980381126 0.42303515539421993 
0.40630580127308114 2.346843629969367 
0.5259510739218097 1.2724945755548678 
0.8273365132620052 3.749104257801398E-6 
0.7822399580856138 2.7143580639005796E-7 
0.5033254572757906 1.4731735830254973 
0.395445835763372 2.4481603831282825 
0.5138111028049459 1.4598416440116448 
0.6200718980381126 0.42303515539421993 
0.9272950243717568 0.005768626018394785 
0.5766188732547662 0.8253598540336682 
0.5766188732547662 0.8253598540336682 
0.6652065327133043 0.01538579764205042 
0.8566525312234968 0.005768626018394785 
0.40630580127308114 2.346843629969367 
0.8403653721993579 1.3545203245923787E-5 
0.8638585536689354 3.4692296354221774E-5 
0.563818130300619 0.9281705313766295 
0.6288297672453498 0.34216066786790705 
0.9698963993608466 1.8493401636554405E-5 
