1.0 1.135451372532886E-16 
0.38981472989268956 2.4926265401890633 
0.38981472989268956 2.4926265401890633 
1.0 1.135451372532886E-16 
0.9479912868925631 5.428890898686589E-4 
0.5462944588768449 1.0885721432504405 
0.5172862034366277 1.3539238245394576 
0.9249143967203076 4.6815561389250415E-4 
0.4849293192050823 1.6653861825158285 
0.5688879388819439 0.8921332732240669 
0.6269555025478735 0.3646004836077094 
0.7630222948993631 8.041977098062453E-6 
0.6235686492754042 0.4595473840446558 
0.42563940805967315 2.1717739802823077 
0.43360453955884715 2.1204764050792417 
0.6407280100247215 0.23702459647132398 
0.40045586804470323 2.397562295021473 
0.8667684263235004 2.4441625257725144E-5 
0.3937622616114063 2.465684576318666 
0.6628134657466348 0.0969868930029904 
0.46292267287867317 1.851379281823459 
0.5565356974680882 1.044970207102573 
0.6710172589198677 0.010269616912646495 
0.4407139036340956 2.037864891522184 
0.7761197922081384 4.079231778632807E-5 
0.40485932592137436 2.381055026260291 
0.5605783205834305 0.9615291909092744 
0.5307618978365126 1.235149407150028 
0.41688020839675044 2.2516615718234623 
0.8112122714525755 0.0059141354709314475 
0.5001106270162546 1.5106498281933827 
0.4132073035316495 2.300488226536883 
0.9813960985362218 6.75851394875528E-5 
0.45565888072394334 1.9066181210117006 
0.5393311113197012 1.201669357026816 
0.8944299414535198 1.135451372532886E-16 
0.8452869403389964 3.624277542242149E-9 
0.49044737248600057 1.5977023253239417 
0.7484241052453814 1.438265261082184E-5 
0.5946175601955885 0.6865912741216184 
0.9654449206521825 3.821368035119432E-7 
0.41998492328428044 2.2516615718234623 
0.6051928445058884 0.5775705867559879 
0.580309091922382 0.8011229830487887 
0.8193378910431693 1.1815531109904409E-4 
0.5880129537114074 0.7081041258851755 
0.46731999729738083 1.800184269966632 
0.5242024799390994 1.3095302797450372 
0.566382650744328 0.9615291909092744 
0.4695456799929469 1.7989764931897452 
0.6069156928925569 0.5515929037966165 
0.48768899327986803 1.616892427774136 
0.88449770057322 8.105606981313926E-4 
0.9122367490594272 8.105606981313926E-4 
0.7966737679423355 1.2974753971878222E-5 
0.4380177985476188 2.0626617628230015 
0.4450355442429996 1.9969551918566675 
0.6558993653180127 0.15046310158225032 
0.5071525633090405 1.4771122055856647 
0.4085426780211811 2.3686748180105828 
0.5105410295052132 1.4102368170014836 
0.5758488877168224 0.8269868480573068 
0.47845794302924954 1.7130708061726643 
0.5349473819264893 1.2505360041439975 
0.3990429787997046 2.4528638237423834 
0.6127413473658427 0.4858831015452077 
0.4733216495041176 1.7401579634057585 
0.4450355442429996 1.9969551918566675 
0.4108704919223384 2.3596126810029743 
0.5242024799390994 1.3095302797450372 
0.5049968594496936 1.4771122055856647 
0.6146072732389145 0.4858831015452077 
0.9691860463863372 2.3570437585289706E-5 
0.6339858665530756 0.30778292036363025 
0.734552789470304 1.438265261082184E-5 
0.7271493651997007 5.727764805209135E-9 
0.5976738403389599 0.6310989977221143 
0.6342206771822845 0.29830229748184683 
0.7172042043554148 1.8831257495703928E-10 
0.41140235805069714 2.311872020994392 
0.3975040868868092 2.4528638237423834 
0.5393311113197012 1.201669357026816 
0.685011060711753 5.6788074064066186E-5 
0.5105410295052132 1.4102368170014836 
0.4511516351469108 1.9453725690860402 
0.8320770774921575 2.276380689117709E-5 
0.4303950824226626 2.135509853051536 
0.45173390833617133 1.9429032620726367 
0.7866636763050299 3.9648943109371615E-5 
0.5545230307742042 1.0926281103395483 
0.7420978632398322 2.3535235197671842E-5 
0.47845794302924954 1.7130708061726643 
0.42270484313578366 2.204644361927415 
0.4961670970016383 1.5401774410346456 
0.6468593882004087 0.17965228325071136 
0.8451882094649354 3.9648943109371615E-5 
0.6974374541335888 2.1245908522032814E-5 
0.6559015091640903 0.10087635962024855 
0.7050146921152534 6.047718567497793E-9 
0.6920188443011848 1.1653750947881195E-4 
