0.38928899639699804 2.496465492268336 
1.0 0.0 
0.38928899639699804 2.496465492268336 
1.0 0.0 
0.9415833012092651 4.7049212043792643E-4 
0.5289108092091751 1.2506917058203357 
0.5890684425300916 0.7045238600630902 
0.9662811593928118 2.7209217626295852E-8 
0.4077472088222221 2.3636279039493107 
0.6327741272536671 0.312198260680341 
0.5987576365935308 0.6158662616162297 
0.5833685567878869 0.7926328050688972 
0.41393097591648687 2.2849332383206367 
0.6442193925811271 0.21858126116636734 
0.42800828453488127 2.1919282559867197 
0.6311930843122495 0.3950512744421517 
0.395354544766751 2.446006231483281 
0.7789228506710568 8.296185405042814E-15 
0.6191142350998101 0.42880082696708627 
0.866103009577265 9.942506787392332E-9 
0.5011321638174222 1.4936498168221768 
0.669449619193069 0.02319351498400156 
0.5074776585436706 1.4523155626927866 
0.4502700475710688 1.9548942571872996 
0.7117444371121507 5.631585132565009E-4 
0.8773288772658023 4.60812750905057E-10 
0.516299994906278 1.381180041601306 
0.9782545628410557 4.523679205955061E-8 
0.5197150011559908 1.3252299336894948 
0.481833004217412 1.689441843512543 
0.797271132253871 1.7616414058496677E-4 
0.4202061930432992 2.2456816460075517 
0.4622014518703478 1.8427514788211656 
0.6784702467029017 4.968501161385121E-9 
0.4681098434748212 1.7887118736727463 
0.3930842514950102 2.4930847284845585 
0.8987491678954757 2.0073474442068852E-6 
0.5623518352444828 0.9776233807760933 
0.5433938475259282 1.1747817724801415 
0.6631741298109928 0.10660470605996643 
0.5270597684274813 1.3174033841913637 
0.511154116050324 1.4145075528752555 
0.9157612553092258 2.3815955310299564E-7 
0.5555126257629643 1.009468038130093 
0.4040344611690429 2.3637648853321 
0.6999781739141401 4.3823322193047824E-14 
0.68995017891107 9.640635039052454E-12 
0.4402364513623637 2.037977832178819 
0.4584298263570231 1.887903649431335 
0.7694795639628903 4.413149927604904E-12 
0.476480946404008 1.7209827260098332 
0.891732102080691 3.624376821950552E-5 
0.7579330112993212 3.659280897359233E-8 
0.3991147691613394 2.414981970307488 
0.40193573652861553 2.417298199828343 
0.4335880547490606 2.126969360003174 
0.5715995676589442 0.9224077545922693 
0.6104225759494726 0.5674881830056111 
0.6035736566337329 0.5706504790610822 
0.5772002883243502 0.8498701779289008 
0.9229910122400314 1.6005742833544168E-7 
0.44395046204251243 2.014342969882158 
0.8275275732383317 0.001373737681681697 
0.565170796107564 0.9224077545922693 
0.5433938475259282 1.1747817724801415 
0.5449602007497011 1.0981551764820021 
0.42261420540994543 2.2164652617761824 
0.5547788090342799 1.080609397726734 
0.7248508372536694 5.946251387707515E-5 
0.48825142929307797 1.6231634869485756 
0.4919097896341581 1.5895886363460536 
0.7433810393484747 1.0924012222524038E-4 
0.6558142814553379 0.10833157349904976 
0.43697644431149163 2.097306917665954 
0.5732743030855173 0.8464262470622494 
0.6547763091325268 0.1794013025904997 
0.6512004569436769 0.21178592762992166 
0.5491990388201006 1.090227094282159 
0.6125905173528541 0.49084159062408705 
0.8495171469494806 4.288697791335616E-4 
0.425342858181295 2.198298064920843 
0.9916959031470566 1.396235957136865E-8 
0.41659526138912867 2.2849332383206367 
0.8165500114393449 9.973415223860863E-8 
0.4514510503697115 1.9371355391815075 
0.4971140960201949 1.53430527783867 
0.8030749844366223 2.916137165369509E-10 
0.749313120039519 0.0015297006856161144 
0.614863929285359 0.4750739638736262 
0.7248508372536694 5.946251387707515E-5 
0.8449547905845223 0.001373737681681697 
0.4592321785822018 1.887903649431335 
0.4335880547490606 2.126969360003174 
0.8121310681718524 3.359049521039559E-6 
0.44395046204251243 2.014342969882158 
0.4971140960201949 1.53430527783867 
0.4750825234525818 1.7560269857675492 
0.4750825234525818 1.7560269857675492 
0.484724451022429 1.6478616427157344 
0.49148757742538896 1.5974935777239643 
