1.0 1.7166659081378152E-16 
0.3894476928400736 2.4953928753218295 
1.0 1.7166659081378152E-16 
0.3894476928400736 2.4953928753218295 
0.52443752948971 1.3215938197809765 
0.514412312723817 1.3743147065867256 
0.509501628615161 1.469776503760083 
0.6203465155388117 0.433522578971819 
0.5708435785586105 0.8733055866695938 
0.8169577270990835 3.86219226110111E-4 
0.5570589908891197 0.9983247593134285 
0.531825450711192 1.2235571374049723 
0.42924356918196893 2.1621010371818334 
0.9877168419654858 5.673206911162808E-5 
0.8007518852748413 9.668233379835998E-14 
0.6299995592551642 0.3494562040090138 
0.39599468181495984 2.5036109651108647 
0.965992509947853 4.42625826215982E-5 
0.5483303568576583 1.0685216802391315 
0.6115935845598163 0.49799581367449924 
0.8590050631547601 9.437922389171371E-8 
0.49494202370812135 1.5455697692996626 
0.45789733387155873 1.8904641683608086 
0.662637609453577 0.09406631220659634 
0.5396328764707881 1.1459715021407266 
0.6466488541164802 0.20777736014332313 
0.4177454084551599 2.2446747517384598 
0.4014536117504476 2.4321200668178826 
0.8345229399167418 4.44785872725223E-6 
0.45262369408126346 1.9482329182760543 
0.579241452098139 0.788259901365821 
0.4715178866913948 1.7636803415678084 
0.8962027297743878 2.685306416479638E-7 
0.8427985557575343 2.6893564189956994E-9 
0.6029152148578546 0.574913543125389 
0.6383311267203807 0.2578554447844828 
0.46295685636543893 1.848825418064384 
0.5823525401990329 0.788259901365821 
0.43787565405466294 2.097666902771528 
0.4348214983784305 2.100110701358243 
0.42536103257617863 2.178929742259452 
0.8705192492362747 4.44785872725223E-6 
0.6910241782251043 1.1611123672930022E-13 
0.48465378528032277 1.6654370806959455 
0.49083812610397254 1.6018241637545254 
0.7855059355805094 1.2583858534115858E-9 
0.5469864881960509 1.115249031981498 
0.9152269181728023 1.7166659081378152E-16 
0.40937197466642605 2.328300952391651 
0.481339335137802 1.7378261426575357 
0.5370568427681235 1.2110223758048826 
0.4757541948800223 1.7279650844007906 
0.5652505485585524 0.922262520864539 
0.44143751215923116 2.0302480046243483 
0.5623219688400856 0.9522087422114706 
0.41485579909457126 2.291391044116491 
0.4711653857736783 1.843344498652482 
0.6363752116205101 0.3214900680654965 
0.6097910272948474 0.574913543125389 
0.5899678605722124 0.7023854500727222 
0.9400329271461394 4.434316122122828E-6 
0.907516931809936 0.004895815636298373 
0.45657629640939923 1.9482329182760543 
0.4122145874400397 2.2903323221435667 
0.7197735111040044 3.262110696143476E-5 
0.5005572275779302 1.5013898306534752 
0.6566612651978758 0.20215747878112278 
0.6588497998199152 0.16523006709836485 
0.951438482120331 5.2581987382154015E-6 
0.7056825474725292 1.2695576845182094E-5 
0.6675383435932252 1.777286145959964E-13 
0.5973629839201664 0.6517169007842912 
0.6815736204822006 1.3555467533133629E-6 
0.4428771226717593 2.0306905962647526 
0.9293925909445162 1.7166659081378152E-16 
0.7718651886178222 1.9060855675186862E-7 
0.4462953362002197 1.983867390831335 
0.7617643860969299 3.9786505369562265E-11 
0.40639799211434785 2.4056998616049405 
0.4824006438140607 1.6593669085040115 
0.3967439107037775 2.4321200668178826 
0.46995451970099444 1.8798874004735406 
0.4218189576869512 2.225592667006252 
0.5005572275779302 1.5013898306534752 
0.7029804033868932 3.262110696143476E-5 
0.42437191594586937 2.2375862276512315 
0.4462953362002197 1.983867390831335 
0.6750978277270472 2.8163168193096055E-4 
0.492602730113824 1.6018241637545254 
0.8823298769172232 2.939011719529274E-9 
0.5899678605722124 0.7023854500727222 
0.9585691981730184 0.005086764188294809 
0.7231942190819305 3.1829812613567076E-5 
0.7426388055295462 2.9374692066932526E-13 
0.8816696316193644 5.770372320144141E-11 
0.7525764345475032 2.7811719705536065E-9 
0.39715312004088116 2.429676268231168 
0.4064889825712604 2.4054477081641634 
0.40677389063148767 2.3454388814609177 
0.9986063422784048 2.8801574677788846E-9 
