1.0 0.0 
0.3890822725778378 2.4993446256553185 
0.3890822725778378 2.4993446256553185 
1.0 0.0 
0.5420999745378025 1.1719722964994599 
0.4583706357885804 1.8852186481382964 
0.6966075216199595 0.008362077563433434 
0.5873378860747042 0.723357774051919 
0.7294029049939305 7.079771661085976E-4 
0.9254724618669735 1.953289206743468E-5 
0.4122509421787624 2.3434841746648463 
0.9461660771153946 0.0027957246909492417 
0.5131652679451313 1.3854306701435848 
0.9596198449563524 6.092695504291659E-10 
0.6406879099476284 0.30400126932161614 
0.47207299335506636 1.7519058397261484 
0.8264039277258146 3.1312723433659685E-5 
0.4651800895725921 1.845511456914824 
0.4524258955295567 1.9337293312614148 
0.6019305015688556 0.5945899564859688 
0.5651452248856859 0.9247984064792051 
0.48877531117226286 1.6378781368533415 
0.6330660213349864 0.30400126932161614 
0.4131526162014726 2.2817730873856905 
0.46904682269407827 1.819834120884793 
0.53343861939378 1.2549317183794275 
0.6558294626496077 0.09889742197865259 
0.4475286725210926 2.0247701019266073 
0.5798011902631671 0.7932551722814571 
0.4302539033155907 2.1406000245094448 
0.48346362236773277 1.649364387738307 
0.493976050064385 1.5804023746927507 
0.5511528239295194 1.0510863680574019 
0.6223343361206981 0.39992012266978627 
0.42141196622290084 2.2122652017371474 
0.9096834662342738 2.0614663546473257E-14 
0.8404725703818321 1.170538433443099E-5 
0.7921280675823867 1.047884495874226E-8 
0.4491532233071218 1.9605736793465303 
0.7668522016661495 5.626652714033643E-15 
0.5358151821368735 1.1796283698086378 
0.5187850064428047 1.342024173751478 
0.44181418483787266 2.0318017309410124 
0.6248707630168249 0.3874543625275481 
0.6673448493951071 3.281747208785978E-5 
0.3934143900767777 2.4993446256553185 
0.6847122740747185 2.3284373037596936E-4 
0.3946981158806774 2.450174893548799 
0.6481766516600341 0.1837825922870257 
0.526434768159509 1.275208812300993 
0.5578352174751353 1.002443144923336 
0.4779215410929569 1.72283571243545 
0.8708546681068416 6.42398559028784E-4 
0.4788613933796106 1.6928418304416795 
0.7472671486897251 2.3284373037596936E-4 
0.614892601614505 0.5002287378039377 
0.8094447413148782 1.047884495874226E-8 
0.438287125318002 2.063693279454848 
0.4027821731277322 2.409575792810114 
0.7304804556291046 1.047884495874226E-8 
0.5706490406506779 0.9090129458483683 
0.6637532738220758 0.09744503721753138 
0.976481235947005 1.9928717313744267E-5 
0.5722659406111993 0.850224213199173 
0.7472671486897251 2.3284373037596936E-4 
0.5962755172288476 0.660706693440763 
0.7862825934818904 2.3284373037596936E-4 
0.6481766516600341 0.1837825922870257 
0.49945008748435515 1.5545417818108327 
0.5017031949472022 1.4892835819886472 
0.5511528239295194 1.0510863680574019 
0.8111967653691796 3.281862808242271E-9 
0.40444867086083025 2.365143997919921 
0.7749750690483979 2.3284373037596936E-4 
0.578847424288871 0.8464076247718562 
0.4179134010772143 2.2588685128905555 
0.8628614065444189 1.366590781210117E-4 
0.40444867086083025 2.365143997919921 
0.42601216728896063 2.2206777815031264 
0.5962755172288476 0.660706693440763 
0.5563641390924907 0.9985368964171335 
0.43295019552487835 2.1041907434744336 
0.8833014251088902 7.882946933958101E-4 
0.42992256982636656 2.2206777815031264 
0.6078460854313842 0.5316747497096542 
0.3977591810374477 2.434896131532608 
0.5071600936862797 1.4375931307149044 
0.6649409300806144 0.017240297418189443 
0.8499288943766817 2.0614663546473257E-14 
0.43295019552487835 2.1041907434744336 
0.5071600936862797 1.4375931307149044 
0.4179134010772143 2.2588685128905555 
0.8543862739449688 2.0614663546473257E-14 
0.4961426354094667 1.5487642761583824 
0.9017549969706985 0.004230563913014976 
0.4016553894340615 2.434896131532608 
0.614892601614505 0.5002287378039377 
0.43903145623685164 2.063693279454848 
0.6080237941023553 0.5316747497096542 
0.5221033481629349 1.3140620391420137 
